,datetime,trading_date,high,total_turnover,volume,open_interest,open,close,low,sid,de_listed_date,maturity_date,option_type,strike_price,listed_date
0,2016-05-16 09:31:00,2016-05-16,0.152,0.0,0.0,3983.0,0.152,0.152,0.152,10000454,2016-06-22,2016-06-22,P,2.2,2015-10-29
1,2016-05-16 09:32:00,2016-05-16,0.1544,29226.0,19.0,3974.0,0.152,0.1533,0.152,10000454,2016-06-22,2016-06-22,P,2.2,2015-10-29
2,2016-05-16 09:33:00,2016-05-16,0.1533,0.0,0.0,3974.0,0.1533,0.1533,0.1533,10000454,2016-06-22,2016-06-22,P,2.2,2015-10-29
3,2016-05-16 09:34:00,2016-05-16,0.1533,4593.0,3.0,3974.0,0.1533,0.1531,0.1531,10000454,2016-06-22,2016-06-22,P,2.2,2015-10-29
4,2016-05-16 09:35:00,2016-05-16,0.1536,6128.0,4.0,3974.0,0.1531,0.152,0.152,10000454,2016-06-22,2016-06-22,P,2.2,2015-10-29
5,2016-05-16 09:36:00,2016-05-16,0.152,40771.0,27.0,3981.0,0.152,0.1509,0.1504,10000454,2016-06-22,2016-06-22,P,2.2,2015-10-29
6,2016-05-16 09:37:00,2016-05-16,0.1509,13486.0,9.0,3981.0,0.1509,0.1494,0.1494,10000454,2016-06-22,2016-06-22,P,2.2,2015-10-29
7,2016-05-16 09:38:00,2016-05-16,0.1519,18077.0,12.0,3981.0,0.1494,0.1519,0.1494,10000454,2016-06-22,2016-06-22,P,2.2,2015-10-29
8,2016-05-16 09:39:00,2016-05-16,0.1519,0.0,0.0,3981.0,0.1519,0.1519,0.1519,10000454,2016-06-22,2016-06-22,P,2.2,2015-10-29
9,2016-05-16 09:40:00,2016-05-16,0.1519,22765.0,15.0,3984.0,0.1519,0.1519,0.1517,10000454,2016-06-22,2016-06-22,P,2.2,2015-10-29
10,2016-05-16 09:41:00,2016-05-16,0.1519,1519.0,1.0,3983.0,0.1519,0.1519,0.1519,10000454,2016-06-22,2016-06-22,P,2.2,2015-10-29
11,2016-05-16 09:42:00,2016-05-16,0.1519,0.0,0.0,3983.0,0.1519,0.1519,0.1519,10000454,2016-06-22,2016-06-22,P,2.2,2015-10-29
12,2016-05-16 09:43:00,2016-05-16,0.1533,3066.0,2.0,3983.0,0.1519,0.1533,0.1519,10000454,2016-06-22,2016-06-22,P,2.2,2015-10-29
13,2016-05-16 09:44:00,2016-05-16,0.1533,1528.0,1.0,3982.0,0.1533,0.1528,0.1528,10000454,2016-06-22,2016-06-22,P,2.2,2015-10-29
14,2016-05-16 09:45:00,2016-05-16,0.1533,4599.0,3.0,3982.0,0.1528,0.1533,0.1528,10000454,2016-06-22,2016-06-22,P,2.2,2015-10-29
15,2016-05-16 09:46:00,2016-05-16,0.1538,3076.0,2.0,3980.0,0.1533,0.1538,0.1533,10000454,2016-06-22,2016-06-22,P,2.2,2015-10-29
16,2016-05-16 09:47:00,2016-05-16,0.1538,0.0,0.0,3980.0,0.1538,0.1538,0.1538,10000454,2016-06-22,2016-06-22,P,2.2,2015-10-29
17,2016-05-16 09:48:00,2016-05-16,0.1538,0.0,0.0,3980.0,0.1538,0.1538,0.1538,10000454,2016-06-22,2016-06-22,P,2.2,2015-10-29
18,2016-05-16 09:49:00,2016-05-16,0.1538,1535.0,1.0,3979.0,0.1538,0.1535,0.1535,10000454,2016-06-22,2016-06-22,P,2.2,2015-10-29
19,2016-05-16 09:50:00,2016-05-16,0.1548,7740.0,5.0,3984.0,0.1535,0.1548,0.1535,10000454,2016-06-22,2016-06-22,P,2.2,2015-10-29
20,2016-05-16 09:51:00,2016-05-16,0.1548,0.0,0.0,3984.0,0.1548,0.1548,0.1548,10000454,2016-06-22,2016-06-22,P,2.2,2015-10-29
21,2016-05-16 09:52:00,2016-05-16,0.1551,20153.0,13.0,3989.0,0.1548,0.1551,0.1548,10000454,2016-06-22,2016-06-22,P,2.2,2015-10-29
22,2016-05-16 09:53:00,2016-05-16,0.1605,53872.0,34.0,3973.0,0.1551,0.1605,0.1551,10000454,2016-06-22,2016-06-22,P,2.2,2015-10-29
23,2016-05-16 09:54:00,2016-05-16,0.1609,113677.0,71.0,3970.0,0.1605,0.1594,0.1594,10000454,2016-06-22,2016-06-22,P,2.2,2015-10-29
24,2016-05-16 09:55:00,2016-05-16,0.1611,38444.0,24.0,3980.0,0.1594,0.16,0.1594,10000454,2016-06-22,2016-06-22,P,2.2,2015-10-29
25,2016-05-16 09:56:00,2016-05-16,0.16,0.0,0.0,3980.0,0.16,0.16,0.16,10000454,2016-06-22,2016-06-22,P,2.2,2015-10-29
26,2016-05-16 09:57:00,2016-05-16,0.16,76204.0,48.0,3964.0,0.16,0.1585,0.1585,10000454,2016-06-22,2016-06-22,P,2.2,2015-10-29
27,2016-05-16 09:58:00,2016-05-16,0.1594,74546.0,47.0,3946.0,0.1585,0.1594,0.158,10000454,2016-06-22,2016-06-22,P,2.2,2015-10-29
28,2016-05-16 09:59:00,2016-05-16,0.1595,63760.0,40.0,3936.0,0.1594,0.1595,0.1593,10000454,2016-06-22,2016-06-22,P,2.2,2015-10-29
29,2016-05-16 10:00:00,2016-05-16,0.1595,0.0,0.0,3936.0,0.1595,0.1595,0.1595,10000454,2016-06-22,2016-06-22,P,2.2,2015-10-29
30,2016-05-16 10:01:00,2016-05-16,0.1611,12822.0,8.0,3936.0,0.1595,0.1611,0.1589,10000454,2016-06-22,2016-06-22,P,2.2,2015-10-29
31,2016-05-16 10:02:00,2016-05-16,0.1611,8021.0,5.0,3931.0,0.1611,0.1604,0.1604,10000454,2016-06-22,2016-06-22,P,2.2,2015-10-29
32,2016-05-16 10:03:00,2016-05-16,0.1604,0.0,0.0,3931.0,0.1604,0.1604,0.1604,10000454,2016-06-22,2016-06-22,P,2.2,2015-10-29
33,2016-05-16 10:04:00,2016-05-16,0.1604,0.0,0.0,3931.0,0.1604,0.1604,0.1604,10000454,2016-06-22,2016-06-22,P,2.2,2015-10-29
34,2016-05-16 10:05:00,2016-05-16,0.1604,39455.0,25.0,3916.0,0.1604,0.1573,0.1573,10000454,2016-06-22,2016-06-22,P,2.2,2015-10-29
35,2016-05-16 10:06:00,2016-05-16,0.1573,0.0,0.0,3916.0,0.1573,0.1573,0.1573,10000454,2016-06-22,2016-06-22,P,2.2,2015-10-29
36,2016-05-16 10:07:00,2016-05-16,0.158,33177.0,21.0,3896.0,0.1573,0.1577,0.1573,10000454,2016-06-22,2016-06-22,P,2.2,2015-10-29
37,2016-05-16 10:08:00,2016-05-16,0.1577,7885.0,5.0,3896.0,0.1577,0.1577,0.1577,10000454,2016-06-22,2016-06-22,P,2.2,2015-10-29
38,2016-05-16 10:09:00,2016-05-16,0.1577,0.0,0.0,3896.0,0.1577,0.1577,0.1577,10000454,2016-06-22,2016-06-22,P,2.2,2015-10-29
39,2016-05-16 10:10:00,2016-05-16,0.1577,0.0,0.0,3896.0,0.1577,0.1577,0.1577,10000454,2016-06-22,2016-06-22,P,2.2,2015-10-29
40,2016-05-16 10:11:00,2016-05-16,0.1577,33025.0,21.0,3881.0,0.1577,0.157,0.157,10000454,2016-06-22,2016-06-22,P,2.2,2015-10-29
41,2016-05-16 10:12:00,2016-05-16,0.157,0.0,0.0,3881.0,0.157,0.157,0.157,10000454,2016-06-22,2016-06-22,P,2.2,2015-10-29
42,2016-05-16 10:13:00,2016-05-16,0.1572,3131.0,2.0,3883.0,0.157,0.1559,0.1559,10000454,2016-06-22,2016-06-22,P,2.2,2015-10-29
43,2016-05-16 10:14:00,2016-05-16,0.1559,0.0,0.0,3883.0,0.1559,0.1559,0.1559,10000454,2016-06-22,2016-06-22,P,2.2,2015-10-29
44,2016-05-16 10:15:00,2016-05-16,0.1559,0.0,0.0,3883.0,0.1559,0.1559,0.1559,10000454,2016-06-22,2016-06-22,P,2.2,2015-10-29
45,2016-05-16 10:16:00,2016-05-16,0.1559,9330.0,6.0,3878.0,0.1559,0.1555,0.1555,10000454,2016-06-22,2016-06-22,P,2.2,2015-10-29
46,2016-05-16 10:17:00,2016-05-16,0.1555,7775.0,5.0,3873.0,0.1555,0.1555,0.1555,10000454,2016-06-22,2016-06-22,P,2.2,2015-10-29
47,2016-05-16 10:18:00,2016-05-16,0.1555,0.0,0.0,3873.0,0.1555,0.1555,0.1555,10000454,2016-06-22,2016-06-22,P,2.2,2015-10-29
48,2016-05-16 10:19:00,2016-05-16,0.1561,1561.0,1.0,3873.0,0.1555,0.1561,0.1555,10000454,2016-06-22,2016-06-22,P,2.2,2015-10-29
49,2016-05-16 10:20:00,2016-05-16,0.1561,0.0,0.0,3873.0,0.1561,0.1561,0.1561,10000454,2016-06-22,2016-06-22,P,2.2,2015-10-29
50,2016-05-16 10:21:00,2016-05-16,0.1561,0.0,0.0,3873.0,0.1561,0.1561,0.1561,10000454,2016-06-22,2016-06-22,P,2.2,2015-10-29
51,2016-05-16 10:22:00,2016-05-16,0.1561,0.0,0.0,3873.0,0.1561,0.1561,0.1561,10000454,2016-06-22,2016-06-22,P,2.2,2015-10-29
52,2016-05-16 10:23:00,2016-05-16,0.1561,0.0,0.0,3873.0,0.1561,0.1561,0.1561,10000454,2016-06-22,2016-06-22,P,2.2,2015-10-29
53,2016-05-16 10:24:00,2016-05-16,0.1563,25008.0,16.0,3874.0,0.1561,0.1563,0.1561,10000454,2016-06-22,2016-06-22,P,2.2,2015-10-29
54,2016-05-16 10:25:00,2016-05-16,0.1563,0.0,0.0,3874.0,0.1563,0.1563,0.1563,10000454,2016-06-22,2016-06-22,P,2.2,2015-10-29
55,2016-05-16 10:26:00,2016-05-16,0.1563,0.0,0.0,3874.0,0.1563,0.1563,0.1563,10000454,2016-06-22,2016-06-22,P,2.2,2015-10-29
56,2016-05-16 10:27:00,2016-05-16,0.1563,0.0,0.0,3874.0,0.1563,0.1563,0.1563,10000454,2016-06-22,2016-06-22,P,2.2,2015-10-29
57,2016-05-16 10:28:00,2016-05-16,0.1563,6228.0,4.0,3871.0,0.1563,0.1557,0.1557,10000454,2016-06-22,2016-06-22,P,2.2,2015-10-29
58,2016-05-16 10:29:00,2016-05-16,0.1557,7700.0,5.0,3866.0,0.1557,0.154,0.154,10000454,2016-06-22,2016-06-22,P,2.2,2015-10-29
59,2016-05-16 10:30:00,2016-05-16,0.154,0.0,0.0,3866.0,0.154,0.154,0.154,10000454,2016-06-22,2016-06-22,P,2.2,2015-10-29
60,2016-05-16 10:31:00,2016-05-16,0.154,1539.0,1.0,3866.0,0.154,0.1539,0.1539,10000454,2016-06-22,2016-06-22,P,2.2,2015-10-29
61,2016-05-16 10:32:00,2016-05-16,0.1539,0.0,0.0,3866.0,0.1539,0.1539,0.1539,10000454,2016-06-22,2016-06-22,P,2.2,2015-10-29
62,2016-05-16 10:33:00,2016-05-16,0.1539,0.0,0.0,3866.0,0.1539,0.1539,0.1539,10000454,2016-06-22,2016-06-22,P,2.2,2015-10-29
63,2016-05-16 10:34:00,2016-05-16,0.1539,15370.0,10.0,3871.0,0.1539,0.1537,0.1537,10000454,2016-06-22,2016-06-22,P,2.2,2015-10-29
64,2016-05-16 10:35:00,2016-05-16,0.1537,0.0,0.0,3871.0,0.1537,0.1537,0.1537,10000454,2016-06-22,2016-06-22,P,2.2,2015-10-29
65,2016-05-16 10:36:00,2016-05-16,0.1537,0.0,0.0,3871.0,0.1537,0.1537,0.1537,10000454,2016-06-22,2016-06-22,P,2.2,2015-10-29
66,2016-05-16 10:37:00,2016-05-16,0.1537,7685.0,5.0,3866.0,0.1537,0.1537,0.1537,10000454,2016-06-22,2016-06-22,P,2.2,2015-10-29
67,2016-05-16 10:38:00,2016-05-16,0.1537,0.0,0.0,3866.0,0.1537,0.1537,0.1537,10000454,2016-06-22,2016-06-22,P,2.2,2015-10-29
68,2016-05-16 10:39:00,2016-05-16,0.1539,13851.0,9.0,3871.0,0.1537,0.1539,0.1537,10000454,2016-06-22,2016-06-22,P,2.2,2015-10-29
69,2016-05-16 10:40:00,2016-05-16,0.1539,0.0,0.0,3871.0,0.1539,0.1539,0.1539,10000454,2016-06-22,2016-06-22,P,2.2,2015-10-29
70,2016-05-16 10:41:00,2016-05-16,0.1539,0.0,0.0,3871.0,0.1539,0.1539,0.1539,10000454,2016-06-22,2016-06-22,P,2.2,2015-10-29
71,2016-05-16 10:42:00,2016-05-16,0.1547,1547.0,1.0,3872.0,0.1539,0.1547,0.1539,10000454,2016-06-22,2016-06-22,P,2.2,2015-10-29
72,2016-05-16 10:43:00,2016-05-16,0.1547,0.0,0.0,3872.0,0.1547,0.1547,0.1547,10000454,2016-06-22,2016-06-22,P,2.2,2015-10-29
73,2016-05-16 10:44:00,2016-05-16,0.1547,0.0,0.0,3872.0,0.1547,0.1547,0.1547,10000454,2016-06-22,2016-06-22,P,2.2,2015-10-29
74,2016-05-16 10:45:00,2016-05-16,0.1547,0.0,0.0,3872.0,0.1547,0.1547,0.1547,10000454,2016-06-22,2016-06-22,P,2.2,2015-10-29
75,2016-05-16 10:46:00,2016-05-16,0.1547,0.0,0.0,3872.0,0.1547,0.1547,0.1547,10000454,2016-06-22,2016-06-22,P,2.2,2015-10-29
76,2016-05-16 10:47:00,2016-05-16,0.1547,0.0,0.0,3872.0,0.1547,0.1547,0.1547,10000454,2016-06-22,2016-06-22,P,2.2,2015-10-29
77,2016-05-16 10:48:00,2016-05-16,0.1547,0.0,0.0,3872.0,0.1547,0.1547,0.1547,10000454,2016-06-22,2016-06-22,P,2.2,2015-10-29
78,2016-05-16 10:49:00,2016-05-16,0.1547,3056.0,2.0,3872.0,0.1547,0.1528,0.1528,10000454,2016-06-22,2016-06-22,P,2.2,2015-10-29
79,2016-05-16 10:50:00,2016-05-16,0.1528,1518.0,1.0,3872.0,0.1528,0.1518,0.1518,10000454,2016-06-22,2016-06-22,P,2.2,2015-10-29
80,2016-05-16 10:51:00,2016-05-16,0.1518,13552.0,9.0,3867.0,0.1518,0.1512,0.1501,10000454,2016-06-22,2016-06-22,P,2.2,2015-10-29
81,2016-05-16 10:52:00,2016-05-16,0.1512,1510.0,1.0,3868.0,0.1512,0.151,0.151,10000454,2016-06-22,2016-06-22,P,2.2,2015-10-29
82,2016-05-16 10:53:00,2016-05-16,0.151,0.0,0.0,3868.0,0.151,0.151,0.151,10000454,2016-06-22,2016-06-22,P,2.2,2015-10-29
83,2016-05-16 10:54:00,2016-05-16,0.151,0.0,0.0,3868.0,0.151,0.151,0.151,10000454,2016-06-22,2016-06-22,P,2.2,2015-10-29
84,2016-05-16 10:55:00,2016-05-16,0.151,2980.0,2.0,3869.0,0.151,0.149,0.149,10000454,2016-06-22,2016-06-22,P,2.2,2015-10-29
85,2016-05-16 10:56:00,2016-05-16,0.14800000000000002,22031.0,15.0,3879.0,0.14800000000000002,0.1463,0.1463,10000454,2016-06-22,2016-06-22,P,2.2,2015-10-29
86,2016-05-16 10:57:00,2016-05-16,0.1463,0.0,0.0,3879.0,0.1463,0.1463,0.1463,10000454,2016-06-22,2016-06-22,P,2.2,2015-10-29
87,2016-05-16 10:58:00,2016-05-16,0.1475,32446.0,22.0,3866.0,0.1463,0.1473,0.1463,10000454,2016-06-22,2016-06-22,P,2.2,2015-10-29
88,2016-05-16 10:59:00,2016-05-16,0.1473,17470.0,12.0,3876.0,0.1473,0.1457,0.145,10000454,2016-06-22,2016-06-22,P,2.2,2015-10-29
89,2016-05-16 11:00:00,2016-05-16,0.1457,25993.0,18.0,3876.0,0.1457,0.1441,0.1441,10000454,2016-06-22,2016-06-22,P,2.2,2015-10-29
90,2016-05-16 11:01:00,2016-05-16,0.1442,15850.0,11.0,3879.0,0.1441,0.14300000000000002,0.14300000000000002,10000454,2016-06-22,2016-06-22,P,2.2,2015-10-29
91,2016-05-16 11:02:00,2016-05-16,0.1445,46024.0,32.0,3881.0,0.14300000000000002,0.1445,0.14300000000000002,10000454,2016-06-22,2016-06-22,P,2.2,2015-10-29
92,2016-05-16 11:03:00,2016-05-16,0.1445,0.0,0.0,3881.0,0.1445,0.1445,0.1445,10000454,2016-06-22,2016-06-22,P,2.2,2015-10-29
93,2016-05-16 11:04:00,2016-05-16,0.1445,0.0,0.0,3881.0,0.1445,0.1445,0.1445,10000454,2016-06-22,2016-06-22,P,2.2,2015-10-29
94,2016-05-16 11:05:00,2016-05-16,0.1445,0.0,0.0,3881.0,0.1445,0.1445,0.1445,10000454,2016-06-22,2016-06-22,P,2.2,2015-10-29
95,2016-05-16 11:06:00,2016-05-16,0.1445,0.0,0.0,3881.0,0.1445,0.1445,0.1445,10000454,2016-06-22,2016-06-22,P,2.2,2015-10-29
96,2016-05-16 11:07:00,2016-05-16,0.1445,0.0,0.0,3881.0,0.1445,0.1445,0.1445,10000454,2016-06-22,2016-06-22,P,2.2,2015-10-29
97,2016-05-16 11:08:00,2016-05-16,0.1445,1445.0,1.0,3882.0,0.1445,0.1445,0.1445,10000454,2016-06-22,2016-06-22,P,2.2,2015-10-29
98,2016-05-16 11:09:00,2016-05-16,0.1445,1445.0,1.0,3883.0,0.1445,0.1445,0.1445,10000454,2016-06-22,2016-06-22,P,2.2,2015-10-29
99,2016-05-16 11:10:00,2016-05-16,0.1445,2890.0,2.0,3883.0,0.1445,0.1445,0.1445,10000454,2016-06-22,2016-06-22,P,2.2,2015-10-29
100,2016-05-16 11:11:00,2016-05-16,0.1445,5780.0,4.0,3884.0,0.1445,0.1445,0.1445,10000454,2016-06-22,2016-06-22,P,2.2,2015-10-29
101,2016-05-16 11:12:00,2016-05-16,0.1445,0.0,0.0,3884.0,0.1445,0.1445,0.1445,10000454,2016-06-22,2016-06-22,P,2.2,2015-10-29
102,2016-05-16 11:13:00,2016-05-16,0.1445,0.0,0.0,3884.0,0.1445,0.1445,0.1445,10000454,2016-06-22,2016-06-22,P,2.2,2015-10-29
103,2016-05-16 11:14:00,2016-05-16,0.1462,43650.0,30.0,3900.0,0.1445,0.1449,0.1445,10000454,2016-06-22,2016-06-22,P,2.2,2015-10-29
104,2016-05-16 11:15:00,2016-05-16,0.1449,1447.0,1.0,3900.0,0.1449,0.1447,0.1447,10000454,2016-06-22,2016-06-22,P,2.2,2015-10-29
105,2016-05-16 11:16:00,2016-05-16,0.1447,0.0,0.0,3900.0,0.1447,0.1447,0.1447,10000454,2016-06-22,2016-06-22,P,2.2,2015-10-29
106,2016-05-16 11:17:00,2016-05-16,0.1447,0.0,0.0,3900.0,0.1447,0.1447,0.1447,10000454,2016-06-22,2016-06-22,P,2.2,2015-10-29
107,2016-05-16 11:18:00,2016-05-16,0.1447,2894.0,2.0,3901.0,0.1447,0.1447,0.1447,10000454,2016-06-22,2016-06-22,P,2.2,2015-10-29
108,2016-05-16 11:19:00,2016-05-16,0.1447,0.0,0.0,3901.0,0.1447,0.1447,0.1447,10000454,2016-06-22,2016-06-22,P,2.2,2015-10-29
109,2016-05-16 11:20:00,2016-05-16,0.1447,2890.0,2.0,3903.0,0.1447,0.1445,0.1445,10000454,2016-06-22,2016-06-22,P,2.2,2015-10-29
110,2016-05-16 11:21:00,2016-05-16,0.1445,0.0,0.0,3903.0,0.1445,0.1445,0.1445,10000454,2016-06-22,2016-06-22,P,2.2,2015-10-29
111,2016-05-16 11:22:00,2016-05-16,0.1455,4365.0,3.0,3900.0,0.1445,0.1455,0.1445,10000454,2016-06-22,2016-06-22,P,2.2,2015-10-29
112,2016-05-16 11:23:00,2016-05-16,0.1455,0.0,0.0,3900.0,0.1455,0.1455,0.1455,10000454,2016-06-22,2016-06-22,P,2.2,2015-10-29
113,2016-05-16 11:24:00,2016-05-16,0.1455,0.0,0.0,3900.0,0.1455,0.1455,0.1455,10000454,2016-06-22,2016-06-22,P,2.2,2015-10-29
114,2016-05-16 11:25:00,2016-05-16,0.1455,0.0,0.0,3900.0,0.1455,0.1455,0.1455,10000454,2016-06-22,2016-06-22,P,2.2,2015-10-29
115,2016-05-16 11:26:00,2016-05-16,0.1455,1452.0,1.0,3900.0,0.1455,0.1452,0.1452,10000454,2016-06-22,2016-06-22,P,2.2,2015-10-29
116,2016-05-16 11:27:00,2016-05-16,0.1452,0.0,0.0,3900.0,0.1452,0.1452,0.1452,10000454,2016-06-22,2016-06-22,P,2.2,2015-10-29
117,2016-05-16 11:28:00,2016-05-16,0.1452,0.0,0.0,3900.0,0.1452,0.1452,0.1452,10000454,2016-06-22,2016-06-22,P,2.2,2015-10-29
118,2016-05-16 11:29:00,2016-05-16,0.1452,0.0,0.0,3900.0,0.1452,0.1452,0.1452,10000454,2016-06-22,2016-06-22,P,2.2,2015-10-29
119,2016-05-16 11:30:00,2016-05-16,0.1452,0.0,0.0,3900.0,0.1452,0.1452,0.1452,10000454,2016-06-22,2016-06-22,P,2.2,2015-10-29
120,2016-05-16 13:01:00,2016-05-16,0.1452,0.0,0.0,3900.0,0.1452,0.1452,0.1452,10000454,2016-06-22,2016-06-22,P,2.2,2015-10-29
121,2016-05-16 13:02:00,2016-05-16,0.1473,14714.0,10.0,3901.0,0.1452,0.1473,0.1452,10000454,2016-06-22,2016-06-22,P,2.2,2015-10-29
122,2016-05-16 13:03:00,2016-05-16,0.1473,14720.0,10.0,3911.0,0.1473,0.1468,0.1468,10000454,2016-06-22,2016-06-22,P,2.2,2015-10-29
123,2016-05-16 13:04:00,2016-05-16,0.1468,0.0,0.0,3911.0,0.1468,0.1468,0.1468,10000454,2016-06-22,2016-06-22,P,2.2,2015-10-29
124,2016-05-16 13:05:00,2016-05-16,0.1468,0.0,0.0,3911.0,0.1468,0.1468,0.1468,10000454,2016-06-22,2016-06-22,P,2.2,2015-10-29
125,2016-05-16 13:06:00,2016-05-16,0.1468,0.0,0.0,3911.0,0.1468,0.1468,0.1468,10000454,2016-06-22,2016-06-22,P,2.2,2015-10-29
126,2016-05-16 13:07:00,2016-05-16,0.1468,0.0,0.0,3911.0,0.1468,0.1468,0.1468,10000454,2016-06-22,2016-06-22,P,2.2,2015-10-29
127,2016-05-16 13:08:00,2016-05-16,0.1468,0.0,0.0,3911.0,0.1468,0.1468,0.1468,10000454,2016-06-22,2016-06-22,P,2.2,2015-10-29
128,2016-05-16 13:09:00,2016-05-16,0.1468,0.0,0.0,3911.0,0.1468,0.1468,0.1468,10000454,2016-06-22,2016-06-22,P,2.2,2015-10-29
129,2016-05-16 13:10:00,2016-05-16,0.1468,0.0,0.0,3911.0,0.1468,0.1468,0.1468,10000454,2016-06-22,2016-06-22,P,2.2,2015-10-29
130,2016-05-16 13:11:00,2016-05-16,0.1468,0.0,0.0,3911.0,0.1468,0.1468,0.1468,10000454,2016-06-22,2016-06-22,P,2.2,2015-10-29
131,2016-05-16 13:12:00,2016-05-16,0.1468,0.0,0.0,3911.0,0.1468,0.1468,0.1468,10000454,2016-06-22,2016-06-22,P,2.2,2015-10-29
132,2016-05-16 13:13:00,2016-05-16,0.1468,0.0,0.0,3911.0,0.1468,0.1468,0.1468,10000454,2016-06-22,2016-06-22,P,2.2,2015-10-29
133,2016-05-16 13:14:00,2016-05-16,0.1468,0.0,0.0,3911.0,0.1468,0.1468,0.1468,10000454,2016-06-22,2016-06-22,P,2.2,2015-10-29
134,2016-05-16 13:15:00,2016-05-16,0.1468,0.0,0.0,3911.0,0.1468,0.1468,0.1468,10000454,2016-06-22,2016-06-22,P,2.2,2015-10-29
135,2016-05-16 13:16:00,2016-05-16,0.1468,0.0,0.0,3911.0,0.1468,0.1468,0.1468,10000454,2016-06-22,2016-06-22,P,2.2,2015-10-29
136,2016-05-16 13:17:00,2016-05-16,0.1468,0.0,0.0,3911.0,0.1468,0.1468,0.1468,10000454,2016-06-22,2016-06-22,P,2.2,2015-10-29
137,2016-05-16 13:18:00,2016-05-16,0.1468,0.0,0.0,3911.0,0.1468,0.1468,0.1468,10000454,2016-06-22,2016-06-22,P,2.2,2015-10-29
138,2016-05-16 13:19:00,2016-05-16,0.1468,0.0,0.0,3911.0,0.1468,0.1468,0.1468,10000454,2016-06-22,2016-06-22,P,2.2,2015-10-29
139,2016-05-16 13:20:00,2016-05-16,0.1468,0.0,0.0,3911.0,0.1468,0.1468,0.1468,10000454,2016-06-22,2016-06-22,P,2.2,2015-10-29
140,2016-05-16 13:21:00,2016-05-16,0.1468,0.0,0.0,3911.0,0.1468,0.1468,0.1468,10000454,2016-06-22,2016-06-22,P,2.2,2015-10-29
141,2016-05-16 13:22:00,2016-05-16,0.1468,0.0,0.0,3911.0,0.1468,0.1468,0.1468,10000454,2016-06-22,2016-06-22,P,2.2,2015-10-29
142,2016-05-16 13:23:00,2016-05-16,0.1468,0.0,0.0,3911.0,0.1468,0.1468,0.1468,10000454,2016-06-22,2016-06-22,P,2.2,2015-10-29
143,2016-05-16 13:24:00,2016-05-16,0.1468,0.0,0.0,3911.0,0.1468,0.1468,0.1468,10000454,2016-06-22,2016-06-22,P,2.2,2015-10-29
144,2016-05-16 13:25:00,2016-05-16,0.1468,0.0,0.0,3911.0,0.1468,0.1468,0.1468,10000454,2016-06-22,2016-06-22,P,2.2,2015-10-29
145,2016-05-16 13:26:00,2016-05-16,0.1468,0.0,0.0,3911.0,0.1468,0.1468,0.1468,10000454,2016-06-22,2016-06-22,P,2.2,2015-10-29
146,2016-05-16 13:27:00,2016-05-16,0.1509,15090.0,10.0,3916.0,0.1468,0.1509,0.1468,10000454,2016-06-22,2016-06-22,P,2.2,2015-10-29
147,2016-05-16 13:28:00,2016-05-16,0.1509,0.0,0.0,3916.0,0.1509,0.1509,0.1509,10000454,2016-06-22,2016-06-22,P,2.2,2015-10-29
148,2016-05-16 13:29:00,2016-05-16,0.1509,0.0,0.0,3916.0,0.1509,0.1509,0.1509,10000454,2016-06-22,2016-06-22,P,2.2,2015-10-29
149,2016-05-16 13:30:00,2016-05-16,0.1509,0.0,0.0,3916.0,0.1509,0.1509,0.1509,10000454,2016-06-22,2016-06-22,P,2.2,2015-10-29
150,2016-05-16 13:31:00,2016-05-16,0.1509,0.0,0.0,3916.0,0.1509,0.1509,0.1509,10000454,2016-06-22,2016-06-22,P,2.2,2015-10-29
151,2016-05-16 13:32:00,2016-05-16,0.1509,0.0,0.0,3916.0,0.1509,0.1509,0.1509,10000454,2016-06-22,2016-06-22,P,2.2,2015-10-29
152,2016-05-16 13:33:00,2016-05-16,0.1509,0.0,0.0,3916.0,0.1509,0.1509,0.1509,10000454,2016-06-22,2016-06-22,P,2.2,2015-10-29
153,2016-05-16 13:34:00,2016-05-16,0.1509,0.0,0.0,3916.0,0.1509,0.1509,0.1509,10000454,2016-06-22,2016-06-22,P,2.2,2015-10-29
154,2016-05-16 13:35:00,2016-05-16,0.1509,0.0,0.0,3916.0,0.1509,0.1509,0.1509,10000454,2016-06-22,2016-06-22,P,2.2,2015-10-29
155,2016-05-16 13:36:00,2016-05-16,0.1509,4440.0,3.0,3913.0,0.1509,0.14800000000000002,0.14800000000000002,10000454,2016-06-22,2016-06-22,P,2.2,2015-10-29
156,2016-05-16 13:37:00,2016-05-16,0.14800000000000002,10360.0,7.0,3912.0,0.14800000000000002,0.14800000000000002,0.14800000000000002,10000454,2016-06-22,2016-06-22,P,2.2,2015-10-29
157,2016-05-16 13:38:00,2016-05-16,0.14800000000000002,0.0,0.0,3912.0,0.14800000000000002,0.14800000000000002,0.14800000000000002,10000454,2016-06-22,2016-06-22,P,2.2,2015-10-29
158,2016-05-16 13:39:00,2016-05-16,0.14800000000000002,2960.0,2.0,3912.0,0.14800000000000002,0.14800000000000002,0.14800000000000002,10000454,2016-06-22,2016-06-22,P,2.2,2015-10-29
159,2016-05-16 13:40:00,2016-05-16,0.14800000000000002,0.0,0.0,3912.0,0.14800000000000002,0.14800000000000002,0.14800000000000002,10000454,2016-06-22,2016-06-22,P,2.2,2015-10-29
160,2016-05-16 13:41:00,2016-05-16,0.14800000000000002,0.0,0.0,3912.0,0.14800000000000002,0.14800000000000002,0.14800000000000002,10000454,2016-06-22,2016-06-22,P,2.2,2015-10-29
161,2016-05-16 13:42:00,2016-05-16,0.14800000000000002,14780.0,10.0,3912.0,0.14800000000000002,0.1478,0.1478,10000454,2016-06-22,2016-06-22,P,2.2,2015-10-29
162,2016-05-16 13:43:00,2016-05-16,0.1478,0.0,0.0,3912.0,0.1478,0.1478,0.1478,10000454,2016-06-22,2016-06-22,P,2.2,2015-10-29
163,2016-05-16 13:44:00,2016-05-16,0.1478,0.0,0.0,3912.0,0.1478,0.1478,0.1478,10000454,2016-06-22,2016-06-22,P,2.2,2015-10-29
164,2016-05-16 13:45:00,2016-05-16,0.1478,0.0,0.0,3912.0,0.1478,0.1478,0.1478,10000454,2016-06-22,2016-06-22,P,2.2,2015-10-29
165,2016-05-16 13:46:00,2016-05-16,0.1478,0.0,0.0,3912.0,0.1478,0.1478,0.1478,10000454,2016-06-22,2016-06-22,P,2.2,2015-10-29
166,2016-05-16 13:47:00,2016-05-16,0.1478,0.0,0.0,3912.0,0.1478,0.1478,0.1478,10000454,2016-06-22,2016-06-22,P,2.2,2015-10-29
167,2016-05-16 13:48:00,2016-05-16,0.1478,0.0,0.0,3912.0,0.1478,0.1478,0.1478,10000454,2016-06-22,2016-06-22,P,2.2,2015-10-29
168,2016-05-16 13:49:00,2016-05-16,0.1478,0.0,0.0,3912.0,0.1478,0.1478,0.1478,10000454,2016-06-22,2016-06-22,P,2.2,2015-10-29
169,2016-05-16 13:50:00,2016-05-16,0.1478,0.0,0.0,3912.0,0.1478,0.1478,0.1478,10000454,2016-06-22,2016-06-22,P,2.2,2015-10-29
170,2016-05-16 13:51:00,2016-05-16,0.1478,0.0,0.0,3912.0,0.1478,0.1478,0.1478,10000454,2016-06-22,2016-06-22,P,2.2,2015-10-29
171,2016-05-16 13:52:00,2016-05-16,0.14800000000000002,11840.0,8.0,3912.0,0.1478,0.14800000000000002,0.1478,10000454,2016-06-22,2016-06-22,P,2.2,2015-10-29
172,2016-05-16 13:53:00,2016-05-16,0.14800000000000002,0.0,0.0,3912.0,0.14800000000000002,0.14800000000000002,0.14800000000000002,10000454,2016-06-22,2016-06-22,P,2.2,2015-10-29
173,2016-05-16 13:54:00,2016-05-16,0.14800000000000002,0.0,0.0,3912.0,0.14800000000000002,0.14800000000000002,0.14800000000000002,10000454,2016-06-22,2016-06-22,P,2.2,2015-10-29
174,2016-05-16 13:55:00,2016-05-16,0.14800000000000002,1463.0,1.0,3911.0,0.14800000000000002,0.1463,0.1463,10000454,2016-06-22,2016-06-22,P,2.2,2015-10-29
175,2016-05-16 13:56:00,2016-05-16,0.1463,2912.0,2.0,3909.0,0.1463,0.1456,0.1456,10000454,2016-06-22,2016-06-22,P,2.2,2015-10-29
176,2016-05-16 13:57:00,2016-05-16,0.1456,0.0,0.0,3909.0,0.1456,0.1456,0.1456,10000454,2016-06-22,2016-06-22,P,2.2,2015-10-29
177,2016-05-16 13:58:00,2016-05-16,0.1458,1458.0,1.0,3910.0,0.1456,0.1458,0.1456,10000454,2016-06-22,2016-06-22,P,2.2,2015-10-29
178,2016-05-16 13:59:00,2016-05-16,0.1458,0.0,0.0,3910.0,0.1458,0.1458,0.1458,10000454,2016-06-22,2016-06-22,P,2.2,2015-10-29
179,2016-05-16 14:00:00,2016-05-16,0.1458,0.0,0.0,3910.0,0.1458,0.1458,0.1458,10000454,2016-06-22,2016-06-22,P,2.2,2015-10-29
180,2016-05-16 14:01:00,2016-05-16,0.1458,0.0,0.0,3910.0,0.1458,0.1458,0.1458,10000454,2016-06-22,2016-06-22,P,2.2,2015-10-29
181,2016-05-16 14:02:00,2016-05-16,0.1458,0.0,0.0,3910.0,0.1458,0.1458,0.1458,10000454,2016-06-22,2016-06-22,P,2.2,2015-10-29
182,2016-05-16 14:03:00,2016-05-16,0.1458,0.0,0.0,3910.0,0.1458,0.1458,0.1458,10000454,2016-06-22,2016-06-22,P,2.2,2015-10-29
183,2016-05-16 14:04:00,2016-05-16,0.1458,0.0,0.0,3910.0,0.1458,0.1458,0.1458,10000454,2016-06-22,2016-06-22,P,2.2,2015-10-29
184,2016-05-16 14:05:00,2016-05-16,0.1458,0.0,0.0,3910.0,0.1458,0.1458,0.1458,10000454,2016-06-22,2016-06-22,P,2.2,2015-10-29
185,2016-05-16 14:06:00,2016-05-16,0.1458,0.0,0.0,3910.0,0.1458,0.1458,0.1458,10000454,2016-06-22,2016-06-22,P,2.2,2015-10-29
186,2016-05-16 14:07:00,2016-05-16,0.1458,0.0,0.0,3910.0,0.1458,0.1458,0.1458,10000454,2016-06-22,2016-06-22,P,2.2,2015-10-29
187,2016-05-16 14:08:00,2016-05-16,0.1458,0.0,0.0,3910.0,0.1458,0.1458,0.1458,10000454,2016-06-22,2016-06-22,P,2.2,2015-10-29
188,2016-05-16 14:09:00,2016-05-16,0.1458,0.0,0.0,3910.0,0.1458,0.1458,0.1458,10000454,2016-06-22,2016-06-22,P,2.2,2015-10-29
189,2016-05-16 14:10:00,2016-05-16,0.1458,0.0,0.0,3910.0,0.1458,0.1458,0.1458,10000454,2016-06-22,2016-06-22,P,2.2,2015-10-29
190,2016-05-16 14:11:00,2016-05-16,0.1458,0.0,0.0,3910.0,0.1458,0.1458,0.1458,10000454,2016-06-22,2016-06-22,P,2.2,2015-10-29
191,2016-05-16 14:12:00,2016-05-16,0.1458,0.0,0.0,3910.0,0.1458,0.1458,0.1458,10000454,2016-06-22,2016-06-22,P,2.2,2015-10-29
192,2016-05-16 14:13:00,2016-05-16,0.1458,0.0,0.0,3910.0,0.1458,0.1458,0.1458,10000454,2016-06-22,2016-06-22,P,2.2,2015-10-29
193,2016-05-16 14:14:00,2016-05-16,0.1458,0.0,0.0,3910.0,0.1458,0.1458,0.1458,10000454,2016-06-22,2016-06-22,P,2.2,2015-10-29
194,2016-05-16 14:15:00,2016-05-16,0.1478,14780.0,10.0,3907.0,0.1458,0.1478,0.1458,10000454,2016-06-22,2016-06-22,P,2.2,2015-10-29
195,2016-05-16 14:16:00,2016-05-16,0.1508,7534.0,5.0,3910.0,0.1478,0.1504,0.1478,10000454,2016-06-22,2016-06-22,P,2.2,2015-10-29
196,2016-05-16 14:17:00,2016-05-16,0.1504,21021.0,14.0,3910.0,0.1504,0.15,0.15,10000454,2016-06-22,2016-06-22,P,2.2,2015-10-29
197,2016-05-16 14:18:00,2016-05-16,0.15,4480.0,3.0,3907.0,0.15,0.149,0.149,10000454,2016-06-22,2016-06-22,P,2.2,2015-10-29
198,2016-05-16 14:19:00,2016-05-16,0.15,60000.0,40.0,3907.0,0.149,0.15,0.149,10000454,2016-06-22,2016-06-22,P,2.2,2015-10-29
199,2016-05-16 14:20:00,2016-05-16,0.15,20962.0,14.0,3907.0,0.15,0.1499,0.1493,10000454,2016-06-22,2016-06-22,P,2.2,2015-10-29
200,2016-05-16 14:21:00,2016-05-16,0.15,3000.0,2.0,3907.0,0.1499,0.15,0.1499,10000454,2016-06-22,2016-06-22,P,2.2,2015-10-29
201,2016-05-16 14:22:00,2016-05-16,0.15,0.0,0.0,3907.0,0.15,0.15,0.15,10000454,2016-06-22,2016-06-22,P,2.2,2015-10-29
202,2016-05-16 14:23:00,2016-05-16,0.15,0.0,0.0,3907.0,0.15,0.15,0.15,10000454,2016-06-22,2016-06-22,P,2.2,2015-10-29
203,2016-05-16 14:24:00,2016-05-16,0.15,0.0,0.0,3907.0,0.15,0.15,0.15,10000454,2016-06-22,2016-06-22,P,2.2,2015-10-29
204,2016-05-16 14:25:00,2016-05-16,0.15,0.0,0.0,3907.0,0.15,0.15,0.15,10000454,2016-06-22,2016-06-22,P,2.2,2015-10-29
205,2016-05-16 14:26:00,2016-05-16,0.15,0.0,0.0,3907.0,0.15,0.15,0.15,10000454,2016-06-22,2016-06-22,P,2.2,2015-10-29
206,2016-05-16 14:27:00,2016-05-16,0.15,0.0,0.0,3907.0,0.15,0.15,0.15,10000454,2016-06-22,2016-06-22,P,2.2,2015-10-29
207,2016-05-16 14:28:00,2016-05-16,0.15,0.0,0.0,3907.0,0.15,0.15,0.15,10000454,2016-06-22,2016-06-22,P,2.2,2015-10-29
208,2016-05-16 14:29:00,2016-05-16,0.15,0.0,0.0,3907.0,0.15,0.15,0.15,10000454,2016-06-22,2016-06-22,P,2.2,2015-10-29
209,2016-05-16 14:30:00,2016-05-16,0.15,0.0,0.0,3907.0,0.15,0.15,0.15,10000454,2016-06-22,2016-06-22,P,2.2,2015-10-29
210,2016-05-16 14:31:00,2016-05-16,0.15,0.0,0.0,3907.0,0.15,0.15,0.15,10000454,2016-06-22,2016-06-22,P,2.2,2015-10-29
211,2016-05-16 14:32:00,2016-05-16,0.15,0.0,0.0,3907.0,0.15,0.15,0.15,10000454,2016-06-22,2016-06-22,P,2.2,2015-10-29
212,2016-05-16 14:33:00,2016-05-16,0.15,5896.0,4.0,3903.0,0.15,0.1474,0.1474,10000454,2016-06-22,2016-06-22,P,2.2,2015-10-29
213,2016-05-16 14:34:00,2016-05-16,0.1474,1470.0,1.0,3903.0,0.1474,0.147,0.147,10000454,2016-06-22,2016-06-22,P,2.2,2015-10-29
214,2016-05-16 14:35:00,2016-05-16,0.1475,14750.0,10.0,3903.0,0.147,0.1475,0.147,10000454,2016-06-22,2016-06-22,P,2.2,2015-10-29
215,2016-05-16 14:36:00,2016-05-16,0.1475,13239.0,9.0,3907.0,0.1475,0.1466,0.1466,10000454,2016-06-22,2016-06-22,P,2.2,2015-10-29
216,2016-05-16 14:37:00,2016-05-16,0.1466,2920.0,2.0,3908.0,0.1466,0.146,0.146,10000454,2016-06-22,2016-06-22,P,2.2,2015-10-29
217,2016-05-16 14:38:00,2016-05-16,0.146,0.0,0.0,3908.0,0.146,0.146,0.146,10000454,2016-06-22,2016-06-22,P,2.2,2015-10-29
218,2016-05-16 14:39:00,2016-05-16,0.146,0.0,0.0,3908.0,0.146,0.146,0.146,10000454,2016-06-22,2016-06-22,P,2.2,2015-10-29
219,2016-05-16 14:40:00,2016-05-16,0.146,5820.0,4.0,3908.0,0.146,0.1455,0.1455,10000454,2016-06-22,2016-06-22,P,2.2,2015-10-29
220,2016-05-16 14:41:00,2016-05-16,0.1455,5815.0,4.0,3907.0,0.1455,0.145,0.145,10000454,2016-06-22,2016-06-22,P,2.2,2015-10-29
221,2016-05-16 14:42:00,2016-05-16,0.145,13050.0,9.0,3907.0,0.145,0.145,0.145,10000454,2016-06-22,2016-06-22,P,2.2,2015-10-29
222,2016-05-16 14:43:00,2016-05-16,0.1455,1455.0,1.0,3907.0,0.145,0.1455,0.145,10000454,2016-06-22,2016-06-22,P,2.2,2015-10-29
223,2016-05-16 14:44:00,2016-05-16,0.1455,1455.0,1.0,3907.0,0.1455,0.1455,0.1455,10000454,2016-06-22,2016-06-22,P,2.2,2015-10-29
224,2016-05-16 14:45:00,2016-05-16,0.1455,0.0,0.0,3907.0,0.1455,0.1455,0.1455,10000454,2016-06-22,2016-06-22,P,2.2,2015-10-29
225,2016-05-16 14:46:00,2016-05-16,0.1455,0.0,0.0,3907.0,0.1455,0.1455,0.1455,10000454,2016-06-22,2016-06-22,P,2.2,2015-10-29
226,2016-05-16 14:47:00,2016-05-16,0.1455,2910.0,2.0,3907.0,0.1455,0.1455,0.1455,10000454,2016-06-22,2016-06-22,P,2.2,2015-10-29
227,2016-05-16 14:48:00,2016-05-16,0.146,27695.0,19.0,3904.0,0.1455,0.146,0.1455,10000454,2016-06-22,2016-06-22,P,2.2,2015-10-29
228,2016-05-16 14:49:00,2016-05-16,0.146,2902.0,2.0,3902.0,0.146,0.1451,0.1451,10000454,2016-06-22,2016-06-22,P,2.2,2015-10-29
229,2016-05-16 14:50:00,2016-05-16,0.1451,1450.0,1.0,3902.0,0.1451,0.145,0.145,10000454,2016-06-22,2016-06-22,P,2.2,2015-10-29
230,2016-05-16 14:51:00,2016-05-16,0.1455,20226.0,14.0,3889.0,0.145,0.1441,0.1441,10000454,2016-06-22,2016-06-22,P,2.2,2015-10-29
231,2016-05-16 14:52:00,2016-05-16,0.1441,0.0,0.0,3889.0,0.1441,0.1441,0.1441,10000454,2016-06-22,2016-06-22,P,2.2,2015-10-29
232,2016-05-16 14:53:00,2016-05-16,0.1451,1451.0,1.0,3889.0,0.1441,0.1451,0.1441,10000454,2016-06-22,2016-06-22,P,2.2,2015-10-29
233,2016-05-16 14:54:00,2016-05-16,0.1451,2896.0,2.0,3887.0,0.1451,0.1448,0.1448,10000454,2016-06-22,2016-06-22,P,2.2,2015-10-29
234,2016-05-16 14:55:00,2016-05-16,0.1448,0.0,0.0,3887.0,0.1448,0.1448,0.1448,10000454,2016-06-22,2016-06-22,P,2.2,2015-10-29
235,2016-05-16 14:56:00,2016-05-16,0.1448,11584.0,8.0,3879.0,0.1448,0.1448,0.1448,10000454,2016-06-22,2016-06-22,P,2.2,2015-10-29
236,2016-05-16 14:57:00,2016-05-16,0.1448,2888.0,2.0,3877.0,0.1448,0.1444,0.1444,10000454,2016-06-22,2016-06-22,P,2.2,2015-10-29
237,2016-05-16 14:58:00,2016-05-16,0.1444,0.0,0.0,3877.0,0.1444,0.1444,0.1444,10000454,2016-06-22,2016-06-22,P,2.2,2015-10-29
238,2016-05-16 14:59:00,2016-05-16,0.1444,0.0,0.0,3877.0,0.1444,0.1444,0.1444,10000454,2016-06-22,2016-06-22,P,2.2,2015-10-29
239,2016-05-16 15:00:00,2016-05-16,0.1444,0.0,0.0,3877.0,0.1444,0.1444,0.1444,10000454,2016-06-22,2016-06-22,P,2.2,2015-10-29
240,2016-05-16 09:31:00,2016-05-16,0.1112,7733.0,7.0,9054.0,0.1095,0.1112,0.1095,10000460,2016-06-22,2016-06-22,P,2.15,2015-11-04
241,2016-05-16 09:32:00,2016-05-16,0.1129,37948.0,34.0,9046.0,0.1112,0.112,0.111,10000460,2016-06-22,2016-06-22,P,2.15,2015-11-04
242,2016-05-16 09:33:00,2016-05-16,0.1125,52716.0,47.0,9070.0,0.112,0.112,0.1113,10000460,2016-06-22,2016-06-22,P,2.15,2015-11-04
243,2016-05-16 09:34:00,2016-05-16,0.112,0.0,0.0,9070.0,0.112,0.112,0.112,10000460,2016-06-22,2016-06-22,P,2.15,2015-11-04
244,2016-05-16 09:35:00,2016-05-16,0.1126,12336.0,11.0,9071.0,0.112,0.1121,0.112,10000460,2016-06-22,2016-06-22,P,2.15,2015-11-04
245,2016-05-16 09:36:00,2016-05-16,0.1121,27350.0,25.0,9070.0,0.1121,0.1099,0.1089,10000460,2016-06-22,2016-06-22,P,2.15,2015-11-04
246,2016-05-16 09:37:00,2016-05-16,0.1099,0.0,0.0,9070.0,0.1099,0.1099,0.1099,10000460,2016-06-22,2016-06-22,P,2.15,2015-11-04
247,2016-05-16 09:38:00,2016-05-16,0.1099,6544.0,6.0,9066.0,0.1099,0.1096,0.1088,10000460,2016-06-22,2016-06-22,P,2.15,2015-11-04
248,2016-05-16 09:39:00,2016-05-16,0.1096,13002.0,12.0,9075.0,0.1096,0.1082,0.1082,10000460,2016-06-22,2016-06-22,P,2.15,2015-11-04
249,2016-05-16 09:40:00,2016-05-16,0.1085,1085.0,1.0,9075.0,0.1082,0.1085,0.1082,10000460,2016-06-22,2016-06-22,P,2.15,2015-11-04
250,2016-05-16 09:41:00,2016-05-16,0.109,1090.0,1.0,9074.0,0.1085,0.109,0.1085,10000460,2016-06-22,2016-06-22,P,2.15,2015-11-04
251,2016-05-16 09:42:00,2016-05-16,0.1112,7784.0,7.0,9068.0,0.109,0.1112,0.109,10000460,2016-06-22,2016-06-22,P,2.15,2015-11-04
252,2016-05-16 09:43:00,2016-05-16,0.1112,0.0,0.0,9068.0,0.1112,0.1112,0.1112,10000460,2016-06-22,2016-06-22,P,2.15,2015-11-04
253,2016-05-16 09:44:00,2016-05-16,0.1112,0.0,0.0,9068.0,0.1112,0.1112,0.1112,10000460,2016-06-22,2016-06-22,P,2.15,2015-11-04
254,2016-05-16 09:45:00,2016-05-16,0.1112,3336.0,3.0,9068.0,0.1112,0.1112,0.1112,10000460,2016-06-22,2016-06-22,P,2.15,2015-11-04
255,2016-05-16 09:46:00,2016-05-16,0.1112,0.0,0.0,9068.0,0.1112,0.1112,0.1112,10000460,2016-06-22,2016-06-22,P,2.15,2015-11-04
256,2016-05-16 09:47:00,2016-05-16,0.1112,0.0,0.0,9068.0,0.1112,0.1112,0.1112,10000460,2016-06-22,2016-06-22,P,2.15,2015-11-04
257,2016-05-16 09:48:00,2016-05-16,0.1114,3342.0,3.0,9065.0,0.1112,0.1114,0.1112,10000460,2016-06-22,2016-06-22,P,2.15,2015-11-04
258,2016-05-16 09:49:00,2016-05-16,0.1114,0.0,0.0,9065.0,0.1114,0.1114,0.1114,10000460,2016-06-22,2016-06-22,P,2.15,2015-11-04
259,2016-05-16 09:50:00,2016-05-16,0.1122,4488.0,4.0,9069.0,0.1114,0.1122,0.1114,10000460,2016-06-22,2016-06-22,P,2.15,2015-11-04
260,2016-05-16 09:51:00,2016-05-16,0.1129,34990.0,31.0,9080.0,0.1122,0.112,0.112,10000460,2016-06-22,2016-06-22,P,2.15,2015-11-04
261,2016-05-16 09:52:00,2016-05-16,0.1132,9005.0,8.0,9076.0,0.112,0.1132,0.112,10000460,2016-06-22,2016-06-22,P,2.15,2015-11-04
262,2016-05-16 09:53:00,2016-05-16,0.1172,84360.0,73.0,9103.0,0.1132,0.117,0.1132,10000460,2016-06-22,2016-06-22,P,2.15,2015-11-04
263,2016-05-16 09:54:00,2016-05-16,0.1194,158994.0,135.0,9114.0,0.117,0.1165,0.1165,10000460,2016-06-22,2016-06-22,P,2.15,2015-11-04
264,2016-05-16 09:55:00,2016-05-16,0.1191,63820.0,54.0,9118.0,0.1165,0.1181,0.1165,10000460,2016-06-22,2016-06-22,P,2.15,2015-11-04
265,2016-05-16 09:56:00,2016-05-16,0.1181,12843.0,11.0,9118.0,0.1181,0.1163,0.1163,10000460,2016-06-22,2016-06-22,P,2.15,2015-11-04
266,2016-05-16 09:57:00,2016-05-16,0.1163,1163.0,1.0,9119.0,0.1163,0.1163,0.1163,10000460,2016-06-22,2016-06-22,P,2.15,2015-11-04
267,2016-05-16 09:58:00,2016-05-16,0.1172,21024.0,18.0,9126.0,0.1163,0.1172,0.1163,10000460,2016-06-22,2016-06-22,P,2.15,2015-11-04
268,2016-05-16 09:59:00,2016-05-16,0.118,37691.0,32.0,9113.0,0.1172,0.1177,0.1172,10000460,2016-06-22,2016-06-22,P,2.15,2015-11-04
269,2016-05-16 10:00:00,2016-05-16,0.1177,9376.0,8.0,9110.0,0.1177,0.1172,0.1172,10000460,2016-06-22,2016-06-22,P,2.15,2015-11-04
270,2016-05-16 10:01:00,2016-05-16,0.1193,20196.0,17.0,9121.0,0.1172,0.1192,0.1172,10000460,2016-06-22,2016-06-22,P,2.15,2015-11-04
271,2016-05-16 10:02:00,2016-05-16,0.1192,18838.0,16.0,9126.0,0.1192,0.1171,0.1171,10000460,2016-06-22,2016-06-22,P,2.15,2015-11-04
272,2016-05-16 10:03:00,2016-05-16,0.1171,0.0,0.0,9126.0,0.1171,0.1171,0.1171,10000460,2016-06-22,2016-06-22,P,2.15,2015-11-04
273,2016-05-16 10:04:00,2016-05-16,0.1171,3491.0,3.0,9128.0,0.1171,0.1161,0.1161,10000460,2016-06-22,2016-06-22,P,2.15,2015-11-04
274,2016-05-16 10:05:00,2016-05-16,0.1161,11610.0,10.0,9138.0,0.1161,0.1161,0.1161,10000460,2016-06-22,2016-06-22,P,2.15,2015-11-04
275,2016-05-16 10:06:00,2016-05-16,0.1163,11630.0,10.0,9138.0,0.1161,0.1163,0.1161,10000460,2016-06-22,2016-06-22,P,2.15,2015-11-04
276,2016-05-16 10:07:00,2016-05-16,0.1163,22950.0,20.0,9145.0,0.1163,0.1135,0.1135,10000460,2016-06-22,2016-06-22,P,2.15,2015-11-04
277,2016-05-16 10:08:00,2016-05-16,0.1135,0.0,0.0,9145.0,0.1135,0.1135,0.1135,10000460,2016-06-22,2016-06-22,P,2.15,2015-11-04
278,2016-05-16 10:09:00,2016-05-16,0.1135,0.0,0.0,9145.0,0.1135,0.1135,0.1135,10000460,2016-06-22,2016-06-22,P,2.15,2015-11-04
279,2016-05-16 10:10:00,2016-05-16,0.1153,11530.0,10.0,9155.0,0.1135,0.1153,0.1135,10000460,2016-06-22,2016-06-22,P,2.15,2015-11-04
280,2016-05-16 10:11:00,2016-05-16,0.1153,0.0,0.0,9155.0,0.1153,0.1153,0.1153,10000460,2016-06-22,2016-06-22,P,2.15,2015-11-04
281,2016-05-16 10:12:00,2016-05-16,0.1153,0.0,0.0,9155.0,0.1153,0.1153,0.1153,10000460,2016-06-22,2016-06-22,P,2.15,2015-11-04
282,2016-05-16 10:13:00,2016-05-16,0.1151,56862.0,50.0,9158.0,0.114,0.1128,0.1123,10000460,2016-06-22,2016-06-22,P,2.15,2015-11-04
283,2016-05-16 10:14:00,2016-05-16,0.1128,0.0,0.0,9158.0,0.1128,0.1128,0.1128,10000460,2016-06-22,2016-06-22,P,2.15,2015-11-04
284,2016-05-16 10:15:00,2016-05-16,0.1145,5725.0,5.0,9153.0,0.1128,0.1145,0.1128,10000460,2016-06-22,2016-06-22,P,2.15,2015-11-04
285,2016-05-16 10:16:00,2016-05-16,0.1145,19295.0,17.0,9152.0,0.1145,0.1133,0.1133,10000460,2016-06-22,2016-06-22,P,2.15,2015-11-04
286,2016-05-16 10:17:00,2016-05-16,0.1133,12463.0,11.0,9148.0,0.1133,0.1133,0.1133,10000460,2016-06-22,2016-06-22,P,2.15,2015-11-04
287,2016-05-16 10:18:00,2016-05-16,0.1142,13684.0,12.0,9142.0,0.1133,0.114,0.1133,10000460,2016-06-22,2016-06-22,P,2.15,2015-11-04
288,2016-05-16 10:19:00,2016-05-16,0.1141,22770.0,20.0,9160.0,0.114,0.1136,0.1136,10000460,2016-06-22,2016-06-22,P,2.15,2015-11-04
289,2016-05-16 10:20:00,2016-05-16,0.1142,11420.0,10.0,9160.0,0.1136,0.1142,0.1136,10000460,2016-06-22,2016-06-22,P,2.15,2015-11-04
290,2016-05-16 10:21:00,2016-05-16,0.1142,0.0,0.0,9160.0,0.1142,0.1142,0.1142,10000460,2016-06-22,2016-06-22,P,2.15,2015-11-04
291,2016-05-16 10:22:00,2016-05-16,0.1142,5700.0,5.0,9162.0,0.1142,0.114,0.114,10000460,2016-06-22,2016-06-22,P,2.15,2015-11-04
292,2016-05-16 10:23:00,2016-05-16,0.114,11340.0,10.0,9172.0,0.114,0.1134,0.1134,10000460,2016-06-22,2016-06-22,P,2.15,2015-11-04
293,2016-05-16 10:24:00,2016-05-16,0.1141,22790.0,20.0,9182.0,0.1134,0.1138,0.1134,10000460,2016-06-22,2016-06-22,P,2.15,2015-11-04
294,2016-05-16 10:25:00,2016-05-16,0.1138,0.0,0.0,9182.0,0.1138,0.1138,0.1138,10000460,2016-06-22,2016-06-22,P,2.15,2015-11-04
295,2016-05-16 10:26:00,2016-05-16,0.1138,34000.0,30.0,9192.0,0.1138,0.1133,0.1133,10000460,2016-06-22,2016-06-22,P,2.15,2015-11-04
296,2016-05-16 10:27:00,2016-05-16,0.1133,45190.0,40.0,9212.0,0.1133,0.113,0.1129,10000460,2016-06-22,2016-06-22,P,2.15,2015-11-04
297,2016-05-16 10:28:00,2016-05-16,0.113,22500.0,20.0,9225.0,0.113,0.1122,0.1122,10000460,2016-06-22,2016-06-22,P,2.15,2015-11-04
298,2016-05-16 10:29:00,2016-05-16,0.1125,10125.0,9.0,9225.0,0.1122,0.1125,0.1122,10000460,2016-06-22,2016-06-22,P,2.15,2015-11-04
299,2016-05-16 10:30:00,2016-05-16,0.1125,4495.0,4.0,9227.0,0.1125,0.112,0.112,10000460,2016-06-22,2016-06-22,P,2.15,2015-11-04
300,2016-05-16 10:31:00,2016-05-16,0.112,0.0,0.0,9227.0,0.112,0.112,0.112,10000460,2016-06-22,2016-06-22,P,2.15,2015-11-04
301,2016-05-16 10:32:00,2016-05-16,0.112,11200.0,10.0,9227.0,0.112,0.112,0.112,10000460,2016-06-22,2016-06-22,P,2.15,2015-11-04
302,2016-05-16 10:33:00,2016-05-16,0.1126,2252.0,2.0,9229.0,0.112,0.1126,0.112,10000460,2016-06-22,2016-06-22,P,2.15,2015-11-04
303,2016-05-16 10:34:00,2016-05-16,0.1126,0.0,0.0,9229.0,0.1126,0.1126,0.1126,10000460,2016-06-22,2016-06-22,P,2.15,2015-11-04
304,2016-05-16 10:35:00,2016-05-16,0.1126,0.0,0.0,9229.0,0.1126,0.1126,0.1126,10000460,2016-06-22,2016-06-22,P,2.15,2015-11-04
305,2016-05-16 10:36:00,2016-05-16,0.1126,23182.0,21.0,9236.0,0.1126,0.1101,0.1101,10000460,2016-06-22,2016-06-22,P,2.15,2015-11-04
306,2016-05-16 10:37:00,2016-05-16,0.1116,12258.0,11.0,9241.0,0.1101,0.1116,0.1101,10000460,2016-06-22,2016-06-22,P,2.15,2015-11-04
307,2016-05-16 10:38:00,2016-05-16,0.1116,2232.0,2.0,9243.0,0.1116,0.1116,0.1116,10000460,2016-06-22,2016-06-22,P,2.15,2015-11-04
308,2016-05-16 10:39:00,2016-05-16,0.1116,5578.0,5.0,9246.0,0.1116,0.1115,0.1115,10000460,2016-06-22,2016-06-22,P,2.15,2015-11-04
309,2016-05-16 10:40:00,2016-05-16,0.1116,15564.0,14.0,9248.0,0.1115,0.111,0.111,10000460,2016-06-22,2016-06-22,P,2.15,2015-11-04
310,2016-05-16 10:41:00,2016-05-16,0.111,0.0,0.0,9248.0,0.111,0.111,0.111,10000460,2016-06-22,2016-06-22,P,2.15,2015-11-04
311,2016-05-16 10:42:00,2016-05-16,0.111,0.0,0.0,9248.0,0.111,0.111,0.111,10000460,2016-06-22,2016-06-22,P,2.15,2015-11-04
312,2016-05-16 10:43:00,2016-05-16,0.1115,2230.0,2.0,9246.0,0.111,0.1115,0.111,10000460,2016-06-22,2016-06-22,P,2.15,2015-11-04
313,2016-05-16 10:44:00,2016-05-16,0.1122,1122.0,1.0,9247.0,0.1115,0.1122,0.1115,10000460,2016-06-22,2016-06-22,P,2.15,2015-11-04
314,2016-05-16 10:45:00,2016-05-16,0.1122,20136.0,18.0,9245.0,0.1122,0.1116,0.1116,10000460,2016-06-22,2016-06-22,P,2.15,2015-11-04
315,2016-05-16 10:46:00,2016-05-16,0.1122,1122.0,1.0,9245.0,0.1116,0.1122,0.1116,10000460,2016-06-22,2016-06-22,P,2.15,2015-11-04
316,2016-05-16 10:47:00,2016-05-16,0.1122,21066.0,19.0,9251.0,0.1122,0.112,0.1105,10000460,2016-06-22,2016-06-22,P,2.15,2015-11-04
317,2016-05-16 10:48:00,2016-05-16,0.112,0.0,0.0,9251.0,0.112,0.112,0.112,10000460,2016-06-22,2016-06-22,P,2.15,2015-11-04
318,2016-05-16 10:49:00,2016-05-16,0.112,23069.0,21.0,9256.0,0.112,0.1094,0.1094,10000460,2016-06-22,2016-06-22,P,2.15,2015-11-04
319,2016-05-16 10:50:00,2016-05-16,0.1094,21790.0,20.0,9256.0,0.1094,0.1086,0.1086,10000460,2016-06-22,2016-06-22,P,2.15,2015-11-04
320,2016-05-16 10:51:00,2016-05-16,0.1086,67765.0,63.0,9274.0,0.1086,0.1075,0.1068,10000460,2016-06-22,2016-06-22,P,2.15,2015-11-04
321,2016-05-16 10:52:00,2016-05-16,0.1075,18193.0,17.0,9291.0,0.1075,0.1069,0.1069,10000460,2016-06-22,2016-06-22,P,2.15,2015-11-04
322,2016-05-16 10:53:00,2016-05-16,0.1077,13896.0,13.0,9299.0,0.1069,0.1066,0.1066,10000460,2016-06-22,2016-06-22,P,2.15,2015-11-04
323,2016-05-16 10:54:00,2016-05-16,0.1071,10704.0,10.0,9307.0,0.1066,0.1067,0.1066,10000460,2016-06-22,2016-06-22,P,2.15,2015-11-04
324,2016-05-16 10:55:00,2016-05-16,0.1071,21344.0,20.0,9313.0,0.1067,0.1064,0.1064,10000460,2016-06-22,2016-06-22,P,2.15,2015-11-04
325,2016-05-16 10:56:00,2016-05-16,0.1064,42184.0,40.0,9336.0,0.1064,0.1056,0.1052,10000460,2016-06-22,2016-06-22,P,2.15,2015-11-04
326,2016-05-16 10:57:00,2016-05-16,0.1056,0.0,0.0,9336.0,0.1056,0.1056,0.1056,10000460,2016-06-22,2016-06-22,P,2.15,2015-11-04
327,2016-05-16 10:58:00,2016-05-16,0.1056,56528.0,54.0,9377.0,0.1056,0.1039,0.1039,10000460,2016-06-22,2016-06-22,P,2.15,2015-11-04
328,2016-05-16 10:59:00,2016-05-16,0.1046,80709.0,78.0,9438.0,0.1039,0.1045,0.1025,10000460,2016-06-22,2016-06-22,P,2.15,2015-11-04
329,2016-05-16 11:00:00,2016-05-16,0.1045,56108.0,55.0,9484.0,0.1045,0.1023,0.1011,10000460,2016-06-22,2016-06-22,P,2.15,2015-11-04
330,2016-05-16 11:01:00,2016-05-16,0.1023,39593.0,39.0,9510.0,0.1023,0.1013,0.1011,10000460,2016-06-22,2016-06-22,P,2.15,2015-11-04
331,2016-05-16 11:02:00,2016-05-16,0.1014,10144.0,10.0,9508.0,0.1013,0.1014,0.1013,10000460,2016-06-22,2016-06-22,P,2.15,2015-11-04
332,2016-05-16 11:03:00,2016-05-16,0.1014,30420.0,30.0,9485.0,0.1014,0.1014,0.1014,10000460,2016-06-22,2016-06-22,P,2.15,2015-11-04
333,2016-05-16 11:04:00,2016-05-16,0.1015,10152.0,10.0,9483.0,0.1014,0.1015,0.1014,10000460,2016-06-22,2016-06-22,P,2.15,2015-11-04
334,2016-05-16 11:05:00,2016-05-16,0.1015,0.0,0.0,9483.0,0.1015,0.1015,0.1015,10000460,2016-06-22,2016-06-22,P,2.15,2015-11-04
335,2016-05-16 11:06:00,2016-05-16,0.1015,0.0,0.0,9483.0,0.1015,0.1015,0.1015,10000460,2016-06-22,2016-06-22,P,2.15,2015-11-04
336,2016-05-16 11:07:00,2016-05-16,0.1029,10290.0,10.0,9478.0,0.1015,0.1029,0.1015,10000460,2016-06-22,2016-06-22,P,2.15,2015-11-04
337,2016-05-16 11:08:00,2016-05-16,0.1029,12276.0,12.0,9488.0,0.1029,0.1023,0.1023,10000460,2016-06-22,2016-06-22,P,2.15,2015-11-04
338,2016-05-16 11:09:00,2016-05-16,0.1023,10180.0,10.0,9498.0,0.1023,0.1018,0.1018,10000460,2016-06-22,2016-06-22,P,2.15,2015-11-04
339,2016-05-16 11:10:00,2016-05-16,0.1019,56858.0,56.0,9496.0,0.1018,0.101,0.101,10000460,2016-06-22,2016-06-22,P,2.15,2015-11-04
340,2016-05-16 11:11:00,2016-05-16,0.1027,12254.0,12.0,9496.0,0.101,0.1026,0.101,10000460,2016-06-22,2016-06-22,P,2.15,2015-11-04
341,2016-05-16 11:12:00,2016-05-16,0.1027,23616.0,23.0,9490.0,0.1026,0.1027,0.1026,10000460,2016-06-22,2016-06-22,P,2.15,2015-11-04
342,2016-05-16 11:13:00,2016-05-16,0.1032,23696.0,23.0,9490.0,0.1027,0.1032,0.1027,10000460,2016-06-22,2016-06-22,P,2.15,2015-11-04
343,2016-05-16 11:14:00,2016-05-16,0.1032,12364.0,12.0,9498.0,0.1032,0.1027,0.1027,10000460,2016-06-22,2016-06-22,P,2.15,2015-11-04
344,2016-05-16 11:15:00,2016-05-16,0.1029,9261.0,9.0,9503.0,0.1027,0.1029,0.1027,10000460,2016-06-22,2016-06-22,P,2.15,2015-11-04
345,2016-05-16 11:16:00,2016-05-16,0.1029,16416.0,16.0,9509.0,0.1029,0.1026,0.1026,10000460,2016-06-22,2016-06-22,P,2.15,2015-11-04
346,2016-05-16 11:17:00,2016-05-16,0.1026,0.0,0.0,9509.0,0.1026,0.1026,0.1026,10000460,2016-06-22,2016-06-22,P,2.15,2015-11-04
347,2016-05-16 11:18:00,2016-05-16,0.1026,15365.0,15.0,9524.0,0.1026,0.1026,0.1021,10000460,2016-06-22,2016-06-22,P,2.15,2015-11-04
348,2016-05-16 11:19:00,2016-05-16,0.1026,1026.0,1.0,9524.0,0.1026,0.1026,0.1026,10000460,2016-06-22,2016-06-22,P,2.15,2015-11-04
349,2016-05-16 11:20:00,2016-05-16,0.1026,10210.0,10.0,9534.0,0.1026,0.1021,0.1021,10000460,2016-06-22,2016-06-22,P,2.15,2015-11-04
350,2016-05-16 11:21:00,2016-05-16,0.103,20450.0,20.0,9534.0,0.1021,0.103,0.1015,10000460,2016-06-22,2016-06-22,P,2.15,2015-11-04
351,2016-05-16 11:22:00,2016-05-16,0.1032,15460.0,15.0,9549.0,0.103,0.1032,0.1028,10000460,2016-06-22,2016-06-22,P,2.15,2015-11-04
352,2016-05-16 11:23:00,2016-05-16,0.1032,0.0,0.0,9549.0,0.1032,0.1032,0.1032,10000460,2016-06-22,2016-06-22,P,2.15,2015-11-04
353,2016-05-16 11:24:00,2016-05-16,0.1032,0.0,0.0,9549.0,0.1032,0.1032,0.1032,10000460,2016-06-22,2016-06-22,P,2.15,2015-11-04
354,2016-05-16 11:25:00,2016-05-16,0.1032,0.0,0.0,9549.0,0.1032,0.1032,0.1032,10000460,2016-06-22,2016-06-22,P,2.15,2015-11-04
355,2016-05-16 11:26:00,2016-05-16,0.1032,0.0,0.0,9549.0,0.1032,0.1032,0.1032,10000460,2016-06-22,2016-06-22,P,2.15,2015-11-04
356,2016-05-16 11:27:00,2016-05-16,0.1032,8233.0,8.0,9549.0,0.1032,0.1031,0.1026,10000460,2016-06-22,2016-06-22,P,2.15,2015-11-04
357,2016-05-16 11:28:00,2016-05-16,0.1033,8254.0,8.0,9551.0,0.1031,0.1033,0.1031,10000460,2016-06-22,2016-06-22,P,2.15,2015-11-04
358,2016-05-16 11:29:00,2016-05-16,0.1036,2072.0,2.0,9551.0,0.1033,0.1036,0.1033,10000460,2016-06-22,2016-06-22,P,2.15,2015-11-04
359,2016-05-16 11:30:00,2016-05-16,0.1036,0.0,0.0,9551.0,0.1036,0.1036,0.1036,10000460,2016-06-22,2016-06-22,P,2.15,2015-11-04
360,2016-05-16 13:01:00,2016-05-16,0.1036,6213.0,6.0,9552.0,0.1036,0.1033,0.1033,10000460,2016-06-22,2016-06-22,P,2.15,2015-11-04
361,2016-05-16 13:02:00,2016-05-16,0.1048,15702.0,15.0,9541.0,0.1033,0.1048,0.1033,10000460,2016-06-22,2016-06-22,P,2.15,2015-11-04
362,2016-05-16 13:03:00,2016-05-16,0.1048,2096.0,2.0,9540.0,0.1048,0.1048,0.1048,10000460,2016-06-22,2016-06-22,P,2.15,2015-11-04
363,2016-05-16 13:04:00,2016-05-16,0.1048,0.0,0.0,9540.0,0.1048,0.1048,0.1048,10000460,2016-06-22,2016-06-22,P,2.15,2015-11-04
364,2016-05-16 13:05:00,2016-05-16,0.1048,0.0,0.0,9540.0,0.1048,0.1048,0.1048,10000460,2016-06-22,2016-06-22,P,2.15,2015-11-04
365,2016-05-16 13:06:00,2016-05-16,0.1048,1040.0,1.0,9540.0,0.1048,0.104,0.104,10000460,2016-06-22,2016-06-22,P,2.15,2015-11-04
366,2016-05-16 13:07:00,2016-05-16,0.104,0.0,0.0,9540.0,0.104,0.104,0.104,10000460,2016-06-22,2016-06-22,P,2.15,2015-11-04
367,2016-05-16 13:08:00,2016-05-16,0.104,0.0,0.0,9540.0,0.104,0.104,0.104,10000460,2016-06-22,2016-06-22,P,2.15,2015-11-04
368,2016-05-16 13:09:00,2016-05-16,0.1042,6252.0,6.0,9546.0,0.1042,0.1042,0.1042,10000460,2016-06-22,2016-06-22,P,2.15,2015-11-04
369,2016-05-16 13:10:00,2016-05-16,0.1044,20880.0,20.0,9546.0,0.1042,0.1044,0.1042,10000460,2016-06-22,2016-06-22,P,2.15,2015-11-04
370,2016-05-16 13:11:00,2016-05-16,0.1045,5225.0,5.0,9546.0,0.1044,0.1045,0.1044,10000460,2016-06-22,2016-06-22,P,2.15,2015-11-04
371,2016-05-16 13:12:00,2016-05-16,0.1045,5225.0,5.0,9551.0,0.1045,0.1045,0.1045,10000460,2016-06-22,2016-06-22,P,2.15,2015-11-04
372,2016-05-16 13:13:00,2016-05-16,0.1045,15675.0,15.0,9563.0,0.1045,0.1045,0.1045,10000460,2016-06-22,2016-06-22,P,2.15,2015-11-04
373,2016-05-16 13:14:00,2016-05-16,0.105,20950.0,20.0,9573.0,0.1045,0.1045,0.1045,10000460,2016-06-22,2016-06-22,P,2.15,2015-11-04
374,2016-05-16 13:15:00,2016-05-16,0.1045,15635.0,15.0,9579.0,0.1045,0.1041,0.1041,10000460,2016-06-22,2016-06-22,P,2.15,2015-11-04
375,2016-05-16 13:16:00,2016-05-16,0.1045,7315.0,7.0,9574.0,0.1041,0.1045,0.1041,10000460,2016-06-22,2016-06-22,P,2.15,2015-11-04
376,2016-05-16 13:17:00,2016-05-16,0.1045,3129.0,3.0,9574.0,0.1045,0.1045,0.1039,10000460,2016-06-22,2016-06-22,P,2.15,2015-11-04
377,2016-05-16 13:18:00,2016-05-16,0.1045,0.0,0.0,9574.0,0.1045,0.1045,0.1045,10000460,2016-06-22,2016-06-22,P,2.15,2015-11-04
378,2016-05-16 13:19:00,2016-05-16,0.1045,21945.0,21.0,9556.0,0.1045,0.1045,0.1045,10000460,2016-06-22,2016-06-22,P,2.15,2015-11-04
379,2016-05-16 13:20:00,2016-05-16,0.1052,11552.0,11.0,9556.0,0.1045,0.1052,0.1045,10000460,2016-06-22,2016-06-22,P,2.15,2015-11-04
380,2016-05-16 13:21:00,2016-05-16,0.1058,5266.0,5.0,9557.0,0.1052,0.1058,0.1052,10000460,2016-06-22,2016-06-22,P,2.15,2015-11-04
381,2016-05-16 13:22:00,2016-05-16,0.1058,0.0,0.0,9557.0,0.1058,0.1058,0.1058,10000460,2016-06-22,2016-06-22,P,2.15,2015-11-04
382,2016-05-16 13:23:00,2016-05-16,0.1058,10580.0,10.0,9552.0,0.1058,0.1058,0.1058,10000460,2016-06-22,2016-06-22,P,2.15,2015-11-04
383,2016-05-16 13:24:00,2016-05-16,0.1058,5290.0,5.0,9552.0,0.1058,0.1058,0.1058,10000460,2016-06-22,2016-06-22,P,2.15,2015-11-04
384,2016-05-16 13:25:00,2016-05-16,0.1058,0.0,0.0,9552.0,0.1058,0.1058,0.1058,10000460,2016-06-22,2016-06-22,P,2.15,2015-11-04
385,2016-05-16 13:26:00,2016-05-16,0.1066,12732.0,12.0,9548.0,0.1058,0.1066,0.1058,10000460,2016-06-22,2016-06-22,P,2.15,2015-11-04
386,2016-05-16 13:27:00,2016-05-16,0.1066,5325.0,5.0,9548.0,0.1066,0.1065,0.1065,10000460,2016-06-22,2016-06-22,P,2.15,2015-11-04
387,2016-05-16 13:28:00,2016-05-16,0.1066,22297.0,21.0,9557.0,0.1065,0.1059,0.1059,10000460,2016-06-22,2016-06-22,P,2.15,2015-11-04
388,2016-05-16 13:29:00,2016-05-16,0.1068,21270.0,20.0,9567.0,0.1059,0.1068,0.1059,10000460,2016-06-22,2016-06-22,P,2.15,2015-11-04
389,2016-05-16 13:30:00,2016-05-16,0.1071,6424.0,6.0,9567.0,0.1068,0.1071,0.1068,10000460,2016-06-22,2016-06-22,P,2.15,2015-11-04
390,2016-05-16 13:31:00,2016-05-16,0.1066,1066.0,1.0,9567.0,0.1066,0.1066,0.1066,10000460,2016-06-22,2016-06-22,P,2.15,2015-11-04
391,2016-05-16 13:32:00,2016-05-16,0.1066,0.0,0.0,9567.0,0.1066,0.1066,0.1066,10000460,2016-06-22,2016-06-22,P,2.15,2015-11-04
392,2016-05-16 13:33:00,2016-05-16,0.1066,0.0,0.0,9567.0,0.1066,0.1066,0.1066,10000460,2016-06-22,2016-06-22,P,2.15,2015-11-04
393,2016-05-16 13:34:00,2016-05-16,0.1066,0.0,0.0,9567.0,0.1066,0.1066,0.1066,10000460,2016-06-22,2016-06-22,P,2.15,2015-11-04
394,2016-05-16 13:35:00,2016-05-16,0.1066,0.0,0.0,9567.0,0.1066,0.1066,0.1066,10000460,2016-06-22,2016-06-22,P,2.15,2015-11-04
395,2016-05-16 13:36:00,2016-05-16,0.1066,0.0,0.0,9567.0,0.1066,0.1066,0.1066,10000460,2016-06-22,2016-06-22,P,2.15,2015-11-04
396,2016-05-16 13:37:00,2016-05-16,0.1066,0.0,0.0,9567.0,0.1066,0.1066,0.1066,10000460,2016-06-22,2016-06-22,P,2.15,2015-11-04
397,2016-05-16 13:38:00,2016-05-16,0.1066,0.0,0.0,9567.0,0.1066,0.1066,0.1066,10000460,2016-06-22,2016-06-22,P,2.15,2015-11-04
398,2016-05-16 13:39:00,2016-05-16,0.1066,0.0,0.0,9567.0,0.1066,0.1066,0.1066,10000460,2016-06-22,2016-06-22,P,2.15,2015-11-04
399,2016-05-16 13:40:00,2016-05-16,0.1066,0.0,0.0,9567.0,0.1066,0.1066,0.1066,10000460,2016-06-22,2016-06-22,P,2.15,2015-11-04
400,2016-05-16 13:41:00,2016-05-16,0.1066,2110.0,2.0,9568.0,0.1066,0.1055,0.1055,10000460,2016-06-22,2016-06-22,P,2.15,2015-11-04
401,2016-05-16 13:42:00,2016-05-16,0.1055,0.0,0.0,9568.0,0.1055,0.1055,0.1055,10000460,2016-06-22,2016-06-22,P,2.15,2015-11-04
402,2016-05-16 13:43:00,2016-05-16,0.1055,0.0,0.0,9568.0,0.1055,0.1055,0.1055,10000460,2016-06-22,2016-06-22,P,2.15,2015-11-04
403,2016-05-16 13:44:00,2016-05-16,0.1055,0.0,0.0,9568.0,0.1055,0.1055,0.1055,10000460,2016-06-22,2016-06-22,P,2.15,2015-11-04
404,2016-05-16 13:45:00,2016-05-16,0.1055,0.0,0.0,9568.0,0.1055,0.1055,0.1055,10000460,2016-06-22,2016-06-22,P,2.15,2015-11-04
405,2016-05-16 13:46:00,2016-05-16,0.1055,0.0,0.0,9568.0,0.1055,0.1055,0.1055,10000460,2016-06-22,2016-06-22,P,2.15,2015-11-04
406,2016-05-16 13:47:00,2016-05-16,0.1055,0.0,0.0,9568.0,0.1055,0.1055,0.1055,10000460,2016-06-22,2016-06-22,P,2.15,2015-11-04
407,2016-05-16 13:48:00,2016-05-16,0.1055,0.0,0.0,9568.0,0.1055,0.1055,0.1055,10000460,2016-06-22,2016-06-22,P,2.15,2015-11-04
408,2016-05-16 13:49:00,2016-05-16,0.1055,0.0,0.0,9568.0,0.1055,0.1055,0.1055,10000460,2016-06-22,2016-06-22,P,2.15,2015-11-04
409,2016-05-16 13:50:00,2016-05-16,0.106,21150.0,20.0,9548.0,0.1055,0.106,0.1055,10000460,2016-06-22,2016-06-22,P,2.15,2015-11-04
410,2016-05-16 13:51:00,2016-05-16,0.106,0.0,0.0,9548.0,0.106,0.106,0.106,10000460,2016-06-22,2016-06-22,P,2.15,2015-11-04
411,2016-05-16 13:52:00,2016-05-16,0.106,0.0,0.0,9548.0,0.106,0.106,0.106,10000460,2016-06-22,2016-06-22,P,2.15,2015-11-04
412,2016-05-16 13:53:00,2016-05-16,0.106,0.0,0.0,9548.0,0.106,0.106,0.106,10000460,2016-06-22,2016-06-22,P,2.15,2015-11-04
413,2016-05-16 13:54:00,2016-05-16,0.106,0.0,0.0,9548.0,0.106,0.106,0.106,10000460,2016-06-22,2016-06-22,P,2.15,2015-11-04
414,2016-05-16 13:55:00,2016-05-16,0.106,3114.0,3.0,9551.0,0.106,0.1038,0.1038,10000460,2016-06-22,2016-06-22,P,2.15,2015-11-04
415,2016-05-16 13:56:00,2016-05-16,0.1038,1032.0,1.0,9552.0,0.1038,0.1032,0.1032,10000460,2016-06-22,2016-06-22,P,2.15,2015-11-04
416,2016-05-16 13:57:00,2016-05-16,0.1036,5165.0,5.0,9549.0,0.1032,0.1036,0.1029,10000460,2016-06-22,2016-06-22,P,2.15,2015-11-04
417,2016-05-16 13:58:00,2016-05-16,0.1029,1029.0,1.0,9550.0,0.1029,0.1029,0.1029,10000460,2016-06-22,2016-06-22,P,2.15,2015-11-04
418,2016-05-16 13:59:00,2016-05-16,0.1029,0.0,0.0,9550.0,0.1029,0.1029,0.1029,10000460,2016-06-22,2016-06-22,P,2.15,2015-11-04
419,2016-05-16 14:00:00,2016-05-16,0.1029,0.0,0.0,9550.0,0.1029,0.1029,0.1029,10000460,2016-06-22,2016-06-22,P,2.15,2015-11-04
420,2016-05-16 14:01:00,2016-05-16,0.1039,17579.0,17.0,9545.0,0.1029,0.1039,0.1029,10000460,2016-06-22,2016-06-22,P,2.15,2015-11-04
421,2016-05-16 14:02:00,2016-05-16,0.1039,0.0,0.0,9545.0,0.1039,0.1039,0.1039,10000460,2016-06-22,2016-06-22,P,2.15,2015-11-04
422,2016-05-16 14:03:00,2016-05-16,0.1039,0.0,0.0,9545.0,0.1039,0.1039,0.1039,10000460,2016-06-22,2016-06-22,P,2.15,2015-11-04
423,2016-05-16 14:04:00,2016-05-16,0.1039,0.0,0.0,9545.0,0.1039,0.1039,0.1039,10000460,2016-06-22,2016-06-22,P,2.15,2015-11-04
424,2016-05-16 14:05:00,2016-05-16,0.1043,10430.0,10.0,9555.0,0.1039,0.1043,0.1039,10000460,2016-06-22,2016-06-22,P,2.15,2015-11-04
425,2016-05-16 14:06:00,2016-05-16,0.1043,0.0,0.0,9555.0,0.1043,0.1043,0.1043,10000460,2016-06-22,2016-06-22,P,2.15,2015-11-04
426,2016-05-16 14:07:00,2016-05-16,0.1043,0.0,0.0,9555.0,0.1043,0.1043,0.1043,10000460,2016-06-22,2016-06-22,P,2.15,2015-11-04
427,2016-05-16 14:08:00,2016-05-16,0.1043,10410.0,10.0,9565.0,0.1043,0.1041,0.1041,10000460,2016-06-22,2016-06-22,P,2.15,2015-11-04
428,2016-05-16 14:09:00,2016-05-16,0.1041,0.0,0.0,9565.0,0.1041,0.1041,0.1041,10000460,2016-06-22,2016-06-22,P,2.15,2015-11-04
429,2016-05-16 14:10:00,2016-05-16,0.1041,0.0,0.0,9565.0,0.1041,0.1041,0.1041,10000460,2016-06-22,2016-06-22,P,2.15,2015-11-04
430,2016-05-16 14:11:00,2016-05-16,0.1041,0.0,0.0,9565.0,0.1041,0.1041,0.1041,10000460,2016-06-22,2016-06-22,P,2.15,2015-11-04
431,2016-05-16 14:12:00,2016-05-16,0.1043,1043.0,1.0,9565.0,0.1041,0.1043,0.1041,10000460,2016-06-22,2016-06-22,P,2.15,2015-11-04
432,2016-05-16 14:13:00,2016-05-16,0.1043,10370.0,10.0,9575.0,0.1043,0.1037,0.1037,10000460,2016-06-22,2016-06-22,P,2.15,2015-11-04
433,2016-05-16 14:14:00,2016-05-16,0.1037,0.0,0.0,9575.0,0.1037,0.1037,0.1037,10000460,2016-06-22,2016-06-22,P,2.15,2015-11-04
434,2016-05-16 14:15:00,2016-05-16,0.1059,24196.0,23.0,9591.0,0.1037,0.1059,0.1037,10000460,2016-06-22,2016-06-22,P,2.15,2015-11-04
435,2016-05-16 14:16:00,2016-05-16,0.1082,83611.0,78.0,9554.0,0.1059,0.1082,0.1059,10000460,2016-06-22,2016-06-22,P,2.15,2015-11-04
436,2016-05-16 14:17:00,2016-05-16,0.1084,10716.0,10.0,9546.0,0.1082,0.1068,0.1068,10000460,2016-06-22,2016-06-22,P,2.15,2015-11-04
437,2016-05-16 14:18:00,2016-05-16,0.1068,0.0,0.0,9546.0,0.1068,0.1068,0.1068,10000460,2016-06-22,2016-06-22,P,2.15,2015-11-04
438,2016-05-16 14:19:00,2016-05-16,0.1068,0.0,0.0,9546.0,0.1068,0.1068,0.1068,10000460,2016-06-22,2016-06-22,P,2.15,2015-11-04
439,2016-05-16 14:20:00,2016-05-16,0.1068,0.0,0.0,9546.0,0.1068,0.1068,0.1068,10000460,2016-06-22,2016-06-22,P,2.15,2015-11-04
440,2016-05-16 14:21:00,2016-05-16,0.1078,23688.0,22.0,9546.0,0.1068,0.1078,0.1068,10000460,2016-06-22,2016-06-22,P,2.15,2015-11-04
441,2016-05-16 14:22:00,2016-05-16,0.1078,10760.0,10.0,9546.0,0.1078,0.1076,0.1076,10000460,2016-06-22,2016-06-22,P,2.15,2015-11-04
442,2016-05-16 14:23:00,2016-05-16,0.1076,0.0,0.0,9546.0,0.1076,0.1076,0.1076,10000460,2016-06-22,2016-06-22,P,2.15,2015-11-04
443,2016-05-16 14:24:00,2016-05-16,0.1076,2130.0,2.0,9548.0,0.1076,0.1065,0.1065,10000460,2016-06-22,2016-06-22,P,2.15,2015-11-04
444,2016-05-16 14:25:00,2016-05-16,0.1065,8520.0,8.0,9552.0,0.1065,0.1065,0.1065,10000460,2016-06-22,2016-06-22,P,2.15,2015-11-04
445,2016-05-16 14:26:00,2016-05-16,0.1065,0.0,0.0,9552.0,0.1065,0.1065,0.1065,10000460,2016-06-22,2016-06-22,P,2.15,2015-11-04
446,2016-05-16 14:27:00,2016-05-16,0.1065,0.0,0.0,9552.0,0.1065,0.1065,0.1065,10000460,2016-06-22,2016-06-22,P,2.15,2015-11-04
447,2016-05-16 14:28:00,2016-05-16,0.1066,1066.0,1.0,9552.0,0.1065,0.1066,0.1065,10000460,2016-06-22,2016-06-22,P,2.15,2015-11-04
448,2016-05-16 14:29:00,2016-05-16,0.1067,10670.0,10.0,9562.0,0.1066,0.1067,0.1066,10000460,2016-06-22,2016-06-22,P,2.15,2015-11-04
449,2016-05-16 14:30:00,2016-05-16,0.1067,10550.0,10.0,9572.0,0.1067,0.1055,0.1055,10000460,2016-06-22,2016-06-22,P,2.15,2015-11-04
450,2016-05-16 14:31:00,2016-05-16,0.1055,10490.0,10.0,9582.0,0.1055,0.1049,0.1049,10000460,2016-06-22,2016-06-22,P,2.15,2015-11-04
451,2016-05-16 14:32:00,2016-05-16,0.1049,15660.0,15.0,9597.0,0.1049,0.1044,0.1044,10000460,2016-06-22,2016-06-22,P,2.15,2015-11-04
452,2016-05-16 14:33:00,2016-05-16,0.1046,10460.0,10.0,9606.0,0.1044,0.1046,0.1044,10000460,2016-06-22,2016-06-22,P,2.15,2015-11-04
453,2016-05-16 14:34:00,2016-05-16,0.1046,1046.0,1.0,9606.0,0.1046,0.1046,0.1046,10000460,2016-06-22,2016-06-22,P,2.15,2015-11-04
454,2016-05-16 14:35:00,2016-05-16,0.1046,6270.0,6.0,9604.0,0.1046,0.1045,0.1045,10000460,2016-06-22,2016-06-22,P,2.15,2015-11-04
455,2016-05-16 14:36:00,2016-05-16,0.1045,5220.0,5.0,9606.0,0.1045,0.1044,0.1044,10000460,2016-06-22,2016-06-22,P,2.15,2015-11-04
456,2016-05-16 14:37:00,2016-05-16,0.1044,26861.0,26.0,9623.0,0.1044,0.1032,0.1032,10000460,2016-06-22,2016-06-22,P,2.15,2015-11-04
457,2016-05-16 14:38:00,2016-05-16,0.1032,38815.0,38.0,9613.0,0.1032,0.1029,0.1018,10000460,2016-06-22,2016-06-22,P,2.15,2015-11-04
458,2016-05-16 14:39:00,2016-05-16,0.1034,6187.0,6.0,9611.0,0.1029,0.1027,0.1027,10000460,2016-06-22,2016-06-22,P,2.15,2015-11-04
459,2016-05-16 14:40:00,2016-05-16,0.1034,5163.0,5.0,9612.0,0.1027,0.1034,0.1027,10000460,2016-06-22,2016-06-22,P,2.15,2015-11-04
460,2016-05-16 14:41:00,2016-05-16,0.1034,12358.0,12.0,9622.0,0.1034,0.1029,0.1029,10000460,2016-06-22,2016-06-22,P,2.15,2015-11-04
461,2016-05-16 14:42:00,2016-05-16,0.1029,0.0,0.0,9622.0,0.1029,0.1029,0.1029,10000460,2016-06-22,2016-06-22,P,2.15,2015-11-04
462,2016-05-16 14:43:00,2016-05-16,0.1034,10340.0,10.0,9622.0,0.1029,0.1034,0.1029,10000460,2016-06-22,2016-06-22,P,2.15,2015-11-04
463,2016-05-16 14:44:00,2016-05-16,0.1036,1036.0,1.0,9621.0,0.1034,0.1036,0.1034,10000460,2016-06-22,2016-06-22,P,2.15,2015-11-04
464,2016-05-16 14:45:00,2016-05-16,0.1036,4112.0,4.0,9625.0,0.1036,0.1028,0.1028,10000460,2016-06-22,2016-06-22,P,2.15,2015-11-04
465,2016-05-16 14:46:00,2016-05-16,0.1028,0.0,0.0,9625.0,0.1028,0.1028,0.1028,10000460,2016-06-22,2016-06-22,P,2.15,2015-11-04
466,2016-05-16 14:47:00,2016-05-16,0.1028,6168.0,6.0,9625.0,0.1028,0.1028,0.1028,10000460,2016-06-22,2016-06-22,P,2.15,2015-11-04
467,2016-05-16 14:48:00,2016-05-16,0.1028,4112.0,4.0,9625.0,0.1028,0.1028,0.1028,10000460,2016-06-22,2016-06-22,P,2.15,2015-11-04
468,2016-05-16 14:49:00,2016-05-16,0.1033,10330.0,10.0,9635.0,0.1028,0.1033,0.1028,10000460,2016-06-22,2016-06-22,P,2.15,2015-11-04
469,2016-05-16 14:50:00,2016-05-16,0.1033,12324.0,12.0,9647.0,0.1033,0.1022,0.1022,10000460,2016-06-22,2016-06-22,P,2.15,2015-11-04
470,2016-05-16 14:51:00,2016-05-16,0.1022,0.0,0.0,9647.0,0.1022,0.1022,0.1022,10000460,2016-06-22,2016-06-22,P,2.15,2015-11-04
471,2016-05-16 14:52:00,2016-05-16,0.1024,10240.0,10.0,9647.0,0.1022,0.1024,0.1022,10000460,2016-06-22,2016-06-22,P,2.15,2015-11-04
472,2016-05-16 14:53:00,2016-05-16,0.1024,0.0,0.0,9647.0,0.1024,0.1024,0.1024,10000460,2016-06-22,2016-06-22,P,2.15,2015-11-04
473,2016-05-16 14:54:00,2016-05-16,0.104,5200.0,5.0,9647.0,0.1024,0.104,0.1024,10000460,2016-06-22,2016-06-22,P,2.15,2015-11-04
474,2016-05-16 14:55:00,2016-05-16,0.104,0.0,0.0,9647.0,0.104,0.104,0.104,10000460,2016-06-22,2016-06-22,P,2.15,2015-11-04
475,2016-05-16 14:56:00,2016-05-16,0.104,9236.0,9.0,9655.0,0.104,0.1025,0.1025,10000460,2016-06-22,2016-06-22,P,2.15,2015-11-04
476,2016-05-16 14:57:00,2016-05-16,0.1025,0.0,0.0,9655.0,0.1025,0.1025,0.1025,10000460,2016-06-22,2016-06-22,P,2.15,2015-11-04
477,2016-05-16 14:58:00,2016-05-16,0.1025,0.0,0.0,9655.0,0.1025,0.1025,0.1025,10000460,2016-06-22,2016-06-22,P,2.15,2015-11-04
478,2016-05-16 14:59:00,2016-05-16,0.1025,0.0,0.0,9655.0,0.1025,0.1025,0.1025,10000460,2016-06-22,2016-06-22,P,2.15,2015-11-04
479,2016-05-16 15:00:00,2016-05-16,0.1025,0.0,0.0,9655.0,0.1025,0.1025,0.1025,10000460,2016-06-22,2016-06-22,P,2.15,2015-11-04
480,2016-05-16 09:31:00,2016-05-16,0.393,0.0,0.0,2943.0,0.393,0.393,0.393,10000465,2016-06-22,2016-06-22,P,2.45,2015-11-05
481,2016-05-16 09:32:00,2016-05-16,0.3953,79060.0,20.0,2943.0,0.393,0.3953,0.393,10000465,2016-06-22,2016-06-22,P,2.45,2015-11-05
482,2016-05-16 09:33:00,2016-05-16,0.3953,0.0,0.0,2943.0,0.3953,0.3953,0.3953,10000465,2016-06-22,2016-06-22,P,2.45,2015-11-05
483,2016-05-16 09:34:00,2016-05-16,0.3953,0.0,0.0,2943.0,0.3953,0.3953,0.3953,10000465,2016-06-22,2016-06-22,P,2.45,2015-11-05
484,2016-05-16 09:35:00,2016-05-16,0.3953,0.0,0.0,2943.0,0.3953,0.3953,0.3953,10000465,2016-06-22,2016-06-22,P,2.45,2015-11-05
485,2016-05-16 09:36:00,2016-05-16,0.3953,58932.0,15.0,2958.0,0.3953,0.3928,0.3928,10000465,2016-06-22,2016-06-22,P,2.45,2015-11-05
486,2016-05-16 09:37:00,2016-05-16,0.3928,0.0,0.0,2958.0,0.3928,0.3928,0.3928,10000465,2016-06-22,2016-06-22,P,2.45,2015-11-05
487,2016-05-16 09:38:00,2016-05-16,0.3928,0.0,0.0,2958.0,0.3928,0.3928,0.3928,10000465,2016-06-22,2016-06-22,P,2.45,2015-11-05
488,2016-05-16 09:39:00,2016-05-16,0.3928,0.0,0.0,2958.0,0.3928,0.3928,0.3928,10000465,2016-06-22,2016-06-22,P,2.45,2015-11-05
489,2016-05-16 09:40:00,2016-05-16,0.3928,0.0,0.0,2958.0,0.3928,0.3928,0.3928,10000465,2016-06-22,2016-06-22,P,2.45,2015-11-05
490,2016-05-16 09:41:00,2016-05-16,0.3928,0.0,0.0,2958.0,0.3928,0.3928,0.3928,10000465,2016-06-22,2016-06-22,P,2.45,2015-11-05
491,2016-05-16 09:42:00,2016-05-16,0.3928,0.0,0.0,2958.0,0.3928,0.3928,0.3928,10000465,2016-06-22,2016-06-22,P,2.45,2015-11-05
492,2016-05-16 09:43:00,2016-05-16,0.3928,0.0,0.0,2958.0,0.3928,0.3928,0.3928,10000465,2016-06-22,2016-06-22,P,2.45,2015-11-05
493,2016-05-16 09:44:00,2016-05-16,0.3928,0.0,0.0,2958.0,0.3928,0.3928,0.3928,10000465,2016-06-22,2016-06-22,P,2.45,2015-11-05
494,2016-05-16 09:45:00,2016-05-16,0.3928,0.0,0.0,2958.0,0.3928,0.3928,0.3928,10000465,2016-06-22,2016-06-22,P,2.45,2015-11-05
495,2016-05-16 09:46:00,2016-05-16,0.3928,0.0,0.0,2958.0,0.3928,0.3928,0.3928,10000465,2016-06-22,2016-06-22,P,2.45,2015-11-05
496,2016-05-16 09:47:00,2016-05-16,0.3928,0.0,0.0,2958.0,0.3928,0.3928,0.3928,10000465,2016-06-22,2016-06-22,P,2.45,2015-11-05
497,2016-05-16 09:48:00,2016-05-16,0.3928,0.0,0.0,2958.0,0.3928,0.3928,0.3928,10000465,2016-06-22,2016-06-22,P,2.45,2015-11-05
498,2016-05-16 09:49:00,2016-05-16,0.3928,0.0,0.0,2958.0,0.3928,0.3928,0.3928,10000465,2016-06-22,2016-06-22,P,2.45,2015-11-05
499,2016-05-16 09:50:00,2016-05-16,0.3928,0.0,0.0,2958.0,0.3928,0.3928,0.3928,10000465,2016-06-22,2016-06-22,P,2.45,2015-11-05
500,2016-05-16 09:51:00,2016-05-16,0.3928,0.0,0.0,2958.0,0.3928,0.3928,0.3928,10000465,2016-06-22,2016-06-22,P,2.45,2015-11-05
501,2016-05-16 09:52:00,2016-05-16,0.3928,0.0,0.0,2958.0,0.3928,0.3928,0.3928,10000465,2016-06-22,2016-06-22,P,2.45,2015-11-05
502,2016-05-16 09:53:00,2016-05-16,0.4046,152571.0,38.0,2945.0,0.3928,0.4046,0.3928,10000465,2016-06-22,2016-06-22,P,2.45,2015-11-05
503,2016-05-16 09:54:00,2016-05-16,0.4055,44402.0,11.0,2956.0,0.4046,0.4026,0.4026,10000465,2016-06-22,2016-06-22,P,2.45,2015-11-05
504,2016-05-16 09:55:00,2016-05-16,0.4038,4038.0,1.0,2956.0,0.4026,0.4038,0.4026,10000465,2016-06-22,2016-06-22,P,2.45,2015-11-05
505,2016-05-16 09:56:00,2016-05-16,0.4038,0.0,0.0,2956.0,0.4038,0.4038,0.4038,10000465,2016-06-22,2016-06-22,P,2.45,2015-11-05
506,2016-05-16 09:57:00,2016-05-16,0.4038,0.0,0.0,2956.0,0.4038,0.4038,0.4038,10000465,2016-06-22,2016-06-22,P,2.45,2015-11-05
507,2016-05-16 09:58:00,2016-05-16,0.4038,0.0,0.0,2956.0,0.4038,0.4038,0.4038,10000465,2016-06-22,2016-06-22,P,2.45,2015-11-05
508,2016-05-16 09:59:00,2016-05-16,0.4038,0.0,0.0,2956.0,0.4038,0.4038,0.4038,10000465,2016-06-22,2016-06-22,P,2.45,2015-11-05
509,2016-05-16 10:00:00,2016-05-16,0.4038,0.0,0.0,2956.0,0.4038,0.4038,0.4038,10000465,2016-06-22,2016-06-22,P,2.45,2015-11-05
510,2016-05-16 10:01:00,2016-05-16,0.4038,0.0,0.0,2956.0,0.4038,0.4038,0.4038,10000465,2016-06-22,2016-06-22,P,2.45,2015-11-05
511,2016-05-16 10:02:00,2016-05-16,0.4038,0.0,0.0,2956.0,0.4038,0.4038,0.4038,10000465,2016-06-22,2016-06-22,P,2.45,2015-11-05
512,2016-05-16 10:03:00,2016-05-16,0.4038,0.0,0.0,2956.0,0.4038,0.4038,0.4038,10000465,2016-06-22,2016-06-22,P,2.45,2015-11-05
513,2016-05-16 10:04:00,2016-05-16,0.4038,0.0,0.0,2956.0,0.4038,0.4038,0.4038,10000465,2016-06-22,2016-06-22,P,2.45,2015-11-05
514,2016-05-16 10:05:00,2016-05-16,0.4038,0.0,0.0,2956.0,0.4038,0.4038,0.4038,10000465,2016-06-22,2016-06-22,P,2.45,2015-11-05
515,2016-05-16 10:06:00,2016-05-16,0.4038,0.0,0.0,2956.0,0.4038,0.4038,0.4038,10000465,2016-06-22,2016-06-22,P,2.45,2015-11-05
516,2016-05-16 10:07:00,2016-05-16,0.4038,0.0,0.0,2956.0,0.4038,0.4038,0.4038,10000465,2016-06-22,2016-06-22,P,2.45,2015-11-05
517,2016-05-16 10:08:00,2016-05-16,0.4038,0.0,0.0,2956.0,0.4038,0.4038,0.4038,10000465,2016-06-22,2016-06-22,P,2.45,2015-11-05
518,2016-05-16 10:09:00,2016-05-16,0.4038,0.0,0.0,2956.0,0.4038,0.4038,0.4038,10000465,2016-06-22,2016-06-22,P,2.45,2015-11-05
519,2016-05-16 10:10:00,2016-05-16,0.4038,0.0,0.0,2956.0,0.4038,0.4038,0.4038,10000465,2016-06-22,2016-06-22,P,2.45,2015-11-05
520,2016-05-16 10:11:00,2016-05-16,0.4038,0.0,0.0,2956.0,0.4038,0.4038,0.4038,10000465,2016-06-22,2016-06-22,P,2.45,2015-11-05
521,2016-05-16 10:12:00,2016-05-16,0.4038,0.0,0.0,2956.0,0.4038,0.4038,0.4038,10000465,2016-06-22,2016-06-22,P,2.45,2015-11-05
522,2016-05-16 10:13:00,2016-05-16,0.4038,0.0,0.0,2956.0,0.4038,0.4038,0.4038,10000465,2016-06-22,2016-06-22,P,2.45,2015-11-05
523,2016-05-16 10:14:00,2016-05-16,0.4038,0.0,0.0,2956.0,0.4038,0.4038,0.4038,10000465,2016-06-22,2016-06-22,P,2.45,2015-11-05
524,2016-05-16 10:15:00,2016-05-16,0.4038,0.0,0.0,2956.0,0.4038,0.4038,0.4038,10000465,2016-06-22,2016-06-22,P,2.45,2015-11-05
525,2016-05-16 10:16:00,2016-05-16,0.4038,0.0,0.0,2956.0,0.4038,0.4038,0.4038,10000465,2016-06-22,2016-06-22,P,2.45,2015-11-05
526,2016-05-16 10:17:00,2016-05-16,0.4038,0.0,0.0,2956.0,0.4038,0.4038,0.4038,10000465,2016-06-22,2016-06-22,P,2.45,2015-11-05
527,2016-05-16 10:18:00,2016-05-16,0.4038,0.0,0.0,2956.0,0.4038,0.4038,0.4038,10000465,2016-06-22,2016-06-22,P,2.45,2015-11-05
528,2016-05-16 10:19:00,2016-05-16,0.4038,0.0,0.0,2956.0,0.4038,0.4038,0.4038,10000465,2016-06-22,2016-06-22,P,2.45,2015-11-05
529,2016-05-16 10:20:00,2016-05-16,0.4038,0.0,0.0,2956.0,0.4038,0.4038,0.4038,10000465,2016-06-22,2016-06-22,P,2.45,2015-11-05
530,2016-05-16 10:21:00,2016-05-16,0.4038,0.0,0.0,2956.0,0.4038,0.4038,0.4038,10000465,2016-06-22,2016-06-22,P,2.45,2015-11-05
531,2016-05-16 10:22:00,2016-05-16,0.4038,0.0,0.0,2956.0,0.4038,0.4038,0.4038,10000465,2016-06-22,2016-06-22,P,2.45,2015-11-05
532,2016-05-16 10:23:00,2016-05-16,0.4038,0.0,0.0,2956.0,0.4038,0.4038,0.4038,10000465,2016-06-22,2016-06-22,P,2.45,2015-11-05
533,2016-05-16 10:24:00,2016-05-16,0.4038,0.0,0.0,2956.0,0.4038,0.4038,0.4038,10000465,2016-06-22,2016-06-22,P,2.45,2015-11-05
534,2016-05-16 10:25:00,2016-05-16,0.4038,0.0,0.0,2956.0,0.4038,0.4038,0.4038,10000465,2016-06-22,2016-06-22,P,2.45,2015-11-05
535,2016-05-16 10:26:00,2016-05-16,0.4038,0.0,0.0,2956.0,0.4038,0.4038,0.4038,10000465,2016-06-22,2016-06-22,P,2.45,2015-11-05
536,2016-05-16 10:27:00,2016-05-16,0.4038,3992.0,1.0,2956.0,0.4038,0.3992,0.3992,10000465,2016-06-22,2016-06-22,P,2.45,2015-11-05
537,2016-05-16 10:28:00,2016-05-16,0.3992,0.0,0.0,2956.0,0.3992,0.3992,0.3992,10000465,2016-06-22,2016-06-22,P,2.45,2015-11-05
538,2016-05-16 10:29:00,2016-05-16,0.3992,3978.0,1.0,2956.0,0.3992,0.3978,0.3978,10000465,2016-06-22,2016-06-22,P,2.45,2015-11-05
539,2016-05-16 10:30:00,2016-05-16,0.3978,0.0,0.0,2956.0,0.3978,0.3978,0.3978,10000465,2016-06-22,2016-06-22,P,2.45,2015-11-05
540,2016-05-16 10:31:00,2016-05-16,0.3978,0.0,0.0,2956.0,0.3978,0.3978,0.3978,10000465,2016-06-22,2016-06-22,P,2.45,2015-11-05
541,2016-05-16 10:32:00,2016-05-16,0.3978,0.0,0.0,2956.0,0.3978,0.3978,0.3978,10000465,2016-06-22,2016-06-22,P,2.45,2015-11-05
542,2016-05-16 10:33:00,2016-05-16,0.3978,0.0,0.0,2956.0,0.3978,0.3978,0.3978,10000465,2016-06-22,2016-06-22,P,2.45,2015-11-05
543,2016-05-16 10:34:00,2016-05-16,0.3978,0.0,0.0,2956.0,0.3978,0.3978,0.3978,10000465,2016-06-22,2016-06-22,P,2.45,2015-11-05
544,2016-05-16 10:35:00,2016-05-16,0.3978,0.0,0.0,2956.0,0.3978,0.3978,0.3978,10000465,2016-06-22,2016-06-22,P,2.45,2015-11-05
545,2016-05-16 10:36:00,2016-05-16,0.3978,0.0,0.0,2956.0,0.3978,0.3978,0.3978,10000465,2016-06-22,2016-06-22,P,2.45,2015-11-05
546,2016-05-16 10:37:00,2016-05-16,0.3978,0.0,0.0,2956.0,0.3978,0.3978,0.3978,10000465,2016-06-22,2016-06-22,P,2.45,2015-11-05
547,2016-05-16 10:38:00,2016-05-16,0.3978,0.0,0.0,2956.0,0.3978,0.3978,0.3978,10000465,2016-06-22,2016-06-22,P,2.45,2015-11-05
548,2016-05-16 10:39:00,2016-05-16,0.3978,0.0,0.0,2956.0,0.3978,0.3978,0.3978,10000465,2016-06-22,2016-06-22,P,2.45,2015-11-05
549,2016-05-16 10:40:00,2016-05-16,0.3978,0.0,0.0,2956.0,0.3978,0.3978,0.3978,10000465,2016-06-22,2016-06-22,P,2.45,2015-11-05
550,2016-05-16 10:41:00,2016-05-16,0.3978,0.0,0.0,2956.0,0.3978,0.3978,0.3978,10000465,2016-06-22,2016-06-22,P,2.45,2015-11-05
551,2016-05-16 10:42:00,2016-05-16,0.3978,0.0,0.0,2956.0,0.3978,0.3978,0.3978,10000465,2016-06-22,2016-06-22,P,2.45,2015-11-05
552,2016-05-16 10:43:00,2016-05-16,0.3978,0.0,0.0,2956.0,0.3978,0.3978,0.3978,10000465,2016-06-22,2016-06-22,P,2.45,2015-11-05
553,2016-05-16 10:44:00,2016-05-16,0.3978,0.0,0.0,2956.0,0.3978,0.3978,0.3978,10000465,2016-06-22,2016-06-22,P,2.45,2015-11-05
554,2016-05-16 10:45:00,2016-05-16,0.3978,0.0,0.0,2956.0,0.3978,0.3978,0.3978,10000465,2016-06-22,2016-06-22,P,2.45,2015-11-05
555,2016-05-16 10:46:00,2016-05-16,0.398,39800.0,10.0,2956.0,0.398,0.398,0.398,10000465,2016-06-22,2016-06-22,P,2.45,2015-11-05
556,2016-05-16 10:47:00,2016-05-16,0.398,0.0,0.0,2956.0,0.398,0.398,0.398,10000465,2016-06-22,2016-06-22,P,2.45,2015-11-05
557,2016-05-16 10:48:00,2016-05-16,0.398,0.0,0.0,2956.0,0.398,0.398,0.398,10000465,2016-06-22,2016-06-22,P,2.45,2015-11-05
558,2016-05-16 10:49:00,2016-05-16,0.398,0.0,0.0,2956.0,0.398,0.398,0.398,10000465,2016-06-22,2016-06-22,P,2.45,2015-11-05
559,2016-05-16 10:50:00,2016-05-16,0.398,7900.0,2.0,2956.0,0.398,0.395,0.395,10000465,2016-06-22,2016-06-22,P,2.45,2015-11-05
560,2016-05-16 10:51:00,2016-05-16,0.395,43248.0,11.0,2957.0,0.395,0.3928,0.3928,10000465,2016-06-22,2016-06-22,P,2.45,2015-11-05
561,2016-05-16 10:52:00,2016-05-16,0.3928,0.0,0.0,2957.0,0.3928,0.3928,0.3928,10000465,2016-06-22,2016-06-22,P,2.45,2015-11-05
562,2016-05-16 10:53:00,2016-05-16,0.3928,39230.0,10.0,2957.0,0.3928,0.3923,0.3923,10000465,2016-06-22,2016-06-22,P,2.45,2015-11-05
563,2016-05-16 10:54:00,2016-05-16,0.3923,0.0,0.0,2957.0,0.3923,0.3923,0.3923,10000465,2016-06-22,2016-06-22,P,2.45,2015-11-05
564,2016-05-16 10:55:00,2016-05-16,0.3923,0.0,0.0,2957.0,0.3923,0.3923,0.3923,10000465,2016-06-22,2016-06-22,P,2.45,2015-11-05
565,2016-05-16 10:56:00,2016-05-16,0.3923,42925.0,11.0,2957.0,0.3923,0.3895,0.3895,10000465,2016-06-22,2016-06-22,P,2.45,2015-11-05
566,2016-05-16 10:57:00,2016-05-16,0.3895,0.0,0.0,2957.0,0.3895,0.3895,0.3895,10000465,2016-06-22,2016-06-22,P,2.45,2015-11-05
567,2016-05-16 10:58:00,2016-05-16,0.3895,0.0,0.0,2957.0,0.3895,0.3895,0.3895,10000465,2016-06-22,2016-06-22,P,2.45,2015-11-05
568,2016-05-16 10:59:00,2016-05-16,0.3895,108544.0,28.0,2957.0,0.3895,0.3873,0.3873,10000465,2016-06-22,2016-06-22,P,2.45,2015-11-05
569,2016-05-16 11:00:00,2016-05-16,0.3873,3860.0,1.0,2957.0,0.3873,0.386,0.386,10000465,2016-06-22,2016-06-22,P,2.45,2015-11-05
570,2016-05-16 11:01:00,2016-05-16,0.386,0.0,0.0,2957.0,0.386,0.386,0.386,10000465,2016-06-22,2016-06-22,P,2.45,2015-11-05
571,2016-05-16 11:02:00,2016-05-16,0.386,0.0,0.0,2957.0,0.386,0.386,0.386,10000465,2016-06-22,2016-06-22,P,2.45,2015-11-05
572,2016-05-16 11:03:00,2016-05-16,0.3866,38660.0,10.0,2967.0,0.386,0.3866,0.386,10000465,2016-06-22,2016-06-22,P,2.45,2015-11-05
573,2016-05-16 11:04:00,2016-05-16,0.3866,0.0,0.0,2967.0,0.3866,0.3866,0.3866,10000465,2016-06-22,2016-06-22,P,2.45,2015-11-05
574,2016-05-16 11:05:00,2016-05-16,0.3866,0.0,0.0,2967.0,0.3866,0.3866,0.3866,10000465,2016-06-22,2016-06-22,P,2.45,2015-11-05
575,2016-05-16 11:06:00,2016-05-16,0.3866,0.0,0.0,2967.0,0.3866,0.3866,0.3866,10000465,2016-06-22,2016-06-22,P,2.45,2015-11-05
576,2016-05-16 11:07:00,2016-05-16,0.3866,0.0,0.0,2967.0,0.3866,0.3866,0.3866,10000465,2016-06-22,2016-06-22,P,2.45,2015-11-05
577,2016-05-16 11:08:00,2016-05-16,0.3866,0.0,0.0,2967.0,0.3866,0.3866,0.3866,10000465,2016-06-22,2016-06-22,P,2.45,2015-11-05
578,2016-05-16 11:09:00,2016-05-16,0.3866,0.0,0.0,2967.0,0.3866,0.3866,0.3866,10000465,2016-06-22,2016-06-22,P,2.45,2015-11-05
579,2016-05-16 11:10:00,2016-05-16,0.3866,0.0,0.0,2967.0,0.3866,0.3866,0.3866,10000465,2016-06-22,2016-06-22,P,2.45,2015-11-05
580,2016-05-16 11:11:00,2016-05-16,0.3866,0.0,0.0,2967.0,0.3866,0.3866,0.3866,10000465,2016-06-22,2016-06-22,P,2.45,2015-11-05
581,2016-05-16 11:12:00,2016-05-16,0.3866,0.0,0.0,2967.0,0.3866,0.3866,0.3866,10000465,2016-06-22,2016-06-22,P,2.45,2015-11-05
582,2016-05-16 11:13:00,2016-05-16,0.3866,0.0,0.0,2967.0,0.3866,0.3866,0.3866,10000465,2016-06-22,2016-06-22,P,2.45,2015-11-05
583,2016-05-16 11:14:00,2016-05-16,0.3866,0.0,0.0,2967.0,0.3866,0.3866,0.3866,10000465,2016-06-22,2016-06-22,P,2.45,2015-11-05
584,2016-05-16 11:15:00,2016-05-16,0.3866,0.0,0.0,2967.0,0.3866,0.3866,0.3866,10000465,2016-06-22,2016-06-22,P,2.45,2015-11-05
585,2016-05-16 11:16:00,2016-05-16,0.3866,0.0,0.0,2967.0,0.3866,0.3866,0.3866,10000465,2016-06-22,2016-06-22,P,2.45,2015-11-05
586,2016-05-16 11:17:00,2016-05-16,0.3866,0.0,0.0,2967.0,0.3866,0.3866,0.3866,10000465,2016-06-22,2016-06-22,P,2.45,2015-11-05
587,2016-05-16 11:18:00,2016-05-16,0.3866,0.0,0.0,2967.0,0.3866,0.3866,0.3866,10000465,2016-06-22,2016-06-22,P,2.45,2015-11-05
588,2016-05-16 11:19:00,2016-05-16,0.3866,0.0,0.0,2967.0,0.3866,0.3866,0.3866,10000465,2016-06-22,2016-06-22,P,2.45,2015-11-05
589,2016-05-16 11:20:00,2016-05-16,0.3866,0.0,0.0,2967.0,0.3866,0.3866,0.3866,10000465,2016-06-22,2016-06-22,P,2.45,2015-11-05
590,2016-05-16 11:21:00,2016-05-16,0.3866,0.0,0.0,2967.0,0.3866,0.3866,0.3866,10000465,2016-06-22,2016-06-22,P,2.45,2015-11-05
591,2016-05-16 11:22:00,2016-05-16,0.3866,0.0,0.0,2967.0,0.3866,0.3866,0.3866,10000465,2016-06-22,2016-06-22,P,2.45,2015-11-05
592,2016-05-16 11:23:00,2016-05-16,0.3866,0.0,0.0,2967.0,0.3866,0.3866,0.3866,10000465,2016-06-22,2016-06-22,P,2.45,2015-11-05
593,2016-05-16 11:24:00,2016-05-16,0.3866,0.0,0.0,2967.0,0.3866,0.3866,0.3866,10000465,2016-06-22,2016-06-22,P,2.45,2015-11-05
594,2016-05-16 11:25:00,2016-05-16,0.3866,0.0,0.0,2967.0,0.3866,0.3866,0.3866,10000465,2016-06-22,2016-06-22,P,2.45,2015-11-05
595,2016-05-16 11:26:00,2016-05-16,0.3866,0.0,0.0,2967.0,0.3866,0.3866,0.3866,10000465,2016-06-22,2016-06-22,P,2.45,2015-11-05
596,2016-05-16 11:27:00,2016-05-16,0.3866,0.0,0.0,2967.0,0.3866,0.3866,0.3866,10000465,2016-06-22,2016-06-22,P,2.45,2015-11-05
597,2016-05-16 11:28:00,2016-05-16,0.3866,0.0,0.0,2967.0,0.3866,0.3866,0.3866,10000465,2016-06-22,2016-06-22,P,2.45,2015-11-05
598,2016-05-16 11:29:00,2016-05-16,0.3866,0.0,0.0,2967.0,0.3866,0.3866,0.3866,10000465,2016-06-22,2016-06-22,P,2.45,2015-11-05
599,2016-05-16 11:30:00,2016-05-16,0.3866,0.0,0.0,2967.0,0.3866,0.3866,0.3866,10000465,2016-06-22,2016-06-22,P,2.45,2015-11-05
600,2016-05-16 13:01:00,2016-05-16,0.3866,0.0,0.0,2967.0,0.3866,0.3866,0.3866,10000465,2016-06-22,2016-06-22,P,2.45,2015-11-05
601,2016-05-16 13:02:00,2016-05-16,0.3866,0.0,0.0,2967.0,0.3866,0.3866,0.3866,10000465,2016-06-22,2016-06-22,P,2.45,2015-11-05
602,2016-05-16 13:03:00,2016-05-16,0.3866,0.0,0.0,2967.0,0.3866,0.3866,0.3866,10000465,2016-06-22,2016-06-22,P,2.45,2015-11-05
603,2016-05-16 13:04:00,2016-05-16,0.3866,0.0,0.0,2967.0,0.3866,0.3866,0.3866,10000465,2016-06-22,2016-06-22,P,2.45,2015-11-05
604,2016-05-16 13:05:00,2016-05-16,0.3866,0.0,0.0,2967.0,0.3866,0.3866,0.3866,10000465,2016-06-22,2016-06-22,P,2.45,2015-11-05
605,2016-05-16 13:06:00,2016-05-16,0.3866,0.0,0.0,2967.0,0.3866,0.3866,0.3866,10000465,2016-06-22,2016-06-22,P,2.45,2015-11-05
606,2016-05-16 13:07:00,2016-05-16,0.3866,0.0,0.0,2967.0,0.3866,0.3866,0.3866,10000465,2016-06-22,2016-06-22,P,2.45,2015-11-05
607,2016-05-16 13:08:00,2016-05-16,0.3866,0.0,0.0,2967.0,0.3866,0.3866,0.3866,10000465,2016-06-22,2016-06-22,P,2.45,2015-11-05
608,2016-05-16 13:09:00,2016-05-16,0.3866,0.0,0.0,2967.0,0.3866,0.3866,0.3866,10000465,2016-06-22,2016-06-22,P,2.45,2015-11-05
609,2016-05-16 13:10:00,2016-05-16,0.3866,0.0,0.0,2967.0,0.3866,0.3866,0.3866,10000465,2016-06-22,2016-06-22,P,2.45,2015-11-05
610,2016-05-16 13:11:00,2016-05-16,0.3866,0.0,0.0,2967.0,0.3866,0.3866,0.3866,10000465,2016-06-22,2016-06-22,P,2.45,2015-11-05
611,2016-05-16 13:12:00,2016-05-16,0.3866,0.0,0.0,2967.0,0.3866,0.3866,0.3866,10000465,2016-06-22,2016-06-22,P,2.45,2015-11-05
612,2016-05-16 13:13:00,2016-05-16,0.3866,0.0,0.0,2967.0,0.3866,0.3866,0.3866,10000465,2016-06-22,2016-06-22,P,2.45,2015-11-05
613,2016-05-16 13:14:00,2016-05-16,0.3866,0.0,0.0,2967.0,0.3866,0.3866,0.3866,10000465,2016-06-22,2016-06-22,P,2.45,2015-11-05
614,2016-05-16 13:15:00,2016-05-16,0.3866,0.0,0.0,2967.0,0.3866,0.3866,0.3866,10000465,2016-06-22,2016-06-22,P,2.45,2015-11-05
615,2016-05-16 13:16:00,2016-05-16,0.3866,0.0,0.0,2967.0,0.3866,0.3866,0.3866,10000465,2016-06-22,2016-06-22,P,2.45,2015-11-05
616,2016-05-16 13:17:00,2016-05-16,0.3866,0.0,0.0,2967.0,0.3866,0.3866,0.3866,10000465,2016-06-22,2016-06-22,P,2.45,2015-11-05
617,2016-05-16 13:18:00,2016-05-16,0.3866,0.0,0.0,2967.0,0.3866,0.3866,0.3866,10000465,2016-06-22,2016-06-22,P,2.45,2015-11-05
618,2016-05-16 13:19:00,2016-05-16,0.3866,0.0,0.0,2967.0,0.3866,0.3866,0.3866,10000465,2016-06-22,2016-06-22,P,2.45,2015-11-05
619,2016-05-16 13:20:00,2016-05-16,0.3866,0.0,0.0,2967.0,0.3866,0.3866,0.3866,10000465,2016-06-22,2016-06-22,P,2.45,2015-11-05
620,2016-05-16 13:21:00,2016-05-16,0.3897,3897.0,1.0,2966.0,0.3866,0.3897,0.3866,10000465,2016-06-22,2016-06-22,P,2.45,2015-11-05
621,2016-05-16 13:22:00,2016-05-16,0.3897,0.0,0.0,2966.0,0.3897,0.3897,0.3897,10000465,2016-06-22,2016-06-22,P,2.45,2015-11-05
622,2016-05-16 13:23:00,2016-05-16,0.3897,0.0,0.0,2966.0,0.3897,0.3897,0.3897,10000465,2016-06-22,2016-06-22,P,2.45,2015-11-05
623,2016-05-16 13:24:00,2016-05-16,0.3897,0.0,0.0,2966.0,0.3897,0.3897,0.3897,10000465,2016-06-22,2016-06-22,P,2.45,2015-11-05
624,2016-05-16 13:25:00,2016-05-16,0.3907,7814.0,2.0,2966.0,0.3897,0.3907,0.3897,10000465,2016-06-22,2016-06-22,P,2.45,2015-11-05
625,2016-05-16 13:26:00,2016-05-16,0.3907,0.0,0.0,2966.0,0.3907,0.3907,0.3907,10000465,2016-06-22,2016-06-22,P,2.45,2015-11-05
626,2016-05-16 13:27:00,2016-05-16,0.3907,0.0,0.0,2966.0,0.3907,0.3907,0.3907,10000465,2016-06-22,2016-06-22,P,2.45,2015-11-05
627,2016-05-16 13:28:00,2016-05-16,0.3907,0.0,0.0,2966.0,0.3907,0.3907,0.3907,10000465,2016-06-22,2016-06-22,P,2.45,2015-11-05
628,2016-05-16 13:29:00,2016-05-16,0.3907,0.0,0.0,2966.0,0.3907,0.3907,0.3907,10000465,2016-06-22,2016-06-22,P,2.45,2015-11-05
629,2016-05-16 13:30:00,2016-05-16,0.3914,7828.0,2.0,2966.0,0.3907,0.3914,0.3907,10000465,2016-06-22,2016-06-22,P,2.45,2015-11-05
630,2016-05-16 13:31:00,2016-05-16,0.3914,0.0,0.0,2966.0,0.3914,0.3914,0.3914,10000465,2016-06-22,2016-06-22,P,2.45,2015-11-05
631,2016-05-16 13:32:00,2016-05-16,0.3914,0.0,0.0,2966.0,0.3914,0.3914,0.3914,10000465,2016-06-22,2016-06-22,P,2.45,2015-11-05
632,2016-05-16 13:33:00,2016-05-16,0.3914,3900.0,1.0,2966.0,0.3914,0.39,0.39,10000465,2016-06-22,2016-06-22,P,2.45,2015-11-05
633,2016-05-16 13:34:00,2016-05-16,0.39,27300.0,7.0,2966.0,0.39,0.39,0.39,10000465,2016-06-22,2016-06-22,P,2.45,2015-11-05
634,2016-05-16 13:35:00,2016-05-16,0.39,7800.0,2.0,2966.0,0.39,0.39,0.39,10000465,2016-06-22,2016-06-22,P,2.45,2015-11-05
635,2016-05-16 13:36:00,2016-05-16,0.39,0.0,0.0,2966.0,0.39,0.39,0.39,10000465,2016-06-22,2016-06-22,P,2.45,2015-11-05
636,2016-05-16 13:37:00,2016-05-16,0.39,0.0,0.0,2966.0,0.39,0.39,0.39,10000465,2016-06-22,2016-06-22,P,2.45,2015-11-05
637,2016-05-16 13:38:00,2016-05-16,0.39,0.0,0.0,2966.0,0.39,0.39,0.39,10000465,2016-06-22,2016-06-22,P,2.45,2015-11-05
638,2016-05-16 13:39:00,2016-05-16,0.39,0.0,0.0,2966.0,0.39,0.39,0.39,10000465,2016-06-22,2016-06-22,P,2.45,2015-11-05
639,2016-05-16 13:40:00,2016-05-16,0.39,0.0,0.0,2966.0,0.39,0.39,0.39,10000465,2016-06-22,2016-06-22,P,2.45,2015-11-05
640,2016-05-16 13:41:00,2016-05-16,0.39,0.0,0.0,2966.0,0.39,0.39,0.39,10000465,2016-06-22,2016-06-22,P,2.45,2015-11-05
641,2016-05-16 13:42:00,2016-05-16,0.39,0.0,0.0,2966.0,0.39,0.39,0.39,10000465,2016-06-22,2016-06-22,P,2.45,2015-11-05
642,2016-05-16 13:43:00,2016-05-16,0.39,0.0,0.0,2966.0,0.39,0.39,0.39,10000465,2016-06-22,2016-06-22,P,2.45,2015-11-05
643,2016-05-16 13:44:00,2016-05-16,0.39,0.0,0.0,2966.0,0.39,0.39,0.39,10000465,2016-06-22,2016-06-22,P,2.45,2015-11-05
644,2016-05-16 13:45:00,2016-05-16,0.39,0.0,0.0,2966.0,0.39,0.39,0.39,10000465,2016-06-22,2016-06-22,P,2.45,2015-11-05
645,2016-05-16 13:46:00,2016-05-16,0.39,0.0,0.0,2966.0,0.39,0.39,0.39,10000465,2016-06-22,2016-06-22,P,2.45,2015-11-05
646,2016-05-16 13:47:00,2016-05-16,0.39,0.0,0.0,2966.0,0.39,0.39,0.39,10000465,2016-06-22,2016-06-22,P,2.45,2015-11-05
647,2016-05-16 13:48:00,2016-05-16,0.39,0.0,0.0,2966.0,0.39,0.39,0.39,10000465,2016-06-22,2016-06-22,P,2.45,2015-11-05
648,2016-05-16 13:49:00,2016-05-16,0.39,0.0,0.0,2966.0,0.39,0.39,0.39,10000465,2016-06-22,2016-06-22,P,2.45,2015-11-05
649,2016-05-16 13:50:00,2016-05-16,0.39,0.0,0.0,2966.0,0.39,0.39,0.39,10000465,2016-06-22,2016-06-22,P,2.45,2015-11-05
650,2016-05-16 13:51:00,2016-05-16,0.39,0.0,0.0,2966.0,0.39,0.39,0.39,10000465,2016-06-22,2016-06-22,P,2.45,2015-11-05
651,2016-05-16 13:52:00,2016-05-16,0.39,0.0,0.0,2966.0,0.39,0.39,0.39,10000465,2016-06-22,2016-06-22,P,2.45,2015-11-05
652,2016-05-16 13:53:00,2016-05-16,0.39,0.0,0.0,2966.0,0.39,0.39,0.39,10000465,2016-06-22,2016-06-22,P,2.45,2015-11-05
653,2016-05-16 13:54:00,2016-05-16,0.39,0.0,0.0,2966.0,0.39,0.39,0.39,10000465,2016-06-22,2016-06-22,P,2.45,2015-11-05
654,2016-05-16 13:55:00,2016-05-16,0.39,0.0,0.0,2966.0,0.39,0.39,0.39,10000465,2016-06-22,2016-06-22,P,2.45,2015-11-05
655,2016-05-16 13:56:00,2016-05-16,0.39,0.0,0.0,2966.0,0.39,0.39,0.39,10000465,2016-06-22,2016-06-22,P,2.45,2015-11-05
656,2016-05-16 13:57:00,2016-05-16,0.39,0.0,0.0,2966.0,0.39,0.39,0.39,10000465,2016-06-22,2016-06-22,P,2.45,2015-11-05
657,2016-05-16 13:58:00,2016-05-16,0.39,0.0,0.0,2966.0,0.39,0.39,0.39,10000465,2016-06-22,2016-06-22,P,2.45,2015-11-05
658,2016-05-16 13:59:00,2016-05-16,0.39,0.0,0.0,2966.0,0.39,0.39,0.39,10000465,2016-06-22,2016-06-22,P,2.45,2015-11-05
659,2016-05-16 14:00:00,2016-05-16,0.39,0.0,0.0,2966.0,0.39,0.39,0.39,10000465,2016-06-22,2016-06-22,P,2.45,2015-11-05
660,2016-05-16 14:01:00,2016-05-16,0.39,0.0,0.0,2966.0,0.39,0.39,0.39,10000465,2016-06-22,2016-06-22,P,2.45,2015-11-05
661,2016-05-16 14:02:00,2016-05-16,0.39,0.0,0.0,2966.0,0.39,0.39,0.39,10000465,2016-06-22,2016-06-22,P,2.45,2015-11-05
662,2016-05-16 14:03:00,2016-05-16,0.39,0.0,0.0,2966.0,0.39,0.39,0.39,10000465,2016-06-22,2016-06-22,P,2.45,2015-11-05
663,2016-05-16 14:04:00,2016-05-16,0.39,0.0,0.0,2966.0,0.39,0.39,0.39,10000465,2016-06-22,2016-06-22,P,2.45,2015-11-05
664,2016-05-16 14:05:00,2016-05-16,0.39,0.0,0.0,2966.0,0.39,0.39,0.39,10000465,2016-06-22,2016-06-22,P,2.45,2015-11-05
665,2016-05-16 14:06:00,2016-05-16,0.39,0.0,0.0,2966.0,0.39,0.39,0.39,10000465,2016-06-22,2016-06-22,P,2.45,2015-11-05
666,2016-05-16 14:07:00,2016-05-16,0.39,0.0,0.0,2966.0,0.39,0.39,0.39,10000465,2016-06-22,2016-06-22,P,2.45,2015-11-05
667,2016-05-16 14:08:00,2016-05-16,0.39,0.0,0.0,2966.0,0.39,0.39,0.39,10000465,2016-06-22,2016-06-22,P,2.45,2015-11-05
668,2016-05-16 14:09:00,2016-05-16,0.39,0.0,0.0,2966.0,0.39,0.39,0.39,10000465,2016-06-22,2016-06-22,P,2.45,2015-11-05
669,2016-05-16 14:10:00,2016-05-16,0.39,0.0,0.0,2966.0,0.39,0.39,0.39,10000465,2016-06-22,2016-06-22,P,2.45,2015-11-05
670,2016-05-16 14:11:00,2016-05-16,0.39,0.0,0.0,2966.0,0.39,0.39,0.39,10000465,2016-06-22,2016-06-22,P,2.45,2015-11-05
671,2016-05-16 14:12:00,2016-05-16,0.39,0.0,0.0,2966.0,0.39,0.39,0.39,10000465,2016-06-22,2016-06-22,P,2.45,2015-11-05
672,2016-05-16 14:13:00,2016-05-16,0.39,0.0,0.0,2966.0,0.39,0.39,0.39,10000465,2016-06-22,2016-06-22,P,2.45,2015-11-05
673,2016-05-16 14:14:00,2016-05-16,0.39,0.0,0.0,2966.0,0.39,0.39,0.39,10000465,2016-06-22,2016-06-22,P,2.45,2015-11-05
674,2016-05-16 14:15:00,2016-05-16,0.39,0.0,0.0,2966.0,0.39,0.39,0.39,10000465,2016-06-22,2016-06-22,P,2.45,2015-11-05
675,2016-05-16 14:16:00,2016-05-16,0.394,7880.0,2.0,2968.0,0.39,0.394,0.39,10000465,2016-06-22,2016-06-22,P,2.45,2015-11-05
676,2016-05-16 14:17:00,2016-05-16,0.394,0.0,0.0,2968.0,0.394,0.394,0.394,10000465,2016-06-22,2016-06-22,P,2.45,2015-11-05
677,2016-05-16 14:18:00,2016-05-16,0.394,0.0,0.0,2968.0,0.394,0.394,0.394,10000465,2016-06-22,2016-06-22,P,2.45,2015-11-05
678,2016-05-16 14:19:00,2016-05-16,0.394,0.0,0.0,2968.0,0.394,0.394,0.394,10000465,2016-06-22,2016-06-22,P,2.45,2015-11-05
679,2016-05-16 14:20:00,2016-05-16,0.394,0.0,0.0,2968.0,0.394,0.394,0.394,10000465,2016-06-22,2016-06-22,P,2.45,2015-11-05
680,2016-05-16 14:21:00,2016-05-16,0.394,0.0,0.0,2968.0,0.394,0.394,0.394,10000465,2016-06-22,2016-06-22,P,2.45,2015-11-05
681,2016-05-16 14:22:00,2016-05-16,0.394,0.0,0.0,2968.0,0.394,0.394,0.394,10000465,2016-06-22,2016-06-22,P,2.45,2015-11-05
682,2016-05-16 14:23:00,2016-05-16,0.394,0.0,0.0,2968.0,0.394,0.394,0.394,10000465,2016-06-22,2016-06-22,P,2.45,2015-11-05
683,2016-05-16 14:24:00,2016-05-16,0.394,0.0,0.0,2968.0,0.394,0.394,0.394,10000465,2016-06-22,2016-06-22,P,2.45,2015-11-05
684,2016-05-16 14:25:00,2016-05-16,0.394,0.0,0.0,2968.0,0.394,0.394,0.394,10000465,2016-06-22,2016-06-22,P,2.45,2015-11-05
685,2016-05-16 14:26:00,2016-05-16,0.394,0.0,0.0,2968.0,0.394,0.394,0.394,10000465,2016-06-22,2016-06-22,P,2.45,2015-11-05
686,2016-05-16 14:27:00,2016-05-16,0.394,0.0,0.0,2968.0,0.394,0.394,0.394,10000465,2016-06-22,2016-06-22,P,2.45,2015-11-05
687,2016-05-16 14:28:00,2016-05-16,0.394,0.0,0.0,2968.0,0.394,0.394,0.394,10000465,2016-06-22,2016-06-22,P,2.45,2015-11-05
688,2016-05-16 14:29:00,2016-05-16,0.394,0.0,0.0,2968.0,0.394,0.394,0.394,10000465,2016-06-22,2016-06-22,P,2.45,2015-11-05
689,2016-05-16 14:30:00,2016-05-16,0.394,0.0,0.0,2968.0,0.394,0.394,0.394,10000465,2016-06-22,2016-06-22,P,2.45,2015-11-05
690,2016-05-16 14:31:00,2016-05-16,0.394,0.0,0.0,2968.0,0.394,0.394,0.394,10000465,2016-06-22,2016-06-22,P,2.45,2015-11-05
691,2016-05-16 14:32:00,2016-05-16,0.394,38880.0,10.0,2968.0,0.394,0.3888,0.3888,10000465,2016-06-22,2016-06-22,P,2.45,2015-11-05
692,2016-05-16 14:33:00,2016-05-16,0.3888,0.0,0.0,2968.0,0.3888,0.3888,0.3888,10000465,2016-06-22,2016-06-22,P,2.45,2015-11-05
693,2016-05-16 14:34:00,2016-05-16,0.3888,0.0,0.0,2968.0,0.3888,0.3888,0.3888,10000465,2016-06-22,2016-06-22,P,2.45,2015-11-05
694,2016-05-16 14:35:00,2016-05-16,0.3888,0.0,0.0,2968.0,0.3888,0.3888,0.3888,10000465,2016-06-22,2016-06-22,P,2.45,2015-11-05
695,2016-05-16 14:36:00,2016-05-16,0.3888,0.0,0.0,2968.0,0.3888,0.3888,0.3888,10000465,2016-06-22,2016-06-22,P,2.45,2015-11-05
696,2016-05-16 14:37:00,2016-05-16,0.3888,0.0,0.0,2968.0,0.3888,0.3888,0.3888,10000465,2016-06-22,2016-06-22,P,2.45,2015-11-05
697,2016-05-16 14:38:00,2016-05-16,0.3888,0.0,0.0,2968.0,0.3888,0.3888,0.3888,10000465,2016-06-22,2016-06-22,P,2.45,2015-11-05
698,2016-05-16 14:39:00,2016-05-16,0.3888,38710.0,10.0,2978.0,0.3888,0.3871,0.3871,10000465,2016-06-22,2016-06-22,P,2.45,2015-11-05
699,2016-05-16 14:40:00,2016-05-16,0.3871,0.0,0.0,2978.0,0.3871,0.3871,0.3871,10000465,2016-06-22,2016-06-22,P,2.45,2015-11-05
700,2016-05-16 14:41:00,2016-05-16,0.3873,3873.0,1.0,2979.0,0.3873,0.3873,0.3873,10000465,2016-06-22,2016-06-22,P,2.45,2015-11-05
701,2016-05-16 14:42:00,2016-05-16,0.3873,0.0,0.0,2979.0,0.3873,0.3873,0.3873,10000465,2016-06-22,2016-06-22,P,2.45,2015-11-05
702,2016-05-16 14:43:00,2016-05-16,0.3873,0.0,0.0,2979.0,0.3873,0.3873,0.3873,10000465,2016-06-22,2016-06-22,P,2.45,2015-11-05
703,2016-05-16 14:44:00,2016-05-16,0.3873,0.0,0.0,2979.0,0.3873,0.3873,0.3873,10000465,2016-06-22,2016-06-22,P,2.45,2015-11-05
704,2016-05-16 14:45:00,2016-05-16,0.3873,0.0,0.0,2979.0,0.3873,0.3873,0.3873,10000465,2016-06-22,2016-06-22,P,2.45,2015-11-05
705,2016-05-16 14:46:00,2016-05-16,0.3873,0.0,0.0,2979.0,0.3873,0.3873,0.3873,10000465,2016-06-22,2016-06-22,P,2.45,2015-11-05
706,2016-05-16 14:47:00,2016-05-16,0.3873,0.0,0.0,2979.0,0.3873,0.3873,0.3873,10000465,2016-06-22,2016-06-22,P,2.45,2015-11-05
707,2016-05-16 14:48:00,2016-05-16,0.3873,0.0,0.0,2979.0,0.3873,0.3873,0.3873,10000465,2016-06-22,2016-06-22,P,2.45,2015-11-05
708,2016-05-16 14:49:00,2016-05-16,0.3873,0.0,0.0,2979.0,0.3873,0.3873,0.3873,10000465,2016-06-22,2016-06-22,P,2.45,2015-11-05
709,2016-05-16 14:50:00,2016-05-16,0.3873,0.0,0.0,2979.0,0.3873,0.3873,0.3873,10000465,2016-06-22,2016-06-22,P,2.45,2015-11-05
710,2016-05-16 14:51:00,2016-05-16,0.3873,7738.0,2.0,2979.0,0.3873,0.3869,0.3869,10000465,2016-06-22,2016-06-22,P,2.45,2015-11-05
711,2016-05-16 14:52:00,2016-05-16,0.3869,0.0,0.0,2979.0,0.3869,0.3869,0.3869,10000465,2016-06-22,2016-06-22,P,2.45,2015-11-05
712,2016-05-16 14:53:00,2016-05-16,0.3869,0.0,0.0,2979.0,0.3869,0.3869,0.3869,10000465,2016-06-22,2016-06-22,P,2.45,2015-11-05
713,2016-05-16 14:54:00,2016-05-16,0.3869,0.0,0.0,2979.0,0.3869,0.3869,0.3869,10000465,2016-06-22,2016-06-22,P,2.45,2015-11-05
714,2016-05-16 14:55:00,2016-05-16,0.3869,0.0,0.0,2979.0,0.3869,0.3869,0.3869,10000465,2016-06-22,2016-06-22,P,2.45,2015-11-05
715,2016-05-16 14:56:00,2016-05-16,0.3869,0.0,0.0,2979.0,0.3869,0.3869,0.3869,10000465,2016-06-22,2016-06-22,P,2.45,2015-11-05
716,2016-05-16 14:57:00,2016-05-16,0.3869,0.0,0.0,2979.0,0.3869,0.3869,0.3869,10000465,2016-06-22,2016-06-22,P,2.45,2015-11-05
717,2016-05-16 14:58:00,2016-05-16,0.3869,0.0,0.0,2979.0,0.3869,0.3869,0.3869,10000465,2016-06-22,2016-06-22,P,2.45,2015-11-05
718,2016-05-16 14:59:00,2016-05-16,0.3869,0.0,0.0,2979.0,0.3869,0.3869,0.3869,10000465,2016-06-22,2016-06-22,P,2.45,2015-11-05
719,2016-05-16 15:00:00,2016-05-16,0.3869,0.0,0.0,2979.0,0.3869,0.3869,0.3869,10000465,2016-06-22,2016-06-22,P,2.45,2015-11-05
720,2016-05-16 09:31:00,2016-05-16,0.21,4216.0,2.0,1876.0,0.2116,0.21,0.21,10000551,2016-06-22,2016-06-22,C,1.85,2016-01-27
721,2016-05-16 09:32:00,2016-05-16,0.21,0.0,0.0,1876.0,0.21,0.21,0.21,10000551,2016-06-22,2016-06-22,C,1.85,2016-01-27
722,2016-05-16 09:33:00,2016-05-16,0.21,6270.0,3.0,1876.0,0.21,0.209,0.209,10000551,2016-06-22,2016-06-22,C,1.85,2016-01-27
723,2016-05-16 09:34:00,2016-05-16,0.209,0.0,0.0,1876.0,0.209,0.209,0.209,10000551,2016-06-22,2016-06-22,C,1.85,2016-01-27
724,2016-05-16 09:35:00,2016-05-16,0.209,0.0,0.0,1876.0,0.209,0.209,0.209,10000551,2016-06-22,2016-06-22,C,1.85,2016-01-27
725,2016-05-16 09:36:00,2016-05-16,0.2125,42440.0,20.0,1877.0,0.2119,0.2125,0.2119,10000551,2016-06-22,2016-06-22,C,1.85,2016-01-27
726,2016-05-16 09:37:00,2016-05-16,0.2125,0.0,0.0,1877.0,0.2125,0.2125,0.2125,10000551,2016-06-22,2016-06-22,C,1.85,2016-01-27
727,2016-05-16 09:38:00,2016-05-16,0.2125,10595.0,5.0,1877.0,0.2125,0.2119,0.2119,10000551,2016-06-22,2016-06-22,C,1.85,2016-01-27
728,2016-05-16 09:39:00,2016-05-16,0.2119,0.0,0.0,1877.0,0.2119,0.2119,0.2119,10000551,2016-06-22,2016-06-22,C,1.85,2016-01-27
729,2016-05-16 09:40:00,2016-05-16,0.2119,8436.0,4.0,1877.0,0.2119,0.2109,0.2109,10000551,2016-06-22,2016-06-22,C,1.85,2016-01-27
730,2016-05-16 09:41:00,2016-05-16,0.2109,12522.0,6.0,1871.0,0.2109,0.2087,0.2087,10000551,2016-06-22,2016-06-22,C,1.85,2016-01-27
731,2016-05-16 09:42:00,2016-05-16,0.2087,0.0,0.0,1871.0,0.2087,0.2087,0.2087,10000551,2016-06-22,2016-06-22,C,1.85,2016-01-27
732,2016-05-16 09:43:00,2016-05-16,0.2087,0.0,0.0,1871.0,0.2087,0.2087,0.2087,10000551,2016-06-22,2016-06-22,C,1.85,2016-01-27
733,2016-05-16 09:44:00,2016-05-16,0.2087,0.0,0.0,1871.0,0.2087,0.2087,0.2087,10000551,2016-06-22,2016-06-22,C,1.85,2016-01-27
734,2016-05-16 09:45:00,2016-05-16,0.209,6270.0,3.0,1871.0,0.2087,0.209,0.2087,10000551,2016-06-22,2016-06-22,C,1.85,2016-01-27
735,2016-05-16 09:46:00,2016-05-16,0.2089,4178.0,2.0,1873.0,0.2089,0.2089,0.2089,10000551,2016-06-22,2016-06-22,C,1.85,2016-01-27
736,2016-05-16 09:47:00,2016-05-16,0.2089,0.0,0.0,1873.0,0.2089,0.2089,0.2089,10000551,2016-06-22,2016-06-22,C,1.85,2016-01-27
737,2016-05-16 09:48:00,2016-05-16,0.2074,6222.0,3.0,1873.0,0.2074,0.2074,0.2074,10000551,2016-06-22,2016-06-22,C,1.85,2016-01-27
738,2016-05-16 09:49:00,2016-05-16,0.2074,0.0,0.0,1873.0,0.2074,0.2074,0.2074,10000551,2016-06-22,2016-06-22,C,1.85,2016-01-27
739,2016-05-16 09:50:00,2016-05-16,0.2075,4150.0,2.0,1873.0,0.2074,0.2075,0.2074,10000551,2016-06-22,2016-06-22,C,1.85,2016-01-27
740,2016-05-16 09:51:00,2016-05-16,0.2075,0.0,0.0,1873.0,0.2075,0.2075,0.2075,10000551,2016-06-22,2016-06-22,C,1.85,2016-01-27
741,2016-05-16 09:52:00,2016-05-16,0.2075,0.0,0.0,1873.0,0.2075,0.2075,0.2075,10000551,2016-06-22,2016-06-22,C,1.85,2016-01-27
742,2016-05-16 09:53:00,2016-05-16,0.2075,46857.0,23.0,1877.0,0.2075,0.2017,0.2017,10000551,2016-06-22,2016-06-22,C,1.85,2016-01-27
743,2016-05-16 09:54:00,2016-05-16,0.2031,58514.0,29.0,1889.0,0.2017,0.2031,0.2006,10000551,2016-06-22,2016-06-22,C,1.85,2016-01-27
744,2016-05-16 09:55:00,2016-05-16,0.2031,0.0,0.0,1889.0,0.2031,0.2031,0.2031,10000551,2016-06-22,2016-06-22,C,1.85,2016-01-27
745,2016-05-16 09:56:00,2016-05-16,0.2031,2010.0,1.0,1889.0,0.2031,0.201,0.201,10000551,2016-06-22,2016-06-22,C,1.85,2016-01-27
746,2016-05-16 09:57:00,2016-05-16,0.201,0.0,0.0,1889.0,0.201,0.201,0.201,10000551,2016-06-22,2016-06-22,C,1.85,2016-01-27
747,2016-05-16 09:58:00,2016-05-16,0.201,0.0,0.0,1889.0,0.201,0.201,0.201,10000551,2016-06-22,2016-06-22,C,1.85,2016-01-27
748,2016-05-16 09:59:00,2016-05-16,0.201,0.0,0.0,1889.0,0.201,0.201,0.201,10000551,2016-06-22,2016-06-22,C,1.85,2016-01-27
749,2016-05-16 10:00:00,2016-05-16,0.201,0.0,0.0,1889.0,0.201,0.201,0.201,10000551,2016-06-22,2016-06-22,C,1.85,2016-01-27
750,2016-05-16 10:01:00,2016-05-16,0.2024,26274.0,13.0,1902.0,0.201,0.2022,0.2003,10000551,2016-06-22,2016-06-22,C,1.85,2016-01-27
751,2016-05-16 10:02:00,2016-05-16,0.2022,0.0,0.0,1902.0,0.2022,0.2022,0.2022,10000551,2016-06-22,2016-06-22,C,1.85,2016-01-27
752,2016-05-16 10:03:00,2016-05-16,0.2022,0.0,0.0,1902.0,0.2022,0.2022,0.2022,10000551,2016-06-22,2016-06-22,C,1.85,2016-01-27
753,2016-05-16 10:04:00,2016-05-16,0.2022,0.0,0.0,1902.0,0.2022,0.2022,0.2022,10000551,2016-06-22,2016-06-22,C,1.85,2016-01-27
754,2016-05-16 10:05:00,2016-05-16,0.2022,0.0,0.0,1902.0,0.2022,0.2022,0.2022,10000551,2016-06-22,2016-06-22,C,1.85,2016-01-27
755,2016-05-16 10:06:00,2016-05-16,0.2022,0.0,0.0,1902.0,0.2022,0.2022,0.2022,10000551,2016-06-22,2016-06-22,C,1.85,2016-01-27
756,2016-05-16 10:07:00,2016-05-16,0.2022,0.0,0.0,1902.0,0.2022,0.2022,0.2022,10000551,2016-06-22,2016-06-22,C,1.85,2016-01-27
757,2016-05-16 10:08:00,2016-05-16,0.2022,0.0,0.0,1902.0,0.2022,0.2022,0.2022,10000551,2016-06-22,2016-06-22,C,1.85,2016-01-27
758,2016-05-16 10:09:00,2016-05-16,0.2057,10285.0,5.0,1907.0,0.2022,0.2057,0.2022,10000551,2016-06-22,2016-06-22,C,1.85,2016-01-27
759,2016-05-16 10:10:00,2016-05-16,0.2057,0.0,0.0,1907.0,0.2057,0.2057,0.2057,10000551,2016-06-22,2016-06-22,C,1.85,2016-01-27
760,2016-05-16 10:11:00,2016-05-16,0.2057,0.0,0.0,1907.0,0.2057,0.2057,0.2057,10000551,2016-06-22,2016-06-22,C,1.85,2016-01-27
761,2016-05-16 10:12:00,2016-05-16,0.2057,0.0,0.0,1907.0,0.2057,0.2057,0.2057,10000551,2016-06-22,2016-06-22,C,1.85,2016-01-27
762,2016-05-16 10:13:00,2016-05-16,0.2061,12366.0,6.0,1907.0,0.2057,0.2061,0.2057,10000551,2016-06-22,2016-06-22,C,1.85,2016-01-27
763,2016-05-16 10:14:00,2016-05-16,0.2061,0.0,0.0,1907.0,0.2061,0.2061,0.2061,10000551,2016-06-22,2016-06-22,C,1.85,2016-01-27
764,2016-05-16 10:15:00,2016-05-16,0.2061,0.0,0.0,1907.0,0.2061,0.2061,0.2061,10000551,2016-06-22,2016-06-22,C,1.85,2016-01-27
765,2016-05-16 10:16:00,2016-05-16,0.2061,0.0,0.0,1907.0,0.2061,0.2061,0.2061,10000551,2016-06-22,2016-06-22,C,1.85,2016-01-27
766,2016-05-16 10:17:00,2016-05-16,0.2061,0.0,0.0,1907.0,0.2061,0.2061,0.2061,10000551,2016-06-22,2016-06-22,C,1.85,2016-01-27
767,2016-05-16 10:18:00,2016-05-16,0.2061,0.0,0.0,1907.0,0.2061,0.2061,0.2061,10000551,2016-06-22,2016-06-22,C,1.85,2016-01-27
768,2016-05-16 10:19:00,2016-05-16,0.2061,0.0,0.0,1907.0,0.2061,0.2061,0.2061,10000551,2016-06-22,2016-06-22,C,1.85,2016-01-27
769,2016-05-16 10:20:00,2016-05-16,0.2061,0.0,0.0,1907.0,0.2061,0.2061,0.2061,10000551,2016-06-22,2016-06-22,C,1.85,2016-01-27
770,2016-05-16 10:21:00,2016-05-16,0.2061,0.0,0.0,1907.0,0.2061,0.2061,0.2061,10000551,2016-06-22,2016-06-22,C,1.85,2016-01-27
771,2016-05-16 10:22:00,2016-05-16,0.2061,0.0,0.0,1907.0,0.2061,0.2061,0.2061,10000551,2016-06-22,2016-06-22,C,1.85,2016-01-27
772,2016-05-16 10:23:00,2016-05-16,0.2061,0.0,0.0,1907.0,0.2061,0.2061,0.2061,10000551,2016-06-22,2016-06-22,C,1.85,2016-01-27
773,2016-05-16 10:24:00,2016-05-16,0.2061,0.0,0.0,1907.0,0.2061,0.2061,0.2061,10000551,2016-06-22,2016-06-22,C,1.85,2016-01-27
774,2016-05-16 10:25:00,2016-05-16,0.2061,2051.0,1.0,1907.0,0.2061,0.2051,0.2051,10000551,2016-06-22,2016-06-22,C,1.85,2016-01-27
775,2016-05-16 10:26:00,2016-05-16,0.2051,0.0,0.0,1907.0,0.2051,0.2051,0.2051,10000551,2016-06-22,2016-06-22,C,1.85,2016-01-27
776,2016-05-16 10:27:00,2016-05-16,0.2051,0.0,0.0,1907.0,0.2051,0.2051,0.2051,10000551,2016-06-22,2016-06-22,C,1.85,2016-01-27
777,2016-05-16 10:28:00,2016-05-16,0.2051,0.0,0.0,1907.0,0.2051,0.2051,0.2051,10000551,2016-06-22,2016-06-22,C,1.85,2016-01-27
778,2016-05-16 10:29:00,2016-05-16,0.2051,0.0,0.0,1907.0,0.2051,0.2051,0.2051,10000551,2016-06-22,2016-06-22,C,1.85,2016-01-27
779,2016-05-16 10:30:00,2016-05-16,0.2051,0.0,0.0,1907.0,0.2051,0.2051,0.2051,10000551,2016-06-22,2016-06-22,C,1.85,2016-01-27
780,2016-05-16 10:31:00,2016-05-16,0.2051,0.0,0.0,1907.0,0.2051,0.2051,0.2051,10000551,2016-06-22,2016-06-22,C,1.85,2016-01-27
781,2016-05-16 10:32:00,2016-05-16,0.2084,4168.0,2.0,1907.0,0.2084,0.2084,0.2084,10000551,2016-06-22,2016-06-22,C,1.85,2016-01-27
782,2016-05-16 10:33:00,2016-05-16,0.2084,0.0,0.0,1907.0,0.2084,0.2084,0.2084,10000551,2016-06-22,2016-06-22,C,1.85,2016-01-27
783,2016-05-16 10:34:00,2016-05-16,0.2084,0.0,0.0,1907.0,0.2084,0.2084,0.2084,10000551,2016-06-22,2016-06-22,C,1.85,2016-01-27
784,2016-05-16 10:35:00,2016-05-16,0.2084,0.0,0.0,1907.0,0.2084,0.2084,0.2084,10000551,2016-06-22,2016-06-22,C,1.85,2016-01-27
785,2016-05-16 10:36:00,2016-05-16,0.2084,0.0,0.0,1907.0,0.2084,0.2084,0.2084,10000551,2016-06-22,2016-06-22,C,1.85,2016-01-27
786,2016-05-16 10:37:00,2016-05-16,0.2086,2086.0,1.0,1907.0,0.2084,0.2086,0.2084,10000551,2016-06-22,2016-06-22,C,1.85,2016-01-27
787,2016-05-16 10:38:00,2016-05-16,0.2086,20780.0,10.0,1907.0,0.2086,0.2078,0.2078,10000551,2016-06-22,2016-06-22,C,1.85,2016-01-27
788,2016-05-16 10:39:00,2016-05-16,0.2078,0.0,0.0,1907.0,0.2078,0.2078,0.2078,10000551,2016-06-22,2016-06-22,C,1.85,2016-01-27
789,2016-05-16 10:40:00,2016-05-16,0.2078,0.0,0.0,1907.0,0.2078,0.2078,0.2078,10000551,2016-06-22,2016-06-22,C,1.85,2016-01-27
790,2016-05-16 10:41:00,2016-05-16,0.2078,0.0,0.0,1907.0,0.2078,0.2078,0.2078,10000551,2016-06-22,2016-06-22,C,1.85,2016-01-27
791,2016-05-16 10:42:00,2016-05-16,0.2078,0.0,0.0,1907.0,0.2078,0.2078,0.2078,10000551,2016-06-22,2016-06-22,C,1.85,2016-01-27
792,2016-05-16 10:43:00,2016-05-16,0.2087,2087.0,1.0,1906.0,0.2078,0.2087,0.2078,10000551,2016-06-22,2016-06-22,C,1.85,2016-01-27
793,2016-05-16 10:44:00,2016-05-16,0.2087,0.0,0.0,1906.0,0.2087,0.2087,0.2087,10000551,2016-06-22,2016-06-22,C,1.85,2016-01-27
794,2016-05-16 10:45:00,2016-05-16,0.2087,0.0,0.0,1906.0,0.2087,0.2087,0.2087,10000551,2016-06-22,2016-06-22,C,1.85,2016-01-27
795,2016-05-16 10:46:00,2016-05-16,0.2087,0.0,0.0,1906.0,0.2087,0.2087,0.2087,10000551,2016-06-22,2016-06-22,C,1.85,2016-01-27
796,2016-05-16 10:47:00,2016-05-16,0.2087,0.0,0.0,1906.0,0.2087,0.2087,0.2087,10000551,2016-06-22,2016-06-22,C,1.85,2016-01-27
797,2016-05-16 10:48:00,2016-05-16,0.2087,4174.0,2.0,1904.0,0.2087,0.2087,0.2087,10000551,2016-06-22,2016-06-22,C,1.85,2016-01-27
798,2016-05-16 10:49:00,2016-05-16,0.211,56709.0,27.0,1918.0,0.2087,0.211,0.2087,10000551,2016-06-22,2016-06-22,C,1.85,2016-01-27
799,2016-05-16 10:50:00,2016-05-16,0.2112,21120.0,10.0,1928.0,0.2112,0.2112,0.2112,10000551,2016-06-22,2016-06-22,C,1.85,2016-01-27
800,2016-05-16 10:51:00,2016-05-16,0.2131,17030.0,8.0,1934.0,0.2112,0.2131,0.2112,10000551,2016-06-22,2016-06-22,C,1.85,2016-01-27
801,2016-05-16 10:52:00,2016-05-16,0.2131,0.0,0.0,1934.0,0.2131,0.2131,0.2131,10000551,2016-06-22,2016-06-22,C,1.85,2016-01-27
802,2016-05-16 10:53:00,2016-05-16,0.2131,0.0,0.0,1934.0,0.2131,0.2131,0.2131,10000551,2016-06-22,2016-06-22,C,1.85,2016-01-27
803,2016-05-16 10:54:00,2016-05-16,0.2131,0.0,0.0,1934.0,0.2131,0.2131,0.2131,10000551,2016-06-22,2016-06-22,C,1.85,2016-01-27
804,2016-05-16 10:55:00,2016-05-16,0.2131,0.0,0.0,1934.0,0.2131,0.2131,0.2131,10000551,2016-06-22,2016-06-22,C,1.85,2016-01-27
805,2016-05-16 10:56:00,2016-05-16,0.21600000000000005,2160.0,1.0,1935.0,0.2131,0.21600000000000005,0.2131,10000551,2016-06-22,2016-06-22,C,1.85,2016-01-27
806,2016-05-16 10:57:00,2016-05-16,0.21600000000000005,0.0,0.0,1935.0,0.21600000000000005,0.21600000000000005,0.21600000000000005,10000551,2016-06-22,2016-06-22,C,1.85,2016-01-27
807,2016-05-16 10:58:00,2016-05-16,0.21600000000000005,0.0,0.0,1935.0,0.21600000000000005,0.21600000000000005,0.21600000000000005,10000551,2016-06-22,2016-06-22,C,1.85,2016-01-27
808,2016-05-16 10:59:00,2016-05-16,0.2184,4367.0,2.0,1936.0,0.21600000000000005,0.2184,0.21600000000000005,10000551,2016-06-22,2016-06-22,C,1.85,2016-01-27
809,2016-05-16 11:00:00,2016-05-16,0.2184,0.0,0.0,1936.0,0.2184,0.2184,0.2184,10000551,2016-06-22,2016-06-22,C,1.85,2016-01-27
810,2016-05-16 11:01:00,2016-05-16,0.2184,0.0,0.0,1936.0,0.2184,0.2184,0.2184,10000551,2016-06-22,2016-06-22,C,1.85,2016-01-27
811,2016-05-16 11:02:00,2016-05-16,0.2184,0.0,0.0,1936.0,0.2184,0.2184,0.2184,10000551,2016-06-22,2016-06-22,C,1.85,2016-01-27
812,2016-05-16 11:03:00,2016-05-16,0.2184,0.0,0.0,1936.0,0.2184,0.2184,0.2184,10000551,2016-06-22,2016-06-22,C,1.85,2016-01-27
813,2016-05-16 11:04:00,2016-05-16,0.2184,0.0,0.0,1936.0,0.2184,0.2184,0.2184,10000551,2016-06-22,2016-06-22,C,1.85,2016-01-27
814,2016-05-16 11:05:00,2016-05-16,0.2169,2169.0,1.0,1936.0,0.2169,0.2169,0.2169,10000551,2016-06-22,2016-06-22,C,1.85,2016-01-27
815,2016-05-16 11:06:00,2016-05-16,0.2169,0.0,0.0,1936.0,0.2169,0.2169,0.2169,10000551,2016-06-22,2016-06-22,C,1.85,2016-01-27
816,2016-05-16 11:07:00,2016-05-16,0.2169,0.0,0.0,1936.0,0.2169,0.2169,0.2169,10000551,2016-06-22,2016-06-22,C,1.85,2016-01-27
817,2016-05-16 11:08:00,2016-05-16,0.2169,0.0,0.0,1936.0,0.2169,0.2169,0.2169,10000551,2016-06-22,2016-06-22,C,1.85,2016-01-27
818,2016-05-16 11:09:00,2016-05-16,0.2169,0.0,0.0,1936.0,0.2169,0.2169,0.2169,10000551,2016-06-22,2016-06-22,C,1.85,2016-01-27
819,2016-05-16 11:10:00,2016-05-16,0.2169,2168.0,1.0,1936.0,0.2169,0.2168,0.2168,10000551,2016-06-22,2016-06-22,C,1.85,2016-01-27
820,2016-05-16 11:11:00,2016-05-16,0.2168,0.0,0.0,1936.0,0.2168,0.2168,0.2168,10000551,2016-06-22,2016-06-22,C,1.85,2016-01-27
821,2016-05-16 11:12:00,2016-05-16,0.2168,2168.0,1.0,1936.0,0.2168,0.2168,0.2168,10000551,2016-06-22,2016-06-22,C,1.85,2016-01-27
822,2016-05-16 11:13:00,2016-05-16,0.2168,0.0,0.0,1936.0,0.2168,0.2168,0.2168,10000551,2016-06-22,2016-06-22,C,1.85,2016-01-27
823,2016-05-16 11:14:00,2016-05-16,0.2168,0.0,0.0,1936.0,0.2168,0.2168,0.2168,10000551,2016-06-22,2016-06-22,C,1.85,2016-01-27
824,2016-05-16 11:15:00,2016-05-16,0.2168,0.0,0.0,1936.0,0.2168,0.2168,0.2168,10000551,2016-06-22,2016-06-22,C,1.85,2016-01-27
825,2016-05-16 11:16:00,2016-05-16,0.2168,0.0,0.0,1936.0,0.2168,0.2168,0.2168,10000551,2016-06-22,2016-06-22,C,1.85,2016-01-27
826,2016-05-16 11:17:00,2016-05-16,0.2168,0.0,0.0,1936.0,0.2168,0.2168,0.2168,10000551,2016-06-22,2016-06-22,C,1.85,2016-01-27
827,2016-05-16 11:18:00,2016-05-16,0.2168,0.0,0.0,1936.0,0.2168,0.2168,0.2168,10000551,2016-06-22,2016-06-22,C,1.85,2016-01-27
828,2016-05-16 11:19:00,2016-05-16,0.2168,0.0,0.0,1936.0,0.2168,0.2168,0.2168,10000551,2016-06-22,2016-06-22,C,1.85,2016-01-27
829,2016-05-16 11:20:00,2016-05-16,0.2168,0.0,0.0,1936.0,0.2168,0.2168,0.2168,10000551,2016-06-22,2016-06-22,C,1.85,2016-01-27
830,2016-05-16 11:21:00,2016-05-16,0.2168,0.0,0.0,1936.0,0.2168,0.2168,0.2168,10000551,2016-06-22,2016-06-22,C,1.85,2016-01-27
831,2016-05-16 11:22:00,2016-05-16,0.2168,0.0,0.0,1936.0,0.2168,0.2168,0.2168,10000551,2016-06-22,2016-06-22,C,1.85,2016-01-27
832,2016-05-16 11:23:00,2016-05-16,0.2168,0.0,0.0,1936.0,0.2168,0.2168,0.2168,10000551,2016-06-22,2016-06-22,C,1.85,2016-01-27
833,2016-05-16 11:24:00,2016-05-16,0.2168,0.0,0.0,1936.0,0.2168,0.2168,0.2168,10000551,2016-06-22,2016-06-22,C,1.85,2016-01-27
834,2016-05-16 11:25:00,2016-05-16,0.2168,0.0,0.0,1936.0,0.2168,0.2168,0.2168,10000551,2016-06-22,2016-06-22,C,1.85,2016-01-27
835,2016-05-16 11:26:00,2016-05-16,0.2168,0.0,0.0,1936.0,0.2168,0.2168,0.2168,10000551,2016-06-22,2016-06-22,C,1.85,2016-01-27
836,2016-05-16 11:27:00,2016-05-16,0.2168,0.0,0.0,1936.0,0.2168,0.2168,0.2168,10000551,2016-06-22,2016-06-22,C,1.85,2016-01-27
837,2016-05-16 11:28:00,2016-05-16,0.2168,0.0,0.0,1936.0,0.2168,0.2168,0.2168,10000551,2016-06-22,2016-06-22,C,1.85,2016-01-27
838,2016-05-16 11:29:00,2016-05-16,0.2168,0.0,0.0,1936.0,0.2168,0.2168,0.2168,10000551,2016-06-22,2016-06-22,C,1.85,2016-01-27
839,2016-05-16 11:30:00,2016-05-16,0.2168,0.0,0.0,1936.0,0.2168,0.2168,0.2168,10000551,2016-06-22,2016-06-22,C,1.85,2016-01-27
840,2016-05-16 13:01:00,2016-05-16,0.2168,0.0,0.0,1936.0,0.2168,0.2168,0.2168,10000551,2016-06-22,2016-06-22,C,1.85,2016-01-27
841,2016-05-16 13:02:00,2016-05-16,0.2168,12843.0,6.0,1935.0,0.2168,0.2138,0.2138,10000551,2016-06-22,2016-06-22,C,1.85,2016-01-27
842,2016-05-16 13:03:00,2016-05-16,0.2138,0.0,0.0,1935.0,0.2138,0.2138,0.2138,10000551,2016-06-22,2016-06-22,C,1.85,2016-01-27
843,2016-05-16 13:04:00,2016-05-16,0.2138,0.0,0.0,1935.0,0.2138,0.2138,0.2138,10000551,2016-06-22,2016-06-22,C,1.85,2016-01-27
844,2016-05-16 13:05:00,2016-05-16,0.2138,0.0,0.0,1935.0,0.2138,0.2138,0.2138,10000551,2016-06-22,2016-06-22,C,1.85,2016-01-27
845,2016-05-16 13:06:00,2016-05-16,0.2138,0.0,0.0,1935.0,0.2138,0.2138,0.2138,10000551,2016-06-22,2016-06-22,C,1.85,2016-01-27
846,2016-05-16 13:07:00,2016-05-16,0.2138,0.0,0.0,1935.0,0.2138,0.2138,0.2138,10000551,2016-06-22,2016-06-22,C,1.85,2016-01-27
847,2016-05-16 13:08:00,2016-05-16,0.2138,0.0,0.0,1935.0,0.2138,0.2138,0.2138,10000551,2016-06-22,2016-06-22,C,1.85,2016-01-27
848,2016-05-16 13:09:00,2016-05-16,0.2138,0.0,0.0,1935.0,0.2138,0.2138,0.2138,10000551,2016-06-22,2016-06-22,C,1.85,2016-01-27
849,2016-05-16 13:10:00,2016-05-16,0.2138,0.0,0.0,1935.0,0.2138,0.2138,0.2138,10000551,2016-06-22,2016-06-22,C,1.85,2016-01-27
850,2016-05-16 13:11:00,2016-05-16,0.2138,0.0,0.0,1935.0,0.2138,0.2138,0.2138,10000551,2016-06-22,2016-06-22,C,1.85,2016-01-27
851,2016-05-16 13:12:00,2016-05-16,0.2138,0.0,0.0,1935.0,0.2138,0.2138,0.2138,10000551,2016-06-22,2016-06-22,C,1.85,2016-01-27
852,2016-05-16 13:13:00,2016-05-16,0.2138,0.0,0.0,1935.0,0.2138,0.2138,0.2138,10000551,2016-06-22,2016-06-22,C,1.85,2016-01-27
853,2016-05-16 13:14:00,2016-05-16,0.2138,0.0,0.0,1935.0,0.2138,0.2138,0.2138,10000551,2016-06-22,2016-06-22,C,1.85,2016-01-27
854,2016-05-16 13:15:00,2016-05-16,0.2138,0.0,0.0,1935.0,0.2138,0.2138,0.2138,10000551,2016-06-22,2016-06-22,C,1.85,2016-01-27
855,2016-05-16 13:16:00,2016-05-16,0.2138,0.0,0.0,1935.0,0.2138,0.2138,0.2138,10000551,2016-06-22,2016-06-22,C,1.85,2016-01-27
856,2016-05-16 13:17:00,2016-05-16,0.2138,0.0,0.0,1935.0,0.2138,0.2138,0.2138,10000551,2016-06-22,2016-06-22,C,1.85,2016-01-27
857,2016-05-16 13:18:00,2016-05-16,0.2138,0.0,0.0,1935.0,0.2138,0.2138,0.2138,10000551,2016-06-22,2016-06-22,C,1.85,2016-01-27
858,2016-05-16 13:19:00,2016-05-16,0.2138,0.0,0.0,1935.0,0.2138,0.2138,0.2138,10000551,2016-06-22,2016-06-22,C,1.85,2016-01-27
859,2016-05-16 13:20:00,2016-05-16,0.2138,0.0,0.0,1935.0,0.2138,0.2138,0.2138,10000551,2016-06-22,2016-06-22,C,1.85,2016-01-27
860,2016-05-16 13:21:00,2016-05-16,0.2138,0.0,0.0,1935.0,0.2138,0.2138,0.2138,10000551,2016-06-22,2016-06-22,C,1.85,2016-01-27
861,2016-05-16 13:22:00,2016-05-16,0.2138,0.0,0.0,1935.0,0.2138,0.2138,0.2138,10000551,2016-06-22,2016-06-22,C,1.85,2016-01-27
862,2016-05-16 13:23:00,2016-05-16,0.2138,0.0,0.0,1935.0,0.2138,0.2138,0.2138,10000551,2016-06-22,2016-06-22,C,1.85,2016-01-27
863,2016-05-16 13:24:00,2016-05-16,0.2138,0.0,0.0,1935.0,0.2138,0.2138,0.2138,10000551,2016-06-22,2016-06-22,C,1.85,2016-01-27
864,2016-05-16 13:25:00,2016-05-16,0.2138,0.0,0.0,1935.0,0.2138,0.2138,0.2138,10000551,2016-06-22,2016-06-22,C,1.85,2016-01-27
865,2016-05-16 13:26:00,2016-05-16,0.2138,0.0,0.0,1935.0,0.2138,0.2138,0.2138,10000551,2016-06-22,2016-06-22,C,1.85,2016-01-27
866,2016-05-16 13:27:00,2016-05-16,0.2138,0.0,0.0,1935.0,0.2138,0.2138,0.2138,10000551,2016-06-22,2016-06-22,C,1.85,2016-01-27
867,2016-05-16 13:28:00,2016-05-16,0.2138,0.0,0.0,1935.0,0.2138,0.2138,0.2138,10000551,2016-06-22,2016-06-22,C,1.85,2016-01-27
868,2016-05-16 13:29:00,2016-05-16,0.2138,0.0,0.0,1935.0,0.2138,0.2138,0.2138,10000551,2016-06-22,2016-06-22,C,1.85,2016-01-27
869,2016-05-16 13:30:00,2016-05-16,0.2138,0.0,0.0,1935.0,0.2138,0.2138,0.2138,10000551,2016-06-22,2016-06-22,C,1.85,2016-01-27
870,2016-05-16 13:31:00,2016-05-16,0.2138,0.0,0.0,1935.0,0.2138,0.2138,0.2138,10000551,2016-06-22,2016-06-22,C,1.85,2016-01-27
871,2016-05-16 13:32:00,2016-05-16,0.2138,0.0,0.0,1935.0,0.2138,0.2138,0.2138,10000551,2016-06-22,2016-06-22,C,1.85,2016-01-27
872,2016-05-16 13:33:00,2016-05-16,0.2138,2130.0,1.0,1935.0,0.2138,0.213,0.213,10000551,2016-06-22,2016-06-22,C,1.85,2016-01-27
873,2016-05-16 13:34:00,2016-05-16,0.213,2130.0,1.0,1935.0,0.213,0.213,0.213,10000551,2016-06-22,2016-06-22,C,1.85,2016-01-27
874,2016-05-16 13:35:00,2016-05-16,0.213,2130.0,1.0,1935.0,0.213,0.213,0.213,10000551,2016-06-22,2016-06-22,C,1.85,2016-01-27
875,2016-05-16 13:36:00,2016-05-16,0.213,0.0,0.0,1935.0,0.213,0.213,0.213,10000551,2016-06-22,2016-06-22,C,1.85,2016-01-27
876,2016-05-16 13:37:00,2016-05-16,0.213,0.0,0.0,1935.0,0.213,0.213,0.213,10000551,2016-06-22,2016-06-22,C,1.85,2016-01-27
877,2016-05-16 13:38:00,2016-05-16,0.213,0.0,0.0,1935.0,0.213,0.213,0.213,10000551,2016-06-22,2016-06-22,C,1.85,2016-01-27
878,2016-05-16 13:39:00,2016-05-16,0.213,4260.0,2.0,1937.0,0.213,0.213,0.213,10000551,2016-06-22,2016-06-22,C,1.85,2016-01-27
879,2016-05-16 13:40:00,2016-05-16,0.213,0.0,0.0,1937.0,0.213,0.213,0.213,10000551,2016-06-22,2016-06-22,C,1.85,2016-01-27
880,2016-05-16 13:41:00,2016-05-16,0.213,0.0,0.0,1937.0,0.213,0.213,0.213,10000551,2016-06-22,2016-06-22,C,1.85,2016-01-27
881,2016-05-16 13:42:00,2016-05-16,0.213,0.0,0.0,1937.0,0.213,0.213,0.213,10000551,2016-06-22,2016-06-22,C,1.85,2016-01-27
882,2016-05-16 13:43:00,2016-05-16,0.213,0.0,0.0,1937.0,0.213,0.213,0.213,10000551,2016-06-22,2016-06-22,C,1.85,2016-01-27
883,2016-05-16 13:44:00,2016-05-16,0.213,0.0,0.0,1937.0,0.213,0.213,0.213,10000551,2016-06-22,2016-06-22,C,1.85,2016-01-27
884,2016-05-16 13:45:00,2016-05-16,0.213,0.0,0.0,1937.0,0.213,0.213,0.213,10000551,2016-06-22,2016-06-22,C,1.85,2016-01-27
885,2016-05-16 13:46:00,2016-05-16,0.213,0.0,0.0,1937.0,0.213,0.213,0.213,10000551,2016-06-22,2016-06-22,C,1.85,2016-01-27
886,2016-05-16 13:47:00,2016-05-16,0.213,0.0,0.0,1937.0,0.213,0.213,0.213,10000551,2016-06-22,2016-06-22,C,1.85,2016-01-27
887,2016-05-16 13:48:00,2016-05-16,0.213,0.0,0.0,1937.0,0.213,0.213,0.213,10000551,2016-06-22,2016-06-22,C,1.85,2016-01-27
888,2016-05-16 13:49:00,2016-05-16,0.213,0.0,0.0,1937.0,0.213,0.213,0.213,10000551,2016-06-22,2016-06-22,C,1.85,2016-01-27
889,2016-05-16 13:50:00,2016-05-16,0.213,0.0,0.0,1937.0,0.213,0.213,0.213,10000551,2016-06-22,2016-06-22,C,1.85,2016-01-27
890,2016-05-16 13:51:00,2016-05-16,0.213,0.0,0.0,1937.0,0.213,0.213,0.213,10000551,2016-06-22,2016-06-22,C,1.85,2016-01-27
891,2016-05-16 13:52:00,2016-05-16,0.213,0.0,0.0,1937.0,0.213,0.213,0.213,10000551,2016-06-22,2016-06-22,C,1.85,2016-01-27
892,2016-05-16 13:53:00,2016-05-16,0.213,0.0,0.0,1937.0,0.213,0.213,0.213,10000551,2016-06-22,2016-06-22,C,1.85,2016-01-27
893,2016-05-16 13:54:00,2016-05-16,0.2146,12876.0,6.0,1943.0,0.213,0.2146,0.213,10000551,2016-06-22,2016-06-22,C,1.85,2016-01-27
894,2016-05-16 13:55:00,2016-05-16,0.2148,2148.0,1.0,1944.0,0.2146,0.2148,0.2146,10000551,2016-06-22,2016-06-22,C,1.85,2016-01-27
895,2016-05-16 13:56:00,2016-05-16,0.2148,0.0,0.0,1944.0,0.2148,0.2148,0.2148,10000551,2016-06-22,2016-06-22,C,1.85,2016-01-27
896,2016-05-16 13:57:00,2016-05-16,0.2148,0.0,0.0,1944.0,0.2148,0.2148,0.2148,10000551,2016-06-22,2016-06-22,C,1.85,2016-01-27
897,2016-05-16 13:58:00,2016-05-16,0.2148,0.0,0.0,1944.0,0.2148,0.2148,0.2148,10000551,2016-06-22,2016-06-22,C,1.85,2016-01-27
898,2016-05-16 13:59:00,2016-05-16,0.2148,0.0,0.0,1944.0,0.2148,0.2148,0.2148,10000551,2016-06-22,2016-06-22,C,1.85,2016-01-27
899,2016-05-16 14:00:00,2016-05-16,0.2148,2148.0,1.0,1944.0,0.2148,0.2148,0.2148,10000551,2016-06-22,2016-06-22,C,1.85,2016-01-27
900,2016-05-16 14:01:00,2016-05-16,0.2148,0.0,0.0,1944.0,0.2148,0.2148,0.2148,10000551,2016-06-22,2016-06-22,C,1.85,2016-01-27
901,2016-05-16 14:02:00,2016-05-16,0.2148,0.0,0.0,1944.0,0.2148,0.2148,0.2148,10000551,2016-06-22,2016-06-22,C,1.85,2016-01-27
902,2016-05-16 14:03:00,2016-05-16,0.2148,0.0,0.0,1944.0,0.2148,0.2148,0.2148,10000551,2016-06-22,2016-06-22,C,1.85,2016-01-27
903,2016-05-16 14:04:00,2016-05-16,0.2148,0.0,0.0,1944.0,0.2148,0.2148,0.2148,10000551,2016-06-22,2016-06-22,C,1.85,2016-01-27
904,2016-05-16 14:05:00,2016-05-16,0.2148,0.0,0.0,1944.0,0.2148,0.2148,0.2148,10000551,2016-06-22,2016-06-22,C,1.85,2016-01-27
905,2016-05-16 14:06:00,2016-05-16,0.2148,0.0,0.0,1944.0,0.2148,0.2148,0.2148,10000551,2016-06-22,2016-06-22,C,1.85,2016-01-27
906,2016-05-16 14:07:00,2016-05-16,0.2148,0.0,0.0,1944.0,0.2148,0.2148,0.2148,10000551,2016-06-22,2016-06-22,C,1.85,2016-01-27
907,2016-05-16 14:08:00,2016-05-16,0.2148,0.0,0.0,1944.0,0.2148,0.2148,0.2148,10000551,2016-06-22,2016-06-22,C,1.85,2016-01-27
908,2016-05-16 14:09:00,2016-05-16,0.2148,0.0,0.0,1944.0,0.2148,0.2148,0.2148,10000551,2016-06-22,2016-06-22,C,1.85,2016-01-27
909,2016-05-16 14:10:00,2016-05-16,0.2148,0.0,0.0,1944.0,0.2148,0.2148,0.2148,10000551,2016-06-22,2016-06-22,C,1.85,2016-01-27
910,2016-05-16 14:11:00,2016-05-16,0.2148,0.0,0.0,1944.0,0.2148,0.2148,0.2148,10000551,2016-06-22,2016-06-22,C,1.85,2016-01-27
911,2016-05-16 14:12:00,2016-05-16,0.2148,0.0,0.0,1944.0,0.2148,0.2148,0.2148,10000551,2016-06-22,2016-06-22,C,1.85,2016-01-27
912,2016-05-16 14:13:00,2016-05-16,0.2148,0.0,0.0,1944.0,0.2148,0.2148,0.2148,10000551,2016-06-22,2016-06-22,C,1.85,2016-01-27
913,2016-05-16 14:14:00,2016-05-16,0.2148,0.0,0.0,1944.0,0.2148,0.2148,0.2148,10000551,2016-06-22,2016-06-22,C,1.85,2016-01-27
914,2016-05-16 14:15:00,2016-05-16,0.2148,0.0,0.0,1944.0,0.2148,0.2148,0.2148,10000551,2016-06-22,2016-06-22,C,1.85,2016-01-27
915,2016-05-16 14:16:00,2016-05-16,0.2148,33624.0,16.0,1944.0,0.2148,0.2102,0.2096,10000551,2016-06-22,2016-06-22,C,1.85,2016-01-27
916,2016-05-16 14:17:00,2016-05-16,0.2102,0.0,0.0,1944.0,0.2102,0.2102,0.2102,10000551,2016-06-22,2016-06-22,C,1.85,2016-01-27
917,2016-05-16 14:18:00,2016-05-16,0.2102,0.0,0.0,1944.0,0.2102,0.2102,0.2102,10000551,2016-06-22,2016-06-22,C,1.85,2016-01-27
918,2016-05-16 14:19:00,2016-05-16,0.2102,0.0,0.0,1944.0,0.2102,0.2102,0.2102,10000551,2016-06-22,2016-06-22,C,1.85,2016-01-27
919,2016-05-16 14:20:00,2016-05-16,0.2102,0.0,0.0,1944.0,0.2102,0.2102,0.2102,10000551,2016-06-22,2016-06-22,C,1.85,2016-01-27
920,2016-05-16 14:21:00,2016-05-16,0.2102,0.0,0.0,1944.0,0.2102,0.2102,0.2102,10000551,2016-06-22,2016-06-22,C,1.85,2016-01-27
921,2016-05-16 14:22:00,2016-05-16,0.2102,2100.0,1.0,1944.0,0.2102,0.21,0.21,10000551,2016-06-22,2016-06-22,C,1.85,2016-01-27
922,2016-05-16 14:23:00,2016-05-16,0.21,0.0,0.0,1944.0,0.21,0.21,0.21,10000551,2016-06-22,2016-06-22,C,1.85,2016-01-27
923,2016-05-16 14:24:00,2016-05-16,0.21,0.0,0.0,1944.0,0.21,0.21,0.21,10000551,2016-06-22,2016-06-22,C,1.85,2016-01-27
924,2016-05-16 14:25:00,2016-05-16,0.21,0.0,0.0,1944.0,0.21,0.21,0.21,10000551,2016-06-22,2016-06-22,C,1.85,2016-01-27
925,2016-05-16 14:26:00,2016-05-16,0.21,0.0,0.0,1944.0,0.21,0.21,0.21,10000551,2016-06-22,2016-06-22,C,1.85,2016-01-27
926,2016-05-16 14:27:00,2016-05-16,0.21,0.0,0.0,1944.0,0.21,0.21,0.21,10000551,2016-06-22,2016-06-22,C,1.85,2016-01-27
927,2016-05-16 14:28:00,2016-05-16,0.21,0.0,0.0,1944.0,0.21,0.21,0.21,10000551,2016-06-22,2016-06-22,C,1.85,2016-01-27
928,2016-05-16 14:29:00,2016-05-16,0.21,0.0,0.0,1944.0,0.21,0.21,0.21,10000551,2016-06-22,2016-06-22,C,1.85,2016-01-27
929,2016-05-16 14:30:00,2016-05-16,0.21,0.0,0.0,1944.0,0.21,0.21,0.21,10000551,2016-06-22,2016-06-22,C,1.85,2016-01-27
930,2016-05-16 14:31:00,2016-05-16,0.21,0.0,0.0,1944.0,0.21,0.21,0.21,10000551,2016-06-22,2016-06-22,C,1.85,2016-01-27
931,2016-05-16 14:32:00,2016-05-16,0.21,0.0,0.0,1944.0,0.21,0.21,0.21,10000551,2016-06-22,2016-06-22,C,1.85,2016-01-27
932,2016-05-16 14:33:00,2016-05-16,0.21,0.0,0.0,1944.0,0.21,0.21,0.21,10000551,2016-06-22,2016-06-22,C,1.85,2016-01-27
933,2016-05-16 14:34:00,2016-05-16,0.21,0.0,0.0,1944.0,0.21,0.21,0.21,10000551,2016-06-22,2016-06-22,C,1.85,2016-01-27
934,2016-05-16 14:35:00,2016-05-16,0.21,0.0,0.0,1944.0,0.21,0.21,0.21,10000551,2016-06-22,2016-06-22,C,1.85,2016-01-27
935,2016-05-16 14:36:00,2016-05-16,0.21,0.0,0.0,1944.0,0.21,0.21,0.21,10000551,2016-06-22,2016-06-22,C,1.85,2016-01-27
936,2016-05-16 14:37:00,2016-05-16,0.21,0.0,0.0,1944.0,0.21,0.21,0.21,10000551,2016-06-22,2016-06-22,C,1.85,2016-01-27
937,2016-05-16 14:38:00,2016-05-16,0.21,0.0,0.0,1944.0,0.21,0.21,0.21,10000551,2016-06-22,2016-06-22,C,1.85,2016-01-27
938,2016-05-16 14:39:00,2016-05-16,0.21,0.0,0.0,1944.0,0.21,0.21,0.21,10000551,2016-06-22,2016-06-22,C,1.85,2016-01-27
939,2016-05-16 14:40:00,2016-05-16,0.21,0.0,0.0,1944.0,0.21,0.21,0.21,10000551,2016-06-22,2016-06-22,C,1.85,2016-01-27
940,2016-05-16 14:41:00,2016-05-16,0.2148,2148.0,1.0,1944.0,0.21,0.2148,0.21,10000551,2016-06-22,2016-06-22,C,1.85,2016-01-27
941,2016-05-16 14:42:00,2016-05-16,0.2148,0.0,0.0,1944.0,0.2148,0.2148,0.2148,10000551,2016-06-22,2016-06-22,C,1.85,2016-01-27
942,2016-05-16 14:43:00,2016-05-16,0.2148,0.0,0.0,1944.0,0.2148,0.2148,0.2148,10000551,2016-06-22,2016-06-22,C,1.85,2016-01-27
943,2016-05-16 14:44:00,2016-05-16,0.2148,0.0,0.0,1944.0,0.2148,0.2148,0.2148,10000551,2016-06-22,2016-06-22,C,1.85,2016-01-27
944,2016-05-16 14:45:00,2016-05-16,0.2148,0.0,0.0,1944.0,0.2148,0.2148,0.2148,10000551,2016-06-22,2016-06-22,C,1.85,2016-01-27
945,2016-05-16 14:46:00,2016-05-16,0.2148,0.0,0.0,1944.0,0.2148,0.2148,0.2148,10000551,2016-06-22,2016-06-22,C,1.85,2016-01-27
946,2016-05-16 14:47:00,2016-05-16,0.2148,0.0,0.0,1944.0,0.2148,0.2148,0.2148,10000551,2016-06-22,2016-06-22,C,1.85,2016-01-27
947,2016-05-16 14:48:00,2016-05-16,0.2148,0.0,0.0,1944.0,0.2148,0.2148,0.2148,10000551,2016-06-22,2016-06-22,C,1.85,2016-01-27
948,2016-05-16 14:49:00,2016-05-16,0.2148,0.0,0.0,1944.0,0.2148,0.2148,0.2148,10000551,2016-06-22,2016-06-22,C,1.85,2016-01-27
949,2016-05-16 14:50:00,2016-05-16,0.2148,0.0,0.0,1944.0,0.2148,0.2148,0.2148,10000551,2016-06-22,2016-06-22,C,1.85,2016-01-27
950,2016-05-16 14:51:00,2016-05-16,0.2148,0.0,0.0,1944.0,0.2148,0.2148,0.2148,10000551,2016-06-22,2016-06-22,C,1.85,2016-01-27
951,2016-05-16 14:52:00,2016-05-16,0.2163,10815.0,5.0,1944.0,0.2148,0.2163,0.2148,10000551,2016-06-22,2016-06-22,C,1.85,2016-01-27
952,2016-05-16 14:53:00,2016-05-16,0.2163,2161.0,1.0,1944.0,0.2163,0.2161,0.2161,10000551,2016-06-22,2016-06-22,C,1.85,2016-01-27
953,2016-05-16 14:54:00,2016-05-16,0.2163,4326.0,2.0,1944.0,0.2161,0.2163,0.2161,10000551,2016-06-22,2016-06-22,C,1.85,2016-01-27
954,2016-05-16 14:55:00,2016-05-16,0.2163,0.0,0.0,1944.0,0.2163,0.2163,0.2163,10000551,2016-06-22,2016-06-22,C,1.85,2016-01-27
955,2016-05-16 14:56:00,2016-05-16,0.2163,2151.0,1.0,1944.0,0.2163,0.2151,0.2151,10000551,2016-06-22,2016-06-22,C,1.85,2016-01-27
956,2016-05-16 14:57:00,2016-05-16,0.2151,21480.0,10.0,1944.0,0.2151,0.2148,0.2148,10000551,2016-06-22,2016-06-22,C,1.85,2016-01-27
957,2016-05-16 14:58:00,2016-05-16,0.2148,0.0,0.0,1944.0,0.2148,0.2148,0.2148,10000551,2016-06-22,2016-06-22,C,1.85,2016-01-27
958,2016-05-16 14:59:00,2016-05-16,0.2148,0.0,0.0,1944.0,0.2148,0.2148,0.2148,10000551,2016-06-22,2016-06-22,C,1.85,2016-01-27
959,2016-05-16 15:00:00,2016-05-16,0.2148,0.0,0.0,1944.0,0.2148,0.2148,0.2148,10000551,2016-06-22,2016-06-22,C,1.85,2016-01-27
960,2016-05-16 09:31:00,2016-05-16,0.125,0.0,0.0,4527.0,0.125,0.125,0.125,10000572,2016-09-28,2016-09-28,P,2.1,2016-02-01
961,2016-05-16 09:32:00,2016-05-16,0.125,0.0,0.0,4527.0,0.125,0.125,0.125,10000572,2016-09-28,2016-09-28,P,2.1,2016-02-01
962,2016-05-16 09:33:00,2016-05-16,0.1307,13070.0,10.0,4537.0,0.1307,0.1307,0.1307,10000572,2016-09-28,2016-09-28,P,2.1,2016-02-01
963,2016-05-16 09:34:00,2016-05-16,0.1307,0.0,0.0,4537.0,0.1307,0.1307,0.1307,10000572,2016-09-28,2016-09-28,P,2.1,2016-02-01
964,2016-05-16 09:35:00,2016-05-16,0.1307,2603.0,2.0,4537.0,0.1307,0.1301,0.1301,10000572,2016-09-28,2016-09-28,P,2.1,2016-02-01
965,2016-05-16 09:36:00,2016-05-16,0.1301,7584.0,6.0,4538.0,0.1301,0.1257,0.1257,10000572,2016-09-28,2016-09-28,P,2.1,2016-02-01
966,2016-05-16 09:37:00,2016-05-16,0.1263,6315.0,5.0,4543.0,0.1257,0.1263,0.1257,10000572,2016-09-28,2016-09-28,P,2.1,2016-02-01
967,2016-05-16 09:38:00,2016-05-16,0.1263,0.0,0.0,4543.0,0.1263,0.1263,0.1263,10000572,2016-09-28,2016-09-28,P,2.1,2016-02-01
968,2016-05-16 09:39:00,2016-05-16,0.1263,0.0,0.0,4543.0,0.1263,0.1263,0.1263,10000572,2016-09-28,2016-09-28,P,2.1,2016-02-01
969,2016-05-16 09:40:00,2016-05-16,0.128,10210.0,8.0,4543.0,0.1263,0.128,0.1252,10000572,2016-09-28,2016-09-28,P,2.1,2016-02-01
970,2016-05-16 09:41:00,2016-05-16,0.1285,1285.0,1.0,4544.0,0.128,0.1285,0.128,10000572,2016-09-28,2016-09-28,P,2.1,2016-02-01
971,2016-05-16 09:42:00,2016-05-16,0.1292,6460.0,5.0,4544.0,0.1285,0.1292,0.1285,10000572,2016-09-28,2016-09-28,P,2.1,2016-02-01
972,2016-05-16 09:43:00,2016-05-16,0.1292,1287.0,1.0,4545.0,0.1292,0.1287,0.1287,10000572,2016-09-28,2016-09-28,P,2.1,2016-02-01
973,2016-05-16 09:44:00,2016-05-16,0.1289,5156.0,4.0,4545.0,0.1287,0.1289,0.1287,10000572,2016-09-28,2016-09-28,P,2.1,2016-02-01
974,2016-05-16 09:45:00,2016-05-16,0.1289,0.0,0.0,4545.0,0.1289,0.1289,0.1289,10000572,2016-09-28,2016-09-28,P,2.1,2016-02-01
975,2016-05-16 09:46:00,2016-05-16,0.1289,0.0,0.0,4545.0,0.1289,0.1289,0.1289,10000572,2016-09-28,2016-09-28,P,2.1,2016-02-01
976,2016-05-16 09:47:00,2016-05-16,0.1294,1294.0,1.0,4545.0,0.1289,0.1294,0.1289,10000572,2016-09-28,2016-09-28,P,2.1,2016-02-01
977,2016-05-16 09:48:00,2016-05-16,0.1294,0.0,0.0,4545.0,0.1294,0.1294,0.1294,10000572,2016-09-28,2016-09-28,P,2.1,2016-02-01
978,2016-05-16 09:49:00,2016-05-16,0.1294,0.0,0.0,4545.0,0.1294,0.1294,0.1294,10000572,2016-09-28,2016-09-28,P,2.1,2016-02-01
979,2016-05-16 09:50:00,2016-05-16,0.1294,0.0,0.0,4545.0,0.1294,0.1294,0.1294,10000572,2016-09-28,2016-09-28,P,2.1,2016-02-01
980,2016-05-16 09:51:00,2016-05-16,0.1294,0.0,0.0,4545.0,0.1294,0.1294,0.1294,10000572,2016-09-28,2016-09-28,P,2.1,2016-02-01
981,2016-05-16 09:52:00,2016-05-16,0.1295,10360.0,8.0,4551.0,0.1294,0.1295,0.1294,10000572,2016-09-28,2016-09-28,P,2.1,2016-02-01
982,2016-05-16 09:53:00,2016-05-16,0.1312,5228.0,4.0,4553.0,0.1295,0.1312,0.1295,10000572,2016-09-28,2016-09-28,P,2.1,2016-02-01
983,2016-05-16 09:54:00,2016-05-16,0.1322,3952.0,3.0,4556.0,0.1312,0.1308,0.1308,10000572,2016-09-28,2016-09-28,P,2.1,2016-02-01
984,2016-05-16 09:55:00,2016-05-16,0.1332,1332.0,1.0,4555.0,0.1308,0.1332,0.1308,10000572,2016-09-28,2016-09-28,P,2.1,2016-02-01
985,2016-05-16 09:56:00,2016-05-16,0.1333,3999.0,3.0,4554.0,0.1332,0.1333,0.1332,10000572,2016-09-28,2016-09-28,P,2.1,2016-02-01
986,2016-05-16 09:57:00,2016-05-16,0.1333,0.0,0.0,4554.0,0.1333,0.1333,0.1333,10000572,2016-09-28,2016-09-28,P,2.1,2016-02-01
987,2016-05-16 09:58:00,2016-05-16,0.1333,3990.0,3.0,4554.0,0.1333,0.133,0.133,10000572,2016-09-28,2016-09-28,P,2.1,2016-02-01
988,2016-05-16 09:59:00,2016-05-16,0.133,0.0,0.0,4554.0,0.133,0.133,0.133,10000572,2016-09-28,2016-09-28,P,2.1,2016-02-01
989,2016-05-16 10:00:00,2016-05-16,0.133,5320.0,4.0,4554.0,0.133,0.133,0.133,10000572,2016-09-28,2016-09-28,P,2.1,2016-02-01
990,2016-05-16 10:01:00,2016-05-16,0.133,3990.0,3.0,4554.0,0.133,0.133,0.133,10000572,2016-09-28,2016-09-28,P,2.1,2016-02-01
991,2016-05-16 10:02:00,2016-05-16,0.1343,12087.0,9.0,4556.0,0.133,0.1343,0.133,10000572,2016-09-28,2016-09-28,P,2.1,2016-02-01
992,2016-05-16 10:03:00,2016-05-16,0.1343,0.0,0.0,4556.0,0.1343,0.1343,0.1343,10000572,2016-09-28,2016-09-28,P,2.1,2016-02-01
993,2016-05-16 10:04:00,2016-05-16,0.1343,0.0,0.0,4556.0,0.1343,0.1343,0.1343,10000572,2016-09-28,2016-09-28,P,2.1,2016-02-01
994,2016-05-16 10:05:00,2016-05-16,0.1343,0.0,0.0,4556.0,0.1343,0.1343,0.1343,10000572,2016-09-28,2016-09-28,P,2.1,2016-02-01
995,2016-05-16 10:06:00,2016-05-16,0.1343,0.0,0.0,4556.0,0.1343,0.1343,0.1343,10000572,2016-09-28,2016-09-28,P,2.1,2016-02-01
996,2016-05-16 10:07:00,2016-05-16,0.1343,0.0,0.0,4556.0,0.1343,0.1343,0.1343,10000572,2016-09-28,2016-09-28,P,2.1,2016-02-01
997,2016-05-16 10:08:00,2016-05-16,0.1343,0.0,0.0,4556.0,0.1343,0.1343,0.1343,10000572,2016-09-28,2016-09-28,P,2.1,2016-02-01
998,2016-05-16 10:09:00,2016-05-16,0.1343,0.0,0.0,4556.0,0.1343,0.1343,0.1343,10000572,2016-09-28,2016-09-28,P,2.1,2016-02-01
999,2016-05-16 10:10:00,2016-05-16,0.1343,0.0,0.0,4556.0,0.1343,0.1343,0.1343,10000572,2016-09-28,2016-09-28,P,2.1,2016-02-01
1000,2016-05-16 10:11:00,2016-05-16,0.1343,0.0,0.0,4556.0,0.1343,0.1343,0.1343,10000572,2016-09-28,2016-09-28,P,2.1,2016-02-01
1001,2016-05-16 10:12:00,2016-05-16,0.1343,3987.0,3.0,4556.0,0.1343,0.1329,0.1329,10000572,2016-09-28,2016-09-28,P,2.1,2016-02-01
1002,2016-05-16 10:13:00,2016-05-16,0.1329,14448.0,11.0,4565.0,0.1329,0.131,0.131,10000572,2016-09-28,2016-09-28,P,2.1,2016-02-01
1003,2016-05-16 10:14:00,2016-05-16,0.131,0.0,0.0,4565.0,0.131,0.131,0.131,10000572,2016-09-28,2016-09-28,P,2.1,2016-02-01
1004,2016-05-16 10:15:00,2016-05-16,0.131,0.0,0.0,4565.0,0.131,0.131,0.131,10000572,2016-09-28,2016-09-28,P,2.1,2016-02-01
1005,2016-05-16 10:16:00,2016-05-16,0.131,0.0,0.0,4565.0,0.131,0.131,0.131,10000572,2016-09-28,2016-09-28,P,2.1,2016-02-01
1006,2016-05-16 10:17:00,2016-05-16,0.131,0.0,0.0,4565.0,0.131,0.131,0.131,10000572,2016-09-28,2016-09-28,P,2.1,2016-02-01
1007,2016-05-16 10:18:00,2016-05-16,0.131,0.0,0.0,4565.0,0.131,0.131,0.131,10000572,2016-09-28,2016-09-28,P,2.1,2016-02-01
1008,2016-05-16 10:19:00,2016-05-16,0.131,0.0,0.0,4565.0,0.131,0.131,0.131,10000572,2016-09-28,2016-09-28,P,2.1,2016-02-01
1009,2016-05-16 10:20:00,2016-05-16,0.1326,6630.0,5.0,4565.0,0.131,0.1326,0.131,10000572,2016-09-28,2016-09-28,P,2.1,2016-02-01
1010,2016-05-16 10:21:00,2016-05-16,0.1326,0.0,0.0,4565.0,0.1326,0.1326,0.1326,10000572,2016-09-28,2016-09-28,P,2.1,2016-02-01
1011,2016-05-16 10:22:00,2016-05-16,0.1326,0.0,0.0,4565.0,0.1326,0.1326,0.1326,10000572,2016-09-28,2016-09-28,P,2.1,2016-02-01
1012,2016-05-16 10:23:00,2016-05-16,0.1326,0.0,0.0,4565.0,0.1326,0.1326,0.1326,10000572,2016-09-28,2016-09-28,P,2.1,2016-02-01
1013,2016-05-16 10:24:00,2016-05-16,0.1326,0.0,0.0,4565.0,0.1326,0.1326,0.1326,10000572,2016-09-28,2016-09-28,P,2.1,2016-02-01
1014,2016-05-16 10:25:00,2016-05-16,0.1326,0.0,0.0,4565.0,0.1326,0.1326,0.1326,10000572,2016-09-28,2016-09-28,P,2.1,2016-02-01
1015,2016-05-16 10:26:00,2016-05-16,0.1326,0.0,0.0,4565.0,0.1326,0.1326,0.1326,10000572,2016-09-28,2016-09-28,P,2.1,2016-02-01
1016,2016-05-16 10:27:00,2016-05-16,0.1326,0.0,0.0,4565.0,0.1326,0.1326,0.1326,10000572,2016-09-28,2016-09-28,P,2.1,2016-02-01
1017,2016-05-16 10:28:00,2016-05-16,0.1326,0.0,0.0,4565.0,0.1326,0.1326,0.1326,10000572,2016-09-28,2016-09-28,P,2.1,2016-02-01
1018,2016-05-16 10:29:00,2016-05-16,0.1326,0.0,0.0,4565.0,0.1326,0.1326,0.1326,10000572,2016-09-28,2016-09-28,P,2.1,2016-02-01
1019,2016-05-16 10:30:00,2016-05-16,0.1326,0.0,0.0,4565.0,0.1326,0.1326,0.1326,10000572,2016-09-28,2016-09-28,P,2.1,2016-02-01
1020,2016-05-16 10:31:00,2016-05-16,0.1326,0.0,0.0,4565.0,0.1326,0.1326,0.1326,10000572,2016-09-28,2016-09-28,P,2.1,2016-02-01
1021,2016-05-16 10:32:00,2016-05-16,0.1326,0.0,0.0,4565.0,0.1326,0.1326,0.1326,10000572,2016-09-28,2016-09-28,P,2.1,2016-02-01
1022,2016-05-16 10:33:00,2016-05-16,0.1326,0.0,0.0,4565.0,0.1326,0.1326,0.1326,10000572,2016-09-28,2016-09-28,P,2.1,2016-02-01
1023,2016-05-16 10:34:00,2016-05-16,0.1326,1300.0,1.0,4566.0,0.1326,0.13,0.13,10000572,2016-09-28,2016-09-28,P,2.1,2016-02-01
1024,2016-05-16 10:35:00,2016-05-16,0.13,0.0,0.0,4566.0,0.13,0.13,0.13,10000572,2016-09-28,2016-09-28,P,2.1,2016-02-01
1025,2016-05-16 10:36:00,2016-05-16,0.13,0.0,0.0,4566.0,0.13,0.13,0.13,10000572,2016-09-28,2016-09-28,P,2.1,2016-02-01
1026,2016-05-16 10:37:00,2016-05-16,0.13,0.0,0.0,4566.0,0.13,0.13,0.13,10000572,2016-09-28,2016-09-28,P,2.1,2016-02-01
1027,2016-05-16 10:38:00,2016-05-16,0.13,0.0,0.0,4566.0,0.13,0.13,0.13,10000572,2016-09-28,2016-09-28,P,2.1,2016-02-01
1028,2016-05-16 10:39:00,2016-05-16,0.13,0.0,0.0,4566.0,0.13,0.13,0.13,10000572,2016-09-28,2016-09-28,P,2.1,2016-02-01
1029,2016-05-16 10:40:00,2016-05-16,0.13,0.0,0.0,4566.0,0.13,0.13,0.13,10000572,2016-09-28,2016-09-28,P,2.1,2016-02-01
1030,2016-05-16 10:41:00,2016-05-16,0.13,0.0,0.0,4566.0,0.13,0.13,0.13,10000572,2016-09-28,2016-09-28,P,2.1,2016-02-01
1031,2016-05-16 10:42:00,2016-05-16,0.13,0.0,0.0,4566.0,0.13,0.13,0.13,10000572,2016-09-28,2016-09-28,P,2.1,2016-02-01
1032,2016-05-16 10:43:00,2016-05-16,0.13,0.0,0.0,4566.0,0.13,0.13,0.13,10000572,2016-09-28,2016-09-28,P,2.1,2016-02-01
1033,2016-05-16 10:44:00,2016-05-16,0.13,0.0,0.0,4566.0,0.13,0.13,0.13,10000572,2016-09-28,2016-09-28,P,2.1,2016-02-01
1034,2016-05-16 10:45:00,2016-05-16,0.13,0.0,0.0,4566.0,0.13,0.13,0.13,10000572,2016-09-28,2016-09-28,P,2.1,2016-02-01
1035,2016-05-16 10:46:00,2016-05-16,0.13,0.0,0.0,4566.0,0.13,0.13,0.13,10000572,2016-09-28,2016-09-28,P,2.1,2016-02-01
1036,2016-05-16 10:47:00,2016-05-16,0.13,0.0,0.0,4566.0,0.13,0.13,0.13,10000572,2016-09-28,2016-09-28,P,2.1,2016-02-01
1037,2016-05-16 10:48:00,2016-05-16,0.13,0.0,0.0,4566.0,0.13,0.13,0.13,10000572,2016-09-28,2016-09-28,P,2.1,2016-02-01
1038,2016-05-16 10:49:00,2016-05-16,0.13,0.0,0.0,4566.0,0.13,0.13,0.13,10000572,2016-09-28,2016-09-28,P,2.1,2016-02-01
1039,2016-05-16 10:50:00,2016-05-16,0.13,0.0,0.0,4566.0,0.13,0.13,0.13,10000572,2016-09-28,2016-09-28,P,2.1,2016-02-01
1040,2016-05-16 10:51:00,2016-05-16,0.13,0.0,0.0,4566.0,0.13,0.13,0.13,10000572,2016-09-28,2016-09-28,P,2.1,2016-02-01
1041,2016-05-16 10:52:00,2016-05-16,0.13,0.0,0.0,4566.0,0.13,0.13,0.13,10000572,2016-09-28,2016-09-28,P,2.1,2016-02-01
1042,2016-05-16 10:53:00,2016-05-16,0.13,0.0,0.0,4566.0,0.13,0.13,0.13,10000572,2016-09-28,2016-09-28,P,2.1,2016-02-01
1043,2016-05-16 10:54:00,2016-05-16,0.13,1275.0,1.0,4566.0,0.13,0.1275,0.1275,10000572,2016-09-28,2016-09-28,P,2.1,2016-02-01
1044,2016-05-16 10:55:00,2016-05-16,0.1275,0.0,0.0,4566.0,0.1275,0.1275,0.1275,10000572,2016-09-28,2016-09-28,P,2.1,2016-02-01
1045,2016-05-16 10:56:00,2016-05-16,0.1275,0.0,0.0,4566.0,0.1275,0.1275,0.1275,10000572,2016-09-28,2016-09-28,P,2.1,2016-02-01
1046,2016-05-16 10:57:00,2016-05-16,0.1275,0.0,0.0,4566.0,0.1275,0.1275,0.1275,10000572,2016-09-28,2016-09-28,P,2.1,2016-02-01
1047,2016-05-16 10:58:00,2016-05-16,0.1275,0.0,0.0,4566.0,0.1275,0.1275,0.1275,10000572,2016-09-28,2016-09-28,P,2.1,2016-02-01
1048,2016-05-16 10:59:00,2016-05-16,0.1275,1271.0,1.0,4566.0,0.1275,0.1271,0.1271,10000572,2016-09-28,2016-09-28,P,2.1,2016-02-01
1049,2016-05-16 11:00:00,2016-05-16,0.1271,3804.0,3.0,4567.0,0.1271,0.1267,0.1267,10000572,2016-09-28,2016-09-28,P,2.1,2016-02-01
1050,2016-05-16 11:01:00,2016-05-16,0.1267,2532.0,2.0,4567.0,0.1267,0.1265,0.1265,10000572,2016-09-28,2016-09-28,P,2.1,2016-02-01
1051,2016-05-16 11:02:00,2016-05-16,0.1265,2530.0,2.0,4567.0,0.1265,0.1265,0.1265,10000572,2016-09-28,2016-09-28,P,2.1,2016-02-01
1052,2016-05-16 11:03:00,2016-05-16,0.1265,0.0,0.0,4567.0,0.1265,0.1265,0.1265,10000572,2016-09-28,2016-09-28,P,2.1,2016-02-01
1053,2016-05-16 11:04:00,2016-05-16,0.1265,5052.0,4.0,4568.0,0.1265,0.1263,0.1263,10000572,2016-09-28,2016-09-28,P,2.1,2016-02-01
1054,2016-05-16 11:05:00,2016-05-16,0.1263,2526.0,2.0,4568.0,0.1263,0.1263,0.1263,10000572,2016-09-28,2016-09-28,P,2.1,2016-02-01
1055,2016-05-16 11:06:00,2016-05-16,0.1274,2548.0,2.0,4568.0,0.1263,0.1274,0.1263,10000572,2016-09-28,2016-09-28,P,2.1,2016-02-01
1056,2016-05-16 11:07:00,2016-05-16,0.1274,0.0,0.0,4568.0,0.1274,0.1274,0.1274,10000572,2016-09-28,2016-09-28,P,2.1,2016-02-01
1057,2016-05-16 11:08:00,2016-05-16,0.1274,5004.0,4.0,4572.0,0.1274,0.1251,0.1251,10000572,2016-09-28,2016-09-28,P,2.1,2016-02-01
1058,2016-05-16 11:09:00,2016-05-16,0.1251,0.0,0.0,4572.0,0.1251,0.1251,0.1251,10000572,2016-09-28,2016-09-28,P,2.1,2016-02-01
1059,2016-05-16 11:10:00,2016-05-16,0.1251,0.0,0.0,4572.0,0.1251,0.1251,0.1251,10000572,2016-09-28,2016-09-28,P,2.1,2016-02-01
1060,2016-05-16 11:11:00,2016-05-16,0.1251,2502.0,2.0,4574.0,0.1251,0.1251,0.1251,10000572,2016-09-28,2016-09-28,P,2.1,2016-02-01
1061,2016-05-16 11:12:00,2016-05-16,0.1251,0.0,0.0,4574.0,0.1251,0.1251,0.1251,10000572,2016-09-28,2016-09-28,P,2.1,2016-02-01
1062,2016-05-16 11:13:00,2016-05-16,0.1251,0.0,0.0,4574.0,0.1251,0.1251,0.1251,10000572,2016-09-28,2016-09-28,P,2.1,2016-02-01
1063,2016-05-16 11:14:00,2016-05-16,0.1252,2504.0,2.0,4576.0,0.1251,0.1252,0.1251,10000572,2016-09-28,2016-09-28,P,2.1,2016-02-01
1064,2016-05-16 11:15:00,2016-05-16,0.1252,0.0,0.0,4576.0,0.1252,0.1252,0.1252,10000572,2016-09-28,2016-09-28,P,2.1,2016-02-01
1065,2016-05-16 11:16:00,2016-05-16,0.1252,0.0,0.0,4576.0,0.1252,0.1252,0.1252,10000572,2016-09-28,2016-09-28,P,2.1,2016-02-01
1066,2016-05-16 11:17:00,2016-05-16,0.1252,0.0,0.0,4576.0,0.1252,0.1252,0.1252,10000572,2016-09-28,2016-09-28,P,2.1,2016-02-01
1067,2016-05-16 11:18:00,2016-05-16,0.1252,0.0,0.0,4576.0,0.1252,0.1252,0.1252,10000572,2016-09-28,2016-09-28,P,2.1,2016-02-01
1068,2016-05-16 11:19:00,2016-05-16,0.1252,0.0,0.0,4576.0,0.1252,0.1252,0.1252,10000572,2016-09-28,2016-09-28,P,2.1,2016-02-01
1069,2016-05-16 11:20:00,2016-05-16,0.1252,0.0,0.0,4576.0,0.1252,0.1252,0.1252,10000572,2016-09-28,2016-09-28,P,2.1,2016-02-01
1070,2016-05-16 11:21:00,2016-05-16,0.1252,0.0,0.0,4576.0,0.1252,0.1252,0.1252,10000572,2016-09-28,2016-09-28,P,2.1,2016-02-01
1071,2016-05-16 11:22:00,2016-05-16,0.1252,0.0,0.0,4576.0,0.1252,0.1252,0.1252,10000572,2016-09-28,2016-09-28,P,2.1,2016-02-01
1072,2016-05-16 11:23:00,2016-05-16,0.1252,0.0,0.0,4576.0,0.1252,0.1252,0.1252,10000572,2016-09-28,2016-09-28,P,2.1,2016-02-01
1073,2016-05-16 11:24:00,2016-05-16,0.1252,0.0,0.0,4576.0,0.1252,0.1252,0.1252,10000572,2016-09-28,2016-09-28,P,2.1,2016-02-01
1074,2016-05-16 11:25:00,2016-05-16,0.1252,12520.0,10.0,4576.0,0.1252,0.1252,0.1252,10000572,2016-09-28,2016-09-28,P,2.1,2016-02-01
1075,2016-05-16 11:26:00,2016-05-16,0.1252,25030.0,20.0,4596.0,0.1252,0.1252,0.1251,10000572,2016-09-28,2016-09-28,P,2.1,2016-02-01
1076,2016-05-16 11:27:00,2016-05-16,0.1252,0.0,0.0,4596.0,0.1252,0.1252,0.1252,10000572,2016-09-28,2016-09-28,P,2.1,2016-02-01
1077,2016-05-16 11:28:00,2016-05-16,0.1252,0.0,0.0,4596.0,0.1252,0.1252,0.1252,10000572,2016-09-28,2016-09-28,P,2.1,2016-02-01
1078,2016-05-16 11:29:00,2016-05-16,0.1252,0.0,0.0,4596.0,0.1252,0.1252,0.1252,10000572,2016-09-28,2016-09-28,P,2.1,2016-02-01
1079,2016-05-16 11:30:00,2016-05-16,0.1252,0.0,0.0,4596.0,0.1252,0.1252,0.1252,10000572,2016-09-28,2016-09-28,P,2.1,2016-02-01
1080,2016-05-16 13:01:00,2016-05-16,0.1252,0.0,0.0,4596.0,0.1252,0.1252,0.1252,10000572,2016-09-28,2016-09-28,P,2.1,2016-02-01
1081,2016-05-16 13:02:00,2016-05-16,0.1252,0.0,0.0,4596.0,0.1252,0.1252,0.1252,10000572,2016-09-28,2016-09-28,P,2.1,2016-02-01
1082,2016-05-16 13:03:00,2016-05-16,0.1252,0.0,0.0,4596.0,0.1252,0.1252,0.1252,10000572,2016-09-28,2016-09-28,P,2.1,2016-02-01
1083,2016-05-16 13:04:00,2016-05-16,0.1252,0.0,0.0,4596.0,0.1252,0.1252,0.1252,10000572,2016-09-28,2016-09-28,P,2.1,2016-02-01
1084,2016-05-16 13:05:00,2016-05-16,0.1252,0.0,0.0,4596.0,0.1252,0.1252,0.1252,10000572,2016-09-28,2016-09-28,P,2.1,2016-02-01
1085,2016-05-16 13:06:00,2016-05-16,0.1252,0.0,0.0,4596.0,0.1252,0.1252,0.1252,10000572,2016-09-28,2016-09-28,P,2.1,2016-02-01
1086,2016-05-16 13:07:00,2016-05-16,0.126,2520.0,2.0,4596.0,0.1252,0.126,0.1252,10000572,2016-09-28,2016-09-28,P,2.1,2016-02-01
1087,2016-05-16 13:08:00,2016-05-16,0.126,1260.0,1.0,4596.0,0.126,0.126,0.126,10000572,2016-09-28,2016-09-28,P,2.1,2016-02-01
1088,2016-05-16 13:09:00,2016-05-16,0.126,0.0,0.0,4596.0,0.126,0.126,0.126,10000572,2016-09-28,2016-09-28,P,2.1,2016-02-01
1089,2016-05-16 13:10:00,2016-05-16,0.126,0.0,0.0,4596.0,0.126,0.126,0.126,10000572,2016-09-28,2016-09-28,P,2.1,2016-02-01
1090,2016-05-16 13:11:00,2016-05-16,0.126,0.0,0.0,4596.0,0.126,0.126,0.126,10000572,2016-09-28,2016-09-28,P,2.1,2016-02-01
1091,2016-05-16 13:12:00,2016-05-16,0.126,5040.0,4.0,4596.0,0.126,0.126,0.126,10000572,2016-09-28,2016-09-28,P,2.1,2016-02-01
1092,2016-05-16 13:13:00,2016-05-16,0.126,7560.0,6.0,4596.0,0.126,0.126,0.126,10000572,2016-09-28,2016-09-28,P,2.1,2016-02-01
1093,2016-05-16 13:14:00,2016-05-16,0.126,0.0,0.0,4596.0,0.126,0.126,0.126,10000572,2016-09-28,2016-09-28,P,2.1,2016-02-01
1094,2016-05-16 13:15:00,2016-05-16,0.126,0.0,0.0,4596.0,0.126,0.126,0.126,10000572,2016-09-28,2016-09-28,P,2.1,2016-02-01
1095,2016-05-16 13:16:00,2016-05-16,0.126,0.0,0.0,4596.0,0.126,0.126,0.126,10000572,2016-09-28,2016-09-28,P,2.1,2016-02-01
1096,2016-05-16 13:17:00,2016-05-16,0.126,2520.0,2.0,4596.0,0.126,0.126,0.126,10000572,2016-09-28,2016-09-28,P,2.1,2016-02-01
1097,2016-05-16 13:18:00,2016-05-16,0.126,2520.0,2.0,4596.0,0.126,0.126,0.126,10000572,2016-09-28,2016-09-28,P,2.1,2016-02-01
1098,2016-05-16 13:19:00,2016-05-16,0.126,0.0,0.0,4596.0,0.126,0.126,0.126,10000572,2016-09-28,2016-09-28,P,2.1,2016-02-01
1099,2016-05-16 13:20:00,2016-05-16,0.126,7560.0,6.0,4599.0,0.126,0.126,0.126,10000572,2016-09-28,2016-09-28,P,2.1,2016-02-01
1100,2016-05-16 13:21:00,2016-05-16,0.126,0.0,0.0,4599.0,0.126,0.126,0.126,10000572,2016-09-28,2016-09-28,P,2.1,2016-02-01
1101,2016-05-16 13:22:00,2016-05-16,0.126,0.0,0.0,4599.0,0.126,0.126,0.126,10000572,2016-09-28,2016-09-28,P,2.1,2016-02-01
1102,2016-05-16 13:23:00,2016-05-16,0.126,0.0,0.0,4599.0,0.126,0.126,0.126,10000572,2016-09-28,2016-09-28,P,2.1,2016-02-01
1103,2016-05-16 13:24:00,2016-05-16,0.1275,15110.0,12.0,4611.0,0.126,0.1275,0.1256,10000572,2016-09-28,2016-09-28,P,2.1,2016-02-01
1104,2016-05-16 13:25:00,2016-05-16,0.1275,0.0,0.0,4611.0,0.1275,0.1275,0.1275,10000572,2016-09-28,2016-09-28,P,2.1,2016-02-01
1105,2016-05-16 13:26:00,2016-05-16,0.1275,0.0,0.0,4611.0,0.1275,0.1275,0.1275,10000572,2016-09-28,2016-09-28,P,2.1,2016-02-01
1106,2016-05-16 13:27:00,2016-05-16,0.1275,0.0,0.0,4611.0,0.1275,0.1275,0.1275,10000572,2016-09-28,2016-09-28,P,2.1,2016-02-01
1107,2016-05-16 13:28:00,2016-05-16,0.1275,0.0,0.0,4611.0,0.1275,0.1275,0.1275,10000572,2016-09-28,2016-09-28,P,2.1,2016-02-01
1108,2016-05-16 13:29:00,2016-05-16,0.1275,0.0,0.0,4611.0,0.1275,0.1275,0.1275,10000572,2016-09-28,2016-09-28,P,2.1,2016-02-01
1109,2016-05-16 13:30:00,2016-05-16,0.1275,0.0,0.0,4611.0,0.1275,0.1275,0.1275,10000572,2016-09-28,2016-09-28,P,2.1,2016-02-01
1110,2016-05-16 13:31:00,2016-05-16,0.1275,0.0,0.0,4611.0,0.1275,0.1275,0.1275,10000572,2016-09-28,2016-09-28,P,2.1,2016-02-01
1111,2016-05-16 13:32:00,2016-05-16,0.1275,12590.0,10.0,4621.0,0.1275,0.1259,0.1259,10000572,2016-09-28,2016-09-28,P,2.1,2016-02-01
1112,2016-05-16 13:33:00,2016-05-16,0.1259,0.0,0.0,4621.0,0.1259,0.1259,0.1259,10000572,2016-09-28,2016-09-28,P,2.1,2016-02-01
1113,2016-05-16 13:34:00,2016-05-16,0.1259,0.0,0.0,4621.0,0.1259,0.1259,0.1259,10000572,2016-09-28,2016-09-28,P,2.1,2016-02-01
1114,2016-05-16 13:35:00,2016-05-16,0.1264,12640.0,10.0,4621.0,0.1259,0.1264,0.1259,10000572,2016-09-28,2016-09-28,P,2.1,2016-02-01
1115,2016-05-16 13:36:00,2016-05-16,0.1264,0.0,0.0,4621.0,0.1264,0.1264,0.1264,10000572,2016-09-28,2016-09-28,P,2.1,2016-02-01
1116,2016-05-16 13:37:00,2016-05-16,0.1264,0.0,0.0,4621.0,0.1264,0.1264,0.1264,10000572,2016-09-28,2016-09-28,P,2.1,2016-02-01
1117,2016-05-16 13:38:00,2016-05-16,0.1264,0.0,0.0,4621.0,0.1264,0.1264,0.1264,10000572,2016-09-28,2016-09-28,P,2.1,2016-02-01
1118,2016-05-16 13:39:00,2016-05-16,0.1264,0.0,0.0,4621.0,0.1264,0.1264,0.1264,10000572,2016-09-28,2016-09-28,P,2.1,2016-02-01
1119,2016-05-16 13:40:00,2016-05-16,0.1264,0.0,0.0,4621.0,0.1264,0.1264,0.1264,10000572,2016-09-28,2016-09-28,P,2.1,2016-02-01
1120,2016-05-16 13:41:00,2016-05-16,0.1264,0.0,0.0,4621.0,0.1264,0.1264,0.1264,10000572,2016-09-28,2016-09-28,P,2.1,2016-02-01
1121,2016-05-16 13:42:00,2016-05-16,0.1264,0.0,0.0,4621.0,0.1264,0.1264,0.1264,10000572,2016-09-28,2016-09-28,P,2.1,2016-02-01
1122,2016-05-16 13:43:00,2016-05-16,0.1264,0.0,0.0,4621.0,0.1264,0.1264,0.1264,10000572,2016-09-28,2016-09-28,P,2.1,2016-02-01
1123,2016-05-16 13:44:00,2016-05-16,0.1264,0.0,0.0,4621.0,0.1264,0.1264,0.1264,10000572,2016-09-28,2016-09-28,P,2.1,2016-02-01
1124,2016-05-16 13:45:00,2016-05-16,0.1264,1264.0,1.0,4621.0,0.1264,0.1264,0.1264,10000572,2016-09-28,2016-09-28,P,2.1,2016-02-01
1125,2016-05-16 13:46:00,2016-05-16,0.1267,1267.0,1.0,4620.0,0.1264,0.1267,0.1264,10000572,2016-09-28,2016-09-28,P,2.1,2016-02-01
1126,2016-05-16 13:47:00,2016-05-16,0.1267,0.0,0.0,4620.0,0.1267,0.1267,0.1267,10000572,2016-09-28,2016-09-28,P,2.1,2016-02-01
1127,2016-05-16 13:48:00,2016-05-16,0.1267,2534.0,2.0,4618.0,0.1267,0.1267,0.1267,10000572,2016-09-28,2016-09-28,P,2.1,2016-02-01
1128,2016-05-16 13:49:00,2016-05-16,0.1267,8869.0,7.0,4611.0,0.1267,0.1267,0.1267,10000572,2016-09-28,2016-09-28,P,2.1,2016-02-01
1129,2016-05-16 13:50:00,2016-05-16,0.1267,0.0,0.0,4611.0,0.1267,0.1267,0.1267,10000572,2016-09-28,2016-09-28,P,2.1,2016-02-01
1130,2016-05-16 13:51:00,2016-05-16,0.1267,0.0,0.0,4611.0,0.1267,0.1267,0.1267,10000572,2016-09-28,2016-09-28,P,2.1,2016-02-01
1131,2016-05-16 13:52:00,2016-05-16,0.1267,7500.0,6.0,4611.0,0.1267,0.125,0.125,10000572,2016-09-28,2016-09-28,P,2.1,2016-02-01
1132,2016-05-16 13:53:00,2016-05-16,0.125,0.0,0.0,4611.0,0.125,0.125,0.125,10000572,2016-09-28,2016-09-28,P,2.1,2016-02-01
1133,2016-05-16 13:54:00,2016-05-16,0.125,0.0,0.0,4611.0,0.125,0.125,0.125,10000572,2016-09-28,2016-09-28,P,2.1,2016-02-01
1134,2016-05-16 13:55:00,2016-05-16,0.1258,1258.0,1.0,4611.0,0.125,0.1258,0.125,10000572,2016-09-28,2016-09-28,P,2.1,2016-02-01
1135,2016-05-16 13:56:00,2016-05-16,0.1258,2502.0,2.0,4611.0,0.1258,0.1251,0.1251,10000572,2016-09-28,2016-09-28,P,2.1,2016-02-01
1136,2016-05-16 13:57:00,2016-05-16,0.1251,0.0,0.0,4611.0,0.1251,0.1251,0.1251,10000572,2016-09-28,2016-09-28,P,2.1,2016-02-01
1137,2016-05-16 13:58:00,2016-05-16,0.1251,12480.0,10.0,4601.0,0.1251,0.1248,0.1248,10000572,2016-09-28,2016-09-28,P,2.1,2016-02-01
1138,2016-05-16 13:59:00,2016-05-16,0.1248,0.0,0.0,4601.0,0.1248,0.1248,0.1248,10000572,2016-09-28,2016-09-28,P,2.1,2016-02-01
1139,2016-05-16 14:00:00,2016-05-16,0.1248,0.0,0.0,4601.0,0.1248,0.1248,0.1248,10000572,2016-09-28,2016-09-28,P,2.1,2016-02-01
1140,2016-05-16 14:01:00,2016-05-16,0.1248,0.0,0.0,4601.0,0.1248,0.1248,0.1248,10000572,2016-09-28,2016-09-28,P,2.1,2016-02-01
1141,2016-05-16 14:02:00,2016-05-16,0.1248,0.0,0.0,4601.0,0.1248,0.1248,0.1248,10000572,2016-09-28,2016-09-28,P,2.1,2016-02-01
1142,2016-05-16 14:03:00,2016-05-16,0.1248,3744.0,3.0,4598.0,0.1248,0.1248,0.1248,10000572,2016-09-28,2016-09-28,P,2.1,2016-02-01
1143,2016-05-16 14:04:00,2016-05-16,0.1248,8736.0,7.0,4591.0,0.1248,0.1248,0.1248,10000572,2016-09-28,2016-09-28,P,2.1,2016-02-01
1144,2016-05-16 14:05:00,2016-05-16,0.1252,12520.0,10.0,4581.0,0.1248,0.1252,0.1248,10000572,2016-09-28,2016-09-28,P,2.1,2016-02-01
1145,2016-05-16 14:06:00,2016-05-16,0.1252,0.0,0.0,4581.0,0.1252,0.1252,0.1252,10000572,2016-09-28,2016-09-28,P,2.1,2016-02-01
1146,2016-05-16 14:07:00,2016-05-16,0.1252,0.0,0.0,4581.0,0.1252,0.1252,0.1252,10000572,2016-09-28,2016-09-28,P,2.1,2016-02-01
1147,2016-05-16 14:08:00,2016-05-16,0.1266,36664.0,29.0,4590.0,0.1252,0.1266,0.1252,10000572,2016-09-28,2016-09-28,P,2.1,2016-02-01
1148,2016-05-16 14:09:00,2016-05-16,0.1266,0.0,0.0,4590.0,0.1266,0.1266,0.1266,10000572,2016-09-28,2016-09-28,P,2.1,2016-02-01
1149,2016-05-16 14:10:00,2016-05-16,0.1266,0.0,0.0,4590.0,0.1266,0.1266,0.1266,10000572,2016-09-28,2016-09-28,P,2.1,2016-02-01
1150,2016-05-16 14:11:00,2016-05-16,0.1266,0.0,0.0,4590.0,0.1266,0.1266,0.1266,10000572,2016-09-28,2016-09-28,P,2.1,2016-02-01
1151,2016-05-16 14:12:00,2016-05-16,0.1266,0.0,0.0,4590.0,0.1266,0.1266,0.1266,10000572,2016-09-28,2016-09-28,P,2.1,2016-02-01
1152,2016-05-16 14:13:00,2016-05-16,0.1266,0.0,0.0,4590.0,0.1266,0.1266,0.1266,10000572,2016-09-28,2016-09-28,P,2.1,2016-02-01
1153,2016-05-16 14:14:00,2016-05-16,0.1266,0.0,0.0,4590.0,0.1266,0.1266,0.1266,10000572,2016-09-28,2016-09-28,P,2.1,2016-02-01
1154,2016-05-16 14:15:00,2016-05-16,0.1266,0.0,0.0,4590.0,0.1266,0.1266,0.1266,10000572,2016-09-28,2016-09-28,P,2.1,2016-02-01
1155,2016-05-16 14:16:00,2016-05-16,0.1266,0.0,0.0,4590.0,0.1266,0.1266,0.1266,10000572,2016-09-28,2016-09-28,P,2.1,2016-02-01
1156,2016-05-16 14:17:00,2016-05-16,0.1266,0.0,0.0,4590.0,0.1266,0.1266,0.1266,10000572,2016-09-28,2016-09-28,P,2.1,2016-02-01
1157,2016-05-16 14:18:00,2016-05-16,0.1266,0.0,0.0,4590.0,0.1266,0.1266,0.1266,10000572,2016-09-28,2016-09-28,P,2.1,2016-02-01
1158,2016-05-16 14:19:00,2016-05-16,0.1266,1259.0,1.0,4590.0,0.1266,0.1259,0.1259,10000572,2016-09-28,2016-09-28,P,2.1,2016-02-01
1159,2016-05-16 14:20:00,2016-05-16,0.1259,0.0,0.0,4590.0,0.1259,0.1259,0.1259,10000572,2016-09-28,2016-09-28,P,2.1,2016-02-01
1160,2016-05-16 14:21:00,2016-05-16,0.1259,0.0,0.0,4590.0,0.1259,0.1259,0.1259,10000572,2016-09-28,2016-09-28,P,2.1,2016-02-01
1161,2016-05-16 14:22:00,2016-05-16,0.1259,0.0,0.0,4590.0,0.1259,0.1259,0.1259,10000572,2016-09-28,2016-09-28,P,2.1,2016-02-01
1162,2016-05-16 14:23:00,2016-05-16,0.1259,0.0,0.0,4590.0,0.1259,0.1259,0.1259,10000572,2016-09-28,2016-09-28,P,2.1,2016-02-01
1163,2016-05-16 14:24:00,2016-05-16,0.1259,0.0,0.0,4590.0,0.1259,0.1259,0.1259,10000572,2016-09-28,2016-09-28,P,2.1,2016-02-01
1164,2016-05-16 14:25:00,2016-05-16,0.1259,0.0,0.0,4590.0,0.1259,0.1259,0.1259,10000572,2016-09-28,2016-09-28,P,2.1,2016-02-01
1165,2016-05-16 14:26:00,2016-05-16,0.1259,0.0,0.0,4590.0,0.1259,0.1259,0.1259,10000572,2016-09-28,2016-09-28,P,2.1,2016-02-01
1166,2016-05-16 14:27:00,2016-05-16,0.1259,0.0,0.0,4590.0,0.1259,0.1259,0.1259,10000572,2016-09-28,2016-09-28,P,2.1,2016-02-01
1167,2016-05-16 14:28:00,2016-05-16,0.1265,1265.0,1.0,4590.0,0.1259,0.1265,0.1259,10000572,2016-09-28,2016-09-28,P,2.1,2016-02-01
1168,2016-05-16 14:29:00,2016-05-16,0.1265,0.0,0.0,4590.0,0.1265,0.1265,0.1265,10000572,2016-09-28,2016-09-28,P,2.1,2016-02-01
1169,2016-05-16 14:30:00,2016-05-16,0.1265,0.0,0.0,4590.0,0.1265,0.1265,0.1265,10000572,2016-09-28,2016-09-28,P,2.1,2016-02-01
1170,2016-05-16 14:31:00,2016-05-16,0.1265,1255.0,1.0,4590.0,0.1265,0.1255,0.1255,10000572,2016-09-28,2016-09-28,P,2.1,2016-02-01
1171,2016-05-16 14:32:00,2016-05-16,0.1255,0.0,0.0,4590.0,0.1255,0.1255,0.1255,10000572,2016-09-28,2016-09-28,P,2.1,2016-02-01
1172,2016-05-16 14:33:00,2016-05-16,0.1255,0.0,0.0,4590.0,0.1255,0.1255,0.1255,10000572,2016-09-28,2016-09-28,P,2.1,2016-02-01
1173,2016-05-16 14:34:00,2016-05-16,0.1255,2504.0,2.0,4590.0,0.1255,0.1252,0.1252,10000572,2016-09-28,2016-09-28,P,2.1,2016-02-01
1174,2016-05-16 14:35:00,2016-05-16,0.1252,0.0,0.0,4590.0,0.1252,0.1252,0.1252,10000572,2016-09-28,2016-09-28,P,2.1,2016-02-01
1175,2016-05-16 14:36:00,2016-05-16,0.1252,0.0,0.0,4590.0,0.1252,0.1252,0.1252,10000572,2016-09-28,2016-09-28,P,2.1,2016-02-01
1176,2016-05-16 14:37:00,2016-05-16,0.1252,2502.0,2.0,4590.0,0.1252,0.1251,0.1251,10000572,2016-09-28,2016-09-28,P,2.1,2016-02-01
1177,2016-05-16 14:38:00,2016-05-16,0.1251,0.0,0.0,4590.0,0.1251,0.1251,0.1251,10000572,2016-09-28,2016-09-28,P,2.1,2016-02-01
1178,2016-05-16 14:39:00,2016-05-16,0.1251,0.0,0.0,4590.0,0.1251,0.1251,0.1251,10000572,2016-09-28,2016-09-28,P,2.1,2016-02-01
1179,2016-05-16 14:40:00,2016-05-16,0.1251,0.0,0.0,4590.0,0.1251,0.1251,0.1251,10000572,2016-09-28,2016-09-28,P,2.1,2016-02-01
1180,2016-05-16 14:41:00,2016-05-16,0.1251,0.0,0.0,4590.0,0.1251,0.1251,0.1251,10000572,2016-09-28,2016-09-28,P,2.1,2016-02-01
1181,2016-05-16 14:42:00,2016-05-16,0.1251,0.0,0.0,4590.0,0.1251,0.1251,0.1251,10000572,2016-09-28,2016-09-28,P,2.1,2016-02-01
1182,2016-05-16 14:43:00,2016-05-16,0.1251,0.0,0.0,4590.0,0.1251,0.1251,0.1251,10000572,2016-09-28,2016-09-28,P,2.1,2016-02-01
1183,2016-05-16 14:44:00,2016-05-16,0.1251,0.0,0.0,4590.0,0.1251,0.1251,0.1251,10000572,2016-09-28,2016-09-28,P,2.1,2016-02-01
1184,2016-05-16 14:45:00,2016-05-16,0.1251,0.0,0.0,4590.0,0.1251,0.1251,0.1251,10000572,2016-09-28,2016-09-28,P,2.1,2016-02-01
1185,2016-05-16 14:46:00,2016-05-16,0.1251,0.0,0.0,4590.0,0.1251,0.1251,0.1251,10000572,2016-09-28,2016-09-28,P,2.1,2016-02-01
1186,2016-05-16 14:47:00,2016-05-16,0.1251,0.0,0.0,4590.0,0.1251,0.1251,0.1251,10000572,2016-09-28,2016-09-28,P,2.1,2016-02-01
1187,2016-05-16 14:48:00,2016-05-16,0.1251,0.0,0.0,4590.0,0.1251,0.1251,0.1251,10000572,2016-09-28,2016-09-28,P,2.1,2016-02-01
1188,2016-05-16 14:49:00,2016-05-16,0.1251,0.0,0.0,4590.0,0.1251,0.1251,0.1251,10000572,2016-09-28,2016-09-28,P,2.1,2016-02-01
1189,2016-05-16 14:50:00,2016-05-16,0.1251,0.0,0.0,4590.0,0.1251,0.1251,0.1251,10000572,2016-09-28,2016-09-28,P,2.1,2016-02-01
1190,2016-05-16 14:51:00,2016-05-16,0.1251,1243.0,1.0,4591.0,0.1251,0.1243,0.1243,10000572,2016-09-28,2016-09-28,P,2.1,2016-02-01
1191,2016-05-16 14:52:00,2016-05-16,0.1243,0.0,0.0,4591.0,0.1243,0.1243,0.1243,10000572,2016-09-28,2016-09-28,P,2.1,2016-02-01
1192,2016-05-16 14:53:00,2016-05-16,0.1243,0.0,0.0,4591.0,0.1243,0.1243,0.1243,10000572,2016-09-28,2016-09-28,P,2.1,2016-02-01
1193,2016-05-16 14:54:00,2016-05-16,0.1243,0.0,0.0,4591.0,0.1243,0.1243,0.1243,10000572,2016-09-28,2016-09-28,P,2.1,2016-02-01
1194,2016-05-16 14:55:00,2016-05-16,0.1243,0.0,0.0,4591.0,0.1243,0.1243,0.1243,10000572,2016-09-28,2016-09-28,P,2.1,2016-02-01
1195,2016-05-16 14:56:00,2016-05-16,0.1243,0.0,0.0,4591.0,0.1243,0.1243,0.1243,10000572,2016-09-28,2016-09-28,P,2.1,2016-02-01
1196,2016-05-16 14:57:00,2016-05-16,0.1258,1258.0,1.0,4591.0,0.1243,0.1258,0.1243,10000572,2016-09-28,2016-09-28,P,2.1,2016-02-01
1197,2016-05-16 14:58:00,2016-05-16,0.1258,0.0,0.0,4591.0,0.1258,0.1258,0.1258,10000572,2016-09-28,2016-09-28,P,2.1,2016-02-01
1198,2016-05-16 14:59:00,2016-05-16,0.1258,0.0,0.0,4591.0,0.1258,0.1258,0.1258,10000572,2016-09-28,2016-09-28,P,2.1,2016-02-01
1199,2016-05-16 15:00:00,2016-05-16,0.1258,0.0,0.0,4591.0,0.1258,0.1258,0.1258,10000572,2016-09-28,2016-09-28,P,2.1,2016-02-01
1200,2016-05-16 09:31:00,2016-05-16,0.0012,0.0,0.0,6984.0,0.0012,0.0012,0.0012,10000473,2016-06-22,2016-06-22,C,2.6,2015-11-09
1201,2016-05-16 09:32:00,2016-05-16,0.0012,0.0,0.0,6984.0,0.0012,0.0012,0.0012,10000473,2016-06-22,2016-06-22,C,2.6,2015-11-09
1202,2016-05-16 09:33:00,2016-05-16,0.0012,0.0,0.0,6984.0,0.0012,0.0012,0.0012,10000473,2016-06-22,2016-06-22,C,2.6,2015-11-09
1203,2016-05-16 09:34:00,2016-05-16,0.0012,0.0,0.0,6984.0,0.0012,0.0012,0.0012,10000473,2016-06-22,2016-06-22,C,2.6,2015-11-09
1204,2016-05-16 09:35:00,2016-05-16,0.0012,0.0,0.0,6984.0,0.0012,0.0012,0.0012,10000473,2016-06-22,2016-06-22,C,2.6,2015-11-09
1205,2016-05-16 09:36:00,2016-05-16,0.0012,0.0,0.0,6984.0,0.0012,0.0012,0.0012,10000473,2016-06-22,2016-06-22,C,2.6,2015-11-09
1206,2016-05-16 09:37:00,2016-05-16,0.0012,0.0,0.0,6984.0,0.0012,0.0012,0.0012,10000473,2016-06-22,2016-06-22,C,2.6,2015-11-09
1207,2016-05-16 09:38:00,2016-05-16,0.0012,0.0,0.0,6984.0,0.0012,0.0012,0.0012,10000473,2016-06-22,2016-06-22,C,2.6,2015-11-09
1208,2016-05-16 09:39:00,2016-05-16,0.0012,0.0,0.0,6984.0,0.0012,0.0012,0.0012,10000473,2016-06-22,2016-06-22,C,2.6,2015-11-09
1209,2016-05-16 09:40:00,2016-05-16,0.0012,0.0,0.0,6984.0,0.0012,0.0012,0.0012,10000473,2016-06-22,2016-06-22,C,2.6,2015-11-09
1210,2016-05-16 09:41:00,2016-05-16,0.0012,0.0,0.0,6984.0,0.0012,0.0012,0.0012,10000473,2016-06-22,2016-06-22,C,2.6,2015-11-09
1211,2016-05-16 09:42:00,2016-05-16,0.0012,0.0,0.0,6984.0,0.0012,0.0012,0.0012,10000473,2016-06-22,2016-06-22,C,2.6,2015-11-09
1212,2016-05-16 09:43:00,2016-05-16,0.0012,0.0,0.0,6984.0,0.0012,0.0012,0.0012,10000473,2016-06-22,2016-06-22,C,2.6,2015-11-09
1213,2016-05-16 09:44:00,2016-05-16,0.0012,0.0,0.0,6984.0,0.0012,0.0012,0.0012,10000473,2016-06-22,2016-06-22,C,2.6,2015-11-09
1214,2016-05-16 09:45:00,2016-05-16,0.0012,0.0,0.0,6984.0,0.0012,0.0012,0.0012,10000473,2016-06-22,2016-06-22,C,2.6,2015-11-09
1215,2016-05-16 09:46:00,2016-05-16,0.0012,0.0,0.0,6984.0,0.0012,0.0012,0.0012,10000473,2016-06-22,2016-06-22,C,2.6,2015-11-09
1216,2016-05-16 09:47:00,2016-05-16,0.0012,0.0,0.0,6984.0,0.0012,0.0012,0.0012,10000473,2016-06-22,2016-06-22,C,2.6,2015-11-09
1217,2016-05-16 09:48:00,2016-05-16,0.0012,0.0,0.0,6984.0,0.0012,0.0012,0.0012,10000473,2016-06-22,2016-06-22,C,2.6,2015-11-09
1218,2016-05-16 09:49:00,2016-05-16,0.0012,0.0,0.0,6984.0,0.0012,0.0012,0.0012,10000473,2016-06-22,2016-06-22,C,2.6,2015-11-09
1219,2016-05-16 09:50:00,2016-05-16,0.0009,63.0,7.0,6978.0,0.0009,0.0009,0.0009,10000473,2016-06-22,2016-06-22,C,2.6,2015-11-09
1220,2016-05-16 09:51:00,2016-05-16,0.0009,0.0,0.0,6978.0,0.0009,0.0009,0.0009,10000473,2016-06-22,2016-06-22,C,2.6,2015-11-09
1221,2016-05-16 09:52:00,2016-05-16,0.0009,0.0,0.0,6978.0,0.0009,0.0009,0.0009,10000473,2016-06-22,2016-06-22,C,2.6,2015-11-09
1222,2016-05-16 09:53:00,2016-05-16,0.001,10.0,1.0,6977.0,0.001,0.001,0.001,10000473,2016-06-22,2016-06-22,C,2.6,2015-11-09
1223,2016-05-16 09:54:00,2016-05-16,0.001,0.0,0.0,6977.0,0.001,0.001,0.001,10000473,2016-06-22,2016-06-22,C,2.6,2015-11-09
1224,2016-05-16 09:55:00,2016-05-16,0.001,0.0,0.0,6977.0,0.001,0.001,0.001,10000473,2016-06-22,2016-06-22,C,2.6,2015-11-09
1225,2016-05-16 09:56:00,2016-05-16,0.001,0.0,0.0,6977.0,0.001,0.001,0.001,10000473,2016-06-22,2016-06-22,C,2.6,2015-11-09
1226,2016-05-16 09:57:00,2016-05-16,0.001,0.0,0.0,6977.0,0.001,0.001,0.001,10000473,2016-06-22,2016-06-22,C,2.6,2015-11-09
1227,2016-05-16 09:58:00,2016-05-16,0.001,0.0,0.0,6977.0,0.001,0.001,0.001,10000473,2016-06-22,2016-06-22,C,2.6,2015-11-09
1228,2016-05-16 09:59:00,2016-05-16,0.001,0.0,0.0,6977.0,0.001,0.001,0.001,10000473,2016-06-22,2016-06-22,C,2.6,2015-11-09
1229,2016-05-16 10:00:00,2016-05-16,0.001,0.0,0.0,6977.0,0.001,0.001,0.001,10000473,2016-06-22,2016-06-22,C,2.6,2015-11-09
1230,2016-05-16 10:01:00,2016-05-16,0.001,0.0,0.0,6977.0,0.001,0.001,0.001,10000473,2016-06-22,2016-06-22,C,2.6,2015-11-09
1231,2016-05-16 10:02:00,2016-05-16,0.001,0.0,0.0,6977.0,0.001,0.001,0.001,10000473,2016-06-22,2016-06-22,C,2.6,2015-11-09
1232,2016-05-16 10:03:00,2016-05-16,0.001,0.0,0.0,6977.0,0.001,0.001,0.001,10000473,2016-06-22,2016-06-22,C,2.6,2015-11-09
1233,2016-05-16 10:04:00,2016-05-16,0.001,0.0,0.0,6977.0,0.001,0.001,0.001,10000473,2016-06-22,2016-06-22,C,2.6,2015-11-09
1234,2016-05-16 10:05:00,2016-05-16,0.001,0.0,0.0,6977.0,0.001,0.001,0.001,10000473,2016-06-22,2016-06-22,C,2.6,2015-11-09
1235,2016-05-16 10:06:00,2016-05-16,0.001,0.0,0.0,6977.0,0.001,0.001,0.001,10000473,2016-06-22,2016-06-22,C,2.6,2015-11-09
1236,2016-05-16 10:07:00,2016-05-16,0.001,0.0,0.0,6977.0,0.001,0.001,0.001,10000473,2016-06-22,2016-06-22,C,2.6,2015-11-09
1237,2016-05-16 10:08:00,2016-05-16,0.001,0.0,0.0,6977.0,0.001,0.001,0.001,10000473,2016-06-22,2016-06-22,C,2.6,2015-11-09
1238,2016-05-16 10:09:00,2016-05-16,0.001,0.0,0.0,6977.0,0.001,0.001,0.001,10000473,2016-06-22,2016-06-22,C,2.6,2015-11-09
1239,2016-05-16 10:10:00,2016-05-16,0.001,0.0,0.0,6977.0,0.001,0.001,0.001,10000473,2016-06-22,2016-06-22,C,2.6,2015-11-09
1240,2016-05-16 10:11:00,2016-05-16,0.001,0.0,0.0,6977.0,0.001,0.001,0.001,10000473,2016-06-22,2016-06-22,C,2.6,2015-11-09
1241,2016-05-16 10:12:00,2016-05-16,0.001,0.0,0.0,6977.0,0.001,0.001,0.001,10000473,2016-06-22,2016-06-22,C,2.6,2015-11-09
1242,2016-05-16 10:13:00,2016-05-16,0.001,0.0,0.0,6977.0,0.001,0.001,0.001,10000473,2016-06-22,2016-06-22,C,2.6,2015-11-09
1243,2016-05-16 10:14:00,2016-05-16,0.001,0.0,0.0,6977.0,0.001,0.001,0.001,10000473,2016-06-22,2016-06-22,C,2.6,2015-11-09
1244,2016-05-16 10:15:00,2016-05-16,0.001,0.0,0.0,6977.0,0.001,0.001,0.001,10000473,2016-06-22,2016-06-22,C,2.6,2015-11-09
1245,2016-05-16 10:16:00,2016-05-16,0.001,0.0,0.0,6977.0,0.001,0.001,0.001,10000473,2016-06-22,2016-06-22,C,2.6,2015-11-09
1246,2016-05-16 10:17:00,2016-05-16,0.001,0.0,0.0,6977.0,0.001,0.001,0.001,10000473,2016-06-22,2016-06-22,C,2.6,2015-11-09
1247,2016-05-16 10:18:00,2016-05-16,0.001,0.0,0.0,6977.0,0.001,0.001,0.001,10000473,2016-06-22,2016-06-22,C,2.6,2015-11-09
1248,2016-05-16 10:19:00,2016-05-16,0.001,0.0,0.0,6977.0,0.001,0.001,0.001,10000473,2016-06-22,2016-06-22,C,2.6,2015-11-09
1249,2016-05-16 10:20:00,2016-05-16,0.001,0.0,0.0,6977.0,0.001,0.001,0.001,10000473,2016-06-22,2016-06-22,C,2.6,2015-11-09
1250,2016-05-16 10:21:00,2016-05-16,0.001,0.0,0.0,6977.0,0.001,0.001,0.001,10000473,2016-06-22,2016-06-22,C,2.6,2015-11-09
1251,2016-05-16 10:22:00,2016-05-16,0.001,0.0,0.0,6977.0,0.001,0.001,0.001,10000473,2016-06-22,2016-06-22,C,2.6,2015-11-09
1252,2016-05-16 10:23:00,2016-05-16,0.001,0.0,0.0,6977.0,0.001,0.001,0.001,10000473,2016-06-22,2016-06-22,C,2.6,2015-11-09
1253,2016-05-16 10:24:00,2016-05-16,0.001,0.0,0.0,6977.0,0.001,0.001,0.001,10000473,2016-06-22,2016-06-22,C,2.6,2015-11-09
1254,2016-05-16 10:25:00,2016-05-16,0.001,0.0,0.0,6977.0,0.001,0.001,0.001,10000473,2016-06-22,2016-06-22,C,2.6,2015-11-09
1255,2016-05-16 10:26:00,2016-05-16,0.001,0.0,0.0,6977.0,0.001,0.001,0.001,10000473,2016-06-22,2016-06-22,C,2.6,2015-11-09
1256,2016-05-16 10:27:00,2016-05-16,0.001,0.0,0.0,6977.0,0.001,0.001,0.001,10000473,2016-06-22,2016-06-22,C,2.6,2015-11-09
1257,2016-05-16 10:28:00,2016-05-16,0.001,0.0,0.0,6977.0,0.001,0.001,0.001,10000473,2016-06-22,2016-06-22,C,2.6,2015-11-09
1258,2016-05-16 10:29:00,2016-05-16,0.001,0.0,0.0,6977.0,0.001,0.001,0.001,10000473,2016-06-22,2016-06-22,C,2.6,2015-11-09
1259,2016-05-16 10:30:00,2016-05-16,0.0011,110.0,10.0,6987.0,0.001,0.0011,0.001,10000473,2016-06-22,2016-06-22,C,2.6,2015-11-09
1260,2016-05-16 10:31:00,2016-05-16,0.0011,0.0,0.0,6987.0,0.0011,0.0011,0.0011,10000473,2016-06-22,2016-06-22,C,2.6,2015-11-09
1261,2016-05-16 10:32:00,2016-05-16,0.0011,0.0,0.0,6987.0,0.0011,0.0011,0.0011,10000473,2016-06-22,2016-06-22,C,2.6,2015-11-09
1262,2016-05-16 10:33:00,2016-05-16,0.0011,0.0,0.0,6987.0,0.0011,0.0011,0.0011,10000473,2016-06-22,2016-06-22,C,2.6,2015-11-09
1263,2016-05-16 10:34:00,2016-05-16,0.0011,0.0,0.0,6987.0,0.0011,0.0011,0.0011,10000473,2016-06-22,2016-06-22,C,2.6,2015-11-09
1264,2016-05-16 10:35:00,2016-05-16,0.0011,0.0,0.0,6987.0,0.0011,0.0011,0.0011,10000473,2016-06-22,2016-06-22,C,2.6,2015-11-09
1265,2016-05-16 10:36:00,2016-05-16,0.0011,0.0,0.0,6987.0,0.0011,0.0011,0.0011,10000473,2016-06-22,2016-06-22,C,2.6,2015-11-09
1266,2016-05-16 10:37:00,2016-05-16,0.0011,0.0,0.0,6987.0,0.0011,0.0011,0.0011,10000473,2016-06-22,2016-06-22,C,2.6,2015-11-09
1267,2016-05-16 10:38:00,2016-05-16,0.001,10.0,1.0,6986.0,0.001,0.001,0.001,10000473,2016-06-22,2016-06-22,C,2.6,2015-11-09
1268,2016-05-16 10:39:00,2016-05-16,0.001,0.0,0.0,6986.0,0.001,0.001,0.001,10000473,2016-06-22,2016-06-22,C,2.6,2015-11-09
1269,2016-05-16 10:40:00,2016-05-16,0.001,0.0,0.0,6986.0,0.001,0.001,0.001,10000473,2016-06-22,2016-06-22,C,2.6,2015-11-09
1270,2016-05-16 10:41:00,2016-05-16,0.001,0.0,0.0,6986.0,0.001,0.001,0.001,10000473,2016-06-22,2016-06-22,C,2.6,2015-11-09
1271,2016-05-16 10:42:00,2016-05-16,0.001,0.0,0.0,6986.0,0.001,0.001,0.001,10000473,2016-06-22,2016-06-22,C,2.6,2015-11-09
1272,2016-05-16 10:43:00,2016-05-16,0.001,0.0,0.0,6986.0,0.001,0.001,0.001,10000473,2016-06-22,2016-06-22,C,2.6,2015-11-09
1273,2016-05-16 10:44:00,2016-05-16,0.001,0.0,0.0,6986.0,0.001,0.001,0.001,10000473,2016-06-22,2016-06-22,C,2.6,2015-11-09
1274,2016-05-16 10:45:00,2016-05-16,0.001,0.0,0.0,6986.0,0.001,0.001,0.001,10000473,2016-06-22,2016-06-22,C,2.6,2015-11-09
1275,2016-05-16 10:46:00,2016-05-16,0.001,0.0,0.0,6986.0,0.001,0.001,0.001,10000473,2016-06-22,2016-06-22,C,2.6,2015-11-09
1276,2016-05-16 10:47:00,2016-05-16,0.001,0.0,0.0,6986.0,0.001,0.001,0.001,10000473,2016-06-22,2016-06-22,C,2.6,2015-11-09
1277,2016-05-16 10:48:00,2016-05-16,0.001,0.0,0.0,6986.0,0.001,0.001,0.001,10000473,2016-06-22,2016-06-22,C,2.6,2015-11-09
1278,2016-05-16 10:49:00,2016-05-16,0.001,0.0,0.0,6986.0,0.001,0.001,0.001,10000473,2016-06-22,2016-06-22,C,2.6,2015-11-09
1279,2016-05-16 10:50:00,2016-05-16,0.001,0.0,0.0,6986.0,0.001,0.001,0.001,10000473,2016-06-22,2016-06-22,C,2.6,2015-11-09
1280,2016-05-16 10:51:00,2016-05-16,0.001,0.0,0.0,6986.0,0.001,0.001,0.001,10000473,2016-06-22,2016-06-22,C,2.6,2015-11-09
1281,2016-05-16 10:52:00,2016-05-16,0.001,0.0,0.0,6986.0,0.001,0.001,0.001,10000473,2016-06-22,2016-06-22,C,2.6,2015-11-09
1282,2016-05-16 10:53:00,2016-05-16,0.001,0.0,0.0,6986.0,0.001,0.001,0.001,10000473,2016-06-22,2016-06-22,C,2.6,2015-11-09
1283,2016-05-16 10:54:00,2016-05-16,0.001,0.0,0.0,6986.0,0.001,0.001,0.001,10000473,2016-06-22,2016-06-22,C,2.6,2015-11-09
1284,2016-05-16 10:55:00,2016-05-16,0.001,0.0,0.0,6986.0,0.001,0.001,0.001,10000473,2016-06-22,2016-06-22,C,2.6,2015-11-09
1285,2016-05-16 10:56:00,2016-05-16,0.001,0.0,0.0,6986.0,0.001,0.001,0.001,10000473,2016-06-22,2016-06-22,C,2.6,2015-11-09
1286,2016-05-16 10:57:00,2016-05-16,0.001,0.0,0.0,6986.0,0.001,0.001,0.001,10000473,2016-06-22,2016-06-22,C,2.6,2015-11-09
1287,2016-05-16 10:58:00,2016-05-16,0.001,0.0,0.0,6986.0,0.001,0.001,0.001,10000473,2016-06-22,2016-06-22,C,2.6,2015-11-09
1288,2016-05-16 10:59:00,2016-05-16,0.0011,11.0,1.0,6987.0,0.001,0.0011,0.001,10000473,2016-06-22,2016-06-22,C,2.6,2015-11-09
1289,2016-05-16 11:00:00,2016-05-16,0.0011,0.0,0.0,6987.0,0.0011,0.0011,0.0011,10000473,2016-06-22,2016-06-22,C,2.6,2015-11-09
1290,2016-05-16 11:01:00,2016-05-16,0.0011,0.0,0.0,6987.0,0.0011,0.0011,0.0011,10000473,2016-06-22,2016-06-22,C,2.6,2015-11-09
1291,2016-05-16 11:02:00,2016-05-16,0.0011,0.0,0.0,6987.0,0.0011,0.0011,0.0011,10000473,2016-06-22,2016-06-22,C,2.6,2015-11-09
1292,2016-05-16 11:03:00,2016-05-16,0.0011,0.0,0.0,6987.0,0.0011,0.0011,0.0011,10000473,2016-06-22,2016-06-22,C,2.6,2015-11-09
1293,2016-05-16 11:04:00,2016-05-16,0.0011,0.0,0.0,6987.0,0.0011,0.0011,0.0011,10000473,2016-06-22,2016-06-22,C,2.6,2015-11-09
1294,2016-05-16 11:05:00,2016-05-16,0.0011,0.0,0.0,6987.0,0.0011,0.0011,0.0011,10000473,2016-06-22,2016-06-22,C,2.6,2015-11-09
1295,2016-05-16 11:06:00,2016-05-16,0.0011,0.0,0.0,6987.0,0.0011,0.0011,0.0011,10000473,2016-06-22,2016-06-22,C,2.6,2015-11-09
1296,2016-05-16 11:07:00,2016-05-16,0.0011,0.0,0.0,6987.0,0.0011,0.0011,0.0011,10000473,2016-06-22,2016-06-22,C,2.6,2015-11-09
1297,2016-05-16 11:08:00,2016-05-16,0.0011,0.0,0.0,6987.0,0.0011,0.0011,0.0011,10000473,2016-06-22,2016-06-22,C,2.6,2015-11-09
1298,2016-05-16 11:09:00,2016-05-16,0.0011,0.0,0.0,6987.0,0.0011,0.0011,0.0011,10000473,2016-06-22,2016-06-22,C,2.6,2015-11-09
1299,2016-05-16 11:10:00,2016-05-16,0.0011,0.0,0.0,6987.0,0.0011,0.0011,0.0011,10000473,2016-06-22,2016-06-22,C,2.6,2015-11-09
1300,2016-05-16 11:11:00,2016-05-16,0.0011,0.0,0.0,6987.0,0.0011,0.0011,0.0011,10000473,2016-06-22,2016-06-22,C,2.6,2015-11-09
1301,2016-05-16 11:12:00,2016-05-16,0.0011,0.0,0.0,6987.0,0.0011,0.0011,0.0011,10000473,2016-06-22,2016-06-22,C,2.6,2015-11-09
1302,2016-05-16 11:13:00,2016-05-16,0.0011,0.0,0.0,6987.0,0.0011,0.0011,0.0011,10000473,2016-06-22,2016-06-22,C,2.6,2015-11-09
1303,2016-05-16 11:14:00,2016-05-16,0.0011,0.0,0.0,6987.0,0.0011,0.0011,0.0011,10000473,2016-06-22,2016-06-22,C,2.6,2015-11-09
1304,2016-05-16 11:15:00,2016-05-16,0.0011,0.0,0.0,6987.0,0.0011,0.0011,0.0011,10000473,2016-06-22,2016-06-22,C,2.6,2015-11-09
1305,2016-05-16 11:16:00,2016-05-16,0.0011,0.0,0.0,6987.0,0.0011,0.0011,0.0011,10000473,2016-06-22,2016-06-22,C,2.6,2015-11-09
1306,2016-05-16 11:17:00,2016-05-16,0.0011,0.0,0.0,6987.0,0.0011,0.0011,0.0011,10000473,2016-06-22,2016-06-22,C,2.6,2015-11-09
1307,2016-05-16 11:18:00,2016-05-16,0.0011,0.0,0.0,6987.0,0.0011,0.0011,0.0011,10000473,2016-06-22,2016-06-22,C,2.6,2015-11-09
1308,2016-05-16 11:19:00,2016-05-16,0.0011,0.0,0.0,6987.0,0.0011,0.0011,0.0011,10000473,2016-06-22,2016-06-22,C,2.6,2015-11-09
1309,2016-05-16 11:20:00,2016-05-16,0.0011,0.0,0.0,6987.0,0.0011,0.0011,0.0011,10000473,2016-06-22,2016-06-22,C,2.6,2015-11-09
1310,2016-05-16 11:21:00,2016-05-16,0.0011,0.0,0.0,6987.0,0.0011,0.0011,0.0011,10000473,2016-06-22,2016-06-22,C,2.6,2015-11-09
1311,2016-05-16 11:22:00,2016-05-16,0.0011,0.0,0.0,6987.0,0.0011,0.0011,0.0011,10000473,2016-06-22,2016-06-22,C,2.6,2015-11-09
1312,2016-05-16 11:23:00,2016-05-16,0.0011,0.0,0.0,6987.0,0.0011,0.0011,0.0011,10000473,2016-06-22,2016-06-22,C,2.6,2015-11-09
1313,2016-05-16 11:24:00,2016-05-16,0.0011,0.0,0.0,6987.0,0.0011,0.0011,0.0011,10000473,2016-06-22,2016-06-22,C,2.6,2015-11-09
1314,2016-05-16 11:25:00,2016-05-16,0.0011,0.0,0.0,6987.0,0.0011,0.0011,0.0011,10000473,2016-06-22,2016-06-22,C,2.6,2015-11-09
1315,2016-05-16 11:26:00,2016-05-16,0.0011,0.0,0.0,6987.0,0.0011,0.0011,0.0011,10000473,2016-06-22,2016-06-22,C,2.6,2015-11-09
1316,2016-05-16 11:27:00,2016-05-16,0.0011,0.0,0.0,6987.0,0.0011,0.0011,0.0011,10000473,2016-06-22,2016-06-22,C,2.6,2015-11-09
1317,2016-05-16 11:28:00,2016-05-16,0.0011,0.0,0.0,6987.0,0.0011,0.0011,0.0011,10000473,2016-06-22,2016-06-22,C,2.6,2015-11-09
1318,2016-05-16 11:29:00,2016-05-16,0.0011,0.0,0.0,6987.0,0.0011,0.0011,0.0011,10000473,2016-06-22,2016-06-22,C,2.6,2015-11-09
1319,2016-05-16 11:30:00,2016-05-16,0.0011,0.0,0.0,6987.0,0.0011,0.0011,0.0011,10000473,2016-06-22,2016-06-22,C,2.6,2015-11-09
1320,2016-05-16 13:01:00,2016-05-16,0.0011,0.0,0.0,6987.0,0.0011,0.0011,0.0011,10000473,2016-06-22,2016-06-22,C,2.6,2015-11-09
1321,2016-05-16 13:02:00,2016-05-16,0.0011,0.0,0.0,6987.0,0.0011,0.0011,0.0011,10000473,2016-06-22,2016-06-22,C,2.6,2015-11-09
1322,2016-05-16 13:03:00,2016-05-16,0.0011,0.0,0.0,6987.0,0.0011,0.0011,0.0011,10000473,2016-06-22,2016-06-22,C,2.6,2015-11-09
1323,2016-05-16 13:04:00,2016-05-16,0.0011,0.0,0.0,6987.0,0.0011,0.0011,0.0011,10000473,2016-06-22,2016-06-22,C,2.6,2015-11-09
1324,2016-05-16 13:05:00,2016-05-16,0.0011,0.0,0.0,6987.0,0.0011,0.0011,0.0011,10000473,2016-06-22,2016-06-22,C,2.6,2015-11-09
1325,2016-05-16 13:06:00,2016-05-16,0.0011,0.0,0.0,6987.0,0.0011,0.0011,0.0011,10000473,2016-06-22,2016-06-22,C,2.6,2015-11-09
1326,2016-05-16 13:07:00,2016-05-16,0.0011,0.0,0.0,6987.0,0.0011,0.0011,0.0011,10000473,2016-06-22,2016-06-22,C,2.6,2015-11-09
1327,2016-05-16 13:08:00,2016-05-16,0.0011,0.0,0.0,6987.0,0.0011,0.0011,0.0011,10000473,2016-06-22,2016-06-22,C,2.6,2015-11-09
1328,2016-05-16 13:09:00,2016-05-16,0.0011,0.0,0.0,6987.0,0.0011,0.0011,0.0011,10000473,2016-06-22,2016-06-22,C,2.6,2015-11-09
1329,2016-05-16 13:10:00,2016-05-16,0.0011,0.0,0.0,6987.0,0.0011,0.0011,0.0011,10000473,2016-06-22,2016-06-22,C,2.6,2015-11-09
1330,2016-05-16 13:11:00,2016-05-16,0.0011,0.0,0.0,6987.0,0.0011,0.0011,0.0011,10000473,2016-06-22,2016-06-22,C,2.6,2015-11-09
1331,2016-05-16 13:12:00,2016-05-16,0.0011,0.0,0.0,6987.0,0.0011,0.0011,0.0011,10000473,2016-06-22,2016-06-22,C,2.6,2015-11-09
1332,2016-05-16 13:13:00,2016-05-16,0.0011,0.0,0.0,6987.0,0.0011,0.0011,0.0011,10000473,2016-06-22,2016-06-22,C,2.6,2015-11-09
1333,2016-05-16 13:14:00,2016-05-16,0.0011,0.0,0.0,6987.0,0.0011,0.0011,0.0011,10000473,2016-06-22,2016-06-22,C,2.6,2015-11-09
1334,2016-05-16 13:15:00,2016-05-16,0.0011,0.0,0.0,6987.0,0.0011,0.0011,0.0011,10000473,2016-06-22,2016-06-22,C,2.6,2015-11-09
1335,2016-05-16 13:16:00,2016-05-16,0.0011,0.0,0.0,6987.0,0.0011,0.0011,0.0011,10000473,2016-06-22,2016-06-22,C,2.6,2015-11-09
1336,2016-05-16 13:17:00,2016-05-16,0.0011,0.0,0.0,6987.0,0.0011,0.0011,0.0011,10000473,2016-06-22,2016-06-22,C,2.6,2015-11-09
1337,2016-05-16 13:18:00,2016-05-16,0.0011,0.0,0.0,6987.0,0.0011,0.0011,0.0011,10000473,2016-06-22,2016-06-22,C,2.6,2015-11-09
1338,2016-05-16 13:19:00,2016-05-16,0.0011,0.0,0.0,6987.0,0.0011,0.0011,0.0011,10000473,2016-06-22,2016-06-22,C,2.6,2015-11-09
1339,2016-05-16 13:20:00,2016-05-16,0.0011,0.0,0.0,6987.0,0.0011,0.0011,0.0011,10000473,2016-06-22,2016-06-22,C,2.6,2015-11-09
1340,2016-05-16 13:21:00,2016-05-16,0.0011,0.0,0.0,6987.0,0.0011,0.0011,0.0011,10000473,2016-06-22,2016-06-22,C,2.6,2015-11-09
1341,2016-05-16 13:22:00,2016-05-16,0.0011,0.0,0.0,6987.0,0.0011,0.0011,0.0011,10000473,2016-06-22,2016-06-22,C,2.6,2015-11-09
1342,2016-05-16 13:23:00,2016-05-16,0.0011,0.0,0.0,6987.0,0.0011,0.0011,0.0011,10000473,2016-06-22,2016-06-22,C,2.6,2015-11-09
1343,2016-05-16 13:24:00,2016-05-16,0.0011,0.0,0.0,6987.0,0.0011,0.0011,0.0011,10000473,2016-06-22,2016-06-22,C,2.6,2015-11-09
1344,2016-05-16 13:25:00,2016-05-16,0.0011,0.0,0.0,6987.0,0.0011,0.0011,0.0011,10000473,2016-06-22,2016-06-22,C,2.6,2015-11-09
1345,2016-05-16 13:26:00,2016-05-16,0.0011,0.0,0.0,6987.0,0.0011,0.0011,0.0011,10000473,2016-06-22,2016-06-22,C,2.6,2015-11-09
1346,2016-05-16 13:27:00,2016-05-16,0.0011,0.0,0.0,6987.0,0.0011,0.0011,0.0011,10000473,2016-06-22,2016-06-22,C,2.6,2015-11-09
1347,2016-05-16 13:28:00,2016-05-16,0.0011,0.0,0.0,6987.0,0.0011,0.0011,0.0011,10000473,2016-06-22,2016-06-22,C,2.6,2015-11-09
1348,2016-05-16 13:29:00,2016-05-16,0.0011,0.0,0.0,6987.0,0.0011,0.0011,0.0011,10000473,2016-06-22,2016-06-22,C,2.6,2015-11-09
1349,2016-05-16 13:30:00,2016-05-16,0.0011,0.0,0.0,6987.0,0.0011,0.0011,0.0011,10000473,2016-06-22,2016-06-22,C,2.6,2015-11-09
1350,2016-05-16 13:31:00,2016-05-16,0.0011,0.0,0.0,6987.0,0.0011,0.0011,0.0011,10000473,2016-06-22,2016-06-22,C,2.6,2015-11-09
1351,2016-05-16 13:32:00,2016-05-16,0.0011,0.0,0.0,6987.0,0.0011,0.0011,0.0011,10000473,2016-06-22,2016-06-22,C,2.6,2015-11-09
1352,2016-05-16 13:33:00,2016-05-16,0.0011,0.0,0.0,6987.0,0.0011,0.0011,0.0011,10000473,2016-06-22,2016-06-22,C,2.6,2015-11-09
1353,2016-05-16 13:34:00,2016-05-16,0.0011,0.0,0.0,6987.0,0.0011,0.0011,0.0011,10000473,2016-06-22,2016-06-22,C,2.6,2015-11-09
1354,2016-05-16 13:35:00,2016-05-16,0.0011,0.0,0.0,6987.0,0.0011,0.0011,0.0011,10000473,2016-06-22,2016-06-22,C,2.6,2015-11-09
1355,2016-05-16 13:36:00,2016-05-16,0.0011,0.0,0.0,6987.0,0.0011,0.0011,0.0011,10000473,2016-06-22,2016-06-22,C,2.6,2015-11-09
1356,2016-05-16 13:37:00,2016-05-16,0.0011,0.0,0.0,6987.0,0.0011,0.0011,0.0011,10000473,2016-06-22,2016-06-22,C,2.6,2015-11-09
1357,2016-05-16 13:38:00,2016-05-16,0.0011,0.0,0.0,6987.0,0.0011,0.0011,0.0011,10000473,2016-06-22,2016-06-22,C,2.6,2015-11-09
1358,2016-05-16 13:39:00,2016-05-16,0.0011,0.0,0.0,6987.0,0.0011,0.0011,0.0011,10000473,2016-06-22,2016-06-22,C,2.6,2015-11-09
1359,2016-05-16 13:40:00,2016-05-16,0.0011,0.0,0.0,6987.0,0.0011,0.0011,0.0011,10000473,2016-06-22,2016-06-22,C,2.6,2015-11-09
1360,2016-05-16 13:41:00,2016-05-16,0.0011,0.0,0.0,6987.0,0.0011,0.0011,0.0011,10000473,2016-06-22,2016-06-22,C,2.6,2015-11-09
1361,2016-05-16 13:42:00,2016-05-16,0.0011,0.0,0.0,6987.0,0.0011,0.0011,0.0011,10000473,2016-06-22,2016-06-22,C,2.6,2015-11-09
1362,2016-05-16 13:43:00,2016-05-16,0.0011,0.0,0.0,6987.0,0.0011,0.0011,0.0011,10000473,2016-06-22,2016-06-22,C,2.6,2015-11-09
1363,2016-05-16 13:44:00,2016-05-16,0.0011,0.0,0.0,6987.0,0.0011,0.0011,0.0011,10000473,2016-06-22,2016-06-22,C,2.6,2015-11-09
1364,2016-05-16 13:45:00,2016-05-16,0.0011,0.0,0.0,6987.0,0.0011,0.0011,0.0011,10000473,2016-06-22,2016-06-22,C,2.6,2015-11-09
1365,2016-05-16 13:46:00,2016-05-16,0.0011,0.0,0.0,6987.0,0.0011,0.0011,0.0011,10000473,2016-06-22,2016-06-22,C,2.6,2015-11-09
1366,2016-05-16 13:47:00,2016-05-16,0.0011,0.0,0.0,6987.0,0.0011,0.0011,0.0011,10000473,2016-06-22,2016-06-22,C,2.6,2015-11-09
1367,2016-05-16 13:48:00,2016-05-16,0.0011,0.0,0.0,6987.0,0.0011,0.0011,0.0011,10000473,2016-06-22,2016-06-22,C,2.6,2015-11-09
1368,2016-05-16 13:49:00,2016-05-16,0.0011,0.0,0.0,6987.0,0.0011,0.0011,0.0011,10000473,2016-06-22,2016-06-22,C,2.6,2015-11-09
1369,2016-05-16 13:50:00,2016-05-16,0.0011,0.0,0.0,6987.0,0.0011,0.0011,0.0011,10000473,2016-06-22,2016-06-22,C,2.6,2015-11-09
1370,2016-05-16 13:51:00,2016-05-16,0.0011,0.0,0.0,6987.0,0.0011,0.0011,0.0011,10000473,2016-06-22,2016-06-22,C,2.6,2015-11-09
1371,2016-05-16 13:52:00,2016-05-16,0.0011,0.0,0.0,6987.0,0.0011,0.0011,0.0011,10000473,2016-06-22,2016-06-22,C,2.6,2015-11-09
1372,2016-05-16 13:53:00,2016-05-16,0.0011,0.0,0.0,6987.0,0.0011,0.0011,0.0011,10000473,2016-06-22,2016-06-22,C,2.6,2015-11-09
1373,2016-05-16 13:54:00,2016-05-16,0.0011,0.0,0.0,6987.0,0.0011,0.0011,0.0011,10000473,2016-06-22,2016-06-22,C,2.6,2015-11-09
1374,2016-05-16 13:55:00,2016-05-16,0.0011,0.0,0.0,6987.0,0.0011,0.0011,0.0011,10000473,2016-06-22,2016-06-22,C,2.6,2015-11-09
1375,2016-05-16 13:56:00,2016-05-16,0.0011,0.0,0.0,6987.0,0.0011,0.0011,0.0011,10000473,2016-06-22,2016-06-22,C,2.6,2015-11-09
1376,2016-05-16 13:57:00,2016-05-16,0.0011,0.0,0.0,6987.0,0.0011,0.0011,0.0011,10000473,2016-06-22,2016-06-22,C,2.6,2015-11-09
1377,2016-05-16 13:58:00,2016-05-16,0.0011,0.0,0.0,6987.0,0.0011,0.0011,0.0011,10000473,2016-06-22,2016-06-22,C,2.6,2015-11-09
1378,2016-05-16 13:59:00,2016-05-16,0.0011,0.0,0.0,6987.0,0.0011,0.0011,0.0011,10000473,2016-06-22,2016-06-22,C,2.6,2015-11-09
1379,2016-05-16 14:00:00,2016-05-16,0.0011,0.0,0.0,6987.0,0.0011,0.0011,0.0011,10000473,2016-06-22,2016-06-22,C,2.6,2015-11-09
1380,2016-05-16 14:01:00,2016-05-16,0.0011,0.0,0.0,6987.0,0.0011,0.0011,0.0011,10000473,2016-06-22,2016-06-22,C,2.6,2015-11-09
1381,2016-05-16 14:02:00,2016-05-16,0.0011,0.0,0.0,6987.0,0.0011,0.0011,0.0011,10000473,2016-06-22,2016-06-22,C,2.6,2015-11-09
1382,2016-05-16 14:03:00,2016-05-16,0.0011,0.0,0.0,6987.0,0.0011,0.0011,0.0011,10000473,2016-06-22,2016-06-22,C,2.6,2015-11-09
1383,2016-05-16 14:04:00,2016-05-16,0.0011,0.0,0.0,6987.0,0.0011,0.0011,0.0011,10000473,2016-06-22,2016-06-22,C,2.6,2015-11-09
1384,2016-05-16 14:05:00,2016-05-16,0.0011,0.0,0.0,6987.0,0.0011,0.0011,0.0011,10000473,2016-06-22,2016-06-22,C,2.6,2015-11-09
1385,2016-05-16 14:06:00,2016-05-16,0.0011,0.0,0.0,6987.0,0.0011,0.0011,0.0011,10000473,2016-06-22,2016-06-22,C,2.6,2015-11-09
1386,2016-05-16 14:07:00,2016-05-16,0.0011,0.0,0.0,6987.0,0.0011,0.0011,0.0011,10000473,2016-06-22,2016-06-22,C,2.6,2015-11-09
1387,2016-05-16 14:08:00,2016-05-16,0.0011,0.0,0.0,6987.0,0.0011,0.0011,0.0011,10000473,2016-06-22,2016-06-22,C,2.6,2015-11-09
1388,2016-05-16 14:09:00,2016-05-16,0.0011,0.0,0.0,6987.0,0.0011,0.0011,0.0011,10000473,2016-06-22,2016-06-22,C,2.6,2015-11-09
1389,2016-05-16 14:10:00,2016-05-16,0.0011,0.0,0.0,6987.0,0.0011,0.0011,0.0011,10000473,2016-06-22,2016-06-22,C,2.6,2015-11-09
1390,2016-05-16 14:11:00,2016-05-16,0.0011,0.0,0.0,6987.0,0.0011,0.0011,0.0011,10000473,2016-06-22,2016-06-22,C,2.6,2015-11-09
1391,2016-05-16 14:12:00,2016-05-16,0.0011,0.0,0.0,6987.0,0.0011,0.0011,0.0011,10000473,2016-06-22,2016-06-22,C,2.6,2015-11-09
1392,2016-05-16 14:13:00,2016-05-16,0.0011,0.0,0.0,6987.0,0.0011,0.0011,0.0011,10000473,2016-06-22,2016-06-22,C,2.6,2015-11-09
1393,2016-05-16 14:14:00,2016-05-16,0.0011,0.0,0.0,6987.0,0.0011,0.0011,0.0011,10000473,2016-06-22,2016-06-22,C,2.6,2015-11-09
1394,2016-05-16 14:15:00,2016-05-16,0.0011,0.0,0.0,6987.0,0.0011,0.0011,0.0011,10000473,2016-06-22,2016-06-22,C,2.6,2015-11-09
1395,2016-05-16 14:16:00,2016-05-16,0.0011,0.0,0.0,6987.0,0.0011,0.0011,0.0011,10000473,2016-06-22,2016-06-22,C,2.6,2015-11-09
1396,2016-05-16 14:17:00,2016-05-16,0.0011,0.0,0.0,6987.0,0.0011,0.0011,0.0011,10000473,2016-06-22,2016-06-22,C,2.6,2015-11-09
1397,2016-05-16 14:18:00,2016-05-16,0.0011,0.0,0.0,6987.0,0.0011,0.0011,0.0011,10000473,2016-06-22,2016-06-22,C,2.6,2015-11-09
1398,2016-05-16 14:19:00,2016-05-16,0.0011,0.0,0.0,6987.0,0.0011,0.0011,0.0011,10000473,2016-06-22,2016-06-22,C,2.6,2015-11-09
1399,2016-05-16 14:20:00,2016-05-16,0.0011,0.0,0.0,6987.0,0.0011,0.0011,0.0011,10000473,2016-06-22,2016-06-22,C,2.6,2015-11-09
1400,2016-05-16 14:21:00,2016-05-16,0.0011,0.0,0.0,6987.0,0.0011,0.0011,0.0011,10000473,2016-06-22,2016-06-22,C,2.6,2015-11-09
1401,2016-05-16 14:22:00,2016-05-16,0.0011,0.0,0.0,6987.0,0.0011,0.0011,0.0011,10000473,2016-06-22,2016-06-22,C,2.6,2015-11-09
1402,2016-05-16 14:23:00,2016-05-16,0.0011,0.0,0.0,6987.0,0.0011,0.0011,0.0011,10000473,2016-06-22,2016-06-22,C,2.6,2015-11-09
1403,2016-05-16 14:24:00,2016-05-16,0.0011,0.0,0.0,6987.0,0.0011,0.0011,0.0011,10000473,2016-06-22,2016-06-22,C,2.6,2015-11-09
1404,2016-05-16 14:25:00,2016-05-16,0.0011,0.0,0.0,6987.0,0.0011,0.0011,0.0011,10000473,2016-06-22,2016-06-22,C,2.6,2015-11-09
1405,2016-05-16 14:26:00,2016-05-16,0.0011,0.0,0.0,6987.0,0.0011,0.0011,0.0011,10000473,2016-06-22,2016-06-22,C,2.6,2015-11-09
1406,2016-05-16 14:27:00,2016-05-16,0.0011,0.0,0.0,6987.0,0.0011,0.0011,0.0011,10000473,2016-06-22,2016-06-22,C,2.6,2015-11-09
1407,2016-05-16 14:28:00,2016-05-16,0.0011,0.0,0.0,6987.0,0.0011,0.0011,0.0011,10000473,2016-06-22,2016-06-22,C,2.6,2015-11-09
1408,2016-05-16 14:29:00,2016-05-16,0.0011,0.0,0.0,6987.0,0.0011,0.0011,0.0011,10000473,2016-06-22,2016-06-22,C,2.6,2015-11-09
1409,2016-05-16 14:30:00,2016-05-16,0.0011,0.0,0.0,6987.0,0.0011,0.0011,0.0011,10000473,2016-06-22,2016-06-22,C,2.6,2015-11-09
1410,2016-05-16 14:31:00,2016-05-16,0.0011,0.0,0.0,6987.0,0.0011,0.0011,0.0011,10000473,2016-06-22,2016-06-22,C,2.6,2015-11-09
1411,2016-05-16 14:32:00,2016-05-16,0.0011,0.0,0.0,6987.0,0.0011,0.0011,0.0011,10000473,2016-06-22,2016-06-22,C,2.6,2015-11-09
1412,2016-05-16 14:33:00,2016-05-16,0.0011,0.0,0.0,6987.0,0.0011,0.0011,0.0011,10000473,2016-06-22,2016-06-22,C,2.6,2015-11-09
1413,2016-05-16 14:34:00,2016-05-16,0.0011,0.0,0.0,6987.0,0.0011,0.0011,0.0011,10000473,2016-06-22,2016-06-22,C,2.6,2015-11-09
1414,2016-05-16 14:35:00,2016-05-16,0.0011,0.0,0.0,6987.0,0.0011,0.0011,0.0011,10000473,2016-06-22,2016-06-22,C,2.6,2015-11-09
1415,2016-05-16 14:36:00,2016-05-16,0.0011,0.0,0.0,6987.0,0.0011,0.0011,0.0011,10000473,2016-06-22,2016-06-22,C,2.6,2015-11-09
1416,2016-05-16 14:37:00,2016-05-16,0.0011,0.0,0.0,6987.0,0.0011,0.0011,0.0011,10000473,2016-06-22,2016-06-22,C,2.6,2015-11-09
1417,2016-05-16 14:38:00,2016-05-16,0.0011,0.0,0.0,6987.0,0.0011,0.0011,0.0011,10000473,2016-06-22,2016-06-22,C,2.6,2015-11-09
1418,2016-05-16 14:39:00,2016-05-16,0.0011,0.0,0.0,6987.0,0.0011,0.0011,0.0011,10000473,2016-06-22,2016-06-22,C,2.6,2015-11-09
1419,2016-05-16 14:40:00,2016-05-16,0.0011,0.0,0.0,6987.0,0.0011,0.0011,0.0011,10000473,2016-06-22,2016-06-22,C,2.6,2015-11-09
1420,2016-05-16 14:41:00,2016-05-16,0.0011,0.0,0.0,6987.0,0.0011,0.0011,0.0011,10000473,2016-06-22,2016-06-22,C,2.6,2015-11-09
1421,2016-05-16 14:42:00,2016-05-16,0.0011,0.0,0.0,6987.0,0.0011,0.0011,0.0011,10000473,2016-06-22,2016-06-22,C,2.6,2015-11-09
1422,2016-05-16 14:43:00,2016-05-16,0.0011,0.0,0.0,6987.0,0.0011,0.0011,0.0011,10000473,2016-06-22,2016-06-22,C,2.6,2015-11-09
1423,2016-05-16 14:44:00,2016-05-16,0.0011,0.0,0.0,6987.0,0.0011,0.0011,0.0011,10000473,2016-06-22,2016-06-22,C,2.6,2015-11-09
1424,2016-05-16 14:45:00,2016-05-16,0.0011,0.0,0.0,6987.0,0.0011,0.0011,0.0011,10000473,2016-06-22,2016-06-22,C,2.6,2015-11-09
1425,2016-05-16 14:46:00,2016-05-16,0.0011,0.0,0.0,6987.0,0.0011,0.0011,0.0011,10000473,2016-06-22,2016-06-22,C,2.6,2015-11-09
1426,2016-05-16 14:47:00,2016-05-16,0.0011,0.0,0.0,6987.0,0.0011,0.0011,0.0011,10000473,2016-06-22,2016-06-22,C,2.6,2015-11-09
1427,2016-05-16 14:48:00,2016-05-16,0.0011,0.0,0.0,6987.0,0.0011,0.0011,0.0011,10000473,2016-06-22,2016-06-22,C,2.6,2015-11-09
1428,2016-05-16 14:49:00,2016-05-16,0.0011,0.0,0.0,6987.0,0.0011,0.0011,0.0011,10000473,2016-06-22,2016-06-22,C,2.6,2015-11-09
1429,2016-05-16 14:50:00,2016-05-16,0.0011,0.0,0.0,6987.0,0.0011,0.0011,0.0011,10000473,2016-06-22,2016-06-22,C,2.6,2015-11-09
1430,2016-05-16 14:51:00,2016-05-16,0.0011,0.0,0.0,6987.0,0.0011,0.0011,0.0011,10000473,2016-06-22,2016-06-22,C,2.6,2015-11-09
1431,2016-05-16 14:52:00,2016-05-16,0.0011,0.0,0.0,6987.0,0.0011,0.0011,0.0011,10000473,2016-06-22,2016-06-22,C,2.6,2015-11-09
1432,2016-05-16 14:53:00,2016-05-16,0.0011,0.0,0.0,6987.0,0.0011,0.0011,0.0011,10000473,2016-06-22,2016-06-22,C,2.6,2015-11-09
1433,2016-05-16 14:54:00,2016-05-16,0.0011,0.0,0.0,6987.0,0.0011,0.0011,0.0011,10000473,2016-06-22,2016-06-22,C,2.6,2015-11-09
1434,2016-05-16 14:55:00,2016-05-16,0.0011,0.0,0.0,6987.0,0.0011,0.0011,0.0011,10000473,2016-06-22,2016-06-22,C,2.6,2015-11-09
1435,2016-05-16 14:56:00,2016-05-16,0.0011,0.0,0.0,6987.0,0.0011,0.0011,0.0011,10000473,2016-06-22,2016-06-22,C,2.6,2015-11-09
1436,2016-05-16 14:57:00,2016-05-16,0.0011,0.0,0.0,6987.0,0.0011,0.0011,0.0011,10000473,2016-06-22,2016-06-22,C,2.6,2015-11-09
1437,2016-05-16 14:58:00,2016-05-16,0.0011,0.0,0.0,6987.0,0.0011,0.0011,0.0011,10000473,2016-06-22,2016-06-22,C,2.6,2015-11-09
1438,2016-05-16 14:59:00,2016-05-16,0.0011,0.0,0.0,6987.0,0.0011,0.0011,0.0011,10000473,2016-06-22,2016-06-22,C,2.6,2015-11-09
1439,2016-05-16 15:00:00,2016-05-16,0.0011,0.0,0.0,6987.0,0.0011,0.0011,0.0011,10000473,2016-06-22,2016-06-22,C,2.6,2015-11-09
1440,2016-05-16 09:31:00,2016-05-16,0.085,5111.0,6.0,5681.0,0.085,0.085,0.0849,10000559,2016-09-28,2016-09-28,C,2.05,2016-01-28
1441,2016-05-16 09:32:00,2016-05-16,0.085,0.0,0.0,5681.0,0.085,0.085,0.085,10000559,2016-09-28,2016-09-28,C,2.05,2016-01-28
1442,2016-05-16 09:33:00,2016-05-16,0.085,4226.0,5.0,5682.0,0.085,0.0846,0.0845,10000559,2016-09-28,2016-09-28,C,2.05,2016-01-28
1443,2016-05-16 09:34:00,2016-05-16,0.0846,8430.0,10.0,5672.0,0.0846,0.0843,0.0843,10000559,2016-09-28,2016-09-28,C,2.05,2016-01-28
1444,2016-05-16 09:35:00,2016-05-16,0.0843,0.0,0.0,5672.0,0.0843,0.0843,0.0843,10000559,2016-09-28,2016-09-28,C,2.05,2016-01-28
1445,2016-05-16 09:36:00,2016-05-16,0.0884,14017.0,16.0,5672.0,0.0843,0.0854,0.0843,10000559,2016-09-28,2016-09-28,C,2.05,2016-01-28
1446,2016-05-16 09:37:00,2016-05-16,0.0854,0.0,0.0,5672.0,0.0854,0.0854,0.0854,10000559,2016-09-28,2016-09-28,C,2.05,2016-01-28
1447,2016-05-16 09:38:00,2016-05-16,0.0855,8550.0,10.0,5672.0,0.0855,0.0855,0.0855,10000559,2016-09-28,2016-09-28,C,2.05,2016-01-28
1448,2016-05-16 09:39:00,2016-05-16,0.0855,0.0,0.0,5672.0,0.0855,0.0855,0.0855,10000559,2016-09-28,2016-09-28,C,2.05,2016-01-28
1449,2016-05-16 09:40:00,2016-05-16,0.0855,8530.0,10.0,5672.0,0.0855,0.0853,0.0853,10000559,2016-09-28,2016-09-28,C,2.05,2016-01-28
1450,2016-05-16 09:41:00,2016-05-16,0.0853,0.0,0.0,5672.0,0.0853,0.0853,0.0853,10000559,2016-09-28,2016-09-28,C,2.05,2016-01-28
1451,2016-05-16 09:42:00,2016-05-16,0.0853,0.0,0.0,5672.0,0.0853,0.0853,0.0853,10000559,2016-09-28,2016-09-28,C,2.05,2016-01-28
1452,2016-05-16 09:43:00,2016-05-16,0.0853,0.0,0.0,5672.0,0.0853,0.0853,0.0853,10000559,2016-09-28,2016-09-28,C,2.05,2016-01-28
1453,2016-05-16 09:44:00,2016-05-16,0.0853,0.0,0.0,5672.0,0.0853,0.0853,0.0853,10000559,2016-09-28,2016-09-28,C,2.05,2016-01-28
1454,2016-05-16 09:45:00,2016-05-16,0.0853,0.0,0.0,5672.0,0.0853,0.0853,0.0853,10000559,2016-09-28,2016-09-28,C,2.05,2016-01-28
1455,2016-05-16 09:46:00,2016-05-16,0.0853,5901.0,7.0,5672.0,0.0853,0.0843,0.0843,10000559,2016-09-28,2016-09-28,C,2.05,2016-01-28
1456,2016-05-16 09:47:00,2016-05-16,0.0843,0.0,0.0,5672.0,0.0843,0.0843,0.0843,10000559,2016-09-28,2016-09-28,C,2.05,2016-01-28
1457,2016-05-16 09:48:00,2016-05-16,0.0843,0.0,0.0,5672.0,0.0843,0.0843,0.0843,10000559,2016-09-28,2016-09-28,C,2.05,2016-01-28
1458,2016-05-16 09:49:00,2016-05-16,0.0843,0.0,0.0,5672.0,0.0843,0.0843,0.0843,10000559,2016-09-28,2016-09-28,C,2.05,2016-01-28
1459,2016-05-16 09:50:00,2016-05-16,0.0843,0.0,0.0,5672.0,0.0843,0.0843,0.0843,10000559,2016-09-28,2016-09-28,C,2.05,2016-01-28
1460,2016-05-16 09:51:00,2016-05-16,0.0843,2526.0,3.0,5672.0,0.0843,0.0842,0.0842,10000559,2016-09-28,2016-09-28,C,2.05,2016-01-28
1461,2016-05-16 09:52:00,2016-05-16,0.0842,3368.0,4.0,5672.0,0.0842,0.0842,0.0842,10000559,2016-09-28,2016-09-28,C,2.05,2016-01-28
1462,2016-05-16 09:53:00,2016-05-16,0.0842,1678.0,2.0,5673.0,0.0842,0.0837,0.0837,10000559,2016-09-28,2016-09-28,C,2.05,2016-01-28
1463,2016-05-16 09:54:00,2016-05-16,0.0837,1658.0,2.0,5673.0,0.0837,0.0829,0.0829,10000559,2016-09-28,2016-09-28,C,2.05,2016-01-28
1464,2016-05-16 09:55:00,2016-05-16,0.0829,13865.0,17.0,5673.0,0.0829,0.0817,0.0809,10000559,2016-09-28,2016-09-28,C,2.05,2016-01-28
1465,2016-05-16 09:56:00,2016-05-16,0.0817,0.0,0.0,5673.0,0.0817,0.0817,0.0817,10000559,2016-09-28,2016-09-28,C,2.05,2016-01-28
1466,2016-05-16 09:57:00,2016-05-16,0.0817,0.0,0.0,5673.0,0.0817,0.0817,0.0817,10000559,2016-09-28,2016-09-28,C,2.05,2016-01-28
1467,2016-05-16 09:58:00,2016-05-16,0.0817,0.0,0.0,5673.0,0.0817,0.0817,0.0817,10000559,2016-09-28,2016-09-28,C,2.05,2016-01-28
1468,2016-05-16 09:59:00,2016-05-16,0.0817,3268.0,4.0,5673.0,0.0817,0.0817,0.0817,10000559,2016-09-28,2016-09-28,C,2.05,2016-01-28
1469,2016-05-16 10:00:00,2016-05-16,0.0817,0.0,0.0,5673.0,0.0817,0.0817,0.0817,10000559,2016-09-28,2016-09-28,C,2.05,2016-01-28
1470,2016-05-16 10:01:00,2016-05-16,0.0828,828.0,1.0,5673.0,0.0817,0.0828,0.0817,10000559,2016-09-28,2016-09-28,C,2.05,2016-01-28
1471,2016-05-16 10:02:00,2016-05-16,0.0829,7367.0,9.0,5676.0,0.0828,0.0829,0.0812,10000559,2016-09-28,2016-09-28,C,2.05,2016-01-28
1472,2016-05-16 10:03:00,2016-05-16,0.0829,8200.0,10.0,5676.0,0.0829,0.08199999999999999,0.08199999999999999,10000559,2016-09-28,2016-09-28,C,2.05,2016-01-28
1473,2016-05-16 10:04:00,2016-05-16,0.08199999999999999,0.0,0.0,5676.0,0.08199999999999999,0.08199999999999999,0.08199999999999999,10000559,2016-09-28,2016-09-28,C,2.05,2016-01-28
1474,2016-05-16 10:05:00,2016-05-16,0.08199999999999999,0.0,0.0,5676.0,0.08199999999999999,0.08199999999999999,0.08199999999999999,10000559,2016-09-28,2016-09-28,C,2.05,2016-01-28
1475,2016-05-16 10:06:00,2016-05-16,0.08199999999999999,0.0,0.0,5676.0,0.08199999999999999,0.08199999999999999,0.08199999999999999,10000559,2016-09-28,2016-09-28,C,2.05,2016-01-28
1476,2016-05-16 10:07:00,2016-05-16,0.0835,2505.0,3.0,5679.0,0.08199999999999999,0.0835,0.08199999999999999,10000559,2016-09-28,2016-09-28,C,2.05,2016-01-28
1477,2016-05-16 10:08:00,2016-05-16,0.0835,0.0,0.0,5679.0,0.0835,0.0835,0.0835,10000559,2016-09-28,2016-09-28,C,2.05,2016-01-28
1478,2016-05-16 10:09:00,2016-05-16,0.0835,0.0,0.0,5679.0,0.0835,0.0835,0.0835,10000559,2016-09-28,2016-09-28,C,2.05,2016-01-28
1479,2016-05-16 10:10:00,2016-05-16,0.0835,0.0,0.0,5679.0,0.0835,0.0835,0.0835,10000559,2016-09-28,2016-09-28,C,2.05,2016-01-28
1480,2016-05-16 10:11:00,2016-05-16,0.0835,0.0,0.0,5679.0,0.0835,0.0835,0.0835,10000559,2016-09-28,2016-09-28,C,2.05,2016-01-28
1481,2016-05-16 10:12:00,2016-05-16,0.0835,0.0,0.0,5679.0,0.0835,0.0835,0.0835,10000559,2016-09-28,2016-09-28,C,2.05,2016-01-28
1482,2016-05-16 10:13:00,2016-05-16,0.0835,0.0,0.0,5679.0,0.0835,0.0835,0.0835,10000559,2016-09-28,2016-09-28,C,2.05,2016-01-28
1483,2016-05-16 10:14:00,2016-05-16,0.0835,8320.0,10.0,5679.0,0.0835,0.0832,0.0832,10000559,2016-09-28,2016-09-28,C,2.05,2016-01-28
1484,2016-05-16 10:15:00,2016-05-16,0.0832,0.0,0.0,5679.0,0.0832,0.0832,0.0832,10000559,2016-09-28,2016-09-28,C,2.05,2016-01-28
1485,2016-05-16 10:16:00,2016-05-16,0.084,6720.0,8.0,5671.0,0.0832,0.084,0.0832,10000559,2016-09-28,2016-09-28,C,2.05,2016-01-28
1486,2016-05-16 10:17:00,2016-05-16,0.084,0.0,0.0,5671.0,0.084,0.084,0.084,10000559,2016-09-28,2016-09-28,C,2.05,2016-01-28
1487,2016-05-16 10:18:00,2016-05-16,0.084,0.0,0.0,5671.0,0.084,0.084,0.084,10000559,2016-09-28,2016-09-28,C,2.05,2016-01-28
1488,2016-05-16 10:19:00,2016-05-16,0.084,0.0,0.0,5671.0,0.084,0.084,0.084,10000559,2016-09-28,2016-09-28,C,2.05,2016-01-28
1489,2016-05-16 10:20:00,2016-05-16,0.084,0.0,0.0,5671.0,0.084,0.084,0.084,10000559,2016-09-28,2016-09-28,C,2.05,2016-01-28
1490,2016-05-16 10:21:00,2016-05-16,0.0848,848.0,1.0,5671.0,0.084,0.0848,0.084,10000559,2016-09-28,2016-09-28,C,2.05,2016-01-28
1491,2016-05-16 10:22:00,2016-05-16,0.0848,0.0,0.0,5671.0,0.0848,0.0848,0.0848,10000559,2016-09-28,2016-09-28,C,2.05,2016-01-28
1492,2016-05-16 10:23:00,2016-05-16,0.0848,0.0,0.0,5671.0,0.0848,0.0848,0.0848,10000559,2016-09-28,2016-09-28,C,2.05,2016-01-28
1493,2016-05-16 10:24:00,2016-05-16,0.0848,1672.0,2.0,5673.0,0.0848,0.0836,0.0836,10000559,2016-09-28,2016-09-28,C,2.05,2016-01-28
1494,2016-05-16 10:25:00,2016-05-16,0.0836,24810.0,30.0,5683.0,0.0836,0.0827,0.0826,10000559,2016-09-28,2016-09-28,C,2.05,2016-01-28
1495,2016-05-16 10:26:00,2016-05-16,0.0827,0.0,0.0,5683.0,0.0827,0.0827,0.0827,10000559,2016-09-28,2016-09-28,C,2.05,2016-01-28
1496,2016-05-16 10:27:00,2016-05-16,0.0836,2508.0,3.0,5686.0,0.0827,0.0836,0.0827,10000559,2016-09-28,2016-09-28,C,2.05,2016-01-28
1497,2016-05-16 10:28:00,2016-05-16,0.0843,12610.0,15.0,5696.0,0.0836,0.0843,0.0836,10000559,2016-09-28,2016-09-28,C,2.05,2016-01-28
1498,2016-05-16 10:29:00,2016-05-16,0.0843,8401.0,10.0,5696.0,0.0843,0.084,0.084,10000559,2016-09-28,2016-09-28,C,2.05,2016-01-28
1499,2016-05-16 10:30:00,2016-05-16,0.084,0.0,0.0,5696.0,0.084,0.084,0.084,10000559,2016-09-28,2016-09-28,C,2.05,2016-01-28
1500,2016-05-16 10:31:00,2016-05-16,0.084,0.0,0.0,5696.0,0.084,0.084,0.084,10000559,2016-09-28,2016-09-28,C,2.05,2016-01-28
1501,2016-05-16 10:32:00,2016-05-16,0.084,0.0,0.0,5696.0,0.084,0.084,0.084,10000559,2016-09-28,2016-09-28,C,2.05,2016-01-28
1502,2016-05-16 10:33:00,2016-05-16,0.084,0.0,0.0,5696.0,0.084,0.084,0.084,10000559,2016-09-28,2016-09-28,C,2.05,2016-01-28
1503,2016-05-16 10:34:00,2016-05-16,0.0848,12693.0,15.0,5697.0,0.084,0.0842,0.084,10000559,2016-09-28,2016-09-28,C,2.05,2016-01-28
1504,2016-05-16 10:35:00,2016-05-16,0.0842,0.0,0.0,5697.0,0.0842,0.0842,0.0842,10000559,2016-09-28,2016-09-28,C,2.05,2016-01-28
1505,2016-05-16 10:36:00,2016-05-16,0.0846,4230.0,5.0,5697.0,0.0842,0.0846,0.0842,10000559,2016-09-28,2016-09-28,C,2.05,2016-01-28
1506,2016-05-16 10:37:00,2016-05-16,0.0846,0.0,0.0,5697.0,0.0846,0.0846,0.0846,10000559,2016-09-28,2016-09-28,C,2.05,2016-01-28
1507,2016-05-16 10:38:00,2016-05-16,0.0846,0.0,0.0,5697.0,0.0846,0.0846,0.0846,10000559,2016-09-28,2016-09-28,C,2.05,2016-01-28
1508,2016-05-16 10:39:00,2016-05-16,0.0846,0.0,0.0,5697.0,0.0846,0.0846,0.0846,10000559,2016-09-28,2016-09-28,C,2.05,2016-01-28
1509,2016-05-16 10:40:00,2016-05-16,0.0846,0.0,0.0,5697.0,0.0846,0.0846,0.0846,10000559,2016-09-28,2016-09-28,C,2.05,2016-01-28
1510,2016-05-16 10:41:00,2016-05-16,0.0846,0.0,0.0,5697.0,0.0846,0.0846,0.0846,10000559,2016-09-28,2016-09-28,C,2.05,2016-01-28
1511,2016-05-16 10:42:00,2016-05-16,0.0846,0.0,0.0,5697.0,0.0846,0.0846,0.0846,10000559,2016-09-28,2016-09-28,C,2.05,2016-01-28
1512,2016-05-16 10:43:00,2016-05-16,0.0846,0.0,0.0,5697.0,0.0846,0.0846,0.0846,10000559,2016-09-28,2016-09-28,C,2.05,2016-01-28
1513,2016-05-16 10:44:00,2016-05-16,0.0846,0.0,0.0,5697.0,0.0846,0.0846,0.0846,10000559,2016-09-28,2016-09-28,C,2.05,2016-01-28
1514,2016-05-16 10:45:00,2016-05-16,0.0846,0.0,0.0,5697.0,0.0846,0.0846,0.0846,10000559,2016-09-28,2016-09-28,C,2.05,2016-01-28
1515,2016-05-16 10:46:00,2016-05-16,0.0846,0.0,0.0,5697.0,0.0846,0.0846,0.0846,10000559,2016-09-28,2016-09-28,C,2.05,2016-01-28
1516,2016-05-16 10:47:00,2016-05-16,0.0855,1710.0,2.0,5697.0,0.0846,0.0855,0.0846,10000559,2016-09-28,2016-09-28,C,2.05,2016-01-28
1517,2016-05-16 10:48:00,2016-05-16,0.0855,0.0,0.0,5697.0,0.0855,0.0855,0.0855,10000559,2016-09-28,2016-09-28,C,2.05,2016-01-28
1518,2016-05-16 10:49:00,2016-05-16,0.0855,0.0,0.0,5697.0,0.0855,0.0855,0.0855,10000559,2016-09-28,2016-09-28,C,2.05,2016-01-28
1519,2016-05-16 10:50:00,2016-05-16,0.0872,4360.0,5.0,5697.0,0.0855,0.0872,0.0855,10000559,2016-09-28,2016-09-28,C,2.05,2016-01-28
1520,2016-05-16 10:51:00,2016-05-16,0.0872,0.0,0.0,5697.0,0.0872,0.0872,0.0872,10000559,2016-09-28,2016-09-28,C,2.05,2016-01-28
1521,2016-05-16 10:52:00,2016-05-16,0.0872,0.0,0.0,5697.0,0.0872,0.0872,0.0872,10000559,2016-09-28,2016-09-28,C,2.05,2016-01-28
1522,2016-05-16 10:53:00,2016-05-16,0.0872,0.0,0.0,5697.0,0.0872,0.0872,0.0872,10000559,2016-09-28,2016-09-28,C,2.05,2016-01-28
1523,2016-05-16 10:54:00,2016-05-16,0.0872,0.0,0.0,5697.0,0.0872,0.0872,0.0872,10000559,2016-09-28,2016-09-28,C,2.05,2016-01-28
1524,2016-05-16 10:55:00,2016-05-16,0.0872,0.0,0.0,5697.0,0.0872,0.0872,0.0872,10000559,2016-09-28,2016-09-28,C,2.05,2016-01-28
1525,2016-05-16 10:56:00,2016-05-16,0.0872,0.0,0.0,5697.0,0.0872,0.0872,0.0872,10000559,2016-09-28,2016-09-28,C,2.05,2016-01-28
1526,2016-05-16 10:57:00,2016-05-16,0.0872,0.0,0.0,5697.0,0.0872,0.0872,0.0872,10000559,2016-09-28,2016-09-28,C,2.05,2016-01-28
1527,2016-05-16 10:58:00,2016-05-16,0.0872,0.0,0.0,5697.0,0.0872,0.0872,0.0872,10000559,2016-09-28,2016-09-28,C,2.05,2016-01-28
1528,2016-05-16 10:59:00,2016-05-16,0.0872,0.0,0.0,5697.0,0.0872,0.0872,0.0872,10000559,2016-09-28,2016-09-28,C,2.05,2016-01-28
1529,2016-05-16 11:00:00,2016-05-16,0.0872,0.0,0.0,5697.0,0.0872,0.0872,0.0872,10000559,2016-09-28,2016-09-28,C,2.05,2016-01-28
1530,2016-05-16 11:01:00,2016-05-16,0.0872,0.0,0.0,5697.0,0.0872,0.0872,0.0872,10000559,2016-09-28,2016-09-28,C,2.05,2016-01-28
1531,2016-05-16 11:02:00,2016-05-16,0.0872,0.0,0.0,5697.0,0.0872,0.0872,0.0872,10000559,2016-09-28,2016-09-28,C,2.05,2016-01-28
1532,2016-05-16 11:03:00,2016-05-16,0.0872,0.0,0.0,5697.0,0.0872,0.0872,0.0872,10000559,2016-09-28,2016-09-28,C,2.05,2016-01-28
1533,2016-05-16 11:04:00,2016-05-16,0.0872,0.0,0.0,5697.0,0.0872,0.0872,0.0872,10000559,2016-09-28,2016-09-28,C,2.05,2016-01-28
1534,2016-05-16 11:05:00,2016-05-16,0.0872,0.0,0.0,5697.0,0.0872,0.0872,0.0872,10000559,2016-09-28,2016-09-28,C,2.05,2016-01-28
1535,2016-05-16 11:06:00,2016-05-16,0.0905,905.0,1.0,5697.0,0.0872,0.0905,0.0872,10000559,2016-09-28,2016-09-28,C,2.05,2016-01-28
1536,2016-05-16 11:07:00,2016-05-16,0.0905,0.0,0.0,5697.0,0.0905,0.0905,0.0905,10000559,2016-09-28,2016-09-28,C,2.05,2016-01-28
1537,2016-05-16 11:08:00,2016-05-16,0.0905,0.0,0.0,5697.0,0.0905,0.0905,0.0905,10000559,2016-09-28,2016-09-28,C,2.05,2016-01-28
1538,2016-05-16 11:09:00,2016-05-16,0.0905,0.0,0.0,5697.0,0.0905,0.0905,0.0905,10000559,2016-09-28,2016-09-28,C,2.05,2016-01-28
1539,2016-05-16 11:10:00,2016-05-16,0.0905,0.0,0.0,5697.0,0.0905,0.0905,0.0905,10000559,2016-09-28,2016-09-28,C,2.05,2016-01-28
1540,2016-05-16 11:11:00,2016-05-16,0.0905,0.0,0.0,5697.0,0.0905,0.0905,0.0905,10000559,2016-09-28,2016-09-28,C,2.05,2016-01-28
1541,2016-05-16 11:12:00,2016-05-16,0.0905,0.0,0.0,5697.0,0.0905,0.0905,0.0905,10000559,2016-09-28,2016-09-28,C,2.05,2016-01-28
1542,2016-05-16 11:13:00,2016-05-16,0.0905,0.0,0.0,5697.0,0.0905,0.0905,0.0905,10000559,2016-09-28,2016-09-28,C,2.05,2016-01-28
1543,2016-05-16 11:14:00,2016-05-16,0.0905,0.0,0.0,5697.0,0.0905,0.0905,0.0905,10000559,2016-09-28,2016-09-28,C,2.05,2016-01-28
1544,2016-05-16 11:15:00,2016-05-16,0.0905,0.0,0.0,5697.0,0.0905,0.0905,0.0905,10000559,2016-09-28,2016-09-28,C,2.05,2016-01-28
1545,2016-05-16 11:16:00,2016-05-16,0.0905,0.0,0.0,5697.0,0.0905,0.0905,0.0905,10000559,2016-09-28,2016-09-28,C,2.05,2016-01-28
1546,2016-05-16 11:17:00,2016-05-16,0.0905,0.0,0.0,5697.0,0.0905,0.0905,0.0905,10000559,2016-09-28,2016-09-28,C,2.05,2016-01-28
1547,2016-05-16 11:18:00,2016-05-16,0.0905,0.0,0.0,5697.0,0.0905,0.0905,0.0905,10000559,2016-09-28,2016-09-28,C,2.05,2016-01-28
1548,2016-05-16 11:19:00,2016-05-16,0.0905,0.0,0.0,5697.0,0.0905,0.0905,0.0905,10000559,2016-09-28,2016-09-28,C,2.05,2016-01-28
1549,2016-05-16 11:20:00,2016-05-16,0.0905,0.0,0.0,5697.0,0.0905,0.0905,0.0905,10000559,2016-09-28,2016-09-28,C,2.05,2016-01-28
1550,2016-05-16 11:21:00,2016-05-16,0.0905,0.0,0.0,5697.0,0.0905,0.0905,0.0905,10000559,2016-09-28,2016-09-28,C,2.05,2016-01-28
1551,2016-05-16 11:22:00,2016-05-16,0.0905,0.0,0.0,5697.0,0.0905,0.0905,0.0905,10000559,2016-09-28,2016-09-28,C,2.05,2016-01-28
1552,2016-05-16 11:23:00,2016-05-16,0.0905,0.0,0.0,5697.0,0.0905,0.0905,0.0905,10000559,2016-09-28,2016-09-28,C,2.05,2016-01-28
1553,2016-05-16 11:24:00,2016-05-16,0.0905,0.0,0.0,5697.0,0.0905,0.0905,0.0905,10000559,2016-09-28,2016-09-28,C,2.05,2016-01-28
1554,2016-05-16 11:25:00,2016-05-16,0.0905,0.0,0.0,5697.0,0.0905,0.0905,0.0905,10000559,2016-09-28,2016-09-28,C,2.05,2016-01-28
1555,2016-05-16 11:26:00,2016-05-16,0.0905,0.0,0.0,5697.0,0.0905,0.0905,0.0905,10000559,2016-09-28,2016-09-28,C,2.05,2016-01-28
1556,2016-05-16 11:27:00,2016-05-16,0.0905,0.0,0.0,5697.0,0.0905,0.0905,0.0905,10000559,2016-09-28,2016-09-28,C,2.05,2016-01-28
1557,2016-05-16 11:28:00,2016-05-16,0.0905,0.0,0.0,5697.0,0.0905,0.0905,0.0905,10000559,2016-09-28,2016-09-28,C,2.05,2016-01-28
1558,2016-05-16 11:29:00,2016-05-16,0.0905,0.0,0.0,5697.0,0.0905,0.0905,0.0905,10000559,2016-09-28,2016-09-28,C,2.05,2016-01-28
1559,2016-05-16 11:30:00,2016-05-16,0.0905,0.0,0.0,5697.0,0.0905,0.0905,0.0905,10000559,2016-09-28,2016-09-28,C,2.05,2016-01-28
1560,2016-05-16 13:01:00,2016-05-16,0.0888,888.0,1.0,5697.0,0.0888,0.0888,0.0888,10000559,2016-09-28,2016-09-28,C,2.05,2016-01-28
1561,2016-05-16 13:02:00,2016-05-16,0.0888,0.0,0.0,5697.0,0.0888,0.0888,0.0888,10000559,2016-09-28,2016-09-28,C,2.05,2016-01-28
1562,2016-05-16 13:03:00,2016-05-16,0.0888,0.0,0.0,5697.0,0.0888,0.0888,0.0888,10000559,2016-09-28,2016-09-28,C,2.05,2016-01-28
1563,2016-05-16 13:04:00,2016-05-16,0.0888,0.0,0.0,5697.0,0.0888,0.0888,0.0888,10000559,2016-09-28,2016-09-28,C,2.05,2016-01-28
1564,2016-05-16 13:05:00,2016-05-16,0.0888,0.0,0.0,5697.0,0.0888,0.0888,0.0888,10000559,2016-09-28,2016-09-28,C,2.05,2016-01-28
1565,2016-05-16 13:06:00,2016-05-16,0.0888,0.0,0.0,5697.0,0.0888,0.0888,0.0888,10000559,2016-09-28,2016-09-28,C,2.05,2016-01-28
1566,2016-05-16 13:07:00,2016-05-16,0.0892,892.0,1.0,5698.0,0.0888,0.0892,0.0888,10000559,2016-09-28,2016-09-28,C,2.05,2016-01-28
1567,2016-05-16 13:08:00,2016-05-16,0.0892,892.0,1.0,5699.0,0.0892,0.0892,0.0892,10000559,2016-09-28,2016-09-28,C,2.05,2016-01-28
1568,2016-05-16 13:09:00,2016-05-16,0.0892,0.0,0.0,5699.0,0.0892,0.0892,0.0892,10000559,2016-09-28,2016-09-28,C,2.05,2016-01-28
1569,2016-05-16 13:10:00,2016-05-16,0.0892,0.0,0.0,5699.0,0.0892,0.0892,0.0892,10000559,2016-09-28,2016-09-28,C,2.05,2016-01-28
1570,2016-05-16 13:11:00,2016-05-16,0.0892,0.0,0.0,5699.0,0.0892,0.0892,0.0892,10000559,2016-09-28,2016-09-28,C,2.05,2016-01-28
1571,2016-05-16 13:12:00,2016-05-16,0.0892,0.0,0.0,5699.0,0.0892,0.0892,0.0892,10000559,2016-09-28,2016-09-28,C,2.05,2016-01-28
1572,2016-05-16 13:13:00,2016-05-16,0.0892,0.0,0.0,5699.0,0.0892,0.0892,0.0892,10000559,2016-09-28,2016-09-28,C,2.05,2016-01-28
1573,2016-05-16 13:14:00,2016-05-16,0.0892,0.0,0.0,5699.0,0.0892,0.0892,0.0892,10000559,2016-09-28,2016-09-28,C,2.05,2016-01-28
1574,2016-05-16 13:15:00,2016-05-16,0.0892,0.0,0.0,5699.0,0.0892,0.0892,0.0892,10000559,2016-09-28,2016-09-28,C,2.05,2016-01-28
1575,2016-05-16 13:16:00,2016-05-16,0.0892,0.0,0.0,5699.0,0.0892,0.0892,0.0892,10000559,2016-09-28,2016-09-28,C,2.05,2016-01-28
1576,2016-05-16 13:17:00,2016-05-16,0.0892,0.0,0.0,5699.0,0.0892,0.0892,0.0892,10000559,2016-09-28,2016-09-28,C,2.05,2016-01-28
1577,2016-05-16 13:18:00,2016-05-16,0.0892,0.0,0.0,5699.0,0.0892,0.0892,0.0892,10000559,2016-09-28,2016-09-28,C,2.05,2016-01-28
1578,2016-05-16 13:19:00,2016-05-16,0.0892,0.0,0.0,5699.0,0.0892,0.0892,0.0892,10000559,2016-09-28,2016-09-28,C,2.05,2016-01-28
1579,2016-05-16 13:20:00,2016-05-16,0.0892,0.0,0.0,5699.0,0.0892,0.0892,0.0892,10000559,2016-09-28,2016-09-28,C,2.05,2016-01-28
1580,2016-05-16 13:21:00,2016-05-16,0.0892,0.0,0.0,5699.0,0.0892,0.0892,0.0892,10000559,2016-09-28,2016-09-28,C,2.05,2016-01-28
1581,2016-05-16 13:22:00,2016-05-16,0.0892,0.0,0.0,5699.0,0.0892,0.0892,0.0892,10000559,2016-09-28,2016-09-28,C,2.05,2016-01-28
1582,2016-05-16 13:23:00,2016-05-16,0.0892,0.0,0.0,5699.0,0.0892,0.0892,0.0892,10000559,2016-09-28,2016-09-28,C,2.05,2016-01-28
1583,2016-05-16 13:24:00,2016-05-16,0.0892,0.0,0.0,5699.0,0.0892,0.0892,0.0892,10000559,2016-09-28,2016-09-28,C,2.05,2016-01-28
1584,2016-05-16 13:25:00,2016-05-16,0.0892,0.0,0.0,5699.0,0.0892,0.0892,0.0892,10000559,2016-09-28,2016-09-28,C,2.05,2016-01-28
1585,2016-05-16 13:26:00,2016-05-16,0.0892,0.0,0.0,5699.0,0.0892,0.0892,0.0892,10000559,2016-09-28,2016-09-28,C,2.05,2016-01-28
1586,2016-05-16 13:27:00,2016-05-16,0.0892,0.0,0.0,5699.0,0.0892,0.0892,0.0892,10000559,2016-09-28,2016-09-28,C,2.05,2016-01-28
1587,2016-05-16 13:28:00,2016-05-16,0.0892,1762.0,2.0,5699.0,0.0892,0.0881,0.0881,10000559,2016-09-28,2016-09-28,C,2.05,2016-01-28
1588,2016-05-16 13:29:00,2016-05-16,0.0881,0.0,0.0,5699.0,0.0881,0.0881,0.0881,10000559,2016-09-28,2016-09-28,C,2.05,2016-01-28
1589,2016-05-16 13:30:00,2016-05-16,0.0881,0.0,0.0,5699.0,0.0881,0.0881,0.0881,10000559,2016-09-28,2016-09-28,C,2.05,2016-01-28
1590,2016-05-16 13:31:00,2016-05-16,0.0881,2643.0,3.0,5699.0,0.0881,0.0881,0.0881,10000559,2016-09-28,2016-09-28,C,2.05,2016-01-28
1591,2016-05-16 13:32:00,2016-05-16,0.0881,5286.0,6.0,5699.0,0.0881,0.0881,0.0881,10000559,2016-09-28,2016-09-28,C,2.05,2016-01-28
1592,2016-05-16 13:33:00,2016-05-16,0.0881,0.0,0.0,5699.0,0.0881,0.0881,0.0881,10000559,2016-09-28,2016-09-28,C,2.05,2016-01-28
1593,2016-05-16 13:34:00,2016-05-16,0.0881,0.0,0.0,5699.0,0.0881,0.0881,0.0881,10000559,2016-09-28,2016-09-28,C,2.05,2016-01-28
1594,2016-05-16 13:35:00,2016-05-16,0.0881,0.0,0.0,5699.0,0.0881,0.0881,0.0881,10000559,2016-09-28,2016-09-28,C,2.05,2016-01-28
1595,2016-05-16 13:36:00,2016-05-16,0.0881,0.0,0.0,5699.0,0.0881,0.0881,0.0881,10000559,2016-09-28,2016-09-28,C,2.05,2016-01-28
1596,2016-05-16 13:37:00,2016-05-16,0.0881,0.0,0.0,5699.0,0.0881,0.0881,0.0881,10000559,2016-09-28,2016-09-28,C,2.05,2016-01-28
1597,2016-05-16 13:38:00,2016-05-16,0.0881,0.0,0.0,5699.0,0.0881,0.0881,0.0881,10000559,2016-09-28,2016-09-28,C,2.05,2016-01-28
1598,2016-05-16 13:39:00,2016-05-16,0.0881,0.0,0.0,5699.0,0.0881,0.0881,0.0881,10000559,2016-09-28,2016-09-28,C,2.05,2016-01-28
1599,2016-05-16 13:40:00,2016-05-16,0.0881,0.0,0.0,5699.0,0.0881,0.0881,0.0881,10000559,2016-09-28,2016-09-28,C,2.05,2016-01-28
1600,2016-05-16 13:41:00,2016-05-16,0.0881,0.0,0.0,5699.0,0.0881,0.0881,0.0881,10000559,2016-09-28,2016-09-28,C,2.05,2016-01-28
1601,2016-05-16 13:42:00,2016-05-16,0.0881,0.0,0.0,5699.0,0.0881,0.0881,0.0881,10000559,2016-09-28,2016-09-28,C,2.05,2016-01-28
1602,2016-05-16 13:43:00,2016-05-16,0.0881,0.0,0.0,5699.0,0.0881,0.0881,0.0881,10000559,2016-09-28,2016-09-28,C,2.05,2016-01-28
1603,2016-05-16 13:44:00,2016-05-16,0.0881,0.0,0.0,5699.0,0.0881,0.0881,0.0881,10000559,2016-09-28,2016-09-28,C,2.05,2016-01-28
1604,2016-05-16 13:45:00,2016-05-16,0.0881,0.0,0.0,5699.0,0.0881,0.0881,0.0881,10000559,2016-09-28,2016-09-28,C,2.05,2016-01-28
1605,2016-05-16 13:46:00,2016-05-16,0.0881,0.0,0.0,5699.0,0.0881,0.0881,0.0881,10000559,2016-09-28,2016-09-28,C,2.05,2016-01-28
1606,2016-05-16 13:47:00,2016-05-16,0.0881,0.0,0.0,5699.0,0.0881,0.0881,0.0881,10000559,2016-09-28,2016-09-28,C,2.05,2016-01-28
1607,2016-05-16 13:48:00,2016-05-16,0.0881,0.0,0.0,5699.0,0.0881,0.0881,0.0881,10000559,2016-09-28,2016-09-28,C,2.05,2016-01-28
1608,2016-05-16 13:49:00,2016-05-16,0.0881,0.0,0.0,5699.0,0.0881,0.0881,0.0881,10000559,2016-09-28,2016-09-28,C,2.05,2016-01-28
1609,2016-05-16 13:50:00,2016-05-16,0.0881,0.0,0.0,5699.0,0.0881,0.0881,0.0881,10000559,2016-09-28,2016-09-28,C,2.05,2016-01-28
1610,2016-05-16 13:51:00,2016-05-16,0.0881,0.0,0.0,5699.0,0.0881,0.0881,0.0881,10000559,2016-09-28,2016-09-28,C,2.05,2016-01-28
1611,2016-05-16 13:52:00,2016-05-16,0.0881,0.0,0.0,5699.0,0.0881,0.0881,0.0881,10000559,2016-09-28,2016-09-28,C,2.05,2016-01-28
1612,2016-05-16 13:53:00,2016-05-16,0.0881,0.0,0.0,5699.0,0.0881,0.0881,0.0881,10000559,2016-09-28,2016-09-28,C,2.05,2016-01-28
1613,2016-05-16 13:54:00,2016-05-16,0.0881,0.0,0.0,5699.0,0.0881,0.0881,0.0881,10000559,2016-09-28,2016-09-28,C,2.05,2016-01-28
1614,2016-05-16 13:55:00,2016-05-16,0.0886,4430.0,5.0,5704.0,0.0881,0.0886,0.0881,10000559,2016-09-28,2016-09-28,C,2.05,2016-01-28
1615,2016-05-16 13:56:00,2016-05-16,0.0886,0.0,0.0,5704.0,0.0886,0.0886,0.0886,10000559,2016-09-28,2016-09-28,C,2.05,2016-01-28
1616,2016-05-16 13:57:00,2016-05-16,0.0886,0.0,0.0,5704.0,0.0886,0.0886,0.0886,10000559,2016-09-28,2016-09-28,C,2.05,2016-01-28
1617,2016-05-16 13:58:00,2016-05-16,0.0886,0.0,0.0,5704.0,0.0886,0.0886,0.0886,10000559,2016-09-28,2016-09-28,C,2.05,2016-01-28
1618,2016-05-16 13:59:00,2016-05-16,0.0886,0.0,0.0,5704.0,0.0886,0.0886,0.0886,10000559,2016-09-28,2016-09-28,C,2.05,2016-01-28
1619,2016-05-16 14:00:00,2016-05-16,0.0888,4440.0,5.0,5709.0,0.0888,0.0888,0.0888,10000559,2016-09-28,2016-09-28,C,2.05,2016-01-28
1620,2016-05-16 14:01:00,2016-05-16,0.0888,0.0,0.0,5709.0,0.0888,0.0888,0.0888,10000559,2016-09-28,2016-09-28,C,2.05,2016-01-28
1621,2016-05-16 14:02:00,2016-05-16,0.0888,0.0,0.0,5709.0,0.0888,0.0888,0.0888,10000559,2016-09-28,2016-09-28,C,2.05,2016-01-28
1622,2016-05-16 14:03:00,2016-05-16,0.0888,0.0,0.0,5709.0,0.0888,0.0888,0.0888,10000559,2016-09-28,2016-09-28,C,2.05,2016-01-28
1623,2016-05-16 14:04:00,2016-05-16,0.0888,0.0,0.0,5709.0,0.0888,0.0888,0.0888,10000559,2016-09-28,2016-09-28,C,2.05,2016-01-28
1624,2016-05-16 14:05:00,2016-05-16,0.0888,0.0,0.0,5709.0,0.0888,0.0888,0.0888,10000559,2016-09-28,2016-09-28,C,2.05,2016-01-28
1625,2016-05-16 14:06:00,2016-05-16,0.0888,0.0,0.0,5709.0,0.0888,0.0888,0.0888,10000559,2016-09-28,2016-09-28,C,2.05,2016-01-28
1626,2016-05-16 14:07:00,2016-05-16,0.0888,0.0,0.0,5709.0,0.0888,0.0888,0.0888,10000559,2016-09-28,2016-09-28,C,2.05,2016-01-28
1627,2016-05-16 14:08:00,2016-05-16,0.0888,0.0,0.0,5709.0,0.0888,0.0888,0.0888,10000559,2016-09-28,2016-09-28,C,2.05,2016-01-28
1628,2016-05-16 14:09:00,2016-05-16,0.0888,0.0,0.0,5709.0,0.0888,0.0888,0.0888,10000559,2016-09-28,2016-09-28,C,2.05,2016-01-28
1629,2016-05-16 14:10:00,2016-05-16,0.0888,0.0,0.0,5709.0,0.0888,0.0888,0.0888,10000559,2016-09-28,2016-09-28,C,2.05,2016-01-28
1630,2016-05-16 14:11:00,2016-05-16,0.0888,0.0,0.0,5709.0,0.0888,0.0888,0.0888,10000559,2016-09-28,2016-09-28,C,2.05,2016-01-28
1631,2016-05-16 14:12:00,2016-05-16,0.0888,0.0,0.0,5709.0,0.0888,0.0888,0.0888,10000559,2016-09-28,2016-09-28,C,2.05,2016-01-28
1632,2016-05-16 14:13:00,2016-05-16,0.0888,0.0,0.0,5709.0,0.0888,0.0888,0.0888,10000559,2016-09-28,2016-09-28,C,2.05,2016-01-28
1633,2016-05-16 14:14:00,2016-05-16,0.0888,0.0,0.0,5709.0,0.0888,0.0888,0.0888,10000559,2016-09-28,2016-09-28,C,2.05,2016-01-28
1634,2016-05-16 14:15:00,2016-05-16,0.0888,0.0,0.0,5709.0,0.0888,0.0888,0.0888,10000559,2016-09-28,2016-09-28,C,2.05,2016-01-28
1635,2016-05-16 14:16:00,2016-05-16,0.0888,0.0,0.0,5709.0,0.0888,0.0888,0.0888,10000559,2016-09-28,2016-09-28,C,2.05,2016-01-28
1636,2016-05-16 14:17:00,2016-05-16,0.0888,2607.0,3.0,5709.0,0.0888,0.0869,0.0869,10000559,2016-09-28,2016-09-28,C,2.05,2016-01-28
1637,2016-05-16 14:18:00,2016-05-16,0.0869,0.0,0.0,5709.0,0.0869,0.0869,0.0869,10000559,2016-09-28,2016-09-28,C,2.05,2016-01-28
1638,2016-05-16 14:19:00,2016-05-16,0.0869,0.0,0.0,5709.0,0.0869,0.0869,0.0869,10000559,2016-09-28,2016-09-28,C,2.05,2016-01-28
1639,2016-05-16 14:20:00,2016-05-16,0.0869,0.0,0.0,5709.0,0.0869,0.0869,0.0869,10000559,2016-09-28,2016-09-28,C,2.05,2016-01-28
1640,2016-05-16 14:21:00,2016-05-16,0.0869,0.0,0.0,5709.0,0.0869,0.0869,0.0869,10000559,2016-09-28,2016-09-28,C,2.05,2016-01-28
1641,2016-05-16 14:22:00,2016-05-16,0.0869,0.0,0.0,5709.0,0.0869,0.0869,0.0869,10000559,2016-09-28,2016-09-28,C,2.05,2016-01-28
1642,2016-05-16 14:23:00,2016-05-16,0.0869,0.0,0.0,5709.0,0.0869,0.0869,0.0869,10000559,2016-09-28,2016-09-28,C,2.05,2016-01-28
1643,2016-05-16 14:24:00,2016-05-16,0.0869,0.0,0.0,5709.0,0.0869,0.0869,0.0869,10000559,2016-09-28,2016-09-28,C,2.05,2016-01-28
1644,2016-05-16 14:25:00,2016-05-16,0.0869,0.0,0.0,5709.0,0.0869,0.0869,0.0869,10000559,2016-09-28,2016-09-28,C,2.05,2016-01-28
1645,2016-05-16 14:26:00,2016-05-16,0.0869,0.0,0.0,5709.0,0.0869,0.0869,0.0869,10000559,2016-09-28,2016-09-28,C,2.05,2016-01-28
1646,2016-05-16 14:27:00,2016-05-16,0.0869,0.0,0.0,5709.0,0.0869,0.0869,0.0869,10000559,2016-09-28,2016-09-28,C,2.05,2016-01-28
1647,2016-05-16 14:28:00,2016-05-16,0.087,870.0,1.0,5709.0,0.0869,0.087,0.0869,10000559,2016-09-28,2016-09-28,C,2.05,2016-01-28
1648,2016-05-16 14:29:00,2016-05-16,0.087,0.0,0.0,5709.0,0.087,0.087,0.087,10000559,2016-09-28,2016-09-28,C,2.05,2016-01-28
1649,2016-05-16 14:30:00,2016-05-16,0.0881,881.0,1.0,5709.0,0.087,0.0881,0.087,10000559,2016-09-28,2016-09-28,C,2.05,2016-01-28
1650,2016-05-16 14:31:00,2016-05-16,0.0881,0.0,0.0,5709.0,0.0881,0.0881,0.0881,10000559,2016-09-28,2016-09-28,C,2.05,2016-01-28
1651,2016-05-16 14:32:00,2016-05-16,0.0881,0.0,0.0,5709.0,0.0881,0.0881,0.0881,10000559,2016-09-28,2016-09-28,C,2.05,2016-01-28
1652,2016-05-16 14:33:00,2016-05-16,0.0881,0.0,0.0,5709.0,0.0881,0.0881,0.0881,10000559,2016-09-28,2016-09-28,C,2.05,2016-01-28
1653,2016-05-16 14:34:00,2016-05-16,0.0883,883.0,1.0,5710.0,0.0881,0.0883,0.0881,10000559,2016-09-28,2016-09-28,C,2.05,2016-01-28
1654,2016-05-16 14:35:00,2016-05-16,0.0883,0.0,0.0,5710.0,0.0883,0.0883,0.0883,10000559,2016-09-28,2016-09-28,C,2.05,2016-01-28
1655,2016-05-16 14:36:00,2016-05-16,0.0883,0.0,0.0,5710.0,0.0883,0.0883,0.0883,10000559,2016-09-28,2016-09-28,C,2.05,2016-01-28
1656,2016-05-16 14:37:00,2016-05-16,0.0908,11784.0,13.0,5710.0,0.0883,0.0908,0.0883,10000559,2016-09-28,2016-09-28,C,2.05,2016-01-28
1657,2016-05-16 14:38:00,2016-05-16,0.0908,0.0,0.0,5710.0,0.0908,0.0908,0.0908,10000559,2016-09-28,2016-09-28,C,2.05,2016-01-28
1658,2016-05-16 14:39:00,2016-05-16,0.0908,0.0,0.0,5710.0,0.0908,0.0908,0.0908,10000559,2016-09-28,2016-09-28,C,2.05,2016-01-28
1659,2016-05-16 14:40:00,2016-05-16,0.0908,0.0,0.0,5710.0,0.0908,0.0908,0.0908,10000559,2016-09-28,2016-09-28,C,2.05,2016-01-28
1660,2016-05-16 14:41:00,2016-05-16,0.0908,0.0,0.0,5710.0,0.0908,0.0908,0.0908,10000559,2016-09-28,2016-09-28,C,2.05,2016-01-28
1661,2016-05-16 14:42:00,2016-05-16,0.0908,0.0,0.0,5710.0,0.0908,0.0908,0.0908,10000559,2016-09-28,2016-09-28,C,2.05,2016-01-28
1662,2016-05-16 14:43:00,2016-05-16,0.0908,8010.0,9.0,5710.0,0.0908,0.08900000000000001,0.08900000000000001,10000559,2016-09-28,2016-09-28,C,2.05,2016-01-28
1663,2016-05-16 14:44:00,2016-05-16,0.08900000000000001,890.0,1.0,5710.0,0.08900000000000001,0.08900000000000001,0.08900000000000001,10000559,2016-09-28,2016-09-28,C,2.05,2016-01-28
1664,2016-05-16 14:45:00,2016-05-16,0.0901,4499.0,5.0,5710.0,0.08900000000000001,0.0895,0.08900000000000001,10000559,2016-09-28,2016-09-28,C,2.05,2016-01-28
1665,2016-05-16 14:46:00,2016-05-16,0.0895,8055.0,9.0,5710.0,0.0895,0.0895,0.0895,10000559,2016-09-28,2016-09-28,C,2.05,2016-01-28
1666,2016-05-16 14:47:00,2016-05-16,0.0895,0.0,0.0,5710.0,0.0895,0.0895,0.0895,10000559,2016-09-28,2016-09-28,C,2.05,2016-01-28
1667,2016-05-16 14:48:00,2016-05-16,0.0895,0.0,0.0,5710.0,0.0895,0.0895,0.0895,10000559,2016-09-28,2016-09-28,C,2.05,2016-01-28
1668,2016-05-16 14:49:00,2016-05-16,0.0895,0.0,0.0,5710.0,0.0895,0.0895,0.0895,10000559,2016-09-28,2016-09-28,C,2.05,2016-01-28
1669,2016-05-16 14:50:00,2016-05-16,0.09,1800.0,2.0,5710.0,0.0895,0.09,0.0895,10000559,2016-09-28,2016-09-28,C,2.05,2016-01-28
1670,2016-05-16 14:51:00,2016-05-16,0.0902,9891.0,11.0,5710.0,0.09,0.0887,0.0887,10000559,2016-09-28,2016-09-28,C,2.05,2016-01-28
1671,2016-05-16 14:52:00,2016-05-16,0.0887,0.0,0.0,5710.0,0.0887,0.0887,0.0887,10000559,2016-09-28,2016-09-28,C,2.05,2016-01-28
1672,2016-05-16 14:53:00,2016-05-16,0.0887,0.0,0.0,5710.0,0.0887,0.0887,0.0887,10000559,2016-09-28,2016-09-28,C,2.05,2016-01-28
1673,2016-05-16 14:54:00,2016-05-16,0.0887,0.0,0.0,5710.0,0.0887,0.0887,0.0887,10000559,2016-09-28,2016-09-28,C,2.05,2016-01-28
1674,2016-05-16 14:55:00,2016-05-16,0.0887,0.0,0.0,5710.0,0.0887,0.0887,0.0887,10000559,2016-09-28,2016-09-28,C,2.05,2016-01-28
1675,2016-05-16 14:56:00,2016-05-16,0.0887,0.0,0.0,5710.0,0.0887,0.0887,0.0887,10000559,2016-09-28,2016-09-28,C,2.05,2016-01-28
1676,2016-05-16 14:57:00,2016-05-16,0.0887,0.0,0.0,5710.0,0.0887,0.0887,0.0887,10000559,2016-09-28,2016-09-28,C,2.05,2016-01-28
1677,2016-05-16 14:58:00,2016-05-16,0.0887,0.0,0.0,5710.0,0.0887,0.0887,0.0887,10000559,2016-09-28,2016-09-28,C,2.05,2016-01-28
1678,2016-05-16 14:59:00,2016-05-16,0.0887,0.0,0.0,5710.0,0.0887,0.0887,0.0887,10000559,2016-09-28,2016-09-28,C,2.05,2016-01-28
1679,2016-05-16 15:00:00,2016-05-16,0.0887,0.0,0.0,5710.0,0.0887,0.0887,0.0887,10000559,2016-09-28,2016-09-28,C,2.05,2016-01-28
1680,2016-05-16 09:31:00,2016-05-16,0.1107,0.0,0.0,1186.0,0.1107,0.1107,0.1107,10000615,2016-12-28,2016-12-28,C,2.006,2016-04-28
1681,2016-05-16 09:32:00,2016-05-16,0.1107,0.0,0.0,1186.0,0.1107,0.1107,0.1107,10000615,2016-12-28,2016-12-28,C,2.006,2016-04-28
1682,2016-05-16 09:33:00,2016-05-16,0.1107,0.0,0.0,1186.0,0.1107,0.1107,0.1107,10000615,2016-12-28,2016-12-28,C,2.006,2016-04-28
1683,2016-05-16 09:34:00,2016-05-16,0.1107,0.0,0.0,1186.0,0.1107,0.1107,0.1107,10000615,2016-12-28,2016-12-28,C,2.006,2016-04-28
1684,2016-05-16 09:35:00,2016-05-16,0.1107,0.0,0.0,1186.0,0.1107,0.1107,0.1107,10000615,2016-12-28,2016-12-28,C,2.006,2016-04-28
1685,2016-05-16 09:36:00,2016-05-16,0.1126,13481.0,12.0,1185.0,0.1107,0.1126,0.1107,10000615,2016-12-28,2016-12-28,C,2.006,2016-04-28
1686,2016-05-16 09:37:00,2016-05-16,0.1126,0.0,0.0,1185.0,0.1126,0.1126,0.1126,10000615,2016-12-28,2016-12-28,C,2.006,2016-04-28
1687,2016-05-16 09:38:00,2016-05-16,0.1126,0.0,0.0,1185.0,0.1126,0.1126,0.1126,10000615,2016-12-28,2016-12-28,C,2.006,2016-04-28
1688,2016-05-16 09:39:00,2016-05-16,0.1126,0.0,0.0,1185.0,0.1126,0.1126,0.1126,10000615,2016-12-28,2016-12-28,C,2.006,2016-04-28
1689,2016-05-16 09:40:00,2016-05-16,0.1126,0.0,0.0,1185.0,0.1126,0.1126,0.1126,10000615,2016-12-28,2016-12-28,C,2.006,2016-04-28
1690,2016-05-16 09:41:00,2016-05-16,0.1126,0.0,0.0,1185.0,0.1126,0.1126,0.1126,10000615,2016-12-28,2016-12-28,C,2.006,2016-04-28
1691,2016-05-16 09:42:00,2016-05-16,0.1126,0.0,0.0,1185.0,0.1126,0.1126,0.1126,10000615,2016-12-28,2016-12-28,C,2.006,2016-04-28
1692,2016-05-16 09:43:00,2016-05-16,0.1126,0.0,0.0,1185.0,0.1126,0.1126,0.1126,10000615,2016-12-28,2016-12-28,C,2.006,2016-04-28
1693,2016-05-16 09:44:00,2016-05-16,0.1126,0.0,0.0,1185.0,0.1126,0.1126,0.1126,10000615,2016-12-28,2016-12-28,C,2.006,2016-04-28
1694,2016-05-16 09:45:00,2016-05-16,0.1126,0.0,0.0,1185.0,0.1126,0.1126,0.1126,10000615,2016-12-28,2016-12-28,C,2.006,2016-04-28
1695,2016-05-16 09:46:00,2016-05-16,0.1126,0.0,0.0,1185.0,0.1126,0.1126,0.1126,10000615,2016-12-28,2016-12-28,C,2.006,2016-04-28
1696,2016-05-16 09:47:00,2016-05-16,0.1126,0.0,0.0,1185.0,0.1126,0.1126,0.1126,10000615,2016-12-28,2016-12-28,C,2.006,2016-04-28
1697,2016-05-16 09:48:00,2016-05-16,0.1126,0.0,0.0,1185.0,0.1126,0.1126,0.1126,10000615,2016-12-28,2016-12-28,C,2.006,2016-04-28
1698,2016-05-16 09:49:00,2016-05-16,0.1126,2162.0,2.0,1185.0,0.1126,0.1081,0.1081,10000615,2016-12-28,2016-12-28,C,2.006,2016-04-28
1699,2016-05-16 09:50:00,2016-05-16,0.1082,9735.0,9.0,1191.0,0.1081,0.1082,0.1081,10000615,2016-12-28,2016-12-28,C,2.006,2016-04-28
1700,2016-05-16 09:51:00,2016-05-16,0.1082,7562.0,7.0,1193.0,0.1082,0.108,0.108,10000615,2016-12-28,2016-12-28,C,2.006,2016-04-28
1701,2016-05-16 09:52:00,2016-05-16,0.108,2160.0,2.0,1194.0,0.108,0.108,0.108,10000615,2016-12-28,2016-12-28,C,2.006,2016-04-28
1702,2016-05-16 09:53:00,2016-05-16,0.1088,6528.0,6.0,1188.0,0.108,0.1088,0.108,10000615,2016-12-28,2016-12-28,C,2.006,2016-04-28
1703,2016-05-16 09:54:00,2016-05-16,0.1088,3186.0,3.0,1185.0,0.1088,0.1062,0.1062,10000615,2016-12-28,2016-12-28,C,2.006,2016-04-28
1704,2016-05-16 09:55:00,2016-05-16,0.1062,0.0,0.0,1185.0,0.1062,0.1062,0.1062,10000615,2016-12-28,2016-12-28,C,2.006,2016-04-28
1705,2016-05-16 09:56:00,2016-05-16,0.1068,8544.0,8.0,1177.0,0.1068,0.1068,0.1068,10000615,2016-12-28,2016-12-28,C,2.006,2016-04-28
1706,2016-05-16 09:57:00,2016-05-16,0.1068,0.0,0.0,1177.0,0.1068,0.1068,0.1068,10000615,2016-12-28,2016-12-28,C,2.006,2016-04-28
1707,2016-05-16 09:58:00,2016-05-16,0.1068,0.0,0.0,1177.0,0.1068,0.1068,0.1068,10000615,2016-12-28,2016-12-28,C,2.006,2016-04-28
1708,2016-05-16 09:59:00,2016-05-16,0.1068,0.0,0.0,1177.0,0.1068,0.1068,0.1068,10000615,2016-12-28,2016-12-28,C,2.006,2016-04-28
1709,2016-05-16 10:00:00,2016-05-16,0.1089,2178.0,2.0,1177.0,0.1068,0.1089,0.1068,10000615,2016-12-28,2016-12-28,C,2.006,2016-04-28
1710,2016-05-16 10:01:00,2016-05-16,0.1089,0.0,0.0,1177.0,0.1089,0.1089,0.1089,10000615,2016-12-28,2016-12-28,C,2.006,2016-04-28
1711,2016-05-16 10:02:00,2016-05-16,0.1089,0.0,0.0,1177.0,0.1089,0.1089,0.1089,10000615,2016-12-28,2016-12-28,C,2.006,2016-04-28
1712,2016-05-16 10:03:00,2016-05-16,0.1089,10880.0,10.0,1187.0,0.1089,0.1088,0.1088,10000615,2016-12-28,2016-12-28,C,2.006,2016-04-28
1713,2016-05-16 10:04:00,2016-05-16,0.1088,0.0,0.0,1187.0,0.1088,0.1088,0.1088,10000615,2016-12-28,2016-12-28,C,2.006,2016-04-28
1714,2016-05-16 10:05:00,2016-05-16,0.1088,10880.0,10.0,1197.0,0.1088,0.1088,0.1088,10000615,2016-12-28,2016-12-28,C,2.006,2016-04-28
1715,2016-05-16 10:06:00,2016-05-16,0.1088,0.0,0.0,1197.0,0.1088,0.1088,0.1088,10000615,2016-12-28,2016-12-28,C,2.006,2016-04-28
1716,2016-05-16 10:07:00,2016-05-16,0.1088,0.0,0.0,1197.0,0.1088,0.1088,0.1088,10000615,2016-12-28,2016-12-28,C,2.006,2016-04-28
1717,2016-05-16 10:08:00,2016-05-16,0.1088,0.0,0.0,1197.0,0.1088,0.1088,0.1088,10000615,2016-12-28,2016-12-28,C,2.006,2016-04-28
1718,2016-05-16 10:09:00,2016-05-16,0.1088,0.0,0.0,1197.0,0.1088,0.1088,0.1088,10000615,2016-12-28,2016-12-28,C,2.006,2016-04-28
1719,2016-05-16 10:10:00,2016-05-16,0.1088,0.0,0.0,1197.0,0.1088,0.1088,0.1088,10000615,2016-12-28,2016-12-28,C,2.006,2016-04-28
1720,2016-05-16 10:11:00,2016-05-16,0.1088,1066.0,1.0,1198.0,0.1088,0.1066,0.1066,10000615,2016-12-28,2016-12-28,C,2.006,2016-04-28
1721,2016-05-16 10:12:00,2016-05-16,0.1066,0.0,0.0,1198.0,0.1066,0.1066,0.1066,10000615,2016-12-28,2016-12-28,C,2.006,2016-04-28
1722,2016-05-16 10:13:00,2016-05-16,0.1066,0.0,0.0,1198.0,0.1066,0.1066,0.1066,10000615,2016-12-28,2016-12-28,C,2.006,2016-04-28
1723,2016-05-16 10:14:00,2016-05-16,0.1066,0.0,0.0,1198.0,0.1066,0.1066,0.1066,10000615,2016-12-28,2016-12-28,C,2.006,2016-04-28
1724,2016-05-16 10:15:00,2016-05-16,0.1066,0.0,0.0,1198.0,0.1066,0.1066,0.1066,10000615,2016-12-28,2016-12-28,C,2.006,2016-04-28
1725,2016-05-16 10:16:00,2016-05-16,0.1066,0.0,0.0,1198.0,0.1066,0.1066,0.1066,10000615,2016-12-28,2016-12-28,C,2.006,2016-04-28
1726,2016-05-16 10:17:00,2016-05-16,0.1066,0.0,0.0,1198.0,0.1066,0.1066,0.1066,10000615,2016-12-28,2016-12-28,C,2.006,2016-04-28
1727,2016-05-16 10:18:00,2016-05-16,0.1066,0.0,0.0,1198.0,0.1066,0.1066,0.1066,10000615,2016-12-28,2016-12-28,C,2.006,2016-04-28
1728,2016-05-16 10:19:00,2016-05-16,0.1066,0.0,0.0,1198.0,0.1066,0.1066,0.1066,10000615,2016-12-28,2016-12-28,C,2.006,2016-04-28
1729,2016-05-16 10:20:00,2016-05-16,0.1066,0.0,0.0,1198.0,0.1066,0.1066,0.1066,10000615,2016-12-28,2016-12-28,C,2.006,2016-04-28
1730,2016-05-16 10:21:00,2016-05-16,0.1066,0.0,0.0,1198.0,0.1066,0.1066,0.1066,10000615,2016-12-28,2016-12-28,C,2.006,2016-04-28
1731,2016-05-16 10:22:00,2016-05-16,0.1097,10970.0,10.0,1208.0,0.1066,0.1097,0.1066,10000615,2016-12-28,2016-12-28,C,2.006,2016-04-28
1732,2016-05-16 10:23:00,2016-05-16,0.1097,0.0,0.0,1208.0,0.1097,0.1097,0.1097,10000615,2016-12-28,2016-12-28,C,2.006,2016-04-28
1733,2016-05-16 10:24:00,2016-05-16,0.1097,0.0,0.0,1208.0,0.1097,0.1097,0.1097,10000615,2016-12-28,2016-12-28,C,2.006,2016-04-28
1734,2016-05-16 10:25:00,2016-05-16,0.1097,0.0,0.0,1208.0,0.1097,0.1097,0.1097,10000615,2016-12-28,2016-12-28,C,2.006,2016-04-28
1735,2016-05-16 10:26:00,2016-05-16,0.1097,0.0,0.0,1208.0,0.1097,0.1097,0.1097,10000615,2016-12-28,2016-12-28,C,2.006,2016-04-28
1736,2016-05-16 10:27:00,2016-05-16,0.1097,0.0,0.0,1208.0,0.1097,0.1097,0.1097,10000615,2016-12-28,2016-12-28,C,2.006,2016-04-28
1737,2016-05-16 10:28:00,2016-05-16,0.1097,0.0,0.0,1208.0,0.1097,0.1097,0.1097,10000615,2016-12-28,2016-12-28,C,2.006,2016-04-28
1738,2016-05-16 10:29:00,2016-05-16,0.1097,0.0,0.0,1208.0,0.1097,0.1097,0.1097,10000615,2016-12-28,2016-12-28,C,2.006,2016-04-28
1739,2016-05-16 10:30:00,2016-05-16,0.1097,0.0,0.0,1208.0,0.1097,0.1097,0.1097,10000615,2016-12-28,2016-12-28,C,2.006,2016-04-28
1740,2016-05-16 10:31:00,2016-05-16,0.1097,0.0,0.0,1208.0,0.1097,0.1097,0.1097,10000615,2016-12-28,2016-12-28,C,2.006,2016-04-28
1741,2016-05-16 10:32:00,2016-05-16,0.1097,0.0,0.0,1208.0,0.1097,0.1097,0.1097,10000615,2016-12-28,2016-12-28,C,2.006,2016-04-28
1742,2016-05-16 10:33:00,2016-05-16,0.1097,0.0,0.0,1208.0,0.1097,0.1097,0.1097,10000615,2016-12-28,2016-12-28,C,2.006,2016-04-28
1743,2016-05-16 10:34:00,2016-05-16,0.1097,0.0,0.0,1208.0,0.1097,0.1097,0.1097,10000615,2016-12-28,2016-12-28,C,2.006,2016-04-28
1744,2016-05-16 10:35:00,2016-05-16,0.1097,0.0,0.0,1208.0,0.1097,0.1097,0.1097,10000615,2016-12-28,2016-12-28,C,2.006,2016-04-28
1745,2016-05-16 10:36:00,2016-05-16,0.1097,0.0,0.0,1208.0,0.1097,0.1097,0.1097,10000615,2016-12-28,2016-12-28,C,2.006,2016-04-28
1746,2016-05-16 10:37:00,2016-05-16,0.1097,0.0,0.0,1208.0,0.1097,0.1097,0.1097,10000615,2016-12-28,2016-12-28,C,2.006,2016-04-28
1747,2016-05-16 10:38:00,2016-05-16,0.1097,0.0,0.0,1208.0,0.1097,0.1097,0.1097,10000615,2016-12-28,2016-12-28,C,2.006,2016-04-28
1748,2016-05-16 10:39:00,2016-05-16,0.1097,0.0,0.0,1208.0,0.1097,0.1097,0.1097,10000615,2016-12-28,2016-12-28,C,2.006,2016-04-28
1749,2016-05-16 10:40:00,2016-05-16,0.1098,1098.0,1.0,1209.0,0.1098,0.1098,0.1098,10000615,2016-12-28,2016-12-28,C,2.006,2016-04-28
1750,2016-05-16 10:41:00,2016-05-16,0.1098,0.0,0.0,1209.0,0.1098,0.1098,0.1098,10000615,2016-12-28,2016-12-28,C,2.006,2016-04-28
1751,2016-05-16 10:42:00,2016-05-16,0.1098,0.0,0.0,1209.0,0.1098,0.1098,0.1098,10000615,2016-12-28,2016-12-28,C,2.006,2016-04-28
1752,2016-05-16 10:43:00,2016-05-16,0.1098,0.0,0.0,1209.0,0.1098,0.1098,0.1098,10000615,2016-12-28,2016-12-28,C,2.006,2016-04-28
1753,2016-05-16 10:44:00,2016-05-16,0.1098,0.0,0.0,1209.0,0.1098,0.1098,0.1098,10000615,2016-12-28,2016-12-28,C,2.006,2016-04-28
1754,2016-05-16 10:45:00,2016-05-16,0.1098,0.0,0.0,1209.0,0.1098,0.1098,0.1098,10000615,2016-12-28,2016-12-28,C,2.006,2016-04-28
1755,2016-05-16 10:46:00,2016-05-16,0.1098,0.0,0.0,1209.0,0.1098,0.1098,0.1098,10000615,2016-12-28,2016-12-28,C,2.006,2016-04-28
1756,2016-05-16 10:47:00,2016-05-16,0.1098,0.0,0.0,1209.0,0.1098,0.1098,0.1098,10000615,2016-12-28,2016-12-28,C,2.006,2016-04-28
1757,2016-05-16 10:48:00,2016-05-16,0.1098,0.0,0.0,1209.0,0.1098,0.1098,0.1098,10000615,2016-12-28,2016-12-28,C,2.006,2016-04-28
1758,2016-05-16 10:49:00,2016-05-16,0.1098,0.0,0.0,1209.0,0.1098,0.1098,0.1098,10000615,2016-12-28,2016-12-28,C,2.006,2016-04-28
1759,2016-05-16 10:50:00,2016-05-16,0.1098,0.0,0.0,1209.0,0.1098,0.1098,0.1098,10000615,2016-12-28,2016-12-28,C,2.006,2016-04-28
1760,2016-05-16 10:51:00,2016-05-16,0.1096,18627.0,17.0,1218.0,0.1095,0.1096,0.1095,10000615,2016-12-28,2016-12-28,C,2.006,2016-04-28
1761,2016-05-16 10:52:00,2016-05-16,0.1096,0.0,0.0,1218.0,0.1096,0.1096,0.1096,10000615,2016-12-28,2016-12-28,C,2.006,2016-04-28
1762,2016-05-16 10:53:00,2016-05-16,0.1096,0.0,0.0,1218.0,0.1096,0.1096,0.1096,10000615,2016-12-28,2016-12-28,C,2.006,2016-04-28
1763,2016-05-16 10:54:00,2016-05-16,0.1096,0.0,0.0,1218.0,0.1096,0.1096,0.1096,10000615,2016-12-28,2016-12-28,C,2.006,2016-04-28
1764,2016-05-16 10:55:00,2016-05-16,0.1096,0.0,0.0,1218.0,0.1096,0.1096,0.1096,10000615,2016-12-28,2016-12-28,C,2.006,2016-04-28
1765,2016-05-16 10:56:00,2016-05-16,0.1096,0.0,0.0,1218.0,0.1096,0.1096,0.1096,10000615,2016-12-28,2016-12-28,C,2.006,2016-04-28
1766,2016-05-16 10:57:00,2016-05-16,0.1096,0.0,0.0,1218.0,0.1096,0.1096,0.1096,10000615,2016-12-28,2016-12-28,C,2.006,2016-04-28
1767,2016-05-16 10:58:00,2016-05-16,0.112,5600.0,5.0,1223.0,0.1096,0.112,0.1096,10000615,2016-12-28,2016-12-28,C,2.006,2016-04-28
1768,2016-05-16 10:59:00,2016-05-16,0.1125,4492.0,4.0,1225.0,0.112,0.1121,0.112,10000615,2016-12-28,2016-12-28,C,2.006,2016-04-28
1769,2016-05-16 11:00:00,2016-05-16,0.1121,0.0,0.0,1225.0,0.1121,0.1121,0.1121,10000615,2016-12-28,2016-12-28,C,2.006,2016-04-28
1770,2016-05-16 11:01:00,2016-05-16,0.1129,1129.0,1.0,1226.0,0.1121,0.1129,0.1121,10000615,2016-12-28,2016-12-28,C,2.006,2016-04-28
1771,2016-05-16 11:02:00,2016-05-16,0.1129,5640.0,5.0,1226.0,0.1129,0.1128,0.1128,10000615,2016-12-28,2016-12-28,C,2.006,2016-04-28
1772,2016-05-16 11:03:00,2016-05-16,0.1128,0.0,0.0,1226.0,0.1128,0.1128,0.1128,10000615,2016-12-28,2016-12-28,C,2.006,2016-04-28
1773,2016-05-16 11:04:00,2016-05-16,0.1128,0.0,0.0,1226.0,0.1128,0.1128,0.1128,10000615,2016-12-28,2016-12-28,C,2.006,2016-04-28
1774,2016-05-16 11:05:00,2016-05-16,0.1128,0.0,0.0,1226.0,0.1128,0.1128,0.1128,10000615,2016-12-28,2016-12-28,C,2.006,2016-04-28
1775,2016-05-16 11:06:00,2016-05-16,0.1128,0.0,0.0,1226.0,0.1128,0.1128,0.1128,10000615,2016-12-28,2016-12-28,C,2.006,2016-04-28
1776,2016-05-16 11:07:00,2016-05-16,0.1128,0.0,0.0,1226.0,0.1128,0.1128,0.1128,10000615,2016-12-28,2016-12-28,C,2.006,2016-04-28
1777,2016-05-16 11:08:00,2016-05-16,0.1128,0.0,0.0,1226.0,0.1128,0.1128,0.1128,10000615,2016-12-28,2016-12-28,C,2.006,2016-04-28
1778,2016-05-16 11:09:00,2016-05-16,0.1128,0.0,0.0,1226.0,0.1128,0.1128,0.1128,10000615,2016-12-28,2016-12-28,C,2.006,2016-04-28
1779,2016-05-16 11:10:00,2016-05-16,0.1128,0.0,0.0,1226.0,0.1128,0.1128,0.1128,10000615,2016-12-28,2016-12-28,C,2.006,2016-04-28
1780,2016-05-16 11:11:00,2016-05-16,0.1128,0.0,0.0,1226.0,0.1128,0.1128,0.1128,10000615,2016-12-28,2016-12-28,C,2.006,2016-04-28
1781,2016-05-16 11:12:00,2016-05-16,0.1128,0.0,0.0,1226.0,0.1128,0.1128,0.1128,10000615,2016-12-28,2016-12-28,C,2.006,2016-04-28
1782,2016-05-16 11:13:00,2016-05-16,0.1128,0.0,0.0,1226.0,0.1128,0.1128,0.1128,10000615,2016-12-28,2016-12-28,C,2.006,2016-04-28
1783,2016-05-16 11:14:00,2016-05-16,0.1128,0.0,0.0,1226.0,0.1128,0.1128,0.1128,10000615,2016-12-28,2016-12-28,C,2.006,2016-04-28
1784,2016-05-16 11:15:00,2016-05-16,0.1128,0.0,0.0,1226.0,0.1128,0.1128,0.1128,10000615,2016-12-28,2016-12-28,C,2.006,2016-04-28
1785,2016-05-16 11:16:00,2016-05-16,0.1128,0.0,0.0,1226.0,0.1128,0.1128,0.1128,10000615,2016-12-28,2016-12-28,C,2.006,2016-04-28
1786,2016-05-16 11:17:00,2016-05-16,0.1128,0.0,0.0,1226.0,0.1128,0.1128,0.1128,10000615,2016-12-28,2016-12-28,C,2.006,2016-04-28
1787,2016-05-16 11:18:00,2016-05-16,0.1128,0.0,0.0,1226.0,0.1128,0.1128,0.1128,10000615,2016-12-28,2016-12-28,C,2.006,2016-04-28
1788,2016-05-16 11:19:00,2016-05-16,0.1128,0.0,0.0,1226.0,0.1128,0.1128,0.1128,10000615,2016-12-28,2016-12-28,C,2.006,2016-04-28
1789,2016-05-16 11:20:00,2016-05-16,0.1128,0.0,0.0,1226.0,0.1128,0.1128,0.1128,10000615,2016-12-28,2016-12-28,C,2.006,2016-04-28
1790,2016-05-16 11:21:00,2016-05-16,0.1128,0.0,0.0,1226.0,0.1128,0.1128,0.1128,10000615,2016-12-28,2016-12-28,C,2.006,2016-04-28
1791,2016-05-16 11:22:00,2016-05-16,0.1128,3348.0,3.0,1226.0,0.1128,0.1116,0.1116,10000615,2016-12-28,2016-12-28,C,2.006,2016-04-28
1792,2016-05-16 11:23:00,2016-05-16,0.1116,0.0,0.0,1226.0,0.1116,0.1116,0.1116,10000615,2016-12-28,2016-12-28,C,2.006,2016-04-28
1793,2016-05-16 11:24:00,2016-05-16,0.1116,0.0,0.0,1226.0,0.1116,0.1116,0.1116,10000615,2016-12-28,2016-12-28,C,2.006,2016-04-28
1794,2016-05-16 11:25:00,2016-05-16,0.1116,0.0,0.0,1226.0,0.1116,0.1116,0.1116,10000615,2016-12-28,2016-12-28,C,2.006,2016-04-28
1795,2016-05-16 11:26:00,2016-05-16,0.1116,0.0,0.0,1226.0,0.1116,0.1116,0.1116,10000615,2016-12-28,2016-12-28,C,2.006,2016-04-28
1796,2016-05-16 11:27:00,2016-05-16,0.1116,0.0,0.0,1226.0,0.1116,0.1116,0.1116,10000615,2016-12-28,2016-12-28,C,2.006,2016-04-28
1797,2016-05-16 11:28:00,2016-05-16,0.1116,0.0,0.0,1226.0,0.1116,0.1116,0.1116,10000615,2016-12-28,2016-12-28,C,2.006,2016-04-28
1798,2016-05-16 11:29:00,2016-05-16,0.1116,0.0,0.0,1226.0,0.1116,0.1116,0.1116,10000615,2016-12-28,2016-12-28,C,2.006,2016-04-28
1799,2016-05-16 11:30:00,2016-05-16,0.1116,0.0,0.0,1226.0,0.1116,0.1116,0.1116,10000615,2016-12-28,2016-12-28,C,2.006,2016-04-28
1800,2016-05-16 13:01:00,2016-05-16,0.1116,12244.0,11.0,1237.0,0.1116,0.1114,0.1113,10000615,2016-12-28,2016-12-28,C,2.006,2016-04-28
1801,2016-05-16 13:02:00,2016-05-16,0.1114,11120.0,10.0,1237.0,0.1114,0.1112,0.1112,10000615,2016-12-28,2016-12-28,C,2.006,2016-04-28
1802,2016-05-16 13:03:00,2016-05-16,0.1112,0.0,0.0,1237.0,0.1112,0.1112,0.1112,10000615,2016-12-28,2016-12-28,C,2.006,2016-04-28
1803,2016-05-16 13:04:00,2016-05-16,0.1112,0.0,0.0,1237.0,0.1112,0.1112,0.1112,10000615,2016-12-28,2016-12-28,C,2.006,2016-04-28
1804,2016-05-16 13:05:00,2016-05-16,0.1112,0.0,0.0,1237.0,0.1112,0.1112,0.1112,10000615,2016-12-28,2016-12-28,C,2.006,2016-04-28
1805,2016-05-16 13:06:00,2016-05-16,0.1112,0.0,0.0,1237.0,0.1112,0.1112,0.1112,10000615,2016-12-28,2016-12-28,C,2.006,2016-04-28
1806,2016-05-16 13:07:00,2016-05-16,0.1112,0.0,0.0,1237.0,0.1112,0.1112,0.1112,10000615,2016-12-28,2016-12-28,C,2.006,2016-04-28
1807,2016-05-16 13:08:00,2016-05-16,0.1112,0.0,0.0,1237.0,0.1112,0.1112,0.1112,10000615,2016-12-28,2016-12-28,C,2.006,2016-04-28
1808,2016-05-16 13:09:00,2016-05-16,0.1112,0.0,0.0,1237.0,0.1112,0.1112,0.1112,10000615,2016-12-28,2016-12-28,C,2.006,2016-04-28
1809,2016-05-16 13:10:00,2016-05-16,0.1112,0.0,0.0,1237.0,0.1112,0.1112,0.1112,10000615,2016-12-28,2016-12-28,C,2.006,2016-04-28
1810,2016-05-16 13:11:00,2016-05-16,0.1112,0.0,0.0,1237.0,0.1112,0.1112,0.1112,10000615,2016-12-28,2016-12-28,C,2.006,2016-04-28
1811,2016-05-16 13:12:00,2016-05-16,0.1109,2218.0,2.0,1238.0,0.1109,0.1109,0.1109,10000615,2016-12-28,2016-12-28,C,2.006,2016-04-28
1812,2016-05-16 13:13:00,2016-05-16,0.1109,0.0,0.0,1238.0,0.1109,0.1109,0.1109,10000615,2016-12-28,2016-12-28,C,2.006,2016-04-28
1813,2016-05-16 13:14:00,2016-05-16,0.1109,0.0,0.0,1238.0,0.1109,0.1109,0.1109,10000615,2016-12-28,2016-12-28,C,2.006,2016-04-28
1814,2016-05-16 13:15:00,2016-05-16,0.1109,0.0,0.0,1238.0,0.1109,0.1109,0.1109,10000615,2016-12-28,2016-12-28,C,2.006,2016-04-28
1815,2016-05-16 13:16:00,2016-05-16,0.1109,0.0,0.0,1238.0,0.1109,0.1109,0.1109,10000615,2016-12-28,2016-12-28,C,2.006,2016-04-28
1816,2016-05-16 13:17:00,2016-05-16,0.1109,0.0,0.0,1238.0,0.1109,0.1109,0.1109,10000615,2016-12-28,2016-12-28,C,2.006,2016-04-28
1817,2016-05-16 13:18:00,2016-05-16,0.1109,0.0,0.0,1238.0,0.1109,0.1109,0.1109,10000615,2016-12-28,2016-12-28,C,2.006,2016-04-28
1818,2016-05-16 13:19:00,2016-05-16,0.1109,0.0,0.0,1238.0,0.1109,0.1109,0.1109,10000615,2016-12-28,2016-12-28,C,2.006,2016-04-28
1819,2016-05-16 13:20:00,2016-05-16,0.1109,0.0,0.0,1238.0,0.1109,0.1109,0.1109,10000615,2016-12-28,2016-12-28,C,2.006,2016-04-28
1820,2016-05-16 13:21:00,2016-05-16,0.1109,0.0,0.0,1238.0,0.1109,0.1109,0.1109,10000615,2016-12-28,2016-12-28,C,2.006,2016-04-28
1821,2016-05-16 13:22:00,2016-05-16,0.1109,0.0,0.0,1238.0,0.1109,0.1109,0.1109,10000615,2016-12-28,2016-12-28,C,2.006,2016-04-28
1822,2016-05-16 13:23:00,2016-05-16,0.1109,0.0,0.0,1238.0,0.1109,0.1109,0.1109,10000615,2016-12-28,2016-12-28,C,2.006,2016-04-28
1823,2016-05-16 13:24:00,2016-05-16,0.1109,0.0,0.0,1238.0,0.1109,0.1109,0.1109,10000615,2016-12-28,2016-12-28,C,2.006,2016-04-28
1824,2016-05-16 13:25:00,2016-05-16,0.1109,0.0,0.0,1238.0,0.1109,0.1109,0.1109,10000615,2016-12-28,2016-12-28,C,2.006,2016-04-28
1825,2016-05-16 13:26:00,2016-05-16,0.1109,0.0,0.0,1238.0,0.1109,0.1109,0.1109,10000615,2016-12-28,2016-12-28,C,2.006,2016-04-28
1826,2016-05-16 13:27:00,2016-05-16,0.1109,0.0,0.0,1238.0,0.1109,0.1109,0.1109,10000615,2016-12-28,2016-12-28,C,2.006,2016-04-28
1827,2016-05-16 13:28:00,2016-05-16,0.1109,0.0,0.0,1238.0,0.1109,0.1109,0.1109,10000615,2016-12-28,2016-12-28,C,2.006,2016-04-28
1828,2016-05-16 13:29:00,2016-05-16,0.1109,0.0,0.0,1238.0,0.1109,0.1109,0.1109,10000615,2016-12-28,2016-12-28,C,2.006,2016-04-28
1829,2016-05-16 13:30:00,2016-05-16,0.1109,0.0,0.0,1238.0,0.1109,0.1109,0.1109,10000615,2016-12-28,2016-12-28,C,2.006,2016-04-28
1830,2016-05-16 13:31:00,2016-05-16,0.1109,0.0,0.0,1238.0,0.1109,0.1109,0.1109,10000615,2016-12-28,2016-12-28,C,2.006,2016-04-28
1831,2016-05-16 13:32:00,2016-05-16,0.1109,0.0,0.0,1238.0,0.1109,0.1109,0.1109,10000615,2016-12-28,2016-12-28,C,2.006,2016-04-28
1832,2016-05-16 13:33:00,2016-05-16,0.1109,0.0,0.0,1238.0,0.1109,0.1109,0.1109,10000615,2016-12-28,2016-12-28,C,2.006,2016-04-28
1833,2016-05-16 13:34:00,2016-05-16,0.1109,0.0,0.0,1238.0,0.1109,0.1109,0.1109,10000615,2016-12-28,2016-12-28,C,2.006,2016-04-28
1834,2016-05-16 13:35:00,2016-05-16,0.1109,0.0,0.0,1238.0,0.1109,0.1109,0.1109,10000615,2016-12-28,2016-12-28,C,2.006,2016-04-28
1835,2016-05-16 13:36:00,2016-05-16,0.1109,0.0,0.0,1238.0,0.1109,0.1109,0.1109,10000615,2016-12-28,2016-12-28,C,2.006,2016-04-28
1836,2016-05-16 13:37:00,2016-05-16,0.1109,0.0,0.0,1238.0,0.1109,0.1109,0.1109,10000615,2016-12-28,2016-12-28,C,2.006,2016-04-28
1837,2016-05-16 13:38:00,2016-05-16,0.1109,0.0,0.0,1238.0,0.1109,0.1109,0.1109,10000615,2016-12-28,2016-12-28,C,2.006,2016-04-28
1838,2016-05-16 13:39:00,2016-05-16,0.1109,0.0,0.0,1238.0,0.1109,0.1109,0.1109,10000615,2016-12-28,2016-12-28,C,2.006,2016-04-28
1839,2016-05-16 13:40:00,2016-05-16,0.1109,0.0,0.0,1238.0,0.1109,0.1109,0.1109,10000615,2016-12-28,2016-12-28,C,2.006,2016-04-28
1840,2016-05-16 13:41:00,2016-05-16,0.1109,0.0,0.0,1238.0,0.1109,0.1109,0.1109,10000615,2016-12-28,2016-12-28,C,2.006,2016-04-28
1841,2016-05-16 13:42:00,2016-05-16,0.1109,0.0,0.0,1238.0,0.1109,0.1109,0.1109,10000615,2016-12-28,2016-12-28,C,2.006,2016-04-28
1842,2016-05-16 13:43:00,2016-05-16,0.1109,0.0,0.0,1238.0,0.1109,0.1109,0.1109,10000615,2016-12-28,2016-12-28,C,2.006,2016-04-28
1843,2016-05-16 13:44:00,2016-05-16,0.1109,0.0,0.0,1238.0,0.1109,0.1109,0.1109,10000615,2016-12-28,2016-12-28,C,2.006,2016-04-28
1844,2016-05-16 13:45:00,2016-05-16,0.1109,0.0,0.0,1238.0,0.1109,0.1109,0.1109,10000615,2016-12-28,2016-12-28,C,2.006,2016-04-28
1845,2016-05-16 13:46:00,2016-05-16,0.1114,2228.0,2.0,1240.0,0.1109,0.1114,0.1109,10000615,2016-12-28,2016-12-28,C,2.006,2016-04-28
1846,2016-05-16 13:47:00,2016-05-16,0.1114,0.0,0.0,1240.0,0.1114,0.1114,0.1114,10000615,2016-12-28,2016-12-28,C,2.006,2016-04-28
1847,2016-05-16 13:48:00,2016-05-16,0.1114,0.0,0.0,1240.0,0.1114,0.1114,0.1114,10000615,2016-12-28,2016-12-28,C,2.006,2016-04-28
1848,2016-05-16 13:49:00,2016-05-16,0.1114,0.0,0.0,1240.0,0.1114,0.1114,0.1114,10000615,2016-12-28,2016-12-28,C,2.006,2016-04-28
1849,2016-05-16 13:50:00,2016-05-16,0.1114,0.0,0.0,1240.0,0.1114,0.1114,0.1114,10000615,2016-12-28,2016-12-28,C,2.006,2016-04-28
1850,2016-05-16 13:51:00,2016-05-16,0.1114,2186.0,2.0,1240.0,0.1114,0.1093,0.1093,10000615,2016-12-28,2016-12-28,C,2.006,2016-04-28
1851,2016-05-16 13:52:00,2016-05-16,0.1093,0.0,0.0,1240.0,0.1093,0.1093,0.1093,10000615,2016-12-28,2016-12-28,C,2.006,2016-04-28
1852,2016-05-16 13:53:00,2016-05-16,0.1093,0.0,0.0,1240.0,0.1093,0.1093,0.1093,10000615,2016-12-28,2016-12-28,C,2.006,2016-04-28
1853,2016-05-16 13:54:00,2016-05-16,0.1093,0.0,0.0,1240.0,0.1093,0.1093,0.1093,10000615,2016-12-28,2016-12-28,C,2.006,2016-04-28
1854,2016-05-16 13:55:00,2016-05-16,0.1093,0.0,0.0,1240.0,0.1093,0.1093,0.1093,10000615,2016-12-28,2016-12-28,C,2.006,2016-04-28
1855,2016-05-16 13:56:00,2016-05-16,0.1093,0.0,0.0,1240.0,0.1093,0.1093,0.1093,10000615,2016-12-28,2016-12-28,C,2.006,2016-04-28
1856,2016-05-16 13:57:00,2016-05-16,0.1093,0.0,0.0,1240.0,0.1093,0.1093,0.1093,10000615,2016-12-28,2016-12-28,C,2.006,2016-04-28
1857,2016-05-16 13:58:00,2016-05-16,0.1093,0.0,0.0,1240.0,0.1093,0.1093,0.1093,10000615,2016-12-28,2016-12-28,C,2.006,2016-04-28
1858,2016-05-16 13:59:00,2016-05-16,0.1093,0.0,0.0,1240.0,0.1093,0.1093,0.1093,10000615,2016-12-28,2016-12-28,C,2.006,2016-04-28
1859,2016-05-16 14:00:00,2016-05-16,0.1093,0.0,0.0,1240.0,0.1093,0.1093,0.1093,10000615,2016-12-28,2016-12-28,C,2.006,2016-04-28
1860,2016-05-16 14:01:00,2016-05-16,0.1093,0.0,0.0,1240.0,0.1093,0.1093,0.1093,10000615,2016-12-28,2016-12-28,C,2.006,2016-04-28
1861,2016-05-16 14:02:00,2016-05-16,0.1093,0.0,0.0,1240.0,0.1093,0.1093,0.1093,10000615,2016-12-28,2016-12-28,C,2.006,2016-04-28
1862,2016-05-16 14:03:00,2016-05-16,0.1093,0.0,0.0,1240.0,0.1093,0.1093,0.1093,10000615,2016-12-28,2016-12-28,C,2.006,2016-04-28
1863,2016-05-16 14:04:00,2016-05-16,0.1093,0.0,0.0,1240.0,0.1093,0.1093,0.1093,10000615,2016-12-28,2016-12-28,C,2.006,2016-04-28
1864,2016-05-16 14:05:00,2016-05-16,0.1093,0.0,0.0,1240.0,0.1093,0.1093,0.1093,10000615,2016-12-28,2016-12-28,C,2.006,2016-04-28
1865,2016-05-16 14:06:00,2016-05-16,0.1093,0.0,0.0,1240.0,0.1093,0.1093,0.1093,10000615,2016-12-28,2016-12-28,C,2.006,2016-04-28
1866,2016-05-16 14:07:00,2016-05-16,0.1093,0.0,0.0,1240.0,0.1093,0.1093,0.1093,10000615,2016-12-28,2016-12-28,C,2.006,2016-04-28
1867,2016-05-16 14:08:00,2016-05-16,0.1093,0.0,0.0,1240.0,0.1093,0.1093,0.1093,10000615,2016-12-28,2016-12-28,C,2.006,2016-04-28
1868,2016-05-16 14:09:00,2016-05-16,0.1093,0.0,0.0,1240.0,0.1093,0.1093,0.1093,10000615,2016-12-28,2016-12-28,C,2.006,2016-04-28
1869,2016-05-16 14:10:00,2016-05-16,0.1093,0.0,0.0,1240.0,0.1093,0.1093,0.1093,10000615,2016-12-28,2016-12-28,C,2.006,2016-04-28
1870,2016-05-16 14:11:00,2016-05-16,0.1093,0.0,0.0,1240.0,0.1093,0.1093,0.1093,10000615,2016-12-28,2016-12-28,C,2.006,2016-04-28
1871,2016-05-16 14:12:00,2016-05-16,0.1093,0.0,0.0,1240.0,0.1093,0.1093,0.1093,10000615,2016-12-28,2016-12-28,C,2.006,2016-04-28
1872,2016-05-16 14:13:00,2016-05-16,0.1093,0.0,0.0,1240.0,0.1093,0.1093,0.1093,10000615,2016-12-28,2016-12-28,C,2.006,2016-04-28
1873,2016-05-16 14:14:00,2016-05-16,0.1093,0.0,0.0,1240.0,0.1093,0.1093,0.1093,10000615,2016-12-28,2016-12-28,C,2.006,2016-04-28
1874,2016-05-16 14:15:00,2016-05-16,0.1093,0.0,0.0,1240.0,0.1093,0.1093,0.1093,10000615,2016-12-28,2016-12-28,C,2.006,2016-04-28
1875,2016-05-16 14:16:00,2016-05-16,0.1093,1086.0,1.0,1240.0,0.1093,0.1086,0.1086,10000615,2016-12-28,2016-12-28,C,2.006,2016-04-28
1876,2016-05-16 14:17:00,2016-05-16,0.1086,0.0,0.0,1240.0,0.1086,0.1086,0.1086,10000615,2016-12-28,2016-12-28,C,2.006,2016-04-28
1877,2016-05-16 14:18:00,2016-05-16,0.1086,0.0,0.0,1240.0,0.1086,0.1086,0.1086,10000615,2016-12-28,2016-12-28,C,2.006,2016-04-28
1878,2016-05-16 14:19:00,2016-05-16,0.1086,0.0,0.0,1240.0,0.1086,0.1086,0.1086,10000615,2016-12-28,2016-12-28,C,2.006,2016-04-28
1879,2016-05-16 14:20:00,2016-05-16,0.1086,0.0,0.0,1240.0,0.1086,0.1086,0.1086,10000615,2016-12-28,2016-12-28,C,2.006,2016-04-28
1880,2016-05-16 14:21:00,2016-05-16,0.1086,0.0,0.0,1240.0,0.1086,0.1086,0.1086,10000615,2016-12-28,2016-12-28,C,2.006,2016-04-28
1881,2016-05-16 14:22:00,2016-05-16,0.1102,1102.0,1.0,1241.0,0.1086,0.1102,0.1086,10000615,2016-12-28,2016-12-28,C,2.006,2016-04-28
1882,2016-05-16 14:23:00,2016-05-16,0.1102,0.0,0.0,1241.0,0.1102,0.1102,0.1102,10000615,2016-12-28,2016-12-28,C,2.006,2016-04-28
1883,2016-05-16 14:24:00,2016-05-16,0.1102,1102.0,1.0,1241.0,0.1102,0.1102,0.1102,10000615,2016-12-28,2016-12-28,C,2.006,2016-04-28
1884,2016-05-16 14:25:00,2016-05-16,0.1102,0.0,0.0,1241.0,0.1102,0.1102,0.1102,10000615,2016-12-28,2016-12-28,C,2.006,2016-04-28
1885,2016-05-16 14:26:00,2016-05-16,0.1102,0.0,0.0,1241.0,0.1102,0.1102,0.1102,10000615,2016-12-28,2016-12-28,C,2.006,2016-04-28
1886,2016-05-16 14:27:00,2016-05-16,0.1102,0.0,0.0,1241.0,0.1102,0.1102,0.1102,10000615,2016-12-28,2016-12-28,C,2.006,2016-04-28
1887,2016-05-16 14:28:00,2016-05-16,0.1102,0.0,0.0,1241.0,0.1102,0.1102,0.1102,10000615,2016-12-28,2016-12-28,C,2.006,2016-04-28
1888,2016-05-16 14:29:00,2016-05-16,0.1102,0.0,0.0,1241.0,0.1102,0.1102,0.1102,10000615,2016-12-28,2016-12-28,C,2.006,2016-04-28
1889,2016-05-16 14:30:00,2016-05-16,0.1102,0.0,0.0,1241.0,0.1102,0.1102,0.1102,10000615,2016-12-28,2016-12-28,C,2.006,2016-04-28
1890,2016-05-16 14:31:00,2016-05-16,0.1102,0.0,0.0,1241.0,0.1102,0.1102,0.1102,10000615,2016-12-28,2016-12-28,C,2.006,2016-04-28
1891,2016-05-16 14:32:00,2016-05-16,0.1102,0.0,0.0,1241.0,0.1102,0.1102,0.1102,10000615,2016-12-28,2016-12-28,C,2.006,2016-04-28
1892,2016-05-16 14:33:00,2016-05-16,0.1102,0.0,0.0,1241.0,0.1102,0.1102,0.1102,10000615,2016-12-28,2016-12-28,C,2.006,2016-04-28
1893,2016-05-16 14:34:00,2016-05-16,0.1102,0.0,0.0,1241.0,0.1102,0.1102,0.1102,10000615,2016-12-28,2016-12-28,C,2.006,2016-04-28
1894,2016-05-16 14:35:00,2016-05-16,0.1102,0.0,0.0,1241.0,0.1102,0.1102,0.1102,10000615,2016-12-28,2016-12-28,C,2.006,2016-04-28
1895,2016-05-16 14:36:00,2016-05-16,0.1102,0.0,0.0,1241.0,0.1102,0.1102,0.1102,10000615,2016-12-28,2016-12-28,C,2.006,2016-04-28
1896,2016-05-16 14:37:00,2016-05-16,0.1102,0.0,0.0,1241.0,0.1102,0.1102,0.1102,10000615,2016-12-28,2016-12-28,C,2.006,2016-04-28
1897,2016-05-16 14:38:00,2016-05-16,0.1102,0.0,0.0,1241.0,0.1102,0.1102,0.1102,10000615,2016-12-28,2016-12-28,C,2.006,2016-04-28
1898,2016-05-16 14:39:00,2016-05-16,0.1102,0.0,0.0,1241.0,0.1102,0.1102,0.1102,10000615,2016-12-28,2016-12-28,C,2.006,2016-04-28
1899,2016-05-16 14:40:00,2016-05-16,0.1102,0.0,0.0,1241.0,0.1102,0.1102,0.1102,10000615,2016-12-28,2016-12-28,C,2.006,2016-04-28
1900,2016-05-16 14:41:00,2016-05-16,0.1102,0.0,0.0,1241.0,0.1102,0.1102,0.1102,10000615,2016-12-28,2016-12-28,C,2.006,2016-04-28
1901,2016-05-16 14:42:00,2016-05-16,0.1102,0.0,0.0,1241.0,0.1102,0.1102,0.1102,10000615,2016-12-28,2016-12-28,C,2.006,2016-04-28
1902,2016-05-16 14:43:00,2016-05-16,0.1102,0.0,0.0,1241.0,0.1102,0.1102,0.1102,10000615,2016-12-28,2016-12-28,C,2.006,2016-04-28
1903,2016-05-16 14:44:00,2016-05-16,0.1102,1102.0,1.0,1242.0,0.1102,0.1102,0.1102,10000615,2016-12-28,2016-12-28,C,2.006,2016-04-28
1904,2016-05-16 14:45:00,2016-05-16,0.1102,1102.0,1.0,1243.0,0.1102,0.1102,0.1102,10000615,2016-12-28,2016-12-28,C,2.006,2016-04-28
1905,2016-05-16 14:46:00,2016-05-16,0.1102,1102.0,1.0,1244.0,0.1102,0.1102,0.1102,10000615,2016-12-28,2016-12-28,C,2.006,2016-04-28
1906,2016-05-16 14:47:00,2016-05-16,0.1102,0.0,0.0,1244.0,0.1102,0.1102,0.1102,10000615,2016-12-28,2016-12-28,C,2.006,2016-04-28
1907,2016-05-16 14:48:00,2016-05-16,0.1102,0.0,0.0,1244.0,0.1102,0.1102,0.1102,10000615,2016-12-28,2016-12-28,C,2.006,2016-04-28
1908,2016-05-16 14:49:00,2016-05-16,0.1102,0.0,0.0,1244.0,0.1102,0.1102,0.1102,10000615,2016-12-28,2016-12-28,C,2.006,2016-04-28
1909,2016-05-16 14:50:00,2016-05-16,0.1102,0.0,0.0,1244.0,0.1102,0.1102,0.1102,10000615,2016-12-28,2016-12-28,C,2.006,2016-04-28
1910,2016-05-16 14:51:00,2016-05-16,0.1102,0.0,0.0,1244.0,0.1102,0.1102,0.1102,10000615,2016-12-28,2016-12-28,C,2.006,2016-04-28
1911,2016-05-16 14:52:00,2016-05-16,0.1102,0.0,0.0,1244.0,0.1102,0.1102,0.1102,10000615,2016-12-28,2016-12-28,C,2.006,2016-04-28
1912,2016-05-16 14:53:00,2016-05-16,0.1102,0.0,0.0,1244.0,0.1102,0.1102,0.1102,10000615,2016-12-28,2016-12-28,C,2.006,2016-04-28
1913,2016-05-16 14:54:00,2016-05-16,0.1102,0.0,0.0,1244.0,0.1102,0.1102,0.1102,10000615,2016-12-28,2016-12-28,C,2.006,2016-04-28
1914,2016-05-16 14:55:00,2016-05-16,0.1102,0.0,0.0,1244.0,0.1102,0.1102,0.1102,10000615,2016-12-28,2016-12-28,C,2.006,2016-04-28
1915,2016-05-16 14:56:00,2016-05-16,0.1102,0.0,0.0,1244.0,0.1102,0.1102,0.1102,10000615,2016-12-28,2016-12-28,C,2.006,2016-04-28
1916,2016-05-16 14:57:00,2016-05-16,0.1102,0.0,0.0,1244.0,0.1102,0.1102,0.1102,10000615,2016-12-28,2016-12-28,C,2.006,2016-04-28
1917,2016-05-16 14:58:00,2016-05-16,0.1102,0.0,0.0,1244.0,0.1102,0.1102,0.1102,10000615,2016-12-28,2016-12-28,C,2.006,2016-04-28
1918,2016-05-16 14:59:00,2016-05-16,0.1102,0.0,0.0,1244.0,0.1102,0.1102,0.1102,10000615,2016-12-28,2016-12-28,C,2.006,2016-04-28
1919,2016-05-16 15:00:00,2016-05-16,0.1102,0.0,0.0,1244.0,0.1102,0.1102,0.1102,10000615,2016-12-28,2016-12-28,C,2.006,2016-04-28
1920,2016-05-16 09:31:00,2016-05-16,0.0475,22867.0,49.0,7912.0,0.0486,0.0462,0.0451,10000573,2016-09-28,2016-09-28,C,2.15,2016-02-23
1921,2016-05-16 09:32:00,2016-05-16,0.0466,8803.0,19.0,7924.0,0.0462,0.0461,0.046,10000573,2016-09-28,2016-09-28,C,2.15,2016-02-23
1922,2016-05-16 09:33:00,2016-05-16,0.0465,4181.0,9.0,7931.0,0.0461,0.0465,0.0461,10000573,2016-09-28,2016-09-28,C,2.15,2016-02-23
1923,2016-05-16 09:34:00,2016-05-16,0.0465,4650.0,10.0,7941.0,0.0465,0.0465,0.0465,10000573,2016-09-28,2016-09-28,C,2.15,2016-02-23
1924,2016-05-16 09:35:00,2016-05-16,0.0478,9490.0,20.0,7941.0,0.0465,0.0478,0.0465,10000573,2016-09-28,2016-09-28,C,2.15,2016-02-23
1925,2016-05-16 09:36:00,2016-05-16,0.0485,13425.0,28.0,7951.0,0.0478,0.0479,0.0469,10000573,2016-09-28,2016-09-28,C,2.15,2016-02-23
1926,2016-05-16 09:37:00,2016-05-16,0.0484,9648.0,20.0,7969.0,0.0479,0.048,0.0479,10000573,2016-09-28,2016-09-28,C,2.15,2016-02-23
1927,2016-05-16 09:38:00,2016-05-16,0.0483,1449.0,3.0,7970.0,0.048,0.0483,0.048,10000573,2016-09-28,2016-09-28,C,2.15,2016-02-23
1928,2016-05-16 09:39:00,2016-05-16,0.0483,0.0,0.0,7970.0,0.0483,0.0483,0.0483,10000573,2016-09-28,2016-09-28,C,2.15,2016-02-23
1929,2016-05-16 09:40:00,2016-05-16,0.0486,9680.0,20.0,7977.0,0.0483,0.0486,0.0482,10000573,2016-09-28,2016-09-28,C,2.15,2016-02-23
1930,2016-05-16 09:41:00,2016-05-16,0.0486,0.0,0.0,7977.0,0.0486,0.0486,0.0486,10000573,2016-09-28,2016-09-28,C,2.15,2016-02-23
1931,2016-05-16 09:42:00,2016-05-16,0.0486,2820.0,6.0,7977.0,0.0486,0.047,0.047,10000573,2016-09-28,2016-09-28,C,2.15,2016-02-23
1932,2016-05-16 09:43:00,2016-05-16,0.047,0.0,0.0,7977.0,0.047,0.047,0.047,10000573,2016-09-28,2016-09-28,C,2.15,2016-02-23
1933,2016-05-16 09:44:00,2016-05-16,0.047,1410.0,3.0,7980.0,0.047,0.047,0.047,10000573,2016-09-28,2016-09-28,C,2.15,2016-02-23
1934,2016-05-16 09:45:00,2016-05-16,0.047,2820.0,6.0,7980.0,0.047,0.047,0.047,10000573,2016-09-28,2016-09-28,C,2.15,2016-02-23
1935,2016-05-16 09:46:00,2016-05-16,0.0472,9412.0,20.0,7998.0,0.047,0.047,0.047,10000573,2016-09-28,2016-09-28,C,2.15,2016-02-23
1936,2016-05-16 09:47:00,2016-05-16,0.047,0.0,0.0,7998.0,0.047,0.047,0.047,10000573,2016-09-28,2016-09-28,C,2.15,2016-02-23
1937,2016-05-16 09:48:00,2016-05-16,0.047,0.0,0.0,7998.0,0.047,0.047,0.047,10000573,2016-09-28,2016-09-28,C,2.15,2016-02-23
1938,2016-05-16 09:49:00,2016-05-16,0.047,0.0,0.0,7998.0,0.047,0.047,0.047,10000573,2016-09-28,2016-09-28,C,2.15,2016-02-23
1939,2016-05-16 09:50:00,2016-05-16,0.047,0.0,0.0,7998.0,0.047,0.047,0.047,10000573,2016-09-28,2016-09-28,C,2.15,2016-02-23
1940,2016-05-16 09:51:00,2016-05-16,0.047,6995.0,15.0,8008.0,0.047,0.0465,0.0465,10000573,2016-09-28,2016-09-28,C,2.15,2016-02-23
1941,2016-05-16 09:52:00,2016-05-16,0.0465,0.0,0.0,8008.0,0.0465,0.0465,0.0465,10000573,2016-09-28,2016-09-28,C,2.15,2016-02-23
1942,2016-05-16 09:53:00,2016-05-16,0.0465,11024.0,24.0,8008.0,0.0465,0.0456,0.0456,10000573,2016-09-28,2016-09-28,C,2.15,2016-02-23
1943,2016-05-16 09:54:00,2016-05-16,0.0456,3640.0,8.0,8008.0,0.0456,0.0455,0.0455,10000573,2016-09-28,2016-09-28,C,2.15,2016-02-23
1944,2016-05-16 09:55:00,2016-05-16,0.0455,3150.0,7.0,8014.0,0.0455,0.045,0.045,10000573,2016-09-28,2016-09-28,C,2.15,2016-02-23
1945,2016-05-16 09:56:00,2016-05-16,0.0454,1354.0,3.0,8015.0,0.045,0.0454,0.045,10000573,2016-09-28,2016-09-28,C,2.15,2016-02-23
1946,2016-05-16 09:57:00,2016-05-16,0.0454,0.0,0.0,8015.0,0.0454,0.0454,0.0454,10000573,2016-09-28,2016-09-28,C,2.15,2016-02-23
1947,2016-05-16 09:58:00,2016-05-16,0.046,8211.0,18.0,8016.0,0.0454,0.0455,0.0454,10000573,2016-09-28,2016-09-28,C,2.15,2016-02-23
1948,2016-05-16 09:59:00,2016-05-16,0.0455,16775.0,37.0,8042.0,0.0455,0.0455,0.0452,10000573,2016-09-28,2016-09-28,C,2.15,2016-02-23
1949,2016-05-16 10:00:00,2016-05-16,0.0455,3640.0,8.0,8042.0,0.0455,0.0455,0.0455,10000573,2016-09-28,2016-09-28,C,2.15,2016-02-23
1950,2016-05-16 10:01:00,2016-05-16,0.0455,9064.0,20.0,8045.0,0.0455,0.0452,0.0452,10000573,2016-09-28,2016-09-28,C,2.15,2016-02-23
1951,2016-05-16 10:02:00,2016-05-16,0.0452,9460.0,21.0,8066.0,0.0452,0.045,0.045,10000573,2016-09-28,2016-09-28,C,2.15,2016-02-23
1952,2016-05-16 10:03:00,2016-05-16,0.045,0.0,0.0,8066.0,0.045,0.045,0.045,10000573,2016-09-28,2016-09-28,C,2.15,2016-02-23
1953,2016-05-16 10:04:00,2016-05-16,0.045,0.0,0.0,8066.0,0.045,0.045,0.045,10000573,2016-09-28,2016-09-28,C,2.15,2016-02-23
1954,2016-05-16 10:05:00,2016-05-16,0.0455,3640.0,8.0,8074.0,0.045,0.0455,0.045,10000573,2016-09-28,2016-09-28,C,2.15,2016-02-23
1955,2016-05-16 10:06:00,2016-05-16,0.0455,0.0,0.0,8074.0,0.0455,0.0455,0.0455,10000573,2016-09-28,2016-09-28,C,2.15,2016-02-23
1956,2016-05-16 10:07:00,2016-05-16,0.0461,5532.0,12.0,8074.0,0.0455,0.0461,0.0455,10000573,2016-09-28,2016-09-28,C,2.15,2016-02-23
1957,2016-05-16 10:08:00,2016-05-16,0.0465,5560.0,12.0,8074.0,0.046,0.0465,0.046,10000573,2016-09-28,2016-09-28,C,2.15,2016-02-23
1958,2016-05-16 10:09:00,2016-05-16,0.047,9350.0,20.0,8070.0,0.0465,0.047,0.0465,10000573,2016-09-28,2016-09-28,C,2.15,2016-02-23
1959,2016-05-16 10:10:00,2016-05-16,0.047,1860.0,4.0,8070.0,0.047,0.0465,0.0465,10000573,2016-09-28,2016-09-28,C,2.15,2016-02-23
1960,2016-05-16 10:11:00,2016-05-16,0.0465,6506.0,14.0,8070.0,0.0465,0.0464,0.0464,10000573,2016-09-28,2016-09-28,C,2.15,2016-02-23
1961,2016-05-16 10:12:00,2016-05-16,0.0464,3712.0,8.0,8070.0,0.0464,0.0464,0.0464,10000573,2016-09-28,2016-09-28,C,2.15,2016-02-23
1962,2016-05-16 10:13:00,2016-05-16,0.0473,8037.0,17.0,8074.0,0.0464,0.0472,0.0464,10000573,2016-09-28,2016-09-28,C,2.15,2016-02-23
1963,2016-05-16 10:14:00,2016-05-16,0.0472,7468.0,16.0,8075.0,0.0472,0.0465,0.0465,10000573,2016-09-28,2016-09-28,C,2.15,2016-02-23
1964,2016-05-16 10:15:00,2016-05-16,0.0465,1860.0,4.0,8075.0,0.0465,0.0465,0.0465,10000573,2016-09-28,2016-09-28,C,2.15,2016-02-23
1965,2016-05-16 10:16:00,2016-05-16,0.047,1870.0,4.0,8075.0,0.0465,0.0465,0.0465,10000573,2016-09-28,2016-09-28,C,2.15,2016-02-23
1966,2016-05-16 10:17:00,2016-05-16,0.047,1880.0,4.0,8075.0,0.0465,0.047,0.0465,10000573,2016-09-28,2016-09-28,C,2.15,2016-02-23
1967,2016-05-16 10:18:00,2016-05-16,0.0472,7552.0,16.0,8082.0,0.047,0.0472,0.047,10000573,2016-09-28,2016-09-28,C,2.15,2016-02-23
1968,2016-05-16 10:19:00,2016-05-16,0.0472,7552.0,16.0,8082.0,0.0472,0.0472,0.0472,10000573,2016-09-28,2016-09-28,C,2.15,2016-02-23
1969,2016-05-16 10:20:00,2016-05-16,0.0472,1888.0,4.0,8083.0,0.0472,0.0472,0.0472,10000573,2016-09-28,2016-09-28,C,2.15,2016-02-23
1970,2016-05-16 10:21:00,2016-05-16,0.0472,0.0,0.0,8083.0,0.0472,0.0472,0.0472,10000573,2016-09-28,2016-09-28,C,2.15,2016-02-23
1971,2016-05-16 10:22:00,2016-05-16,0.0472,0.0,0.0,8083.0,0.0472,0.0472,0.0472,10000573,2016-09-28,2016-09-28,C,2.15,2016-02-23
1972,2016-05-16 10:23:00,2016-05-16,0.0472,1860.0,4.0,8083.0,0.0472,0.0465,0.0465,10000573,2016-09-28,2016-09-28,C,2.15,2016-02-23
1973,2016-05-16 10:24:00,2016-05-16,0.0465,0.0,0.0,8083.0,0.0465,0.0465,0.0465,10000573,2016-09-28,2016-09-28,C,2.15,2016-02-23
1974,2016-05-16 10:25:00,2016-05-16,0.0465,0.0,0.0,8083.0,0.0465,0.0465,0.0465,10000573,2016-09-28,2016-09-28,C,2.15,2016-02-23
1975,2016-05-16 10:26:00,2016-05-16,0.0465,0.0,0.0,8083.0,0.0465,0.0465,0.0465,10000573,2016-09-28,2016-09-28,C,2.15,2016-02-23
1976,2016-05-16 10:27:00,2016-05-16,0.0465,0.0,0.0,8083.0,0.0465,0.0465,0.0465,10000573,2016-09-28,2016-09-28,C,2.15,2016-02-23
1977,2016-05-16 10:28:00,2016-05-16,0.0465,0.0,0.0,8083.0,0.0465,0.0465,0.0465,10000573,2016-09-28,2016-09-28,C,2.15,2016-02-23
1978,2016-05-16 10:29:00,2016-05-16,0.0465,0.0,0.0,8083.0,0.0465,0.0465,0.0465,10000573,2016-09-28,2016-09-28,C,2.15,2016-02-23
1979,2016-05-16 10:30:00,2016-05-16,0.0477,9944.0,21.0,8080.0,0.0465,0.0471,0.0465,10000573,2016-09-28,2016-09-28,C,2.15,2016-02-23
1980,2016-05-16 10:31:00,2016-05-16,0.0477,4264.0,9.0,8080.0,0.0471,0.0472,0.0471,10000573,2016-09-28,2016-09-28,C,2.15,2016-02-23
1981,2016-05-16 10:32:00,2016-05-16,0.0477,10494.0,22.0,8080.0,0.0472,0.0477,0.0472,10000573,2016-09-28,2016-09-28,C,2.15,2016-02-23
1982,2016-05-16 10:33:00,2016-05-16,0.0477,954.0,2.0,8082.0,0.0477,0.0477,0.0477,10000573,2016-09-28,2016-09-28,C,2.15,2016-02-23
1983,2016-05-16 10:34:00,2016-05-16,0.0477,0.0,0.0,8082.0,0.0477,0.0477,0.0477,10000573,2016-09-28,2016-09-28,C,2.15,2016-02-23
1984,2016-05-16 10:35:00,2016-05-16,0.0481,9587.0,20.0,8083.0,0.0477,0.0481,0.0477,10000573,2016-09-28,2016-09-28,C,2.15,2016-02-23
1985,2016-05-16 10:36:00,2016-05-16,0.0481,480.0,1.0,8083.0,0.0481,0.048,0.048,10000573,2016-09-28,2016-09-28,C,2.15,2016-02-23
1986,2016-05-16 10:37:00,2016-05-16,0.048,0.0,0.0,8083.0,0.048,0.048,0.048,10000573,2016-09-28,2016-09-28,C,2.15,2016-02-23
1987,2016-05-16 10:38:00,2016-05-16,0.048,0.0,0.0,8083.0,0.048,0.048,0.048,10000573,2016-09-28,2016-09-28,C,2.15,2016-02-23
1988,2016-05-16 10:39:00,2016-05-16,0.048,0.0,0.0,8083.0,0.048,0.048,0.048,10000573,2016-09-28,2016-09-28,C,2.15,2016-02-23
1989,2016-05-16 10:40:00,2016-05-16,0.048,472.0,1.0,8083.0,0.048,0.0472,0.0472,10000573,2016-09-28,2016-09-28,C,2.15,2016-02-23
1990,2016-05-16 10:41:00,2016-05-16,0.0472,0.0,0.0,8083.0,0.0472,0.0472,0.0472,10000573,2016-09-28,2016-09-28,C,2.15,2016-02-23
1991,2016-05-16 10:42:00,2016-05-16,0.0472,0.0,0.0,8083.0,0.0472,0.0472,0.0472,10000573,2016-09-28,2016-09-28,C,2.15,2016-02-23
1992,2016-05-16 10:43:00,2016-05-16,0.0472,930.0,2.0,8081.0,0.0472,0.0465,0.0465,10000573,2016-09-28,2016-09-28,C,2.15,2016-02-23
1993,2016-05-16 10:44:00,2016-05-16,0.0465,0.0,0.0,8081.0,0.0465,0.0465,0.0465,10000573,2016-09-28,2016-09-28,C,2.15,2016-02-23
1994,2016-05-16 10:45:00,2016-05-16,0.0465,0.0,0.0,8081.0,0.0465,0.0465,0.0465,10000573,2016-09-28,2016-09-28,C,2.15,2016-02-23
1995,2016-05-16 10:46:00,2016-05-16,0.0465,0.0,0.0,8081.0,0.0465,0.0465,0.0465,10000573,2016-09-28,2016-09-28,C,2.15,2016-02-23
1996,2016-05-16 10:47:00,2016-05-16,0.0465,0.0,0.0,8081.0,0.0465,0.0465,0.0465,10000573,2016-09-28,2016-09-28,C,2.15,2016-02-23
1997,2016-05-16 10:48:00,2016-05-16,0.0465,0.0,0.0,8081.0,0.0465,0.0465,0.0465,10000573,2016-09-28,2016-09-28,C,2.15,2016-02-23
1998,2016-05-16 10:49:00,2016-05-16,0.0478,1434.0,3.0,8078.0,0.0465,0.0478,0.0465,10000573,2016-09-28,2016-09-28,C,2.15,2016-02-23
1999,2016-05-16 10:50:00,2016-05-16,0.0484,3872.0,8.0,8070.0,0.0478,0.0484,0.0478,10000573,2016-09-28,2016-09-28,C,2.15,2016-02-23
2000,2016-05-16 10:51:00,2016-05-16,0.0484,968.0,2.0,8068.0,0.0484,0.0484,0.0484,10000573,2016-09-28,2016-09-28,C,2.15,2016-02-23
2001,2016-05-16 10:52:00,2016-05-16,0.0484,0.0,0.0,8068.0,0.0484,0.0484,0.0484,10000573,2016-09-28,2016-09-28,C,2.15,2016-02-23
2002,2016-05-16 10:53:00,2016-05-16,0.0484,0.0,0.0,8068.0,0.0484,0.0484,0.0484,10000573,2016-09-28,2016-09-28,C,2.15,2016-02-23
2003,2016-05-16 10:54:00,2016-05-16,0.049,2450.0,5.0,8063.0,0.0484,0.049,0.0484,10000573,2016-09-28,2016-09-28,C,2.15,2016-02-23
2004,2016-05-16 10:55:00,2016-05-16,0.049,0.0,0.0,8063.0,0.049,0.049,0.049,10000573,2016-09-28,2016-09-28,C,2.15,2016-02-23
2005,2016-05-16 10:56:00,2016-05-16,0.0495,4950.0,10.0,8062.0,0.049,0.0495,0.049,10000573,2016-09-28,2016-09-28,C,2.15,2016-02-23
2006,2016-05-16 10:57:00,2016-05-16,0.0495,0.0,0.0,8062.0,0.0495,0.0495,0.0495,10000573,2016-09-28,2016-09-28,C,2.15,2016-02-23
2007,2016-05-16 10:58:00,2016-05-16,0.0498,4980.0,10.0,8062.0,0.0495,0.0498,0.0495,10000573,2016-09-28,2016-09-28,C,2.15,2016-02-23
2008,2016-05-16 10:59:00,2016-05-16,0.0502,8006.0,16.0,8076.0,0.0498,0.0502,0.0498,10000573,2016-09-28,2016-09-28,C,2.15,2016-02-23
2009,2016-05-16 11:00:00,2016-05-16,0.0504,504.0,1.0,8077.0,0.0502,0.0504,0.0502,10000573,2016-09-28,2016-09-28,C,2.15,2016-02-23
2010,2016-05-16 11:01:00,2016-05-16,0.051,3564.0,7.0,8084.0,0.0504,0.051,0.0504,10000573,2016-09-28,2016-09-28,C,2.15,2016-02-23
2011,2016-05-16 11:02:00,2016-05-16,0.051,0.0,0.0,8084.0,0.051,0.051,0.051,10000573,2016-09-28,2016-09-28,C,2.15,2016-02-23
2012,2016-05-16 11:03:00,2016-05-16,0.051,0.0,0.0,8084.0,0.051,0.051,0.051,10000573,2016-09-28,2016-09-28,C,2.15,2016-02-23
2013,2016-05-16 11:04:00,2016-05-16,0.051,0.0,0.0,8084.0,0.051,0.051,0.051,10000573,2016-09-28,2016-09-28,C,2.15,2016-02-23
2014,2016-05-16 11:05:00,2016-05-16,0.051,0.0,0.0,8084.0,0.051,0.051,0.051,10000573,2016-09-28,2016-09-28,C,2.15,2016-02-23
2015,2016-05-16 11:06:00,2016-05-16,0.051,0.0,0.0,8084.0,0.051,0.051,0.051,10000573,2016-09-28,2016-09-28,C,2.15,2016-02-23
2016,2016-05-16 11:07:00,2016-05-16,0.051,0.0,0.0,8084.0,0.051,0.051,0.051,10000573,2016-09-28,2016-09-28,C,2.15,2016-02-23
2017,2016-05-16 11:08:00,2016-05-16,0.051,500.0,1.0,8085.0,0.051,0.05,0.05,10000573,2016-09-28,2016-09-28,C,2.15,2016-02-23
2018,2016-05-16 11:09:00,2016-05-16,0.05,0.0,0.0,8085.0,0.05,0.05,0.05,10000573,2016-09-28,2016-09-28,C,2.15,2016-02-23
2019,2016-05-16 11:10:00,2016-05-16,0.05,0.0,0.0,8085.0,0.05,0.05,0.05,10000573,2016-09-28,2016-09-28,C,2.15,2016-02-23
2020,2016-05-16 11:11:00,2016-05-16,0.05,0.0,0.0,8085.0,0.05,0.05,0.05,10000573,2016-09-28,2016-09-28,C,2.15,2016-02-23
2021,2016-05-16 11:12:00,2016-05-16,0.05,0.0,0.0,8085.0,0.05,0.05,0.05,10000573,2016-09-28,2016-09-28,C,2.15,2016-02-23
2022,2016-05-16 11:13:00,2016-05-16,0.0496,1488.0,3.0,8087.0,0.0496,0.0496,0.0496,10000573,2016-09-28,2016-09-28,C,2.15,2016-02-23
2023,2016-05-16 11:14:00,2016-05-16,0.0504,1007.0,2.0,8089.0,0.0496,0.0504,0.0496,10000573,2016-09-28,2016-09-28,C,2.15,2016-02-23
2024,2016-05-16 11:15:00,2016-05-16,0.0514,1028.0,2.0,8089.0,0.0504,0.0514,0.0504,10000573,2016-09-28,2016-09-28,C,2.15,2016-02-23
2025,2016-05-16 11:16:00,2016-05-16,0.0514,0.0,0.0,8089.0,0.0514,0.0514,0.0514,10000573,2016-09-28,2016-09-28,C,2.15,2016-02-23
2026,2016-05-16 11:17:00,2016-05-16,0.0514,0.0,0.0,8089.0,0.0514,0.0514,0.0514,10000573,2016-09-28,2016-09-28,C,2.15,2016-02-23
2027,2016-05-16 11:18:00,2016-05-16,0.0514,0.0,0.0,8089.0,0.0514,0.0514,0.0514,10000573,2016-09-28,2016-09-28,C,2.15,2016-02-23
2028,2016-05-16 11:19:00,2016-05-16,0.0514,0.0,0.0,8089.0,0.0514,0.0514,0.0514,10000573,2016-09-28,2016-09-28,C,2.15,2016-02-23
2029,2016-05-16 11:20:00,2016-05-16,0.0514,0.0,0.0,8089.0,0.0514,0.0514,0.0514,10000573,2016-09-28,2016-09-28,C,2.15,2016-02-23
2030,2016-05-16 11:21:00,2016-05-16,0.0514,0.0,0.0,8089.0,0.0514,0.0514,0.0514,10000573,2016-09-28,2016-09-28,C,2.15,2016-02-23
2031,2016-05-16 11:22:00,2016-05-16,0.0514,0.0,0.0,8089.0,0.0514,0.0514,0.0514,10000573,2016-09-28,2016-09-28,C,2.15,2016-02-23
2032,2016-05-16 11:23:00,2016-05-16,0.0514,0.0,0.0,8089.0,0.0514,0.0514,0.0514,10000573,2016-09-28,2016-09-28,C,2.15,2016-02-23
2033,2016-05-16 11:24:00,2016-05-16,0.0514,0.0,0.0,8089.0,0.0514,0.0514,0.0514,10000573,2016-09-28,2016-09-28,C,2.15,2016-02-23
2034,2016-05-16 11:25:00,2016-05-16,0.0514,0.0,0.0,8089.0,0.0514,0.0514,0.0514,10000573,2016-09-28,2016-09-28,C,2.15,2016-02-23
2035,2016-05-16 11:26:00,2016-05-16,0.0514,0.0,0.0,8089.0,0.0514,0.0514,0.0514,10000573,2016-09-28,2016-09-28,C,2.15,2016-02-23
2036,2016-05-16 11:27:00,2016-05-16,0.0514,0.0,0.0,8089.0,0.0514,0.0514,0.0514,10000573,2016-09-28,2016-09-28,C,2.15,2016-02-23
2037,2016-05-16 11:28:00,2016-05-16,0.0514,0.0,0.0,8089.0,0.0514,0.0514,0.0514,10000573,2016-09-28,2016-09-28,C,2.15,2016-02-23
2038,2016-05-16 11:29:00,2016-05-16,0.0514,0.0,0.0,8089.0,0.0514,0.0514,0.0514,10000573,2016-09-28,2016-09-28,C,2.15,2016-02-23
2039,2016-05-16 11:30:00,2016-05-16,0.0514,0.0,0.0,8089.0,0.0514,0.0514,0.0514,10000573,2016-09-28,2016-09-28,C,2.15,2016-02-23
2040,2016-05-16 13:01:00,2016-05-16,0.0514,0.0,0.0,8089.0,0.0514,0.0514,0.0514,10000573,2016-09-28,2016-09-28,C,2.15,2016-02-23
2041,2016-05-16 13:02:00,2016-05-16,0.0514,0.0,0.0,8089.0,0.0514,0.0514,0.0514,10000573,2016-09-28,2016-09-28,C,2.15,2016-02-23
2042,2016-05-16 13:03:00,2016-05-16,0.0514,0.0,0.0,8089.0,0.0514,0.0514,0.0514,10000573,2016-09-28,2016-09-28,C,2.15,2016-02-23
2043,2016-05-16 13:04:00,2016-05-16,0.0514,0.0,0.0,8089.0,0.0514,0.0514,0.0514,10000573,2016-09-28,2016-09-28,C,2.15,2016-02-23
2044,2016-05-16 13:05:00,2016-05-16,0.0514,0.0,0.0,8089.0,0.0514,0.0514,0.0514,10000573,2016-09-28,2016-09-28,C,2.15,2016-02-23
2045,2016-05-16 13:06:00,2016-05-16,0.0514,0.0,0.0,8089.0,0.0514,0.0514,0.0514,10000573,2016-09-28,2016-09-28,C,2.15,2016-02-23
2046,2016-05-16 13:07:00,2016-05-16,0.0514,0.0,0.0,8089.0,0.0514,0.0514,0.0514,10000573,2016-09-28,2016-09-28,C,2.15,2016-02-23
2047,2016-05-16 13:08:00,2016-05-16,0.0514,0.0,0.0,8089.0,0.0514,0.0514,0.0514,10000573,2016-09-28,2016-09-28,C,2.15,2016-02-23
2048,2016-05-16 13:09:00,2016-05-16,0.0514,0.0,0.0,8089.0,0.0514,0.0514,0.0514,10000573,2016-09-28,2016-09-28,C,2.15,2016-02-23
2049,2016-05-16 13:10:00,2016-05-16,0.0514,0.0,0.0,8089.0,0.0514,0.0514,0.0514,10000573,2016-09-28,2016-09-28,C,2.15,2016-02-23
2050,2016-05-16 13:11:00,2016-05-16,0.0514,0.0,0.0,8089.0,0.0514,0.0514,0.0514,10000573,2016-09-28,2016-09-28,C,2.15,2016-02-23
2051,2016-05-16 13:12:00,2016-05-16,0.0514,0.0,0.0,8089.0,0.0514,0.0514,0.0514,10000573,2016-09-28,2016-09-28,C,2.15,2016-02-23
2052,2016-05-16 13:13:00,2016-05-16,0.0514,3493.0,7.0,8096.0,0.0514,0.0499,0.0499,10000573,2016-09-28,2016-09-28,C,2.15,2016-02-23
2053,2016-05-16 13:14:00,2016-05-16,0.0499,1497.0,3.0,8099.0,0.0499,0.0499,0.0499,10000573,2016-09-28,2016-09-28,C,2.15,2016-02-23
2054,2016-05-16 13:15:00,2016-05-16,0.0499,490.0,1.0,8100.0,0.0499,0.049,0.049,10000573,2016-09-28,2016-09-28,C,2.15,2016-02-23
2055,2016-05-16 13:16:00,2016-05-16,0.049,0.0,0.0,8100.0,0.049,0.049,0.049,10000573,2016-09-28,2016-09-28,C,2.15,2016-02-23
2056,2016-05-16 13:17:00,2016-05-16,0.049,0.0,0.0,8100.0,0.049,0.049,0.049,10000573,2016-09-28,2016-09-28,C,2.15,2016-02-23
2057,2016-05-16 13:18:00,2016-05-16,0.049,0.0,0.0,8100.0,0.049,0.049,0.049,10000573,2016-09-28,2016-09-28,C,2.15,2016-02-23
2058,2016-05-16 13:19:00,2016-05-16,0.049,0.0,0.0,8100.0,0.049,0.049,0.049,10000573,2016-09-28,2016-09-28,C,2.15,2016-02-23
2059,2016-05-16 13:20:00,2016-05-16,0.049,0.0,0.0,8100.0,0.049,0.049,0.049,10000573,2016-09-28,2016-09-28,C,2.15,2016-02-23
2060,2016-05-16 13:21:00,2016-05-16,0.0491,2455.0,5.0,8105.0,0.049,0.0491,0.049,10000573,2016-09-28,2016-09-28,C,2.15,2016-02-23
2061,2016-05-16 13:22:00,2016-05-16,0.0491,0.0,0.0,8105.0,0.0491,0.0491,0.0491,10000573,2016-09-28,2016-09-28,C,2.15,2016-02-23
2062,2016-05-16 13:23:00,2016-05-16,0.0491,980.0,2.0,8107.0,0.0491,0.049,0.049,10000573,2016-09-28,2016-09-28,C,2.15,2016-02-23
2063,2016-05-16 13:24:00,2016-05-16,0.049,2450.0,5.0,8110.0,0.049,0.049,0.049,10000573,2016-09-28,2016-09-28,C,2.15,2016-02-23
2064,2016-05-16 13:25:00,2016-05-16,0.049,0.0,0.0,8110.0,0.049,0.049,0.049,10000573,2016-09-28,2016-09-28,C,2.15,2016-02-23
2065,2016-05-16 13:26:00,2016-05-16,0.049,0.0,0.0,8110.0,0.049,0.049,0.049,10000573,2016-09-28,2016-09-28,C,2.15,2016-02-23
2066,2016-05-16 13:27:00,2016-05-16,0.049,0.0,0.0,8110.0,0.049,0.049,0.049,10000573,2016-09-28,2016-09-28,C,2.15,2016-02-23
2067,2016-05-16 13:28:00,2016-05-16,0.049,5368.0,11.0,8115.0,0.049,0.0488,0.0488,10000573,2016-09-28,2016-09-28,C,2.15,2016-02-23
2068,2016-05-16 13:29:00,2016-05-16,0.0488,0.0,0.0,8115.0,0.0488,0.0488,0.0488,10000573,2016-09-28,2016-09-28,C,2.15,2016-02-23
2069,2016-05-16 13:30:00,2016-05-16,0.049,980.0,2.0,8117.0,0.0488,0.049,0.0488,10000573,2016-09-28,2016-09-28,C,2.15,2016-02-23
2070,2016-05-16 13:31:00,2016-05-16,0.049,0.0,0.0,8117.0,0.049,0.049,0.049,10000573,2016-09-28,2016-09-28,C,2.15,2016-02-23
2071,2016-05-16 13:32:00,2016-05-16,0.049,2445.0,5.0,8122.0,0.049,0.0489,0.0489,10000573,2016-09-28,2016-09-28,C,2.15,2016-02-23
2072,2016-05-16 13:33:00,2016-05-16,0.0489,978.0,2.0,8122.0,0.0489,0.0489,0.0489,10000573,2016-09-28,2016-09-28,C,2.15,2016-02-23
2073,2016-05-16 13:34:00,2016-05-16,0.0489,489.0,1.0,8123.0,0.0489,0.0489,0.0489,10000573,2016-09-28,2016-09-28,C,2.15,2016-02-23
2074,2016-05-16 13:35:00,2016-05-16,0.0489,0.0,0.0,8123.0,0.0489,0.0489,0.0489,10000573,2016-09-28,2016-09-28,C,2.15,2016-02-23
2075,2016-05-16 13:36:00,2016-05-16,0.0489,2425.0,5.0,8128.0,0.0489,0.0485,0.0485,10000573,2016-09-28,2016-09-28,C,2.15,2016-02-23
2076,2016-05-16 13:37:00,2016-05-16,0.0485,0.0,0.0,8128.0,0.0485,0.0485,0.0485,10000573,2016-09-28,2016-09-28,C,2.15,2016-02-23
2077,2016-05-16 13:38:00,2016-05-16,0.0485,0.0,0.0,8128.0,0.0485,0.0485,0.0485,10000573,2016-09-28,2016-09-28,C,2.15,2016-02-23
2078,2016-05-16 13:39:00,2016-05-16,0.0485,0.0,0.0,8128.0,0.0485,0.0485,0.0485,10000573,2016-09-28,2016-09-28,C,2.15,2016-02-23
2079,2016-05-16 13:40:00,2016-05-16,0.0485,0.0,0.0,8128.0,0.0485,0.0485,0.0485,10000573,2016-09-28,2016-09-28,C,2.15,2016-02-23
2080,2016-05-16 13:41:00,2016-05-16,0.0485,0.0,0.0,8128.0,0.0485,0.0485,0.0485,10000573,2016-09-28,2016-09-28,C,2.15,2016-02-23
2081,2016-05-16 13:42:00,2016-05-16,0.0485,0.0,0.0,8128.0,0.0485,0.0485,0.0485,10000573,2016-09-28,2016-09-28,C,2.15,2016-02-23
2082,2016-05-16 13:43:00,2016-05-16,0.0485,0.0,0.0,8128.0,0.0485,0.0485,0.0485,10000573,2016-09-28,2016-09-28,C,2.15,2016-02-23
2083,2016-05-16 13:44:00,2016-05-16,0.0485,0.0,0.0,8128.0,0.0485,0.0485,0.0485,10000573,2016-09-28,2016-09-28,C,2.15,2016-02-23
2084,2016-05-16 13:45:00,2016-05-16,0.0485,0.0,0.0,8128.0,0.0485,0.0485,0.0485,10000573,2016-09-28,2016-09-28,C,2.15,2016-02-23
2085,2016-05-16 13:46:00,2016-05-16,0.0485,0.0,0.0,8128.0,0.0485,0.0485,0.0485,10000573,2016-09-28,2016-09-28,C,2.15,2016-02-23
2086,2016-05-16 13:47:00,2016-05-16,0.0485,0.0,0.0,8128.0,0.0485,0.0485,0.0485,10000573,2016-09-28,2016-09-28,C,2.15,2016-02-23
2087,2016-05-16 13:48:00,2016-05-16,0.0485,0.0,0.0,8128.0,0.0485,0.0485,0.0485,10000573,2016-09-28,2016-09-28,C,2.15,2016-02-23
2088,2016-05-16 13:49:00,2016-05-16,0.0485,0.0,0.0,8128.0,0.0485,0.0485,0.0485,10000573,2016-09-28,2016-09-28,C,2.15,2016-02-23
2089,2016-05-16 13:50:00,2016-05-16,0.0485,0.0,0.0,8128.0,0.0485,0.0485,0.0485,10000573,2016-09-28,2016-09-28,C,2.15,2016-02-23
2090,2016-05-16 13:51:00,2016-05-16,0.0485,0.0,0.0,8128.0,0.0485,0.0485,0.0485,10000573,2016-09-28,2016-09-28,C,2.15,2016-02-23
2091,2016-05-16 13:52:00,2016-05-16,0.0485,0.0,0.0,8128.0,0.0485,0.0485,0.0485,10000573,2016-09-28,2016-09-28,C,2.15,2016-02-23
2092,2016-05-16 13:53:00,2016-05-16,0.0485,0.0,0.0,8128.0,0.0485,0.0485,0.0485,10000573,2016-09-28,2016-09-28,C,2.15,2016-02-23
2093,2016-05-16 13:54:00,2016-05-16,0.0485,0.0,0.0,8128.0,0.0485,0.0485,0.0485,10000573,2016-09-28,2016-09-28,C,2.15,2016-02-23
2094,2016-05-16 13:55:00,2016-05-16,0.0485,0.0,0.0,8128.0,0.0485,0.0485,0.0485,10000573,2016-09-28,2016-09-28,C,2.15,2016-02-23
2095,2016-05-16 13:56:00,2016-05-16,0.0485,0.0,0.0,8128.0,0.0485,0.0485,0.0485,10000573,2016-09-28,2016-09-28,C,2.15,2016-02-23
2096,2016-05-16 13:57:00,2016-05-16,0.0498,498.0,1.0,8129.0,0.0485,0.0498,0.0485,10000573,2016-09-28,2016-09-28,C,2.15,2016-02-23
2097,2016-05-16 13:58:00,2016-05-16,0.0498,0.0,0.0,8129.0,0.0498,0.0498,0.0498,10000573,2016-09-28,2016-09-28,C,2.15,2016-02-23
2098,2016-05-16 13:59:00,2016-05-16,0.0498,0.0,0.0,8129.0,0.0498,0.0498,0.0498,10000573,2016-09-28,2016-09-28,C,2.15,2016-02-23
2099,2016-05-16 14:00:00,2016-05-16,0.0498,0.0,0.0,8129.0,0.0498,0.0498,0.0498,10000573,2016-09-28,2016-09-28,C,2.15,2016-02-23
2100,2016-05-16 14:01:00,2016-05-16,0.0498,0.0,0.0,8129.0,0.0498,0.0498,0.0498,10000573,2016-09-28,2016-09-28,C,2.15,2016-02-23
2101,2016-05-16 14:02:00,2016-05-16,0.0498,0.0,0.0,8129.0,0.0498,0.0498,0.0498,10000573,2016-09-28,2016-09-28,C,2.15,2016-02-23
2102,2016-05-16 14:03:00,2016-05-16,0.0501,5009.0,10.0,8130.0,0.0498,0.0501,0.0498,10000573,2016-09-28,2016-09-28,C,2.15,2016-02-23
2103,2016-05-16 14:04:00,2016-05-16,0.0501,0.0,0.0,8130.0,0.0501,0.0501,0.0501,10000573,2016-09-28,2016-09-28,C,2.15,2016-02-23
2104,2016-05-16 14:05:00,2016-05-16,0.0501,0.0,0.0,8130.0,0.0501,0.0501,0.0501,10000573,2016-09-28,2016-09-28,C,2.15,2016-02-23
2105,2016-05-16 14:06:00,2016-05-16,0.0501,5010.0,10.0,8131.0,0.0501,0.0501,0.0501,10000573,2016-09-28,2016-09-28,C,2.15,2016-02-23
2106,2016-05-16 14:07:00,2016-05-16,0.0501,5000.0,10.0,8127.0,0.0501,0.05,0.05,10000573,2016-09-28,2016-09-28,C,2.15,2016-02-23
2107,2016-05-16 14:08:00,2016-05-16,0.0506,6547.0,13.0,8132.0,0.05,0.05,0.0496,10000573,2016-09-28,2016-09-28,C,2.15,2016-02-23
2108,2016-05-16 14:09:00,2016-05-16,0.05,1500.0,3.0,8129.0,0.05,0.05,0.05,10000573,2016-09-28,2016-09-28,C,2.15,2016-02-23
2109,2016-05-16 14:10:00,2016-05-16,0.05,1500.0,3.0,8126.0,0.05,0.05,0.05,10000573,2016-09-28,2016-09-28,C,2.15,2016-02-23
2110,2016-05-16 14:11:00,2016-05-16,0.05,2988.0,6.0,8129.0,0.05,0.0496,0.0496,10000573,2016-09-28,2016-09-28,C,2.15,2016-02-23
2111,2016-05-16 14:12:00,2016-05-16,0.0496,488.0,1.0,8130.0,0.0496,0.0488,0.0488,10000573,2016-09-28,2016-09-28,C,2.15,2016-02-23
2112,2016-05-16 14:13:00,2016-05-16,0.0488,0.0,0.0,8130.0,0.0488,0.0488,0.0488,10000573,2016-09-28,2016-09-28,C,2.15,2016-02-23
2113,2016-05-16 14:14:00,2016-05-16,0.0488,0.0,0.0,8130.0,0.0488,0.0488,0.0488,10000573,2016-09-28,2016-09-28,C,2.15,2016-02-23
2114,2016-05-16 14:15:00,2016-05-16,0.0488,0.0,0.0,8130.0,0.0488,0.0488,0.0488,10000573,2016-09-28,2016-09-28,C,2.15,2016-02-23
2115,2016-05-16 14:16:00,2016-05-16,0.0488,4800.0,10.0,8130.0,0.0488,0.048,0.048,10000573,2016-09-28,2016-09-28,C,2.15,2016-02-23
2116,2016-05-16 14:17:00,2016-05-16,0.048,0.0,0.0,8130.0,0.048,0.048,0.048,10000573,2016-09-28,2016-09-28,C,2.15,2016-02-23
2117,2016-05-16 14:18:00,2016-05-16,0.048,0.0,0.0,8130.0,0.048,0.048,0.048,10000573,2016-09-28,2016-09-28,C,2.15,2016-02-23
2118,2016-05-16 14:19:00,2016-05-16,0.048,0.0,0.0,8130.0,0.048,0.048,0.048,10000573,2016-09-28,2016-09-28,C,2.15,2016-02-23
2119,2016-05-16 14:20:00,2016-05-16,0.048,0.0,0.0,8130.0,0.048,0.048,0.048,10000573,2016-09-28,2016-09-28,C,2.15,2016-02-23
2120,2016-05-16 14:21:00,2016-05-16,0.048,0.0,0.0,8130.0,0.048,0.048,0.048,10000573,2016-09-28,2016-09-28,C,2.15,2016-02-23
2121,2016-05-16 14:22:00,2016-05-16,0.048,0.0,0.0,8130.0,0.048,0.048,0.048,10000573,2016-09-28,2016-09-28,C,2.15,2016-02-23
2122,2016-05-16 14:23:00,2016-05-16,0.048,1908.0,4.0,8130.0,0.048,0.0477,0.0477,10000573,2016-09-28,2016-09-28,C,2.15,2016-02-23
2123,2016-05-16 14:24:00,2016-05-16,0.0477,0.0,0.0,8130.0,0.0477,0.0477,0.0477,10000573,2016-09-28,2016-09-28,C,2.15,2016-02-23
2124,2016-05-16 14:25:00,2016-05-16,0.048,480.0,1.0,8130.0,0.0477,0.048,0.0477,10000573,2016-09-28,2016-09-28,C,2.15,2016-02-23
2125,2016-05-16 14:26:00,2016-05-16,0.048,0.0,0.0,8130.0,0.048,0.048,0.048,10000573,2016-09-28,2016-09-28,C,2.15,2016-02-23
2126,2016-05-16 14:27:00,2016-05-16,0.048,0.0,0.0,8130.0,0.048,0.048,0.048,10000573,2016-09-28,2016-09-28,C,2.15,2016-02-23
2127,2016-05-16 14:28:00,2016-05-16,0.0485,485.0,1.0,8131.0,0.048,0.0485,0.048,10000573,2016-09-28,2016-09-28,C,2.15,2016-02-23
2128,2016-05-16 14:29:00,2016-05-16,0.0486,971.0,2.0,8133.0,0.0485,0.0486,0.0485,10000573,2016-09-28,2016-09-28,C,2.15,2016-02-23
2129,2016-05-16 14:30:00,2016-05-16,0.0486,0.0,0.0,8133.0,0.0486,0.0486,0.0486,10000573,2016-09-28,2016-09-28,C,2.15,2016-02-23
2130,2016-05-16 14:31:00,2016-05-16,0.0489,489.0,1.0,8133.0,0.0486,0.0489,0.0486,10000573,2016-09-28,2016-09-28,C,2.15,2016-02-23
2131,2016-05-16 14:32:00,2016-05-16,0.0489,0.0,0.0,8133.0,0.0489,0.0489,0.0489,10000573,2016-09-28,2016-09-28,C,2.15,2016-02-23
2132,2016-05-16 14:33:00,2016-05-16,0.0489,0.0,0.0,8133.0,0.0489,0.0489,0.0489,10000573,2016-09-28,2016-09-28,C,2.15,2016-02-23
2133,2016-05-16 14:34:00,2016-05-16,0.049,490.0,1.0,8134.0,0.0489,0.049,0.0489,10000573,2016-09-28,2016-09-28,C,2.15,2016-02-23
2134,2016-05-16 14:35:00,2016-05-16,0.049,0.0,0.0,8134.0,0.049,0.049,0.049,10000573,2016-09-28,2016-09-28,C,2.15,2016-02-23
2135,2016-05-16 14:36:00,2016-05-16,0.0501,5010.0,10.0,8135.0,0.049,0.0501,0.049,10000573,2016-09-28,2016-09-28,C,2.15,2016-02-23
2136,2016-05-16 14:37:00,2016-05-16,0.0506,5060.0,10.0,8125.0,0.0501,0.0506,0.0501,10000573,2016-09-28,2016-09-28,C,2.15,2016-02-23
2137,2016-05-16 14:38:00,2016-05-16,0.0507,15200.0,30.0,8125.0,0.0507,0.0506,0.0506,10000573,2016-09-28,2016-09-28,C,2.15,2016-02-23
2138,2016-05-16 14:39:00,2016-05-16,0.0506,0.0,0.0,8125.0,0.0506,0.0506,0.0506,10000573,2016-09-28,2016-09-28,C,2.15,2016-02-23
2139,2016-05-16 14:40:00,2016-05-16,0.0506,0.0,0.0,8125.0,0.0506,0.0506,0.0506,10000573,2016-09-28,2016-09-28,C,2.15,2016-02-23
2140,2016-05-16 14:41:00,2016-05-16,0.0506,0.0,0.0,8125.0,0.0506,0.0506,0.0506,10000573,2016-09-28,2016-09-28,C,2.15,2016-02-23
2141,2016-05-16 14:42:00,2016-05-16,0.0506,5040.0,10.0,8135.0,0.0506,0.0504,0.0504,10000573,2016-09-28,2016-09-28,C,2.15,2016-02-23
2142,2016-05-16 14:43:00,2016-05-16,0.0506,2522.0,5.0,8136.0,0.0504,0.0504,0.0504,10000573,2016-09-28,2016-09-28,C,2.15,2016-02-23
2143,2016-05-16 14:44:00,2016-05-16,0.0506,5060.0,10.0,8126.0,0.0504,0.0506,0.0504,10000573,2016-09-28,2016-09-28,C,2.15,2016-02-23
2144,2016-05-16 14:45:00,2016-05-16,0.0504,6042.0,12.0,8132.0,0.0504,0.0503,0.0503,10000573,2016-09-28,2016-09-28,C,2.15,2016-02-23
2145,2016-05-16 14:46:00,2016-05-16,0.0503,1006.0,2.0,8132.0,0.0503,0.0503,0.0503,10000573,2016-09-28,2016-09-28,C,2.15,2016-02-23
2146,2016-05-16 14:47:00,2016-05-16,0.0506,5563.0,11.0,8132.0,0.0503,0.0503,0.0503,10000573,2016-09-28,2016-09-28,C,2.15,2016-02-23
2147,2016-05-16 14:48:00,2016-05-16,0.0503,2012.0,4.0,8132.0,0.0503,0.0503,0.0503,10000573,2016-09-28,2016-09-28,C,2.15,2016-02-23
2148,2016-05-16 14:49:00,2016-05-16,0.0506,5060.0,10.0,8132.0,0.0503,0.0506,0.0503,10000573,2016-09-28,2016-09-28,C,2.15,2016-02-23
2149,2016-05-16 14:50:00,2016-05-16,0.0512,8127.0,16.0,8130.0,0.0506,0.0506,0.0506,10000573,2016-09-28,2016-09-28,C,2.15,2016-02-23
2150,2016-05-16 14:51:00,2016-05-16,0.0506,506.0,1.0,8130.0,0.0506,0.0506,0.0506,10000573,2016-09-28,2016-09-28,C,2.15,2016-02-23
2151,2016-05-16 14:52:00,2016-05-16,0.0508,5080.0,10.0,8130.0,0.0506,0.0508,0.0506,10000573,2016-09-28,2016-09-28,C,2.15,2016-02-23
2152,2016-05-16 14:53:00,2016-05-16,0.0508,3036.0,6.0,8130.0,0.0508,0.0506,0.0506,10000573,2016-09-28,2016-09-28,C,2.15,2016-02-23
2153,2016-05-16 14:54:00,2016-05-16,0.0506,0.0,0.0,8130.0,0.0506,0.0506,0.0506,10000573,2016-09-28,2016-09-28,C,2.15,2016-02-23
2154,2016-05-16 14:55:00,2016-05-16,0.0506,0.0,0.0,8130.0,0.0506,0.0506,0.0506,10000573,2016-09-28,2016-09-28,C,2.15,2016-02-23
2155,2016-05-16 14:56:00,2016-05-16,0.0506,1512.0,3.0,8130.0,0.0506,0.0504,0.0504,10000573,2016-09-28,2016-09-28,C,2.15,2016-02-23
2156,2016-05-16 14:57:00,2016-05-16,0.0507,2025.0,4.0,8130.0,0.0504,0.0507,0.0504,10000573,2016-09-28,2016-09-28,C,2.15,2016-02-23
2157,2016-05-16 14:58:00,2016-05-16,0.0507,0.0,0.0,8130.0,0.0507,0.0507,0.0507,10000573,2016-09-28,2016-09-28,C,2.15,2016-02-23
2158,2016-05-16 14:59:00,2016-05-16,0.0507,0.0,0.0,8130.0,0.0507,0.0507,0.0507,10000573,2016-09-28,2016-09-28,C,2.15,2016-02-23
2159,2016-05-16 15:00:00,2016-05-16,0.0507,0.0,0.0,8130.0,0.0507,0.0507,0.0507,10000573,2016-09-28,2016-09-28,C,2.15,2016-02-23
2160,2016-05-16 09:31:00,2016-05-16,0.2751,0.0,0.0,2406.0,0.2751,0.2751,0.2751,10000600,2016-09-28,2016-09-28,P,2.3,2016-03-22
2161,2016-05-16 09:32:00,2016-05-16,0.2751,0.0,0.0,2406.0,0.2751,0.2751,0.2751,10000600,2016-09-28,2016-09-28,P,2.3,2016-03-22
2162,2016-05-16 09:33:00,2016-05-16,0.2751,0.0,0.0,2406.0,0.2751,0.2751,0.2751,10000600,2016-09-28,2016-09-28,P,2.3,2016-03-22
2163,2016-05-16 09:34:00,2016-05-16,0.2751,0.0,0.0,2406.0,0.2751,0.2751,0.2751,10000600,2016-09-28,2016-09-28,P,2.3,2016-03-22
2164,2016-05-16 09:35:00,2016-05-16,0.2751,0.0,0.0,2406.0,0.2751,0.2751,0.2751,10000600,2016-09-28,2016-09-28,P,2.3,2016-03-22
2165,2016-05-16 09:36:00,2016-05-16,0.2751,0.0,0.0,2406.0,0.2751,0.2751,0.2751,10000600,2016-09-28,2016-09-28,P,2.3,2016-03-22
2166,2016-05-16 09:37:00,2016-05-16,0.2751,0.0,0.0,2406.0,0.2751,0.2751,0.2751,10000600,2016-09-28,2016-09-28,P,2.3,2016-03-22
2167,2016-05-16 09:38:00,2016-05-16,0.2751,0.0,0.0,2406.0,0.2751,0.2751,0.2751,10000600,2016-09-28,2016-09-28,P,2.3,2016-03-22
2168,2016-05-16 09:39:00,2016-05-16,0.2751,0.0,0.0,2406.0,0.2751,0.2751,0.2751,10000600,2016-09-28,2016-09-28,P,2.3,2016-03-22
2169,2016-05-16 09:40:00,2016-05-16,0.2751,0.0,0.0,2406.0,0.2751,0.2751,0.2751,10000600,2016-09-28,2016-09-28,P,2.3,2016-03-22
2170,2016-05-16 09:41:00,2016-05-16,0.2751,0.0,0.0,2406.0,0.2751,0.2751,0.2751,10000600,2016-09-28,2016-09-28,P,2.3,2016-03-22
2171,2016-05-16 09:42:00,2016-05-16,0.2751,0.0,0.0,2406.0,0.2751,0.2751,0.2751,10000600,2016-09-28,2016-09-28,P,2.3,2016-03-22
2172,2016-05-16 09:43:00,2016-05-16,0.2751,0.0,0.0,2406.0,0.2751,0.2751,0.2751,10000600,2016-09-28,2016-09-28,P,2.3,2016-03-22
2173,2016-05-16 09:44:00,2016-05-16,0.2751,0.0,0.0,2406.0,0.2751,0.2751,0.2751,10000600,2016-09-28,2016-09-28,P,2.3,2016-03-22
2174,2016-05-16 09:45:00,2016-05-16,0.2751,0.0,0.0,2406.0,0.2751,0.2751,0.2751,10000600,2016-09-28,2016-09-28,P,2.3,2016-03-22
2175,2016-05-16 09:46:00,2016-05-16,0.2751,0.0,0.0,2406.0,0.2751,0.2751,0.2751,10000600,2016-09-28,2016-09-28,P,2.3,2016-03-22
2176,2016-05-16 09:47:00,2016-05-16,0.2751,0.0,0.0,2406.0,0.2751,0.2751,0.2751,10000600,2016-09-28,2016-09-28,P,2.3,2016-03-22
2177,2016-05-16 09:48:00,2016-05-16,0.2751,0.0,0.0,2406.0,0.2751,0.2751,0.2751,10000600,2016-09-28,2016-09-28,P,2.3,2016-03-22
2178,2016-05-16 09:49:00,2016-05-16,0.28,28000.0,10.0,2416.0,0.2751,0.28,0.2751,10000600,2016-09-28,2016-09-28,P,2.3,2016-03-22
2179,2016-05-16 09:50:00,2016-05-16,0.2818,28180.0,10.0,2426.0,0.28,0.2818,0.28,10000600,2016-09-28,2016-09-28,P,2.3,2016-03-22
2180,2016-05-16 09:51:00,2016-05-16,0.2818,0.0,0.0,2426.0,0.2818,0.2818,0.2818,10000600,2016-09-28,2016-09-28,P,2.3,2016-03-22
2181,2016-05-16 09:52:00,2016-05-16,0.2818,28100.0,10.0,2435.0,0.2818,0.281,0.281,10000600,2016-09-28,2016-09-28,P,2.3,2016-03-22
2182,2016-05-16 09:53:00,2016-05-16,0.281,0.0,0.0,2435.0,0.281,0.281,0.281,10000600,2016-09-28,2016-09-28,P,2.3,2016-03-22
2183,2016-05-16 09:54:00,2016-05-16,0.2845,14225.0,5.0,2435.0,0.281,0.2845,0.281,10000600,2016-09-28,2016-09-28,P,2.3,2016-03-22
2184,2016-05-16 09:55:00,2016-05-16,0.2845,0.0,0.0,2435.0,0.2845,0.2845,0.2845,10000600,2016-09-28,2016-09-28,P,2.3,2016-03-22
2185,2016-05-16 09:56:00,2016-05-16,0.2845,0.0,0.0,2435.0,0.2845,0.2845,0.2845,10000600,2016-09-28,2016-09-28,P,2.3,2016-03-22
2186,2016-05-16 09:57:00,2016-05-16,0.2845,0.0,0.0,2435.0,0.2845,0.2845,0.2845,10000600,2016-09-28,2016-09-28,P,2.3,2016-03-22
2187,2016-05-16 09:58:00,2016-05-16,0.2845,0.0,0.0,2435.0,0.2845,0.2845,0.2845,10000600,2016-09-28,2016-09-28,P,2.3,2016-03-22
2188,2016-05-16 09:59:00,2016-05-16,0.2845,0.0,0.0,2435.0,0.2845,0.2845,0.2845,10000600,2016-09-28,2016-09-28,P,2.3,2016-03-22
2189,2016-05-16 10:00:00,2016-05-16,0.2845,0.0,0.0,2435.0,0.2845,0.2845,0.2845,10000600,2016-09-28,2016-09-28,P,2.3,2016-03-22
2190,2016-05-16 10:01:00,2016-05-16,0.28800000000000003,57500.0,20.0,2455.0,0.2845,0.28800000000000003,0.2845,10000600,2016-09-28,2016-09-28,P,2.3,2016-03-22
2191,2016-05-16 10:02:00,2016-05-16,0.28800000000000003,31568.0,11.0,2465.0,0.28800000000000003,0.2868,0.2868,10000600,2016-09-28,2016-09-28,P,2.3,2016-03-22
2192,2016-05-16 10:03:00,2016-05-16,0.2868,0.0,0.0,2465.0,0.2868,0.2868,0.2868,10000600,2016-09-28,2016-09-28,P,2.3,2016-03-22
2193,2016-05-16 10:04:00,2016-05-16,0.2868,0.0,0.0,2465.0,0.2868,0.2868,0.2868,10000600,2016-09-28,2016-09-28,P,2.3,2016-03-22
2194,2016-05-16 10:05:00,2016-05-16,0.2868,0.0,0.0,2465.0,0.2868,0.2868,0.2868,10000600,2016-09-28,2016-09-28,P,2.3,2016-03-22
2195,2016-05-16 10:06:00,2016-05-16,0.2868,0.0,0.0,2465.0,0.2868,0.2868,0.2868,10000600,2016-09-28,2016-09-28,P,2.3,2016-03-22
2196,2016-05-16 10:07:00,2016-05-16,0.2868,0.0,0.0,2465.0,0.2868,0.2868,0.2868,10000600,2016-09-28,2016-09-28,P,2.3,2016-03-22
2197,2016-05-16 10:08:00,2016-05-16,0.2868,0.0,0.0,2465.0,0.2868,0.2868,0.2868,10000600,2016-09-28,2016-09-28,P,2.3,2016-03-22
2198,2016-05-16 10:09:00,2016-05-16,0.2868,0.0,0.0,2465.0,0.2868,0.2868,0.2868,10000600,2016-09-28,2016-09-28,P,2.3,2016-03-22
2199,2016-05-16 10:10:00,2016-05-16,0.2868,0.0,0.0,2465.0,0.2868,0.2868,0.2868,10000600,2016-09-28,2016-09-28,P,2.3,2016-03-22
2200,2016-05-16 10:11:00,2016-05-16,0.2868,0.0,0.0,2465.0,0.2868,0.2868,0.2868,10000600,2016-09-28,2016-09-28,P,2.3,2016-03-22
2201,2016-05-16 10:12:00,2016-05-16,0.2868,0.0,0.0,2465.0,0.2868,0.2868,0.2868,10000600,2016-09-28,2016-09-28,P,2.3,2016-03-22
2202,2016-05-16 10:13:00,2016-05-16,0.2868,0.0,0.0,2465.0,0.2868,0.2868,0.2868,10000600,2016-09-28,2016-09-28,P,2.3,2016-03-22
2203,2016-05-16 10:14:00,2016-05-16,0.2868,0.0,0.0,2465.0,0.2868,0.2868,0.2868,10000600,2016-09-28,2016-09-28,P,2.3,2016-03-22
2204,2016-05-16 10:15:00,2016-05-16,0.2868,0.0,0.0,2465.0,0.2868,0.2868,0.2868,10000600,2016-09-28,2016-09-28,P,2.3,2016-03-22
2205,2016-05-16 10:16:00,2016-05-16,0.2868,0.0,0.0,2465.0,0.2868,0.2868,0.2868,10000600,2016-09-28,2016-09-28,P,2.3,2016-03-22
2206,2016-05-16 10:17:00,2016-05-16,0.2868,0.0,0.0,2465.0,0.2868,0.2868,0.2868,10000600,2016-09-28,2016-09-28,P,2.3,2016-03-22
2207,2016-05-16 10:18:00,2016-05-16,0.2868,0.0,0.0,2465.0,0.2868,0.2868,0.2868,10000600,2016-09-28,2016-09-28,P,2.3,2016-03-22
2208,2016-05-16 10:19:00,2016-05-16,0.2868,0.0,0.0,2465.0,0.2868,0.2868,0.2868,10000600,2016-09-28,2016-09-28,P,2.3,2016-03-22
2209,2016-05-16 10:20:00,2016-05-16,0.2868,0.0,0.0,2465.0,0.2868,0.2868,0.2868,10000600,2016-09-28,2016-09-28,P,2.3,2016-03-22
2210,2016-05-16 10:21:00,2016-05-16,0.2868,0.0,0.0,2465.0,0.2868,0.2868,0.2868,10000600,2016-09-28,2016-09-28,P,2.3,2016-03-22
2211,2016-05-16 10:22:00,2016-05-16,0.2868,0.0,0.0,2465.0,0.2868,0.2868,0.2868,10000600,2016-09-28,2016-09-28,P,2.3,2016-03-22
2212,2016-05-16 10:23:00,2016-05-16,0.2868,0.0,0.0,2465.0,0.2868,0.2868,0.2868,10000600,2016-09-28,2016-09-28,P,2.3,2016-03-22
2213,2016-05-16 10:24:00,2016-05-16,0.2868,0.0,0.0,2465.0,0.2868,0.2868,0.2868,10000600,2016-09-28,2016-09-28,P,2.3,2016-03-22
2214,2016-05-16 10:25:00,2016-05-16,0.2868,0.0,0.0,2465.0,0.2868,0.2868,0.2868,10000600,2016-09-28,2016-09-28,P,2.3,2016-03-22
2215,2016-05-16 10:26:00,2016-05-16,0.2868,0.0,0.0,2465.0,0.2868,0.2868,0.2868,10000600,2016-09-28,2016-09-28,P,2.3,2016-03-22
2216,2016-05-16 10:27:00,2016-05-16,0.2868,0.0,0.0,2465.0,0.2868,0.2868,0.2868,10000600,2016-09-28,2016-09-28,P,2.3,2016-03-22
2217,2016-05-16 10:28:00,2016-05-16,0.2868,67444.0,24.0,2441.0,0.2868,0.2806,0.2806,10000600,2016-09-28,2016-09-28,P,2.3,2016-03-22
2218,2016-05-16 10:29:00,2016-05-16,0.2806,0.0,0.0,2441.0,0.2806,0.2806,0.2806,10000600,2016-09-28,2016-09-28,P,2.3,2016-03-22
2219,2016-05-16 10:30:00,2016-05-16,0.2806,0.0,0.0,2441.0,0.2806,0.2806,0.2806,10000600,2016-09-28,2016-09-28,P,2.3,2016-03-22
2220,2016-05-16 10:31:00,2016-05-16,0.2806,0.0,0.0,2441.0,0.2806,0.2806,0.2806,10000600,2016-09-28,2016-09-28,P,2.3,2016-03-22
2221,2016-05-16 10:32:00,2016-05-16,0.2806,0.0,0.0,2441.0,0.2806,0.2806,0.2806,10000600,2016-09-28,2016-09-28,P,2.3,2016-03-22
2222,2016-05-16 10:33:00,2016-05-16,0.2806,0.0,0.0,2441.0,0.2806,0.2806,0.2806,10000600,2016-09-28,2016-09-28,P,2.3,2016-03-22
2223,2016-05-16 10:34:00,2016-05-16,0.2806,0.0,0.0,2441.0,0.2806,0.2806,0.2806,10000600,2016-09-28,2016-09-28,P,2.3,2016-03-22
2224,2016-05-16 10:35:00,2016-05-16,0.2806,0.0,0.0,2441.0,0.2806,0.2806,0.2806,10000600,2016-09-28,2016-09-28,P,2.3,2016-03-22
2225,2016-05-16 10:36:00,2016-05-16,0.2806,0.0,0.0,2441.0,0.2806,0.2806,0.2806,10000600,2016-09-28,2016-09-28,P,2.3,2016-03-22
2226,2016-05-16 10:37:00,2016-05-16,0.2806,0.0,0.0,2441.0,0.2806,0.2806,0.2806,10000600,2016-09-28,2016-09-28,P,2.3,2016-03-22
2227,2016-05-16 10:38:00,2016-05-16,0.2806,0.0,0.0,2441.0,0.2806,0.2806,0.2806,10000600,2016-09-28,2016-09-28,P,2.3,2016-03-22
2228,2016-05-16 10:39:00,2016-05-16,0.2806,0.0,0.0,2441.0,0.2806,0.2806,0.2806,10000600,2016-09-28,2016-09-28,P,2.3,2016-03-22
2229,2016-05-16 10:40:00,2016-05-16,0.2806,0.0,0.0,2441.0,0.2806,0.2806,0.2806,10000600,2016-09-28,2016-09-28,P,2.3,2016-03-22
2230,2016-05-16 10:41:00,2016-05-16,0.2806,0.0,0.0,2441.0,0.2806,0.2806,0.2806,10000600,2016-09-28,2016-09-28,P,2.3,2016-03-22
2231,2016-05-16 10:42:00,2016-05-16,0.2806,0.0,0.0,2441.0,0.2806,0.2806,0.2806,10000600,2016-09-28,2016-09-28,P,2.3,2016-03-22
2232,2016-05-16 10:43:00,2016-05-16,0.2823,11292.0,4.0,2445.0,0.2806,0.2823,0.2806,10000600,2016-09-28,2016-09-28,P,2.3,2016-03-22
2233,2016-05-16 10:44:00,2016-05-16,0.2823,0.0,0.0,2445.0,0.2823,0.2823,0.2823,10000600,2016-09-28,2016-09-28,P,2.3,2016-03-22
2234,2016-05-16 10:45:00,2016-05-16,0.2823,2823.0,1.0,2445.0,0.2823,0.2823,0.2823,10000600,2016-09-28,2016-09-28,P,2.3,2016-03-22
2235,2016-05-16 10:46:00,2016-05-16,0.2823,5646.0,2.0,2447.0,0.2823,0.2823,0.2823,10000600,2016-09-28,2016-09-28,P,2.3,2016-03-22
2236,2016-05-16 10:47:00,2016-05-16,0.2823,16929.0,6.0,2452.0,0.2823,0.282,0.282,10000600,2016-09-28,2016-09-28,P,2.3,2016-03-22
2237,2016-05-16 10:48:00,2016-05-16,0.282,2820.0,1.0,2453.0,0.282,0.282,0.282,10000600,2016-09-28,2016-09-28,P,2.3,2016-03-22
2238,2016-05-16 10:49:00,2016-05-16,0.282,8460.0,3.0,2456.0,0.282,0.282,0.282,10000600,2016-09-28,2016-09-28,P,2.3,2016-03-22
2239,2016-05-16 10:50:00,2016-05-16,0.282,61363.0,22.0,2462.0,0.282,0.2777,0.2777,10000600,2016-09-28,2016-09-28,P,2.3,2016-03-22
2240,2016-05-16 10:51:00,2016-05-16,0.2777,41605.0,15.0,2472.0,0.2777,0.2773,0.2773,10000600,2016-09-28,2016-09-28,P,2.3,2016-03-22
2241,2016-05-16 10:52:00,2016-05-16,0.2773,0.0,0.0,2472.0,0.2773,0.2773,0.2773,10000600,2016-09-28,2016-09-28,P,2.3,2016-03-22
2242,2016-05-16 10:53:00,2016-05-16,0.2773,0.0,0.0,2472.0,0.2773,0.2773,0.2773,10000600,2016-09-28,2016-09-28,P,2.3,2016-03-22
2243,2016-05-16 10:54:00,2016-05-16,0.2773,0.0,0.0,2472.0,0.2773,0.2773,0.2773,10000600,2016-09-28,2016-09-28,P,2.3,2016-03-22
2244,2016-05-16 10:55:00,2016-05-16,0.2773,0.0,0.0,2472.0,0.2773,0.2773,0.2773,10000600,2016-09-28,2016-09-28,P,2.3,2016-03-22
2245,2016-05-16 10:56:00,2016-05-16,0.2773,2762.0,1.0,2473.0,0.2773,0.2762,0.2762,10000600,2016-09-28,2016-09-28,P,2.3,2016-03-22
2246,2016-05-16 10:57:00,2016-05-16,0.2762,0.0,0.0,2473.0,0.2762,0.2762,0.2762,10000600,2016-09-28,2016-09-28,P,2.3,2016-03-22
2247,2016-05-16 10:58:00,2016-05-16,0.2762,0.0,0.0,2473.0,0.2762,0.2762,0.2762,10000600,2016-09-28,2016-09-28,P,2.3,2016-03-22
2248,2016-05-16 10:59:00,2016-05-16,0.2762,13750.0,5.0,2478.0,0.2762,0.275,0.275,10000600,2016-09-28,2016-09-28,P,2.3,2016-03-22
2249,2016-05-16 11:00:00,2016-05-16,0.275,2750.0,1.0,2479.0,0.275,0.275,0.275,10000600,2016-09-28,2016-09-28,P,2.3,2016-03-22
2250,2016-05-16 11:01:00,2016-05-16,0.275,0.0,0.0,2479.0,0.275,0.275,0.275,10000600,2016-09-28,2016-09-28,P,2.3,2016-03-22
2251,2016-05-16 11:02:00,2016-05-16,0.275,0.0,0.0,2479.0,0.275,0.275,0.275,10000600,2016-09-28,2016-09-28,P,2.3,2016-03-22
2252,2016-05-16 11:03:00,2016-05-16,0.275,0.0,0.0,2479.0,0.275,0.275,0.275,10000600,2016-09-28,2016-09-28,P,2.3,2016-03-22
2253,2016-05-16 11:04:00,2016-05-16,0.275,0.0,0.0,2479.0,0.275,0.275,0.275,10000600,2016-09-28,2016-09-28,P,2.3,2016-03-22
2254,2016-05-16 11:05:00,2016-05-16,0.275,0.0,0.0,2479.0,0.275,0.275,0.275,10000600,2016-09-28,2016-09-28,P,2.3,2016-03-22
2255,2016-05-16 11:06:00,2016-05-16,0.275,0.0,0.0,2479.0,0.275,0.275,0.275,10000600,2016-09-28,2016-09-28,P,2.3,2016-03-22
2256,2016-05-16 11:07:00,2016-05-16,0.275,0.0,0.0,2479.0,0.275,0.275,0.275,10000600,2016-09-28,2016-09-28,P,2.3,2016-03-22
2257,2016-05-16 11:08:00,2016-05-16,0.275,0.0,0.0,2479.0,0.275,0.275,0.275,10000600,2016-09-28,2016-09-28,P,2.3,2016-03-22
2258,2016-05-16 11:09:00,2016-05-16,0.275,0.0,0.0,2479.0,0.275,0.275,0.275,10000600,2016-09-28,2016-09-28,P,2.3,2016-03-22
2259,2016-05-16 11:10:00,2016-05-16,0.275,0.0,0.0,2479.0,0.275,0.275,0.275,10000600,2016-09-28,2016-09-28,P,2.3,2016-03-22
2260,2016-05-16 11:11:00,2016-05-16,0.275,0.0,0.0,2479.0,0.275,0.275,0.275,10000600,2016-09-28,2016-09-28,P,2.3,2016-03-22
2261,2016-05-16 11:12:00,2016-05-16,0.275,0.0,0.0,2479.0,0.275,0.275,0.275,10000600,2016-09-28,2016-09-28,P,2.3,2016-03-22
2262,2016-05-16 11:13:00,2016-05-16,0.275,0.0,0.0,2479.0,0.275,0.275,0.275,10000600,2016-09-28,2016-09-28,P,2.3,2016-03-22
2263,2016-05-16 11:14:00,2016-05-16,0.275,0.0,0.0,2479.0,0.275,0.275,0.275,10000600,2016-09-28,2016-09-28,P,2.3,2016-03-22
2264,2016-05-16 11:15:00,2016-05-16,0.275,0.0,0.0,2479.0,0.275,0.275,0.275,10000600,2016-09-28,2016-09-28,P,2.3,2016-03-22
2265,2016-05-16 11:16:00,2016-05-16,0.275,0.0,0.0,2479.0,0.275,0.275,0.275,10000600,2016-09-28,2016-09-28,P,2.3,2016-03-22
2266,2016-05-16 11:17:00,2016-05-16,0.275,0.0,0.0,2479.0,0.275,0.275,0.275,10000600,2016-09-28,2016-09-28,P,2.3,2016-03-22
2267,2016-05-16 11:18:00,2016-05-16,0.275,0.0,0.0,2479.0,0.275,0.275,0.275,10000600,2016-09-28,2016-09-28,P,2.3,2016-03-22
2268,2016-05-16 11:19:00,2016-05-16,0.275,0.0,0.0,2479.0,0.275,0.275,0.275,10000600,2016-09-28,2016-09-28,P,2.3,2016-03-22
2269,2016-05-16 11:20:00,2016-05-16,0.275,0.0,0.0,2479.0,0.275,0.275,0.275,10000600,2016-09-28,2016-09-28,P,2.3,2016-03-22
2270,2016-05-16 11:21:00,2016-05-16,0.275,0.0,0.0,2479.0,0.275,0.275,0.275,10000600,2016-09-28,2016-09-28,P,2.3,2016-03-22
2271,2016-05-16 11:22:00,2016-05-16,0.2752,2752.0,1.0,2479.0,0.275,0.2752,0.275,10000600,2016-09-28,2016-09-28,P,2.3,2016-03-22
2272,2016-05-16 11:23:00,2016-05-16,0.2752,0.0,0.0,2479.0,0.2752,0.2752,0.2752,10000600,2016-09-28,2016-09-28,P,2.3,2016-03-22
2273,2016-05-16 11:24:00,2016-05-16,0.2752,0.0,0.0,2479.0,0.2752,0.2752,0.2752,10000600,2016-09-28,2016-09-28,P,2.3,2016-03-22
2274,2016-05-16 11:25:00,2016-05-16,0.2752,0.0,0.0,2479.0,0.2752,0.2752,0.2752,10000600,2016-09-28,2016-09-28,P,2.3,2016-03-22
2275,2016-05-16 11:26:00,2016-05-16,0.2752,0.0,0.0,2479.0,0.2752,0.2752,0.2752,10000600,2016-09-28,2016-09-28,P,2.3,2016-03-22
2276,2016-05-16 11:27:00,2016-05-16,0.2752,0.0,0.0,2479.0,0.2752,0.2752,0.2752,10000600,2016-09-28,2016-09-28,P,2.3,2016-03-22
2277,2016-05-16 11:28:00,2016-05-16,0.2752,0.0,0.0,2479.0,0.2752,0.2752,0.2752,10000600,2016-09-28,2016-09-28,P,2.3,2016-03-22
2278,2016-05-16 11:29:00,2016-05-16,0.2752,0.0,0.0,2479.0,0.2752,0.2752,0.2752,10000600,2016-09-28,2016-09-28,P,2.3,2016-03-22
2279,2016-05-16 11:30:00,2016-05-16,0.2752,0.0,0.0,2479.0,0.2752,0.2752,0.2752,10000600,2016-09-28,2016-09-28,P,2.3,2016-03-22
2280,2016-05-16 13:01:00,2016-05-16,0.2752,0.0,0.0,2479.0,0.2752,0.2752,0.2752,10000600,2016-09-28,2016-09-28,P,2.3,2016-03-22
2281,2016-05-16 13:02:00,2016-05-16,0.2752,0.0,0.0,2479.0,0.2752,0.2752,0.2752,10000600,2016-09-28,2016-09-28,P,2.3,2016-03-22
2282,2016-05-16 13:03:00,2016-05-16,0.2752,0.0,0.0,2479.0,0.2752,0.2752,0.2752,10000600,2016-09-28,2016-09-28,P,2.3,2016-03-22
2283,2016-05-16 13:04:00,2016-05-16,0.2752,0.0,0.0,2479.0,0.2752,0.2752,0.2752,10000600,2016-09-28,2016-09-28,P,2.3,2016-03-22
2284,2016-05-16 13:05:00,2016-05-16,0.2752,0.0,0.0,2479.0,0.2752,0.2752,0.2752,10000600,2016-09-28,2016-09-28,P,2.3,2016-03-22
2285,2016-05-16 13:06:00,2016-05-16,0.2752,0.0,0.0,2479.0,0.2752,0.2752,0.2752,10000600,2016-09-28,2016-09-28,P,2.3,2016-03-22
2286,2016-05-16 13:07:00,2016-05-16,0.2752,0.0,0.0,2479.0,0.2752,0.2752,0.2752,10000600,2016-09-28,2016-09-28,P,2.3,2016-03-22
2287,2016-05-16 13:08:00,2016-05-16,0.2752,0.0,0.0,2479.0,0.2752,0.2752,0.2752,10000600,2016-09-28,2016-09-28,P,2.3,2016-03-22
2288,2016-05-16 13:09:00,2016-05-16,0.2752,0.0,0.0,2479.0,0.2752,0.2752,0.2752,10000600,2016-09-28,2016-09-28,P,2.3,2016-03-22
2289,2016-05-16 13:10:00,2016-05-16,0.2752,0.0,0.0,2479.0,0.2752,0.2752,0.2752,10000600,2016-09-28,2016-09-28,P,2.3,2016-03-22
2290,2016-05-16 13:11:00,2016-05-16,0.2752,0.0,0.0,2479.0,0.2752,0.2752,0.2752,10000600,2016-09-28,2016-09-28,P,2.3,2016-03-22
2291,2016-05-16 13:12:00,2016-05-16,0.2752,0.0,0.0,2479.0,0.2752,0.2752,0.2752,10000600,2016-09-28,2016-09-28,P,2.3,2016-03-22
2292,2016-05-16 13:13:00,2016-05-16,0.2752,0.0,0.0,2479.0,0.2752,0.2752,0.2752,10000600,2016-09-28,2016-09-28,P,2.3,2016-03-22
2293,2016-05-16 13:14:00,2016-05-16,0.2752,0.0,0.0,2479.0,0.2752,0.2752,0.2752,10000600,2016-09-28,2016-09-28,P,2.3,2016-03-22
2294,2016-05-16 13:15:00,2016-05-16,0.2752,0.0,0.0,2479.0,0.2752,0.2752,0.2752,10000600,2016-09-28,2016-09-28,P,2.3,2016-03-22
2295,2016-05-16 13:16:00,2016-05-16,0.2752,0.0,0.0,2479.0,0.2752,0.2752,0.2752,10000600,2016-09-28,2016-09-28,P,2.3,2016-03-22
2296,2016-05-16 13:17:00,2016-05-16,0.2752,0.0,0.0,2479.0,0.2752,0.2752,0.2752,10000600,2016-09-28,2016-09-28,P,2.3,2016-03-22
2297,2016-05-16 13:18:00,2016-05-16,0.2752,0.0,0.0,2479.0,0.2752,0.2752,0.2752,10000600,2016-09-28,2016-09-28,P,2.3,2016-03-22
2298,2016-05-16 13:19:00,2016-05-16,0.2752,0.0,0.0,2479.0,0.2752,0.2752,0.2752,10000600,2016-09-28,2016-09-28,P,2.3,2016-03-22
2299,2016-05-16 13:20:00,2016-05-16,0.2752,0.0,0.0,2479.0,0.2752,0.2752,0.2752,10000600,2016-09-28,2016-09-28,P,2.3,2016-03-22
2300,2016-05-16 13:21:00,2016-05-16,0.2752,0.0,0.0,2479.0,0.2752,0.2752,0.2752,10000600,2016-09-28,2016-09-28,P,2.3,2016-03-22
2301,2016-05-16 13:22:00,2016-05-16,0.2752,0.0,0.0,2479.0,0.2752,0.2752,0.2752,10000600,2016-09-28,2016-09-28,P,2.3,2016-03-22
2302,2016-05-16 13:23:00,2016-05-16,0.2752,0.0,0.0,2479.0,0.2752,0.2752,0.2752,10000600,2016-09-28,2016-09-28,P,2.3,2016-03-22
2303,2016-05-16 13:24:00,2016-05-16,0.2752,0.0,0.0,2479.0,0.2752,0.2752,0.2752,10000600,2016-09-28,2016-09-28,P,2.3,2016-03-22
2304,2016-05-16 13:25:00,2016-05-16,0.2752,0.0,0.0,2479.0,0.2752,0.2752,0.2752,10000600,2016-09-28,2016-09-28,P,2.3,2016-03-22
2305,2016-05-16 13:26:00,2016-05-16,0.2752,0.0,0.0,2479.0,0.2752,0.2752,0.2752,10000600,2016-09-28,2016-09-28,P,2.3,2016-03-22
2306,2016-05-16 13:27:00,2016-05-16,0.2752,0.0,0.0,2479.0,0.2752,0.2752,0.2752,10000600,2016-09-28,2016-09-28,P,2.3,2016-03-22
2307,2016-05-16 13:28:00,2016-05-16,0.2752,0.0,0.0,2479.0,0.2752,0.2752,0.2752,10000600,2016-09-28,2016-09-28,P,2.3,2016-03-22
2308,2016-05-16 13:29:00,2016-05-16,0.2752,0.0,0.0,2479.0,0.2752,0.2752,0.2752,10000600,2016-09-28,2016-09-28,P,2.3,2016-03-22
2309,2016-05-16 13:30:00,2016-05-16,0.2752,0.0,0.0,2479.0,0.2752,0.2752,0.2752,10000600,2016-09-28,2016-09-28,P,2.3,2016-03-22
2310,2016-05-16 13:31:00,2016-05-16,0.278,55600.0,20.0,2479.0,0.2752,0.278,0.2752,10000600,2016-09-28,2016-09-28,P,2.3,2016-03-22
2311,2016-05-16 13:32:00,2016-05-16,0.278,0.0,0.0,2479.0,0.278,0.278,0.278,10000600,2016-09-28,2016-09-28,P,2.3,2016-03-22
2312,2016-05-16 13:33:00,2016-05-16,0.278,0.0,0.0,2479.0,0.278,0.278,0.278,10000600,2016-09-28,2016-09-28,P,2.3,2016-03-22
2313,2016-05-16 13:34:00,2016-05-16,0.278,0.0,0.0,2479.0,0.278,0.278,0.278,10000600,2016-09-28,2016-09-28,P,2.3,2016-03-22
2314,2016-05-16 13:35:00,2016-05-16,0.278,0.0,0.0,2479.0,0.278,0.278,0.278,10000600,2016-09-28,2016-09-28,P,2.3,2016-03-22
2315,2016-05-16 13:36:00,2016-05-16,0.278,0.0,0.0,2479.0,0.278,0.278,0.278,10000600,2016-09-28,2016-09-28,P,2.3,2016-03-22
2316,2016-05-16 13:37:00,2016-05-16,0.278,0.0,0.0,2479.0,0.278,0.278,0.278,10000600,2016-09-28,2016-09-28,P,2.3,2016-03-22
2317,2016-05-16 13:38:00,2016-05-16,0.278,0.0,0.0,2479.0,0.278,0.278,0.278,10000600,2016-09-28,2016-09-28,P,2.3,2016-03-22
2318,2016-05-16 13:39:00,2016-05-16,0.278,0.0,0.0,2479.0,0.278,0.278,0.278,10000600,2016-09-28,2016-09-28,P,2.3,2016-03-22
2319,2016-05-16 13:40:00,2016-05-16,0.278,0.0,0.0,2479.0,0.278,0.278,0.278,10000600,2016-09-28,2016-09-28,P,2.3,2016-03-22
2320,2016-05-16 13:41:00,2016-05-16,0.278,0.0,0.0,2479.0,0.278,0.278,0.278,10000600,2016-09-28,2016-09-28,P,2.3,2016-03-22
2321,2016-05-16 13:42:00,2016-05-16,0.278,0.0,0.0,2479.0,0.278,0.278,0.278,10000600,2016-09-28,2016-09-28,P,2.3,2016-03-22
2322,2016-05-16 13:43:00,2016-05-16,0.278,0.0,0.0,2479.0,0.278,0.278,0.278,10000600,2016-09-28,2016-09-28,P,2.3,2016-03-22
2323,2016-05-16 13:44:00,2016-05-16,0.278,0.0,0.0,2479.0,0.278,0.278,0.278,10000600,2016-09-28,2016-09-28,P,2.3,2016-03-22
2324,2016-05-16 13:45:00,2016-05-16,0.2785,2785.0,1.0,2480.0,0.278,0.2785,0.278,10000600,2016-09-28,2016-09-28,P,2.3,2016-03-22
2325,2016-05-16 13:46:00,2016-05-16,0.2785,0.0,0.0,2480.0,0.2785,0.2785,0.2785,10000600,2016-09-28,2016-09-28,P,2.3,2016-03-22
2326,2016-05-16 13:47:00,2016-05-16,0.2785,0.0,0.0,2480.0,0.2785,0.2785,0.2785,10000600,2016-09-28,2016-09-28,P,2.3,2016-03-22
2327,2016-05-16 13:48:00,2016-05-16,0.2785,0.0,0.0,2480.0,0.2785,0.2785,0.2785,10000600,2016-09-28,2016-09-28,P,2.3,2016-03-22
2328,2016-05-16 13:49:00,2016-05-16,0.2785,0.0,0.0,2480.0,0.2785,0.2785,0.2785,10000600,2016-09-28,2016-09-28,P,2.3,2016-03-22
2329,2016-05-16 13:50:00,2016-05-16,0.2785,0.0,0.0,2480.0,0.2785,0.2785,0.2785,10000600,2016-09-28,2016-09-28,P,2.3,2016-03-22
2330,2016-05-16 13:51:00,2016-05-16,0.2785,0.0,0.0,2480.0,0.2785,0.2785,0.2785,10000600,2016-09-28,2016-09-28,P,2.3,2016-03-22
2331,2016-05-16 13:52:00,2016-05-16,0.2785,0.0,0.0,2480.0,0.2785,0.2785,0.2785,10000600,2016-09-28,2016-09-28,P,2.3,2016-03-22
2332,2016-05-16 13:53:00,2016-05-16,0.2785,0.0,0.0,2480.0,0.2785,0.2785,0.2785,10000600,2016-09-28,2016-09-28,P,2.3,2016-03-22
2333,2016-05-16 13:54:00,2016-05-16,0.2785,2757.0,1.0,2481.0,0.2785,0.2757,0.2757,10000600,2016-09-28,2016-09-28,P,2.3,2016-03-22
2334,2016-05-16 13:55:00,2016-05-16,0.2757,11028.0,4.0,2485.0,0.2757,0.2757,0.2757,10000600,2016-09-28,2016-09-28,P,2.3,2016-03-22
2335,2016-05-16 13:56:00,2016-05-16,0.2757,0.0,0.0,2485.0,0.2757,0.2757,0.2757,10000600,2016-09-28,2016-09-28,P,2.3,2016-03-22
2336,2016-05-16 13:57:00,2016-05-16,0.2757,0.0,0.0,2485.0,0.2757,0.2757,0.2757,10000600,2016-09-28,2016-09-28,P,2.3,2016-03-22
2337,2016-05-16 13:58:00,2016-05-16,0.2757,0.0,0.0,2485.0,0.2757,0.2757,0.2757,10000600,2016-09-28,2016-09-28,P,2.3,2016-03-22
2338,2016-05-16 13:59:00,2016-05-16,0.2757,0.0,0.0,2485.0,0.2757,0.2757,0.2757,10000600,2016-09-28,2016-09-28,P,2.3,2016-03-22
2339,2016-05-16 14:00:00,2016-05-16,0.2757,0.0,0.0,2485.0,0.2757,0.2757,0.2757,10000600,2016-09-28,2016-09-28,P,2.3,2016-03-22
2340,2016-05-16 14:01:00,2016-05-16,0.2757,0.0,0.0,2485.0,0.2757,0.2757,0.2757,10000600,2016-09-28,2016-09-28,P,2.3,2016-03-22
2341,2016-05-16 14:02:00,2016-05-16,0.2757,0.0,0.0,2485.0,0.2757,0.2757,0.2757,10000600,2016-09-28,2016-09-28,P,2.3,2016-03-22
2342,2016-05-16 14:03:00,2016-05-16,0.2757,0.0,0.0,2485.0,0.2757,0.2757,0.2757,10000600,2016-09-28,2016-09-28,P,2.3,2016-03-22
2343,2016-05-16 14:04:00,2016-05-16,0.2757,0.0,0.0,2485.0,0.2757,0.2757,0.2757,10000600,2016-09-28,2016-09-28,P,2.3,2016-03-22
2344,2016-05-16 14:05:00,2016-05-16,0.2757,0.0,0.0,2485.0,0.2757,0.2757,0.2757,10000600,2016-09-28,2016-09-28,P,2.3,2016-03-22
2345,2016-05-16 14:06:00,2016-05-16,0.2757,0.0,0.0,2485.0,0.2757,0.2757,0.2757,10000600,2016-09-28,2016-09-28,P,2.3,2016-03-22
2346,2016-05-16 14:07:00,2016-05-16,0.2757,0.0,0.0,2485.0,0.2757,0.2757,0.2757,10000600,2016-09-28,2016-09-28,P,2.3,2016-03-22
2347,2016-05-16 14:08:00,2016-05-16,0.2757,0.0,0.0,2485.0,0.2757,0.2757,0.2757,10000600,2016-09-28,2016-09-28,P,2.3,2016-03-22
2348,2016-05-16 14:09:00,2016-05-16,0.2757,0.0,0.0,2485.0,0.2757,0.2757,0.2757,10000600,2016-09-28,2016-09-28,P,2.3,2016-03-22
2349,2016-05-16 14:10:00,2016-05-16,0.2757,0.0,0.0,2485.0,0.2757,0.2757,0.2757,10000600,2016-09-28,2016-09-28,P,2.3,2016-03-22
2350,2016-05-16 14:11:00,2016-05-16,0.2757,0.0,0.0,2485.0,0.2757,0.2757,0.2757,10000600,2016-09-28,2016-09-28,P,2.3,2016-03-22
2351,2016-05-16 14:12:00,2016-05-16,0.2757,0.0,0.0,2485.0,0.2757,0.2757,0.2757,10000600,2016-09-28,2016-09-28,P,2.3,2016-03-22
2352,2016-05-16 14:13:00,2016-05-16,0.2757,0.0,0.0,2485.0,0.2757,0.2757,0.2757,10000600,2016-09-28,2016-09-28,P,2.3,2016-03-22
2353,2016-05-16 14:14:00,2016-05-16,0.2757,0.0,0.0,2485.0,0.2757,0.2757,0.2757,10000600,2016-09-28,2016-09-28,P,2.3,2016-03-22
2354,2016-05-16 14:15:00,2016-05-16,0.2757,0.0,0.0,2485.0,0.2757,0.2757,0.2757,10000600,2016-09-28,2016-09-28,P,2.3,2016-03-22
2355,2016-05-16 14:16:00,2016-05-16,0.2787,5571.0,2.0,2485.0,0.2757,0.2787,0.2757,10000600,2016-09-28,2016-09-28,P,2.3,2016-03-22
2356,2016-05-16 14:17:00,2016-05-16,0.2787,0.0,0.0,2485.0,0.2787,0.2787,0.2787,10000600,2016-09-28,2016-09-28,P,2.3,2016-03-22
2357,2016-05-16 14:18:00,2016-05-16,0.2787,0.0,0.0,2485.0,0.2787,0.2787,0.2787,10000600,2016-09-28,2016-09-28,P,2.3,2016-03-22
2358,2016-05-16 14:19:00,2016-05-16,0.2787,0.0,0.0,2485.0,0.2787,0.2787,0.2787,10000600,2016-09-28,2016-09-28,P,2.3,2016-03-22
2359,2016-05-16 14:20:00,2016-05-16,0.2787,0.0,0.0,2485.0,0.2787,0.2787,0.2787,10000600,2016-09-28,2016-09-28,P,2.3,2016-03-22
2360,2016-05-16 14:21:00,2016-05-16,0.2787,0.0,0.0,2485.0,0.2787,0.2787,0.2787,10000600,2016-09-28,2016-09-28,P,2.3,2016-03-22
2361,2016-05-16 14:22:00,2016-05-16,0.2787,0.0,0.0,2485.0,0.2787,0.2787,0.2787,10000600,2016-09-28,2016-09-28,P,2.3,2016-03-22
2362,2016-05-16 14:23:00,2016-05-16,0.2787,0.0,0.0,2485.0,0.2787,0.2787,0.2787,10000600,2016-09-28,2016-09-28,P,2.3,2016-03-22
2363,2016-05-16 14:24:00,2016-05-16,0.2787,0.0,0.0,2485.0,0.2787,0.2787,0.2787,10000600,2016-09-28,2016-09-28,P,2.3,2016-03-22
2364,2016-05-16 14:25:00,2016-05-16,0.2787,2768.0,1.0,2485.0,0.2787,0.2768,0.2768,10000600,2016-09-28,2016-09-28,P,2.3,2016-03-22
2365,2016-05-16 14:26:00,2016-05-16,0.2768,0.0,0.0,2485.0,0.2768,0.2768,0.2768,10000600,2016-09-28,2016-09-28,P,2.3,2016-03-22
2366,2016-05-16 14:27:00,2016-05-16,0.2768,0.0,0.0,2485.0,0.2768,0.2768,0.2768,10000600,2016-09-28,2016-09-28,P,2.3,2016-03-22
2367,2016-05-16 14:28:00,2016-05-16,0.2768,0.0,0.0,2485.0,0.2768,0.2768,0.2768,10000600,2016-09-28,2016-09-28,P,2.3,2016-03-22
2368,2016-05-16 14:29:00,2016-05-16,0.2768,0.0,0.0,2485.0,0.2768,0.2768,0.2768,10000600,2016-09-28,2016-09-28,P,2.3,2016-03-22
2369,2016-05-16 14:30:00,2016-05-16,0.2768,0.0,0.0,2485.0,0.2768,0.2768,0.2768,10000600,2016-09-28,2016-09-28,P,2.3,2016-03-22
2370,2016-05-16 14:31:00,2016-05-16,0.2768,0.0,0.0,2485.0,0.2768,0.2768,0.2768,10000600,2016-09-28,2016-09-28,P,2.3,2016-03-22
2371,2016-05-16 14:32:00,2016-05-16,0.2768,0.0,0.0,2485.0,0.2768,0.2768,0.2768,10000600,2016-09-28,2016-09-28,P,2.3,2016-03-22
2372,2016-05-16 14:33:00,2016-05-16,0.2768,0.0,0.0,2485.0,0.2768,0.2768,0.2768,10000600,2016-09-28,2016-09-28,P,2.3,2016-03-22
2373,2016-05-16 14:34:00,2016-05-16,0.2768,0.0,0.0,2485.0,0.2768,0.2768,0.2768,10000600,2016-09-28,2016-09-28,P,2.3,2016-03-22
2374,2016-05-16 14:35:00,2016-05-16,0.2768,0.0,0.0,2485.0,0.2768,0.2768,0.2768,10000600,2016-09-28,2016-09-28,P,2.3,2016-03-22
2375,2016-05-16 14:36:00,2016-05-16,0.2768,0.0,0.0,2485.0,0.2768,0.2768,0.2768,10000600,2016-09-28,2016-09-28,P,2.3,2016-03-22
2376,2016-05-16 14:37:00,2016-05-16,0.2768,16476.0,6.0,2490.0,0.2768,0.2745,0.2745,10000600,2016-09-28,2016-09-28,P,2.3,2016-03-22
2377,2016-05-16 14:38:00,2016-05-16,0.2745,16470.0,6.0,2496.0,0.2745,0.2745,0.2745,10000600,2016-09-28,2016-09-28,P,2.3,2016-03-22
2378,2016-05-16 14:39:00,2016-05-16,0.2745,0.0,0.0,2496.0,0.2745,0.2745,0.2745,10000600,2016-09-28,2016-09-28,P,2.3,2016-03-22
2379,2016-05-16 14:40:00,2016-05-16,0.2745,0.0,0.0,2496.0,0.2745,0.2745,0.2745,10000600,2016-09-28,2016-09-28,P,2.3,2016-03-22
2380,2016-05-16 14:41:00,2016-05-16,0.2745,2738.0,1.0,2496.0,0.2745,0.2738,0.2738,10000600,2016-09-28,2016-09-28,P,2.3,2016-03-22
2381,2016-05-16 14:42:00,2016-05-16,0.2738,0.0,0.0,2496.0,0.2738,0.2738,0.2738,10000600,2016-09-28,2016-09-28,P,2.3,2016-03-22
2382,2016-05-16 14:43:00,2016-05-16,0.2738,0.0,0.0,2496.0,0.2738,0.2738,0.2738,10000600,2016-09-28,2016-09-28,P,2.3,2016-03-22
2383,2016-05-16 14:44:00,2016-05-16,0.2738,0.0,0.0,2496.0,0.2738,0.2738,0.2738,10000600,2016-09-28,2016-09-28,P,2.3,2016-03-22
2384,2016-05-16 14:45:00,2016-05-16,0.2738,0.0,0.0,2496.0,0.2738,0.2738,0.2738,10000600,2016-09-28,2016-09-28,P,2.3,2016-03-22
2385,2016-05-16 14:46:00,2016-05-16,0.2738,0.0,0.0,2496.0,0.2738,0.2738,0.2738,10000600,2016-09-28,2016-09-28,P,2.3,2016-03-22
2386,2016-05-16 14:47:00,2016-05-16,0.2738,0.0,0.0,2496.0,0.2738,0.2738,0.2738,10000600,2016-09-28,2016-09-28,P,2.3,2016-03-22
2387,2016-05-16 14:48:00,2016-05-16,0.2738,0.0,0.0,2496.0,0.2738,0.2738,0.2738,10000600,2016-09-28,2016-09-28,P,2.3,2016-03-22
2388,2016-05-16 14:49:00,2016-05-16,0.2738,0.0,0.0,2496.0,0.2738,0.2738,0.2738,10000600,2016-09-28,2016-09-28,P,2.3,2016-03-22
2389,2016-05-16 14:50:00,2016-05-16,0.2738,0.0,0.0,2496.0,0.2738,0.2738,0.2738,10000600,2016-09-28,2016-09-28,P,2.3,2016-03-22
2390,2016-05-16 14:51:00,2016-05-16,0.2738,0.0,0.0,2496.0,0.2738,0.2738,0.2738,10000600,2016-09-28,2016-09-28,P,2.3,2016-03-22
2391,2016-05-16 14:52:00,2016-05-16,0.2738,0.0,0.0,2496.0,0.2738,0.2738,0.2738,10000600,2016-09-28,2016-09-28,P,2.3,2016-03-22
2392,2016-05-16 14:53:00,2016-05-16,0.2738,0.0,0.0,2496.0,0.2738,0.2738,0.2738,10000600,2016-09-28,2016-09-28,P,2.3,2016-03-22
2393,2016-05-16 14:54:00,2016-05-16,0.2738,0.0,0.0,2496.0,0.2738,0.2738,0.2738,10000600,2016-09-28,2016-09-28,P,2.3,2016-03-22
2394,2016-05-16 14:55:00,2016-05-16,0.2738,0.0,0.0,2496.0,0.2738,0.2738,0.2738,10000600,2016-09-28,2016-09-28,P,2.3,2016-03-22
2395,2016-05-16 14:56:00,2016-05-16,0.2738,0.0,0.0,2496.0,0.2738,0.2738,0.2738,10000600,2016-09-28,2016-09-28,P,2.3,2016-03-22
2396,2016-05-16 14:57:00,2016-05-16,0.2738,0.0,0.0,2496.0,0.2738,0.2738,0.2738,10000600,2016-09-28,2016-09-28,P,2.3,2016-03-22
2397,2016-05-16 14:58:00,2016-05-16,0.2738,0.0,0.0,2496.0,0.2738,0.2738,0.2738,10000600,2016-09-28,2016-09-28,P,2.3,2016-03-22
2398,2016-05-16 14:59:00,2016-05-16,0.2738,0.0,0.0,2496.0,0.2738,0.2738,0.2738,10000600,2016-09-28,2016-09-28,P,2.3,2016-03-22
2399,2016-05-16 15:00:00,2016-05-16,0.2738,0.0,0.0,2496.0,0.2738,0.2738,0.2738,10000600,2016-09-28,2016-09-28,P,2.3,2016-03-22
2400,2016-05-16 09:31:00,2016-05-16,0.1224,8508.0,7.0,3060.0,0.1221,0.1224,0.1182,10000541,2016-06-22,2016-06-22,C,1.95,2016-01-18
2401,2016-05-16 09:32:00,2016-05-16,0.1224,12210.0,10.0,3050.0,0.1224,0.1221,0.1221,10000541,2016-06-22,2016-06-22,C,1.95,2016-01-18
2402,2016-05-16 09:33:00,2016-05-16,0.1221,0.0,0.0,3050.0,0.1221,0.1221,0.1221,10000541,2016-06-22,2016-06-22,C,1.95,2016-01-18
2403,2016-05-16 09:34:00,2016-05-16,0.1221,0.0,0.0,3050.0,0.1221,0.1221,0.1221,10000541,2016-06-22,2016-06-22,C,1.95,2016-01-18
2404,2016-05-16 09:35:00,2016-05-16,0.1222,2444.0,2.0,3052.0,0.1221,0.1222,0.1221,10000541,2016-06-22,2016-06-22,C,1.95,2016-01-18
2405,2016-05-16 09:36:00,2016-05-16,0.1227,19587.0,16.0,3059.0,0.1222,0.1222,0.1221,10000541,2016-06-22,2016-06-22,C,1.95,2016-01-18
2406,2016-05-16 09:37:00,2016-05-16,0.1231,1231.0,1.0,3060.0,0.1222,0.1231,0.1222,10000541,2016-06-22,2016-06-22,C,1.95,2016-01-18
2407,2016-05-16 09:38:00,2016-05-16,0.1248,41692.0,34.0,3064.0,0.1231,0.1211,0.121,10000541,2016-06-22,2016-06-22,C,1.95,2016-01-18
2408,2016-05-16 09:39:00,2016-05-16,0.1211,0.0,0.0,3064.0,0.1211,0.1211,0.1211,10000541,2016-06-22,2016-06-22,C,1.95,2016-01-18
2409,2016-05-16 09:40:00,2016-05-16,0.1211,0.0,0.0,3064.0,0.1211,0.1211,0.1211,10000541,2016-06-22,2016-06-22,C,1.95,2016-01-18
2410,2016-05-16 09:41:00,2016-05-16,0.1215,3645.0,3.0,3067.0,0.1211,0.1215,0.1211,10000541,2016-06-22,2016-06-22,C,1.95,2016-01-18
2411,2016-05-16 09:42:00,2016-05-16,0.1222,2444.0,2.0,3069.0,0.1215,0.1222,0.1215,10000541,2016-06-22,2016-06-22,C,1.95,2016-01-18
2412,2016-05-16 09:43:00,2016-05-16,0.1222,0.0,0.0,3069.0,0.1222,0.1222,0.1222,10000541,2016-06-22,2016-06-22,C,1.95,2016-01-18
2413,2016-05-16 09:44:00,2016-05-16,0.1222,0.0,0.0,3069.0,0.1222,0.1222,0.1222,10000541,2016-06-22,2016-06-22,C,1.95,2016-01-18
2414,2016-05-16 09:45:00,2016-05-16,0.1222,48480.0,40.0,3059.0,0.1222,0.1206,0.1206,10000541,2016-06-22,2016-06-22,C,1.95,2016-01-18
2415,2016-05-16 09:46:00,2016-05-16,0.1206,4772.0,4.0,3063.0,0.1206,0.1193,0.1193,10000541,2016-06-22,2016-06-22,C,1.95,2016-01-18
2416,2016-05-16 09:47:00,2016-05-16,0.1193,0.0,0.0,3063.0,0.1193,0.1193,0.1193,10000541,2016-06-22,2016-06-22,C,1.95,2016-01-18
2417,2016-05-16 09:48:00,2016-05-16,0.1195,2390.0,2.0,3065.0,0.1193,0.1195,0.1193,10000541,2016-06-22,2016-06-22,C,1.95,2016-01-18
2418,2016-05-16 09:49:00,2016-05-16,0.1195,0.0,0.0,3065.0,0.1195,0.1195,0.1195,10000541,2016-06-22,2016-06-22,C,1.95,2016-01-18
2419,2016-05-16 09:50:00,2016-05-16,0.1195,0.0,0.0,3065.0,0.1195,0.1195,0.1195,10000541,2016-06-22,2016-06-22,C,1.95,2016-01-18
2420,2016-05-16 09:51:00,2016-05-16,0.1195,1189.0,1.0,3065.0,0.1195,0.1189,0.1189,10000541,2016-06-22,2016-06-22,C,1.95,2016-01-18
2421,2016-05-16 09:52:00,2016-05-16,0.1194,11940.0,10.0,3055.0,0.1189,0.1194,0.1189,10000541,2016-06-22,2016-06-22,C,1.95,2016-01-18
2422,2016-05-16 09:53:00,2016-05-16,0.1194,67727.0,59.0,3072.0,0.1194,0.1131,0.1131,10000541,2016-06-22,2016-06-22,C,1.95,2016-01-18
2423,2016-05-16 09:54:00,2016-05-16,0.1146,145347.0,128.0,3134.0,0.1131,0.1145,0.1119,10000541,2016-06-22,2016-06-22,C,1.95,2016-01-18
2424,2016-05-16 09:55:00,2016-05-16,0.1145,103609.0,92.0,3189.0,0.1145,0.1134,0.1111,10000541,2016-06-22,2016-06-22,C,1.95,2016-01-18
2425,2016-05-16 09:56:00,2016-05-16,0.1145,3435.0,3.0,3189.0,0.1134,0.1145,0.1134,10000541,2016-06-22,2016-06-22,C,1.95,2016-01-18
2426,2016-05-16 09:57:00,2016-05-16,0.1145,0.0,0.0,3189.0,0.1145,0.1145,0.1145,10000541,2016-06-22,2016-06-22,C,1.95,2016-01-18
2427,2016-05-16 09:58:00,2016-05-16,0.1145,21686.0,19.0,3199.0,0.1145,0.1136,0.1136,10000541,2016-06-22,2016-06-22,C,1.95,2016-01-18
2428,2016-05-16 09:59:00,2016-05-16,0.1136,11355.0,10.0,3200.0,0.1136,0.1135,0.1135,10000541,2016-06-22,2016-06-22,C,1.95,2016-01-18
2429,2016-05-16 10:00:00,2016-05-16,0.1135,0.0,0.0,3200.0,0.1135,0.1135,0.1135,10000541,2016-06-22,2016-06-22,C,1.95,2016-01-18
2430,2016-05-16 10:01:00,2016-05-16,0.1135,46784.0,42.0,3222.0,0.1135,0.1111,0.1109,10000541,2016-06-22,2016-06-22,C,1.95,2016-01-18
2431,2016-05-16 10:02:00,2016-05-16,0.1143,12525.0,11.0,3222.0,0.1111,0.1143,0.1111,10000541,2016-06-22,2016-06-22,C,1.95,2016-01-18
2432,2016-05-16 10:03:00,2016-05-16,0.1143,0.0,0.0,3222.0,0.1143,0.1143,0.1143,10000541,2016-06-22,2016-06-22,C,1.95,2016-01-18
2433,2016-05-16 10:04:00,2016-05-16,0.1143,1127.0,1.0,3223.0,0.1143,0.1127,0.1127,10000541,2016-06-22,2016-06-22,C,1.95,2016-01-18
2434,2016-05-16 10:05:00,2016-05-16,0.1127,0.0,0.0,3223.0,0.1127,0.1127,0.1127,10000541,2016-06-22,2016-06-22,C,1.95,2016-01-18
2435,2016-05-16 10:06:00,2016-05-16,0.1127,0.0,0.0,3223.0,0.1127,0.1127,0.1127,10000541,2016-06-22,2016-06-22,C,1.95,2016-01-18
2436,2016-05-16 10:07:00,2016-05-16,0.1127,0.0,0.0,3223.0,0.1127,0.1127,0.1127,10000541,2016-06-22,2016-06-22,C,1.95,2016-01-18
2437,2016-05-16 10:08:00,2016-05-16,0.1127,0.0,0.0,3223.0,0.1127,0.1127,0.1127,10000541,2016-06-22,2016-06-22,C,1.95,2016-01-18
2438,2016-05-16 10:09:00,2016-05-16,0.1127,0.0,0.0,3223.0,0.1127,0.1127,0.1127,10000541,2016-06-22,2016-06-22,C,1.95,2016-01-18
2439,2016-05-16 10:10:00,2016-05-16,0.1127,0.0,0.0,3223.0,0.1127,0.1127,0.1127,10000541,2016-06-22,2016-06-22,C,1.95,2016-01-18
2440,2016-05-16 10:11:00,2016-05-16,0.1127,0.0,0.0,3223.0,0.1127,0.1127,0.1127,10000541,2016-06-22,2016-06-22,C,1.95,2016-01-18
2441,2016-05-16 10:12:00,2016-05-16,0.1152,3456.0,3.0,3220.0,0.1127,0.1152,0.1127,10000541,2016-06-22,2016-06-22,C,1.95,2016-01-18
2442,2016-05-16 10:13:00,2016-05-16,0.1182,5883.0,5.0,3220.0,0.1152,0.1182,0.1152,10000541,2016-06-22,2016-06-22,C,1.95,2016-01-18
2443,2016-05-16 10:14:00,2016-05-16,0.1182,0.0,0.0,3220.0,0.1182,0.1182,0.1182,10000541,2016-06-22,2016-06-22,C,1.95,2016-01-18
2444,2016-05-16 10:15:00,2016-05-16,0.1182,0.0,0.0,3220.0,0.1182,0.1182,0.1182,10000541,2016-06-22,2016-06-22,C,1.95,2016-01-18
2445,2016-05-16 10:16:00,2016-05-16,0.1185,5925.0,5.0,3220.0,0.1182,0.1185,0.1182,10000541,2016-06-22,2016-06-22,C,1.95,2016-01-18
2446,2016-05-16 10:17:00,2016-05-16,0.1185,0.0,0.0,3220.0,0.1185,0.1185,0.1185,10000541,2016-06-22,2016-06-22,C,1.95,2016-01-18
2447,2016-05-16 10:18:00,2016-05-16,0.1185,0.0,0.0,3220.0,0.1185,0.1185,0.1185,10000541,2016-06-22,2016-06-22,C,1.95,2016-01-18
2448,2016-05-16 10:19:00,2016-05-16,0.1185,0.0,0.0,3220.0,0.1185,0.1185,0.1185,10000541,2016-06-22,2016-06-22,C,1.95,2016-01-18
2449,2016-05-16 10:20:00,2016-05-16,0.1185,0.0,0.0,3220.0,0.1185,0.1185,0.1185,10000541,2016-06-22,2016-06-22,C,1.95,2016-01-18
2450,2016-05-16 10:21:00,2016-05-16,0.1185,0.0,0.0,3220.0,0.1185,0.1185,0.1185,10000541,2016-06-22,2016-06-22,C,1.95,2016-01-18
2451,2016-05-16 10:22:00,2016-05-16,0.1185,12808.0,11.0,3230.0,0.1185,0.1164,0.1164,10000541,2016-06-22,2016-06-22,C,1.95,2016-01-18
2452,2016-05-16 10:23:00,2016-05-16,0.1168,56702.0,49.0,3250.0,0.1164,0.1151,0.1149,10000541,2016-06-22,2016-06-22,C,1.95,2016-01-18
2453,2016-05-16 10:24:00,2016-05-16,0.116,46110.0,40.0,3269.0,0.1151,0.116,0.1149,10000541,2016-06-22,2016-06-22,C,1.95,2016-01-18
2454,2016-05-16 10:25:00,2016-05-16,0.116,0.0,0.0,3269.0,0.116,0.116,0.116,10000541,2016-06-22,2016-06-22,C,1.95,2016-01-18
2455,2016-05-16 10:26:00,2016-05-16,0.116,0.0,0.0,3269.0,0.116,0.116,0.116,10000541,2016-06-22,2016-06-22,C,1.95,2016-01-18
2456,2016-05-16 10:27:00,2016-05-16,0.116,0.0,0.0,3269.0,0.116,0.116,0.116,10000541,2016-06-22,2016-06-22,C,1.95,2016-01-18
2457,2016-05-16 10:28:00,2016-05-16,0.1184,14168.0,12.0,3267.0,0.116,0.1184,0.116,10000541,2016-06-22,2016-06-22,C,1.95,2016-01-18
2458,2016-05-16 10:29:00,2016-05-16,0.1184,11700.0,10.0,3267.0,0.1184,0.117,0.117,10000541,2016-06-22,2016-06-22,C,1.95,2016-01-18
2459,2016-05-16 10:30:00,2016-05-16,0.1176,5880.0,5.0,3272.0,0.117,0.1176,0.117,10000541,2016-06-22,2016-06-22,C,1.95,2016-01-18
2460,2016-05-16 10:31:00,2016-05-16,0.1176,0.0,0.0,3272.0,0.1176,0.1176,0.1176,10000541,2016-06-22,2016-06-22,C,1.95,2016-01-18
2461,2016-05-16 10:32:00,2016-05-16,0.1176,0.0,0.0,3272.0,0.1176,0.1176,0.1176,10000541,2016-06-22,2016-06-22,C,1.95,2016-01-18
2462,2016-05-16 10:33:00,2016-05-16,0.118,3540.0,3.0,3272.0,0.1176,0.118,0.1176,10000541,2016-06-22,2016-06-22,C,1.95,2016-01-18
2463,2016-05-16 10:34:00,2016-05-16,0.118,0.0,0.0,3272.0,0.118,0.118,0.118,10000541,2016-06-22,2016-06-22,C,1.95,2016-01-18
2464,2016-05-16 10:35:00,2016-05-16,0.1196,1196.0,1.0,3272.0,0.1196,0.1196,0.1196,10000541,2016-06-22,2016-06-22,C,1.95,2016-01-18
2465,2016-05-16 10:36:00,2016-05-16,0.1196,0.0,0.0,3272.0,0.1196,0.1196,0.1196,10000541,2016-06-22,2016-06-22,C,1.95,2016-01-18
2466,2016-05-16 10:37:00,2016-05-16,0.1196,0.0,0.0,3272.0,0.1196,0.1196,0.1196,10000541,2016-06-22,2016-06-22,C,1.95,2016-01-18
2467,2016-05-16 10:38:00,2016-05-16,0.1196,0.0,0.0,3272.0,0.1196,0.1196,0.1196,10000541,2016-06-22,2016-06-22,C,1.95,2016-01-18
2468,2016-05-16 10:39:00,2016-05-16,0.1196,3573.0,3.0,3269.0,0.1196,0.1191,0.1191,10000541,2016-06-22,2016-06-22,C,1.95,2016-01-18
2469,2016-05-16 10:40:00,2016-05-16,0.1191,0.0,0.0,3269.0,0.1191,0.1191,0.1191,10000541,2016-06-22,2016-06-22,C,1.95,2016-01-18
2470,2016-05-16 10:41:00,2016-05-16,0.1191,0.0,0.0,3269.0,0.1191,0.1191,0.1191,10000541,2016-06-22,2016-06-22,C,1.95,2016-01-18
2471,2016-05-16 10:42:00,2016-05-16,0.1191,0.0,0.0,3269.0,0.1191,0.1191,0.1191,10000541,2016-06-22,2016-06-22,C,1.95,2016-01-18
2472,2016-05-16 10:43:00,2016-05-16,0.1191,0.0,0.0,3269.0,0.1191,0.1191,0.1191,10000541,2016-06-22,2016-06-22,C,1.95,2016-01-18
2473,2016-05-16 10:44:00,2016-05-16,0.1191,0.0,0.0,3269.0,0.1191,0.1191,0.1191,10000541,2016-06-22,2016-06-22,C,1.95,2016-01-18
2474,2016-05-16 10:45:00,2016-05-16,0.1191,0.0,0.0,3269.0,0.1191,0.1191,0.1191,10000541,2016-06-22,2016-06-22,C,1.95,2016-01-18
2475,2016-05-16 10:46:00,2016-05-16,0.1191,0.0,0.0,3269.0,0.1191,0.1191,0.1191,10000541,2016-06-22,2016-06-22,C,1.95,2016-01-18
2476,2016-05-16 10:47:00,2016-05-16,0.1191,0.0,0.0,3269.0,0.1191,0.1191,0.1191,10000541,2016-06-22,2016-06-22,C,1.95,2016-01-18
2477,2016-05-16 10:48:00,2016-05-16,0.1191,0.0,0.0,3269.0,0.1191,0.1191,0.1191,10000541,2016-06-22,2016-06-22,C,1.95,2016-01-18
2478,2016-05-16 10:49:00,2016-05-16,0.1202,12020.0,10.0,3259.0,0.1191,0.1202,0.1191,10000541,2016-06-22,2016-06-22,C,1.95,2016-01-18
2479,2016-05-16 10:50:00,2016-05-16,0.1208,12080.0,10.0,3250.0,0.1202,0.1208,0.1202,10000541,2016-06-22,2016-06-22,C,1.95,2016-01-18
2480,2016-05-16 10:51:00,2016-05-16,0.123,33067.0,27.0,3235.0,0.1208,0.1217,0.1208,10000541,2016-06-22,2016-06-22,C,1.95,2016-01-18
2481,2016-05-16 10:52:00,2016-05-16,0.1217,0.0,0.0,3235.0,0.1217,0.1217,0.1217,10000541,2016-06-22,2016-06-22,C,1.95,2016-01-18
2482,2016-05-16 10:53:00,2016-05-16,0.1217,0.0,0.0,3235.0,0.1217,0.1217,0.1217,10000541,2016-06-22,2016-06-22,C,1.95,2016-01-18
2483,2016-05-16 10:54:00,2016-05-16,0.1217,0.0,0.0,3235.0,0.1217,0.1217,0.1217,10000541,2016-06-22,2016-06-22,C,1.95,2016-01-18
2484,2016-05-16 10:55:00,2016-05-16,0.1217,0.0,0.0,3235.0,0.1217,0.1217,0.1217,10000541,2016-06-22,2016-06-22,C,1.95,2016-01-18
2485,2016-05-16 10:56:00,2016-05-16,0.124,1240.0,1.0,3234.0,0.1217,0.124,0.1217,10000541,2016-06-22,2016-06-22,C,1.95,2016-01-18
2486,2016-05-16 10:57:00,2016-05-16,0.124,0.0,0.0,3234.0,0.124,0.124,0.124,10000541,2016-06-22,2016-06-22,C,1.95,2016-01-18
2487,2016-05-16 10:58:00,2016-05-16,0.1238,2476.0,2.0,3232.0,0.1238,0.1238,0.1238,10000541,2016-06-22,2016-06-22,C,1.95,2016-01-18
2488,2016-05-16 10:59:00,2016-05-16,0.1265,12610.0,10.0,3239.0,0.1238,0.1265,0.1238,10000541,2016-06-22,2016-06-22,C,1.95,2016-01-18
2489,2016-05-16 11:00:00,2016-05-16,0.1265,0.0,0.0,3239.0,0.1265,0.1265,0.1265,10000541,2016-06-22,2016-06-22,C,1.95,2016-01-18
2490,2016-05-16 11:01:00,2016-05-16,0.1265,0.0,0.0,3239.0,0.1265,0.1265,0.1265,10000541,2016-06-22,2016-06-22,C,1.95,2016-01-18
2491,2016-05-16 11:02:00,2016-05-16,0.1265,0.0,0.0,3239.0,0.1265,0.1265,0.1265,10000541,2016-06-22,2016-06-22,C,1.95,2016-01-18
2492,2016-05-16 11:03:00,2016-05-16,0.1267,1267.0,1.0,3240.0,0.1265,0.1267,0.1265,10000541,2016-06-22,2016-06-22,C,1.95,2016-01-18
2493,2016-05-16 11:04:00,2016-05-16,0.1275,1275.0,1.0,3241.0,0.1267,0.1275,0.1267,10000541,2016-06-22,2016-06-22,C,1.95,2016-01-18
2494,2016-05-16 11:05:00,2016-05-16,0.1275,6375.0,5.0,3242.0,0.1275,0.1275,0.1275,10000541,2016-06-22,2016-06-22,C,1.95,2016-01-18
2495,2016-05-16 11:06:00,2016-05-16,0.1275,0.0,0.0,3242.0,0.1275,0.1275,0.1275,10000541,2016-06-22,2016-06-22,C,1.95,2016-01-18
2496,2016-05-16 11:07:00,2016-05-16,0.1275,0.0,0.0,3242.0,0.1275,0.1275,0.1275,10000541,2016-06-22,2016-06-22,C,1.95,2016-01-18
2497,2016-05-16 11:08:00,2016-05-16,0.1275,0.0,0.0,3242.0,0.1275,0.1275,0.1275,10000541,2016-06-22,2016-06-22,C,1.95,2016-01-18
2498,2016-05-16 11:09:00,2016-05-16,0.1275,1261.0,1.0,3243.0,0.1275,0.1261,0.1261,10000541,2016-06-22,2016-06-22,C,1.95,2016-01-18
2499,2016-05-16 11:10:00,2016-05-16,0.1261,0.0,0.0,3243.0,0.1261,0.1261,0.1261,10000541,2016-06-22,2016-06-22,C,1.95,2016-01-18
2500,2016-05-16 11:11:00,2016-05-16,0.1261,0.0,0.0,3243.0,0.1261,0.1261,0.1261,10000541,2016-06-22,2016-06-22,C,1.95,2016-01-18
2501,2016-05-16 11:12:00,2016-05-16,0.1261,0.0,0.0,3243.0,0.1261,0.1261,0.1261,10000541,2016-06-22,2016-06-22,C,1.95,2016-01-18
2502,2016-05-16 11:13:00,2016-05-16,0.1261,0.0,0.0,3243.0,0.1261,0.1261,0.1261,10000541,2016-06-22,2016-06-22,C,1.95,2016-01-18
2503,2016-05-16 11:14:00,2016-05-16,0.1265,1265.0,1.0,3244.0,0.1261,0.1265,0.1261,10000541,2016-06-22,2016-06-22,C,1.95,2016-01-18
2504,2016-05-16 11:15:00,2016-05-16,0.1265,0.0,0.0,3244.0,0.1265,0.1265,0.1265,10000541,2016-06-22,2016-06-22,C,1.95,2016-01-18
2505,2016-05-16 11:16:00,2016-05-16,0.1265,0.0,0.0,3244.0,0.1265,0.1265,0.1265,10000541,2016-06-22,2016-06-22,C,1.95,2016-01-18
2506,2016-05-16 11:17:00,2016-05-16,0.1265,0.0,0.0,3244.0,0.1265,0.1265,0.1265,10000541,2016-06-22,2016-06-22,C,1.95,2016-01-18
2507,2016-05-16 11:18:00,2016-05-16,0.1265,0.0,0.0,3244.0,0.1265,0.1265,0.1265,10000541,2016-06-22,2016-06-22,C,1.95,2016-01-18
2508,2016-05-16 11:19:00,2016-05-16,0.1265,0.0,0.0,3244.0,0.1265,0.1265,0.1265,10000541,2016-06-22,2016-06-22,C,1.95,2016-01-18
2509,2016-05-16 11:20:00,2016-05-16,0.1265,0.0,0.0,3244.0,0.1265,0.1265,0.1265,10000541,2016-06-22,2016-06-22,C,1.95,2016-01-18
2510,2016-05-16 11:21:00,2016-05-16,0.1265,0.0,0.0,3244.0,0.1265,0.1265,0.1265,10000541,2016-06-22,2016-06-22,C,1.95,2016-01-18
2511,2016-05-16 11:22:00,2016-05-16,0.1265,2516.0,2.0,3244.0,0.1265,0.1254,0.1254,10000541,2016-06-22,2016-06-22,C,1.95,2016-01-18
2512,2016-05-16 11:23:00,2016-05-16,0.1254,0.0,0.0,3244.0,0.1254,0.1254,0.1254,10000541,2016-06-22,2016-06-22,C,1.95,2016-01-18
2513,2016-05-16 11:24:00,2016-05-16,0.1254,0.0,0.0,3244.0,0.1254,0.1254,0.1254,10000541,2016-06-22,2016-06-22,C,1.95,2016-01-18
2514,2016-05-16 11:25:00,2016-05-16,0.1254,0.0,0.0,3244.0,0.1254,0.1254,0.1254,10000541,2016-06-22,2016-06-22,C,1.95,2016-01-18
2515,2016-05-16 11:26:00,2016-05-16,0.1254,0.0,0.0,3244.0,0.1254,0.1254,0.1254,10000541,2016-06-22,2016-06-22,C,1.95,2016-01-18
2516,2016-05-16 11:27:00,2016-05-16,0.1254,0.0,0.0,3244.0,0.1254,0.1254,0.1254,10000541,2016-06-22,2016-06-22,C,1.95,2016-01-18
2517,2016-05-16 11:28:00,2016-05-16,0.1254,1254.0,1.0,3244.0,0.1254,0.1254,0.1254,10000541,2016-06-22,2016-06-22,C,1.95,2016-01-18
2518,2016-05-16 11:29:00,2016-05-16,0.1254,0.0,0.0,3244.0,0.1254,0.1254,0.1254,10000541,2016-06-22,2016-06-22,C,1.95,2016-01-18
2519,2016-05-16 11:30:00,2016-05-16,0.1254,0.0,0.0,3244.0,0.1254,0.1254,0.1254,10000541,2016-06-22,2016-06-22,C,1.95,2016-01-18
2520,2016-05-16 13:01:00,2016-05-16,0.1262,3786.0,3.0,3244.0,0.1262,0.1262,0.1262,10000541,2016-06-22,2016-06-22,C,1.95,2016-01-18
2521,2016-05-16 13:02:00,2016-05-16,0.1262,4943.0,4.0,3242.0,0.1262,0.1235,0.1235,10000541,2016-06-22,2016-06-22,C,1.95,2016-01-18
2522,2016-05-16 13:03:00,2016-05-16,0.1235,0.0,0.0,3242.0,0.1235,0.1235,0.1235,10000541,2016-06-22,2016-06-22,C,1.95,2016-01-18
2523,2016-05-16 13:04:00,2016-05-16,0.1235,0.0,0.0,3242.0,0.1235,0.1235,0.1235,10000541,2016-06-22,2016-06-22,C,1.95,2016-01-18
2524,2016-05-16 13:05:00,2016-05-16,0.1235,0.0,0.0,3242.0,0.1235,0.1235,0.1235,10000541,2016-06-22,2016-06-22,C,1.95,2016-01-18
2525,2016-05-16 13:06:00,2016-05-16,0.1239,3717.0,3.0,3242.0,0.1235,0.1239,0.1235,10000541,2016-06-22,2016-06-22,C,1.95,2016-01-18
2526,2016-05-16 13:07:00,2016-05-16,0.1239,1239.0,1.0,3242.0,0.1239,0.1239,0.1239,10000541,2016-06-22,2016-06-22,C,1.95,2016-01-18
2527,2016-05-16 13:08:00,2016-05-16,0.1239,0.0,0.0,3242.0,0.1239,0.1239,0.1239,10000541,2016-06-22,2016-06-22,C,1.95,2016-01-18
2528,2016-05-16 13:09:00,2016-05-16,0.1239,0.0,0.0,3242.0,0.1239,0.1239,0.1239,10000541,2016-06-22,2016-06-22,C,1.95,2016-01-18
2529,2016-05-16 13:10:00,2016-05-16,0.1239,0.0,0.0,3242.0,0.1239,0.1239,0.1239,10000541,2016-06-22,2016-06-22,C,1.95,2016-01-18
2530,2016-05-16 13:11:00,2016-05-16,0.1239,0.0,0.0,3242.0,0.1239,0.1239,0.1239,10000541,2016-06-22,2016-06-22,C,1.95,2016-01-18
2531,2016-05-16 13:12:00,2016-05-16,0.1239,0.0,0.0,3242.0,0.1239,0.1239,0.1239,10000541,2016-06-22,2016-06-22,C,1.95,2016-01-18
2532,2016-05-16 13:13:00,2016-05-16,0.1239,0.0,0.0,3242.0,0.1239,0.1239,0.1239,10000541,2016-06-22,2016-06-22,C,1.95,2016-01-18
2533,2016-05-16 13:14:00,2016-05-16,0.1239,0.0,0.0,3242.0,0.1239,0.1239,0.1239,10000541,2016-06-22,2016-06-22,C,1.95,2016-01-18
2534,2016-05-16 13:15:00,2016-05-16,0.1239,0.0,0.0,3242.0,0.1239,0.1239,0.1239,10000541,2016-06-22,2016-06-22,C,1.95,2016-01-18
2535,2016-05-16 13:16:00,2016-05-16,0.1239,0.0,0.0,3242.0,0.1239,0.1239,0.1239,10000541,2016-06-22,2016-06-22,C,1.95,2016-01-18
2536,2016-05-16 13:17:00,2016-05-16,0.1239,0.0,0.0,3242.0,0.1239,0.1239,0.1239,10000541,2016-06-22,2016-06-22,C,1.95,2016-01-18
2537,2016-05-16 13:18:00,2016-05-16,0.1239,0.0,0.0,3242.0,0.1239,0.1239,0.1239,10000541,2016-06-22,2016-06-22,C,1.95,2016-01-18
2538,2016-05-16 13:19:00,2016-05-16,0.1239,4940.0,4.0,3242.0,0.1239,0.1235,0.1235,10000541,2016-06-22,2016-06-22,C,1.95,2016-01-18
2539,2016-05-16 13:20:00,2016-05-16,0.1235,12230.0,10.0,3252.0,0.1235,0.1223,0.1223,10000541,2016-06-22,2016-06-22,C,1.95,2016-01-18
2540,2016-05-16 13:21:00,2016-05-16,0.1223,0.0,0.0,3252.0,0.1223,0.1223,0.1223,10000541,2016-06-22,2016-06-22,C,1.95,2016-01-18
2541,2016-05-16 13:22:00,2016-05-16,0.1223,0.0,0.0,3252.0,0.1223,0.1223,0.1223,10000541,2016-06-22,2016-06-22,C,1.95,2016-01-18
2542,2016-05-16 13:23:00,2016-05-16,0.1223,0.0,0.0,3252.0,0.1223,0.1223,0.1223,10000541,2016-06-22,2016-06-22,C,1.95,2016-01-18
2543,2016-05-16 13:24:00,2016-05-16,0.1223,0.0,0.0,3252.0,0.1223,0.1223,0.1223,10000541,2016-06-22,2016-06-22,C,1.95,2016-01-18
2544,2016-05-16 13:25:00,2016-05-16,0.1223,0.0,0.0,3252.0,0.1223,0.1223,0.1223,10000541,2016-06-22,2016-06-22,C,1.95,2016-01-18
2545,2016-05-16 13:26:00,2016-05-16,0.1223,0.0,0.0,3252.0,0.1223,0.1223,0.1223,10000541,2016-06-22,2016-06-22,C,1.95,2016-01-18
2546,2016-05-16 13:27:00,2016-05-16,0.1223,0.0,0.0,3252.0,0.1223,0.1223,0.1223,10000541,2016-06-22,2016-06-22,C,1.95,2016-01-18
2547,2016-05-16 13:28:00,2016-05-16,0.1223,0.0,0.0,3252.0,0.1223,0.1223,0.1223,10000541,2016-06-22,2016-06-22,C,1.95,2016-01-18
2548,2016-05-16 13:29:00,2016-05-16,0.1223,0.0,0.0,3252.0,0.1223,0.1223,0.1223,10000541,2016-06-22,2016-06-22,C,1.95,2016-01-18
2549,2016-05-16 13:30:00,2016-05-16,0.1223,0.0,0.0,3252.0,0.1223,0.1223,0.1223,10000541,2016-06-22,2016-06-22,C,1.95,2016-01-18
2550,2016-05-16 13:31:00,2016-05-16,0.1223,1221.0,1.0,3252.0,0.1223,0.1221,0.1221,10000541,2016-06-22,2016-06-22,C,1.95,2016-01-18
2551,2016-05-16 13:32:00,2016-05-16,0.1221,0.0,0.0,3252.0,0.1221,0.1221,0.1221,10000541,2016-06-22,2016-06-22,C,1.95,2016-01-18
2552,2016-05-16 13:33:00,2016-05-16,0.1221,0.0,0.0,3252.0,0.1221,0.1221,0.1221,10000541,2016-06-22,2016-06-22,C,1.95,2016-01-18
2553,2016-05-16 13:34:00,2016-05-16,0.1221,0.0,0.0,3252.0,0.1221,0.1221,0.1221,10000541,2016-06-22,2016-06-22,C,1.95,2016-01-18
2554,2016-05-16 13:35:00,2016-05-16,0.1221,0.0,0.0,3252.0,0.1221,0.1221,0.1221,10000541,2016-06-22,2016-06-22,C,1.95,2016-01-18
2555,2016-05-16 13:36:00,2016-05-16,0.1221,0.0,0.0,3252.0,0.1221,0.1221,0.1221,10000541,2016-06-22,2016-06-22,C,1.95,2016-01-18
2556,2016-05-16 13:37:00,2016-05-16,0.1221,1221.0,1.0,3253.0,0.1221,0.1221,0.1221,10000541,2016-06-22,2016-06-22,C,1.95,2016-01-18
2557,2016-05-16 13:38:00,2016-05-16,0.1232,14766.0,12.0,3255.0,0.1221,0.1223,0.1221,10000541,2016-06-22,2016-06-22,C,1.95,2016-01-18
2558,2016-05-16 13:39:00,2016-05-16,0.1228,12280.0,10.0,3265.0,0.1223,0.1228,0.1223,10000541,2016-06-22,2016-06-22,C,1.95,2016-01-18
2559,2016-05-16 13:40:00,2016-05-16,0.1226,12260.0,10.0,3275.0,0.1226,0.1226,0.1226,10000541,2016-06-22,2016-06-22,C,1.95,2016-01-18
2560,2016-05-16 13:41:00,2016-05-16,0.1226,0.0,0.0,3275.0,0.1226,0.1226,0.1226,10000541,2016-06-22,2016-06-22,C,1.95,2016-01-18
2561,2016-05-16 13:42:00,2016-05-16,0.1226,0.0,0.0,3275.0,0.1226,0.1226,0.1226,10000541,2016-06-22,2016-06-22,C,1.95,2016-01-18
2562,2016-05-16 13:43:00,2016-05-16,0.1226,0.0,0.0,3275.0,0.1226,0.1226,0.1226,10000541,2016-06-22,2016-06-22,C,1.95,2016-01-18
2563,2016-05-16 13:44:00,2016-05-16,0.1226,0.0,0.0,3275.0,0.1226,0.1226,0.1226,10000541,2016-06-22,2016-06-22,C,1.95,2016-01-18
2564,2016-05-16 13:45:00,2016-05-16,0.1226,0.0,0.0,3275.0,0.1226,0.1226,0.1226,10000541,2016-06-22,2016-06-22,C,1.95,2016-01-18
2565,2016-05-16 13:46:00,2016-05-16,0.1226,0.0,0.0,3275.0,0.1226,0.1226,0.1226,10000541,2016-06-22,2016-06-22,C,1.95,2016-01-18
2566,2016-05-16 13:47:00,2016-05-16,0.1226,0.0,0.0,3275.0,0.1226,0.1226,0.1226,10000541,2016-06-22,2016-06-22,C,1.95,2016-01-18
2567,2016-05-16 13:48:00,2016-05-16,0.1226,0.0,0.0,3275.0,0.1226,0.1226,0.1226,10000541,2016-06-22,2016-06-22,C,1.95,2016-01-18
2568,2016-05-16 13:49:00,2016-05-16,0.1226,0.0,0.0,3275.0,0.1226,0.1226,0.1226,10000541,2016-06-22,2016-06-22,C,1.95,2016-01-18
2569,2016-05-16 13:50:00,2016-05-16,0.1226,0.0,0.0,3275.0,0.1226,0.1226,0.1226,10000541,2016-06-22,2016-06-22,C,1.95,2016-01-18
2570,2016-05-16 13:51:00,2016-05-16,0.1226,0.0,0.0,3275.0,0.1226,0.1226,0.1226,10000541,2016-06-22,2016-06-22,C,1.95,2016-01-18
2571,2016-05-16 13:52:00,2016-05-16,0.1226,0.0,0.0,3275.0,0.1226,0.1226,0.1226,10000541,2016-06-22,2016-06-22,C,1.95,2016-01-18
2572,2016-05-16 13:53:00,2016-05-16,0.1226,0.0,0.0,3275.0,0.1226,0.1226,0.1226,10000541,2016-06-22,2016-06-22,C,1.95,2016-01-18
2573,2016-05-16 13:54:00,2016-05-16,0.1226,0.0,0.0,3275.0,0.1226,0.1226,0.1226,10000541,2016-06-22,2016-06-22,C,1.95,2016-01-18
2574,2016-05-16 13:55:00,2016-05-16,0.1247,6230.0,5.0,3273.0,0.1226,0.1242,0.1226,10000541,2016-06-22,2016-06-22,C,1.95,2016-01-18
2575,2016-05-16 13:56:00,2016-05-16,0.1247,2494.0,2.0,3273.0,0.1242,0.1247,0.1242,10000541,2016-06-22,2016-06-22,C,1.95,2016-01-18
2576,2016-05-16 13:57:00,2016-05-16,0.1247,0.0,0.0,3273.0,0.1247,0.1247,0.1247,10000541,2016-06-22,2016-06-22,C,1.95,2016-01-18
2577,2016-05-16 13:58:00,2016-05-16,0.1247,0.0,0.0,3273.0,0.1247,0.1247,0.1247,10000541,2016-06-22,2016-06-22,C,1.95,2016-01-18
2578,2016-05-16 13:59:00,2016-05-16,0.1247,0.0,0.0,3273.0,0.1247,0.1247,0.1247,10000541,2016-06-22,2016-06-22,C,1.95,2016-01-18
2579,2016-05-16 14:00:00,2016-05-16,0.1247,0.0,0.0,3273.0,0.1247,0.1247,0.1247,10000541,2016-06-22,2016-06-22,C,1.95,2016-01-18
2580,2016-05-16 14:01:00,2016-05-16,0.1247,0.0,0.0,3273.0,0.1247,0.1247,0.1247,10000541,2016-06-22,2016-06-22,C,1.95,2016-01-18
2581,2016-05-16 14:02:00,2016-05-16,0.1247,0.0,0.0,3273.0,0.1247,0.1247,0.1247,10000541,2016-06-22,2016-06-22,C,1.95,2016-01-18
2582,2016-05-16 14:03:00,2016-05-16,0.1247,0.0,0.0,3273.0,0.1247,0.1247,0.1247,10000541,2016-06-22,2016-06-22,C,1.95,2016-01-18
2583,2016-05-16 14:04:00,2016-05-16,0.1247,0.0,0.0,3273.0,0.1247,0.1247,0.1247,10000541,2016-06-22,2016-06-22,C,1.95,2016-01-18
2584,2016-05-16 14:05:00,2016-05-16,0.1247,0.0,0.0,3273.0,0.1247,0.1247,0.1247,10000541,2016-06-22,2016-06-22,C,1.95,2016-01-18
2585,2016-05-16 14:06:00,2016-05-16,0.1247,0.0,0.0,3273.0,0.1247,0.1247,0.1247,10000541,2016-06-22,2016-06-22,C,1.95,2016-01-18
2586,2016-05-16 14:07:00,2016-05-16,0.1247,1225.0,1.0,3274.0,0.1247,0.1225,0.1225,10000541,2016-06-22,2016-06-22,C,1.95,2016-01-18
2587,2016-05-16 14:08:00,2016-05-16,0.1225,0.0,0.0,3274.0,0.1225,0.1225,0.1225,10000541,2016-06-22,2016-06-22,C,1.95,2016-01-18
2588,2016-05-16 14:09:00,2016-05-16,0.1225,0.0,0.0,3274.0,0.1225,0.1225,0.1225,10000541,2016-06-22,2016-06-22,C,1.95,2016-01-18
2589,2016-05-16 14:10:00,2016-05-16,0.1225,0.0,0.0,3274.0,0.1225,0.1225,0.1225,10000541,2016-06-22,2016-06-22,C,1.95,2016-01-18
2590,2016-05-16 14:11:00,2016-05-16,0.1225,0.0,0.0,3274.0,0.1225,0.1225,0.1225,10000541,2016-06-22,2016-06-22,C,1.95,2016-01-18
2591,2016-05-16 14:12:00,2016-05-16,0.1225,0.0,0.0,3274.0,0.1225,0.1225,0.1225,10000541,2016-06-22,2016-06-22,C,1.95,2016-01-18
2592,2016-05-16 14:13:00,2016-05-16,0.1225,0.0,0.0,3274.0,0.1225,0.1225,0.1225,10000541,2016-06-22,2016-06-22,C,1.95,2016-01-18
2593,2016-05-16 14:14:00,2016-05-16,0.1225,0.0,0.0,3274.0,0.1225,0.1225,0.1225,10000541,2016-06-22,2016-06-22,C,1.95,2016-01-18
2594,2016-05-16 14:15:00,2016-05-16,0.1238,12295.0,10.0,3277.0,0.1225,0.1221,0.1221,10000541,2016-06-22,2016-06-22,C,1.95,2016-01-18
2595,2016-05-16 14:16:00,2016-05-16,0.1221,0.0,0.0,3277.0,0.1221,0.1221,0.1221,10000541,2016-06-22,2016-06-22,C,1.95,2016-01-18
2596,2016-05-16 14:17:00,2016-05-16,0.1221,0.0,0.0,3277.0,0.1221,0.1221,0.1221,10000541,2016-06-22,2016-06-22,C,1.95,2016-01-18
2597,2016-05-16 14:18:00,2016-05-16,0.1221,0.0,0.0,3277.0,0.1221,0.1221,0.1221,10000541,2016-06-22,2016-06-22,C,1.95,2016-01-18
2598,2016-05-16 14:19:00,2016-05-16,0.1221,0.0,0.0,3277.0,0.1221,0.1221,0.1221,10000541,2016-06-22,2016-06-22,C,1.95,2016-01-18
2599,2016-05-16 14:20:00,2016-05-16,0.1221,0.0,0.0,3277.0,0.1221,0.1221,0.1221,10000541,2016-06-22,2016-06-22,C,1.95,2016-01-18
2600,2016-05-16 14:21:00,2016-05-16,0.1221,24070.0,20.0,3277.0,0.1221,0.1201,0.1201,10000541,2016-06-22,2016-06-22,C,1.95,2016-01-18
2601,2016-05-16 14:22:00,2016-05-16,0.1201,0.0,0.0,3277.0,0.1201,0.1201,0.1201,10000541,2016-06-22,2016-06-22,C,1.95,2016-01-18
2602,2016-05-16 14:23:00,2016-05-16,0.1201,0.0,0.0,3277.0,0.1201,0.1201,0.1201,10000541,2016-06-22,2016-06-22,C,1.95,2016-01-18
2603,2016-05-16 14:24:00,2016-05-16,0.1201,0.0,0.0,3277.0,0.1201,0.1201,0.1201,10000541,2016-06-22,2016-06-22,C,1.95,2016-01-18
2604,2016-05-16 14:25:00,2016-05-16,0.1201,0.0,0.0,3277.0,0.1201,0.1201,0.1201,10000541,2016-06-22,2016-06-22,C,1.95,2016-01-18
2605,2016-05-16 14:26:00,2016-05-16,0.1201,0.0,0.0,3277.0,0.1201,0.1201,0.1201,10000541,2016-06-22,2016-06-22,C,1.95,2016-01-18
2606,2016-05-16 14:27:00,2016-05-16,0.1201,0.0,0.0,3277.0,0.1201,0.1201,0.1201,10000541,2016-06-22,2016-06-22,C,1.95,2016-01-18
2607,2016-05-16 14:28:00,2016-05-16,0.1201,0.0,0.0,3277.0,0.1201,0.1201,0.1201,10000541,2016-06-22,2016-06-22,C,1.95,2016-01-18
2608,2016-05-16 14:29:00,2016-05-16,0.1208,8456.0,7.0,3270.0,0.1201,0.1208,0.1201,10000541,2016-06-22,2016-06-22,C,1.95,2016-01-18
2609,2016-05-16 14:30:00,2016-05-16,0.1223,1223.0,1.0,3269.0,0.1208,0.1223,0.1208,10000541,2016-06-22,2016-06-22,C,1.95,2016-01-18
2610,2016-05-16 14:31:00,2016-05-16,0.1235,2470.0,2.0,3268.0,0.1223,0.1235,0.1223,10000541,2016-06-22,2016-06-22,C,1.95,2016-01-18
2611,2016-05-16 14:32:00,2016-05-16,0.1235,0.0,0.0,3268.0,0.1235,0.1235,0.1235,10000541,2016-06-22,2016-06-22,C,1.95,2016-01-18
2612,2016-05-16 14:33:00,2016-05-16,0.1235,0.0,0.0,3268.0,0.1235,0.1235,0.1235,10000541,2016-06-22,2016-06-22,C,1.95,2016-01-18
2613,2016-05-16 14:34:00,2016-05-16,0.1235,0.0,0.0,3268.0,0.1235,0.1235,0.1235,10000541,2016-06-22,2016-06-22,C,1.95,2016-01-18
2614,2016-05-16 14:35:00,2016-05-16,0.1235,0.0,0.0,3268.0,0.1235,0.1235,0.1235,10000541,2016-06-22,2016-06-22,C,1.95,2016-01-18
2615,2016-05-16 14:36:00,2016-05-16,0.1235,0.0,0.0,3268.0,0.1235,0.1235,0.1235,10000541,2016-06-22,2016-06-22,C,1.95,2016-01-18
2616,2016-05-16 14:37:00,2016-05-16,0.1249,7479.0,6.0,3267.0,0.1235,0.1248,0.1235,10000541,2016-06-22,2016-06-22,C,1.95,2016-01-18
2617,2016-05-16 14:38:00,2016-05-16,0.1248,0.0,0.0,3267.0,0.1248,0.1248,0.1248,10000541,2016-06-22,2016-06-22,C,1.95,2016-01-18
2618,2016-05-16 14:39:00,2016-05-16,0.1248,0.0,0.0,3267.0,0.1248,0.1248,0.1248,10000541,2016-06-22,2016-06-22,C,1.95,2016-01-18
2619,2016-05-16 14:40:00,2016-05-16,0.1249,6245.0,5.0,3267.0,0.1249,0.1249,0.1249,10000541,2016-06-22,2016-06-22,C,1.95,2016-01-18
2620,2016-05-16 14:41:00,2016-05-16,0.1256,12560.0,10.0,3262.0,0.1249,0.1256,0.1249,10000541,2016-06-22,2016-06-22,C,1.95,2016-01-18
2621,2016-05-16 14:42:00,2016-05-16,0.1256,1249.0,1.0,3262.0,0.1256,0.1249,0.1249,10000541,2016-06-22,2016-06-22,C,1.95,2016-01-18
2622,2016-05-16 14:43:00,2016-05-16,0.1251,11251.0,9.0,3262.0,0.1249,0.1249,0.1249,10000541,2016-06-22,2016-06-22,C,1.95,2016-01-18
2623,2016-05-16 14:44:00,2016-05-16,0.1249,0.0,0.0,3262.0,0.1249,0.1249,0.1249,10000541,2016-06-22,2016-06-22,C,1.95,2016-01-18
2624,2016-05-16 14:45:00,2016-05-16,0.1249,2496.0,2.0,3262.0,0.1247,0.1249,0.1247,10000541,2016-06-22,2016-06-22,C,1.95,2016-01-18
2625,2016-05-16 14:46:00,2016-05-16,0.1255,7518.0,6.0,3262.0,0.1249,0.1249,0.1249,10000541,2016-06-22,2016-06-22,C,1.95,2016-01-18
2626,2016-05-16 14:47:00,2016-05-16,0.1249,2498.0,2.0,3262.0,0.1249,0.1249,0.1249,10000541,2016-06-22,2016-06-22,C,1.95,2016-01-18
2627,2016-05-16 14:48:00,2016-05-16,0.1249,0.0,0.0,3262.0,0.1249,0.1249,0.1249,10000541,2016-06-22,2016-06-22,C,1.95,2016-01-18
2628,2016-05-16 14:49:00,2016-05-16,0.1249,6240.0,5.0,3257.0,0.1249,0.1248,0.1248,10000541,2016-06-22,2016-06-22,C,1.95,2016-01-18
2629,2016-05-16 14:50:00,2016-05-16,0.1248,1243.0,1.0,3257.0,0.1248,0.1243,0.1243,10000541,2016-06-22,2016-06-22,C,1.95,2016-01-18
2630,2016-05-16 14:51:00,2016-05-16,0.1243,0.0,0.0,3257.0,0.1243,0.1243,0.1243,10000541,2016-06-22,2016-06-22,C,1.95,2016-01-18
2631,2016-05-16 14:52:00,2016-05-16,0.1243,0.0,0.0,3257.0,0.1243,0.1243,0.1243,10000541,2016-06-22,2016-06-22,C,1.95,2016-01-18
2632,2016-05-16 14:53:00,2016-05-16,0.1251,3745.0,3.0,3255.0,0.1243,0.1251,0.1243,10000541,2016-06-22,2016-06-22,C,1.95,2016-01-18
2633,2016-05-16 14:54:00,2016-05-16,0.1251,0.0,0.0,3255.0,0.1251,0.1251,0.1251,10000541,2016-06-22,2016-06-22,C,1.95,2016-01-18
2634,2016-05-16 14:55:00,2016-05-16,0.1262,12565.0,10.0,3245.0,0.1251,0.1262,0.1251,10000541,2016-06-22,2016-06-22,C,1.95,2016-01-18
2635,2016-05-16 14:56:00,2016-05-16,0.1262,0.0,0.0,3245.0,0.1262,0.1262,0.1262,10000541,2016-06-22,2016-06-22,C,1.95,2016-01-18
2636,2016-05-16 14:57:00,2016-05-16,0.1265,11325.0,9.0,3242.0,0.1262,0.1265,0.1255,10000541,2016-06-22,2016-06-22,C,1.95,2016-01-18
2637,2016-05-16 14:58:00,2016-05-16,0.1265,0.0,0.0,3242.0,0.1265,0.1265,0.1265,10000541,2016-06-22,2016-06-22,C,1.95,2016-01-18
2638,2016-05-16 14:59:00,2016-05-16,0.1265,0.0,0.0,3242.0,0.1265,0.1265,0.1265,10000541,2016-06-22,2016-06-22,C,1.95,2016-01-18
2639,2016-05-16 15:00:00,2016-05-16,0.1265,0.0,0.0,3242.0,0.1265,0.1265,0.1265,10000541,2016-06-22,2016-06-22,C,1.95,2016-01-18
2640,2016-05-16 09:31:00,2016-05-16,0.1359,21145.0,16.0,5766.0,0.13,0.1314,0.1283,10000609,2016-05-25,2016-05-25,P,2.2,2016-03-24
2641,2016-05-16 09:32:00,2016-05-16,0.1316,1316.0,1.0,5765.0,0.1314,0.1316,0.1314,10000609,2016-05-25,2016-05-25,P,2.2,2016-03-24
2642,2016-05-16 09:33:00,2016-05-16,0.1316,6535.0,5.0,5765.0,0.1316,0.1307,0.1307,10000609,2016-05-25,2016-05-25,P,2.2,2016-03-24
2643,2016-05-16 09:34:00,2016-05-16,0.1307,0.0,0.0,5765.0,0.1307,0.1307,0.1307,10000609,2016-05-25,2016-05-25,P,2.2,2016-03-24
2644,2016-05-16 09:35:00,2016-05-16,0.131,10429.0,8.0,5771.0,0.1307,0.13,0.13,10000609,2016-05-25,2016-05-25,P,2.2,2016-03-24
2645,2016-05-16 09:36:00,2016-05-16,0.13,112953.0,88.0,5775.0,0.13,0.1283,0.1265,10000609,2016-05-25,2016-05-25,P,2.2,2016-03-24
2646,2016-05-16 09:37:00,2016-05-16,0.1289,20594.0,16.0,5785.0,0.1283,0.1286,0.1283,10000609,2016-05-25,2016-05-25,P,2.2,2016-03-24
2647,2016-05-16 09:38:00,2016-05-16,0.1304,59407.0,46.0,5774.0,0.1286,0.1299,0.1286,10000609,2016-05-25,2016-05-25,P,2.2,2016-03-24
2648,2016-05-16 09:39:00,2016-05-16,0.1299,7720.0,6.0,5779.0,0.1299,0.1285,0.1285,10000609,2016-05-25,2016-05-25,P,2.2,2016-03-24
2649,2016-05-16 09:40:00,2016-05-16,0.1292,5162.0,4.0,5779.0,0.1285,0.1292,0.1285,10000609,2016-05-25,2016-05-25,P,2.2,2016-03-24
2650,2016-05-16 09:41:00,2016-05-16,0.1292,0.0,0.0,5779.0,0.1292,0.1292,0.1292,10000609,2016-05-25,2016-05-25,P,2.2,2016-03-24
2651,2016-05-16 09:42:00,2016-05-16,0.1299,5189.0,4.0,5776.0,0.1292,0.1299,0.1292,10000609,2016-05-25,2016-05-25,P,2.2,2016-03-24
2652,2016-05-16 09:43:00,2016-05-16,0.1299,0.0,0.0,5776.0,0.1299,0.1299,0.1299,10000609,2016-05-25,2016-05-25,P,2.2,2016-03-24
2653,2016-05-16 09:44:00,2016-05-16,0.1299,2598.0,2.0,5774.0,0.1299,0.1299,0.1299,10000609,2016-05-25,2016-05-25,P,2.2,2016-03-24
2654,2016-05-16 09:45:00,2016-05-16,0.1302,20815.0,16.0,5774.0,0.1299,0.1302,0.1299,10000609,2016-05-25,2016-05-25,P,2.2,2016-03-24
2655,2016-05-16 09:46:00,2016-05-16,0.1301,1301.0,1.0,5774.0,0.1301,0.1301,0.1301,10000609,2016-05-25,2016-05-25,P,2.2,2016-03-24
2656,2016-05-16 09:47:00,2016-05-16,0.1323,31692.0,24.0,5794.0,0.1301,0.1323,0.1301,10000609,2016-05-25,2016-05-25,P,2.2,2016-03-24
2657,2016-05-16 09:48:00,2016-05-16,0.1323,0.0,0.0,5794.0,0.1323,0.1323,0.1323,10000609,2016-05-25,2016-05-25,P,2.2,2016-03-24
2658,2016-05-16 09:49:00,2016-05-16,0.1323,0.0,0.0,5794.0,0.1323,0.1323,0.1323,10000609,2016-05-25,2016-05-25,P,2.2,2016-03-24
2659,2016-05-16 09:50:00,2016-05-16,0.1326,1326.0,1.0,5795.0,0.1323,0.1326,0.1323,10000609,2016-05-25,2016-05-25,P,2.2,2016-03-24
2660,2016-05-16 09:51:00,2016-05-16,0.1326,6610.0,5.0,5800.0,0.1326,0.1322,0.1322,10000609,2016-05-25,2016-05-25,P,2.2,2016-03-24
2661,2016-05-16 09:52:00,2016-05-16,0.1329,10583.0,8.0,5800.0,0.1322,0.1329,0.1322,10000609,2016-05-25,2016-05-25,P,2.2,2016-03-24
2662,2016-05-16 09:53:00,2016-05-16,0.138,242199.0,178.0,5848.0,0.1329,0.138,0.1329,10000609,2016-05-25,2016-05-25,P,2.2,2016-03-24
2663,2016-05-16 09:54:00,2016-05-16,0.1394,74543.0,54.0,5859.0,0.138,0.1378,0.1375,10000609,2016-05-25,2016-05-25,P,2.2,2016-03-24
2664,2016-05-16 09:55:00,2016-05-16,0.1392,22161.0,16.0,5864.0,0.1378,0.1375,0.1375,10000609,2016-05-25,2016-05-25,P,2.2,2016-03-24
2665,2016-05-16 09:56:00,2016-05-16,0.1375,0.0,0.0,5864.0,0.1375,0.1375,0.1375,10000609,2016-05-25,2016-05-25,P,2.2,2016-03-24
2666,2016-05-16 09:57:00,2016-05-16,0.1375,8216.0,6.0,5862.0,0.1375,0.1369,0.1369,10000609,2016-05-25,2016-05-25,P,2.2,2016-03-24
2667,2016-05-16 09:58:00,2016-05-16,0.1369,9550.0,7.0,5862.0,0.1369,0.1364,0.1364,10000609,2016-05-25,2016-05-25,P,2.2,2016-03-24
2668,2016-05-16 09:59:00,2016-05-16,0.138,1380.0,1.0,5861.0,0.138,0.138,0.138,10000609,2016-05-25,2016-05-25,P,2.2,2016-03-24
2669,2016-05-16 10:00:00,2016-05-16,0.138,0.0,0.0,5861.0,0.138,0.138,0.138,10000609,2016-05-25,2016-05-25,P,2.2,2016-03-24
2670,2016-05-16 10:01:00,2016-05-16,0.14,111251.0,80.0,5864.0,0.138,0.14,0.138,10000609,2016-05-25,2016-05-25,P,2.2,2016-03-24
2671,2016-05-16 10:02:00,2016-05-16,0.14,17984.0,13.0,5864.0,0.14,0.1377,0.1377,10000609,2016-05-25,2016-05-25,P,2.2,2016-03-24
2672,2016-05-16 10:03:00,2016-05-16,0.1377,20549.0,15.0,5853.0,0.1377,0.13699999999999998,0.1369,10000609,2016-05-25,2016-05-25,P,2.2,2016-03-24
2673,2016-05-16 10:04:00,2016-05-16,0.13699999999999998,0.0,0.0,5853.0,0.13699999999999998,0.13699999999999998,0.13699999999999998,10000609,2016-05-25,2016-05-25,P,2.2,2016-03-24
2674,2016-05-16 10:05:00,2016-05-16,0.13699999999999998,0.0,0.0,5853.0,0.13699999999999998,0.13699999999999998,0.13699999999999998,10000609,2016-05-25,2016-05-25,P,2.2,2016-03-24
2675,2016-05-16 10:06:00,2016-05-16,0.13699999999999998,2726.0,2.0,5853.0,0.13699999999999998,0.1363,0.1363,10000609,2016-05-25,2016-05-25,P,2.2,2016-03-24
2676,2016-05-16 10:07:00,2016-05-16,0.1363,8160.0,6.0,5851.0,0.1363,0.1354,0.1354,10000609,2016-05-25,2016-05-25,P,2.2,2016-03-24
2677,2016-05-16 10:08:00,2016-05-16,0.1354,0.0,0.0,5851.0,0.1354,0.1354,0.1354,10000609,2016-05-25,2016-05-25,P,2.2,2016-03-24
2678,2016-05-16 10:09:00,2016-05-16,0.1358,6790.0,5.0,5851.0,0.1354,0.1358,0.1354,10000609,2016-05-25,2016-05-25,P,2.2,2016-03-24
2679,2016-05-16 10:10:00,2016-05-16,0.1358,0.0,0.0,5851.0,0.1358,0.1358,0.1358,10000609,2016-05-25,2016-05-25,P,2.2,2016-03-24
2680,2016-05-16 10:11:00,2016-05-16,0.1358,1352.0,1.0,5851.0,0.1358,0.1352,0.1352,10000609,2016-05-25,2016-05-25,P,2.2,2016-03-24
2681,2016-05-16 10:12:00,2016-05-16,0.1352,0.0,0.0,5851.0,0.1352,0.1352,0.1352,10000609,2016-05-25,2016-05-25,P,2.2,2016-03-24
2682,2016-05-16 10:13:00,2016-05-16,0.135,12064.0,9.0,5850.0,0.1345,0.135,0.1336,10000609,2016-05-25,2016-05-25,P,2.2,2016-03-24
2683,2016-05-16 10:14:00,2016-05-16,0.135,1349.0,1.0,5849.0,0.135,0.1349,0.1349,10000609,2016-05-25,2016-05-25,P,2.2,2016-03-24
2684,2016-05-16 10:15:00,2016-05-16,0.1349,0.0,0.0,5849.0,0.1349,0.1349,0.1349,10000609,2016-05-25,2016-05-25,P,2.2,2016-03-24
2685,2016-05-16 10:16:00,2016-05-16,0.1349,9362.0,7.0,5855.0,0.1349,0.1337,0.1337,10000609,2016-05-25,2016-05-25,P,2.2,2016-03-24
2686,2016-05-16 10:17:00,2016-05-16,0.1337,8022.0,6.0,5856.0,0.1337,0.1337,0.1337,10000609,2016-05-25,2016-05-25,P,2.2,2016-03-24
2687,2016-05-16 10:18:00,2016-05-16,0.1343,14732.0,11.0,5855.0,0.1337,0.1343,0.1336,10000609,2016-05-25,2016-05-25,P,2.2,2016-03-24
2688,2016-05-16 10:19:00,2016-05-16,0.1343,0.0,0.0,5855.0,0.1343,0.1343,0.1343,10000609,2016-05-25,2016-05-25,P,2.2,2016-03-24
2689,2016-05-16 10:20:00,2016-05-16,0.1343,0.0,0.0,5855.0,0.1343,0.1343,0.1343,10000609,2016-05-25,2016-05-25,P,2.2,2016-03-24
2690,2016-05-16 10:21:00,2016-05-16,0.1343,1335.0,1.0,5855.0,0.1343,0.1335,0.1335,10000609,2016-05-25,2016-05-25,P,2.2,2016-03-24
2691,2016-05-16 10:22:00,2016-05-16,0.1335,0.0,0.0,5855.0,0.1335,0.1335,0.1335,10000609,2016-05-25,2016-05-25,P,2.2,2016-03-24
2692,2016-05-16 10:23:00,2016-05-16,0.1343,1343.0,1.0,5856.0,0.1335,0.1343,0.1335,10000609,2016-05-25,2016-05-25,P,2.2,2016-03-24
2693,2016-05-16 10:24:00,2016-05-16,0.1353,16234.0,12.0,5858.0,0.1343,0.1353,0.1343,10000609,2016-05-25,2016-05-25,P,2.2,2016-03-24
2694,2016-05-16 10:25:00,2016-05-16,0.1353,0.0,0.0,5858.0,0.1353,0.1353,0.1353,10000609,2016-05-25,2016-05-25,P,2.2,2016-03-24
2695,2016-05-16 10:26:00,2016-05-16,0.1354,13531.0,10.0,5858.0,0.1353,0.1353,0.1353,10000609,2016-05-25,2016-05-25,P,2.2,2016-03-24
2696,2016-05-16 10:27:00,2016-05-16,0.1353,0.0,0.0,5858.0,0.1353,0.1353,0.1353,10000609,2016-05-25,2016-05-25,P,2.2,2016-03-24
2697,2016-05-16 10:28:00,2016-05-16,0.1353,21321.0,16.0,5854.0,0.1353,0.1332,0.1332,10000609,2016-05-25,2016-05-25,P,2.2,2016-03-24
2698,2016-05-16 10:29:00,2016-05-16,0.1332,9263.0,7.0,5859.0,0.1332,0.1322,0.1322,10000609,2016-05-25,2016-05-25,P,2.2,2016-03-24
2699,2016-05-16 10:30:00,2016-05-16,0.133,9297.0,7.0,5855.0,0.1322,0.1325,0.1322,10000609,2016-05-25,2016-05-25,P,2.2,2016-03-24
2700,2016-05-16 10:31:00,2016-05-16,0.1325,0.0,0.0,5855.0,0.1325,0.1325,0.1325,10000609,2016-05-25,2016-05-25,P,2.2,2016-03-24
2701,2016-05-16 10:32:00,2016-05-16,0.1325,0.0,0.0,5855.0,0.1325,0.1325,0.1325,10000609,2016-05-25,2016-05-25,P,2.2,2016-03-24
2702,2016-05-16 10:33:00,2016-05-16,0.1325,6600.0,5.0,5855.0,0.1325,0.132,0.132,10000609,2016-05-25,2016-05-25,P,2.2,2016-03-24
2703,2016-05-16 10:34:00,2016-05-16,0.132,0.0,0.0,5855.0,0.132,0.132,0.132,10000609,2016-05-25,2016-05-25,P,2.2,2016-03-24
2704,2016-05-16 10:35:00,2016-05-16,0.132,1319.0,1.0,5855.0,0.132,0.1319,0.1319,10000609,2016-05-25,2016-05-25,P,2.2,2016-03-24
2705,2016-05-16 10:36:00,2016-05-16,0.1316,2634.0,2.0,5856.0,0.1316,0.1316,0.1316,10000609,2016-05-25,2016-05-25,P,2.2,2016-03-24
2706,2016-05-16 10:37:00,2016-05-16,0.1324,13240.0,10.0,5856.0,0.1316,0.1324,0.1316,10000609,2016-05-25,2016-05-25,P,2.2,2016-03-24
2707,2016-05-16 10:38:00,2016-05-16,0.1324,0.0,0.0,5856.0,0.1324,0.1324,0.1324,10000609,2016-05-25,2016-05-25,P,2.2,2016-03-24
2708,2016-05-16 10:39:00,2016-05-16,0.1324,0.0,0.0,5856.0,0.1324,0.1324,0.1324,10000609,2016-05-25,2016-05-25,P,2.2,2016-03-24
2709,2016-05-16 10:40:00,2016-05-16,0.1324,0.0,0.0,5856.0,0.1324,0.1324,0.1324,10000609,2016-05-25,2016-05-25,P,2.2,2016-03-24
2710,2016-05-16 10:41:00,2016-05-16,0.1324,0.0,0.0,5856.0,0.1324,0.1324,0.1324,10000609,2016-05-25,2016-05-25,P,2.2,2016-03-24
2711,2016-05-16 10:42:00,2016-05-16,0.1324,0.0,0.0,5856.0,0.1324,0.1324,0.1324,10000609,2016-05-25,2016-05-25,P,2.2,2016-03-24
2712,2016-05-16 10:43:00,2016-05-16,0.1324,0.0,0.0,5856.0,0.1324,0.1324,0.1324,10000609,2016-05-25,2016-05-25,P,2.2,2016-03-24
2713,2016-05-16 10:44:00,2016-05-16,0.1335,6675.0,5.0,5856.0,0.1335,0.1335,0.1335,10000609,2016-05-25,2016-05-25,P,2.2,2016-03-24
2714,2016-05-16 10:45:00,2016-05-16,0.1335,0.0,0.0,5856.0,0.1335,0.1335,0.1335,10000609,2016-05-25,2016-05-25,P,2.2,2016-03-24
2715,2016-05-16 10:46:00,2016-05-16,0.1335,1331.0,1.0,5855.0,0.1335,0.1331,0.1331,10000609,2016-05-25,2016-05-25,P,2.2,2016-03-24
2716,2016-05-16 10:47:00,2016-05-16,0.1331,6625.0,5.0,5856.0,0.1331,0.1325,0.1325,10000609,2016-05-25,2016-05-25,P,2.2,2016-03-24
2717,2016-05-16 10:48:00,2016-05-16,0.1325,7887.0,6.0,5857.0,0.1325,0.1312,0.1312,10000609,2016-05-25,2016-05-25,P,2.2,2016-03-24
2718,2016-05-16 10:49:00,2016-05-16,0.1312,23409.0,18.0,5851.0,0.1312,0.1305,0.1296,10000609,2016-05-25,2016-05-25,P,2.2,2016-03-24
2719,2016-05-16 10:50:00,2016-05-16,0.1305,18191.0,14.0,5856.0,0.1305,0.1299,0.1299,10000609,2016-05-25,2016-05-25,P,2.2,2016-03-24
2720,2016-05-16 10:51:00,2016-05-16,0.1299,101610.0,79.0,5902.0,0.1299,0.128,0.128,10000609,2016-05-25,2016-05-25,P,2.2,2016-03-24
2721,2016-05-16 10:52:00,2016-05-16,0.128,19080.0,15.0,5893.0,0.128,0.1272,0.1272,10000609,2016-05-25,2016-05-25,P,2.2,2016-03-24
2722,2016-05-16 10:53:00,2016-05-16,0.1284,2567.0,2.0,5892.0,0.1272,0.1284,0.1272,10000609,2016-05-25,2016-05-25,P,2.2,2016-03-24
2723,2016-05-16 10:54:00,2016-05-16,0.1284,0.0,0.0,5892.0,0.1284,0.1284,0.1284,10000609,2016-05-25,2016-05-25,P,2.2,2016-03-24
2724,2016-05-16 10:55:00,2016-05-16,0.1284,1272.0,1.0,5893.0,0.1284,0.1272,0.1272,10000609,2016-05-25,2016-05-25,P,2.2,2016-03-24
2725,2016-05-16 10:56:00,2016-05-16,0.1272,55232.0,44.0,5904.0,0.1272,0.1251,0.1251,10000609,2016-05-25,2016-05-25,P,2.2,2016-03-24
2726,2016-05-16 10:57:00,2016-05-16,0.1251,0.0,0.0,5904.0,0.1251,0.1251,0.1251,10000609,2016-05-25,2016-05-25,P,2.2,2016-03-24
2727,2016-05-16 10:58:00,2016-05-16,0.1255,35089.0,28.0,5909.0,0.1251,0.1248,0.1248,10000609,2016-05-25,2016-05-25,P,2.2,2016-03-24
2728,2016-05-16 10:59:00,2016-05-16,0.1248,126773.0,103.0,5939.0,0.1248,0.123,0.123,10000609,2016-05-25,2016-05-25,P,2.2,2016-03-24
2729,2016-05-16 11:00:00,2016-05-16,0.123,41388.0,34.0,5933.0,0.123,0.1224,0.1212,10000609,2016-05-25,2016-05-25,P,2.2,2016-03-24
2730,2016-05-16 11:01:00,2016-05-16,0.1224,86727.0,72.0,5911.0,0.1224,0.1197,0.1197,10000609,2016-05-25,2016-05-25,P,2.2,2016-03-24
2731,2016-05-16 11:02:00,2016-05-16,0.1222,79711.0,66.0,5905.0,0.1197,0.1222,0.1194,10000609,2016-05-25,2016-05-25,P,2.2,2016-03-24
2732,2016-05-16 11:03:00,2016-05-16,0.1223,18326.0,15.0,5908.0,0.1222,0.1223,0.122,10000609,2016-05-25,2016-05-25,P,2.2,2016-03-24
2733,2016-05-16 11:04:00,2016-05-16,0.1223,13453.0,11.0,5899.0,0.1223,0.1223,0.1223,10000609,2016-05-25,2016-05-25,P,2.2,2016-03-24
2734,2016-05-16 11:05:00,2016-05-16,0.1227,4908.0,4.0,5903.0,0.1223,0.1227,0.1223,10000609,2016-05-25,2016-05-25,P,2.2,2016-03-24
2735,2016-05-16 11:06:00,2016-05-16,0.1217,36519.0,30.0,5888.0,0.1217,0.1217,0.1217,10000609,2016-05-25,2016-05-25,P,2.2,2016-03-24
2736,2016-05-16 11:07:00,2016-05-16,0.1231,36920.0,30.0,5908.0,0.1217,0.123,0.1217,10000609,2016-05-25,2016-05-25,P,2.2,2016-03-24
2737,2016-05-16 11:08:00,2016-05-16,0.1236,22238.0,18.0,5926.0,0.123,0.1235,0.123,10000609,2016-05-25,2016-05-25,P,2.2,2016-03-24
2738,2016-05-16 11:09:00,2016-05-16,0.1235,25738.0,21.0,5920.0,0.1235,0.1224,0.1224,10000609,2016-05-25,2016-05-25,P,2.2,2016-03-24
2739,2016-05-16 11:10:00,2016-05-16,0.1224,59737.0,49.0,5910.0,0.1224,0.1216,0.1216,10000609,2016-05-25,2016-05-25,P,2.2,2016-03-24
2740,2016-05-16 11:11:00,2016-05-16,0.1232,42632.0,35.0,5906.0,0.1216,0.1232,0.1215,10000609,2016-05-25,2016-05-25,P,2.2,2016-03-24
2741,2016-05-16 11:12:00,2016-05-16,0.1252,13756.0,11.0,5907.0,0.1232,0.1252,0.1232,10000609,2016-05-25,2016-05-25,P,2.2,2016-03-24
2742,2016-05-16 11:13:00,2016-05-16,0.1252,18472.0,15.0,5903.0,0.1252,0.1231,0.1231,10000609,2016-05-25,2016-05-25,P,2.2,2016-03-24
2743,2016-05-16 11:14:00,2016-05-16,0.1231,18465.0,15.0,5902.0,0.1231,0.1231,0.1231,10000609,2016-05-25,2016-05-25,P,2.2,2016-03-24
2744,2016-05-16 11:15:00,2016-05-16,0.1231,0.0,0.0,5902.0,0.1231,0.1231,0.1231,10000609,2016-05-25,2016-05-25,P,2.2,2016-03-24
2745,2016-05-16 11:16:00,2016-05-16,0.1231,0.0,0.0,5902.0,0.1231,0.1231,0.1231,10000609,2016-05-25,2016-05-25,P,2.2,2016-03-24
2746,2016-05-16 11:17:00,2016-05-16,0.1231,0.0,0.0,5902.0,0.1231,0.1231,0.1231,10000609,2016-05-25,2016-05-25,P,2.2,2016-03-24
2747,2016-05-16 11:18:00,2016-05-16,0.1237,12370.0,10.0,5892.0,0.1237,0.1237,0.1237,10000609,2016-05-25,2016-05-25,P,2.2,2016-03-24
2748,2016-05-16 11:19:00,2016-05-16,0.1237,0.0,0.0,5892.0,0.1237,0.1237,0.1237,10000609,2016-05-25,2016-05-25,P,2.2,2016-03-24
2749,2016-05-16 11:20:00,2016-05-16,0.1237,1217.0,1.0,5891.0,0.1237,0.1217,0.1217,10000609,2016-05-25,2016-05-25,P,2.2,2016-03-24
2750,2016-05-16 11:21:00,2016-05-16,0.1217,0.0,0.0,5891.0,0.1217,0.1217,0.1217,10000609,2016-05-25,2016-05-25,P,2.2,2016-03-24
2751,2016-05-16 11:22:00,2016-05-16,0.122,12200.0,10.0,5891.0,0.1217,0.122,0.1217,10000609,2016-05-25,2016-05-25,P,2.2,2016-03-24
2752,2016-05-16 11:23:00,2016-05-16,0.1228,12280.0,10.0,5891.0,0.122,0.1228,0.122,10000609,2016-05-25,2016-05-25,P,2.2,2016-03-24
2753,2016-05-16 11:24:00,2016-05-16,0.1228,0.0,0.0,5891.0,0.1228,0.1228,0.1228,10000609,2016-05-25,2016-05-25,P,2.2,2016-03-24
2754,2016-05-16 11:25:00,2016-05-16,0.1228,0.0,0.0,5891.0,0.1228,0.1228,0.1228,10000609,2016-05-25,2016-05-25,P,2.2,2016-03-24
2755,2016-05-16 11:26:00,2016-05-16,0.1228,0.0,0.0,5891.0,0.1228,0.1228,0.1228,10000609,2016-05-25,2016-05-25,P,2.2,2016-03-24
2756,2016-05-16 11:27:00,2016-05-16,0.1236,3696.0,3.0,5892.0,0.1228,0.123,0.1228,10000609,2016-05-25,2016-05-25,P,2.2,2016-03-24
2757,2016-05-16 11:28:00,2016-05-16,0.123,3690.0,3.0,5893.0,0.123,0.123,0.123,10000609,2016-05-25,2016-05-25,P,2.2,2016-03-24
2758,2016-05-16 11:29:00,2016-05-16,0.1237,1237.0,1.0,5892.0,0.123,0.1237,0.123,10000609,2016-05-25,2016-05-25,P,2.2,2016-03-24
2759,2016-05-16 11:30:00,2016-05-16,0.1237,0.0,0.0,5892.0,0.1237,0.1237,0.1237,10000609,2016-05-25,2016-05-25,P,2.2,2016-03-24
2760,2016-05-16 13:01:00,2016-05-16,0.1241,2447.0,2.0,5892.0,0.1237,0.1241,0.1206,10000609,2016-05-25,2016-05-25,P,2.2,2016-03-24
2761,2016-05-16 13:02:00,2016-05-16,0.1263,23820.0,19.0,5896.0,0.1241,0.1247,0.1241,10000609,2016-05-25,2016-05-25,P,2.2,2016-03-24
2762,2016-05-16 13:03:00,2016-05-16,0.1253,1253.0,1.0,5896.0,0.1247,0.1253,0.1247,10000609,2016-05-25,2016-05-25,P,2.2,2016-03-24
2763,2016-05-16 13:04:00,2016-05-16,0.1253,0.0,0.0,5896.0,0.1253,0.1253,0.1253,10000609,2016-05-25,2016-05-25,P,2.2,2016-03-24
2764,2016-05-16 13:05:00,2016-05-16,0.1253,0.0,0.0,5896.0,0.1253,0.1253,0.1253,10000609,2016-05-25,2016-05-25,P,2.2,2016-03-24
2765,2016-05-16 13:06:00,2016-05-16,0.1253,0.0,0.0,5896.0,0.1253,0.1253,0.1253,10000609,2016-05-25,2016-05-25,P,2.2,2016-03-24
2766,2016-05-16 13:07:00,2016-05-16,0.1253,1252.0,1.0,5896.0,0.1253,0.1252,0.1252,10000609,2016-05-25,2016-05-25,P,2.2,2016-03-24
2767,2016-05-16 13:08:00,2016-05-16,0.1252,1248.0,1.0,5896.0,0.1252,0.1248,0.1248,10000609,2016-05-25,2016-05-25,P,2.2,2016-03-24
2768,2016-05-16 13:09:00,2016-05-16,0.1254,5007.0,4.0,5900.0,0.1248,0.1251,0.1248,10000609,2016-05-25,2016-05-25,P,2.2,2016-03-24
2769,2016-05-16 13:10:00,2016-05-16,0.1251,3753.0,3.0,5902.0,0.1251,0.1251,0.1251,10000609,2016-05-25,2016-05-25,P,2.2,2016-03-24
2770,2016-05-16 13:11:00,2016-05-16,0.1251,0.0,0.0,5902.0,0.1251,0.1251,0.1251,10000609,2016-05-25,2016-05-25,P,2.2,2016-03-24
2771,2016-05-16 13:12:00,2016-05-16,0.1251,0.0,0.0,5902.0,0.1251,0.1251,0.1251,10000609,2016-05-25,2016-05-25,P,2.2,2016-03-24
2772,2016-05-16 13:13:00,2016-05-16,0.1251,0.0,0.0,5902.0,0.1251,0.1251,0.1251,10000609,2016-05-25,2016-05-25,P,2.2,2016-03-24
2773,2016-05-16 13:14:00,2016-05-16,0.1251,0.0,0.0,5902.0,0.1251,0.1251,0.1251,10000609,2016-05-25,2016-05-25,P,2.2,2016-03-24
2774,2016-05-16 13:15:00,2016-05-16,0.1251,0.0,0.0,5902.0,0.1251,0.1251,0.1251,10000609,2016-05-25,2016-05-25,P,2.2,2016-03-24
2775,2016-05-16 13:16:00,2016-05-16,0.1254,5001.0,4.0,5899.0,0.1254,0.1254,0.1254,10000609,2016-05-25,2016-05-25,P,2.2,2016-03-24
2776,2016-05-16 13:17:00,2016-05-16,0.1254,3747.0,3.0,5899.0,0.1254,0.1249,0.1249,10000609,2016-05-25,2016-05-25,P,2.2,2016-03-24
2777,2016-05-16 13:18:00,2016-05-16,0.1249,0.0,0.0,5899.0,0.1249,0.1249,0.1249,10000609,2016-05-25,2016-05-25,P,2.2,2016-03-24
2778,2016-05-16 13:19:00,2016-05-16,0.1254,6270.0,5.0,5904.0,0.1249,0.1254,0.1249,10000609,2016-05-25,2016-05-25,P,2.2,2016-03-24
2779,2016-05-16 13:20:00,2016-05-16,0.126,8799.0,7.0,5908.0,0.1254,0.126,0.1254,10000609,2016-05-25,2016-05-25,P,2.2,2016-03-24
2780,2016-05-16 13:21:00,2016-05-16,0.1261,2522.0,2.0,5910.0,0.126,0.1261,0.126,10000609,2016-05-25,2016-05-25,P,2.2,2016-03-24
2781,2016-05-16 13:22:00,2016-05-16,0.1267,12643.0,10.0,5913.0,0.1262,0.1265,0.1262,10000609,2016-05-25,2016-05-25,P,2.2,2016-03-24
2782,2016-05-16 13:23:00,2016-05-16,0.1266,8862.0,7.0,5907.0,0.1265,0.1266,0.1265,10000609,2016-05-25,2016-05-25,P,2.2,2016-03-24
2783,2016-05-16 13:24:00,2016-05-16,0.1266,0.0,0.0,5907.0,0.1266,0.1266,0.1266,10000609,2016-05-25,2016-05-25,P,2.2,2016-03-24
2784,2016-05-16 13:25:00,2016-05-16,0.1266,0.0,0.0,5907.0,0.1266,0.1266,0.1266,10000609,2016-05-25,2016-05-25,P,2.2,2016-03-24
2785,2016-05-16 13:26:00,2016-05-16,0.128,5120.0,4.0,5908.0,0.1266,0.128,0.1266,10000609,2016-05-25,2016-05-25,P,2.2,2016-03-24
2786,2016-05-16 13:27:00,2016-05-16,0.128,7662.0,6.0,5908.0,0.128,0.1279,0.1276,10000609,2016-05-25,2016-05-25,P,2.2,2016-03-24
2787,2016-05-16 13:28:00,2016-05-16,0.1279,30408.0,24.0,5911.0,0.1279,0.1261,0.1261,10000609,2016-05-25,2016-05-25,P,2.2,2016-03-24
2788,2016-05-16 13:29:00,2016-05-16,0.1278,2549.0,2.0,5911.0,0.1261,0.1271,0.1261,10000609,2016-05-25,2016-05-25,P,2.2,2016-03-24
2789,2016-05-16 13:30:00,2016-05-16,0.1271,12707.0,10.0,5910.0,0.1271,0.1271,0.1271,10000609,2016-05-25,2016-05-25,P,2.2,2016-03-24
2790,2016-05-16 13:31:00,2016-05-16,0.1275,5076.0,4.0,5914.0,0.1271,0.1267,0.1267,10000609,2016-05-25,2016-05-25,P,2.2,2016-03-24
2791,2016-05-16 13:32:00,2016-05-16,0.1267,0.0,0.0,5914.0,0.1267,0.1267,0.1267,10000609,2016-05-25,2016-05-25,P,2.2,2016-03-24
2792,2016-05-16 13:33:00,2016-05-16,0.1273,24136.0,19.0,5911.0,0.1267,0.126,0.126,10000609,2016-05-25,2016-05-25,P,2.2,2016-03-24
2793,2016-05-16 13:34:00,2016-05-16,0.126,0.0,0.0,5911.0,0.126,0.126,0.126,10000609,2016-05-25,2016-05-25,P,2.2,2016-03-24
2794,2016-05-16 13:35:00,2016-05-16,0.126,0.0,0.0,5911.0,0.126,0.126,0.126,10000609,2016-05-25,2016-05-25,P,2.2,2016-03-24
2795,2016-05-16 13:36:00,2016-05-16,0.126,1260.0,1.0,5910.0,0.126,0.126,0.126,10000609,2016-05-25,2016-05-25,P,2.2,2016-03-24
2796,2016-05-16 13:37:00,2016-05-16,0.1264,1264.0,1.0,5911.0,0.126,0.1264,0.126,10000609,2016-05-25,2016-05-25,P,2.2,2016-03-24
2797,2016-05-16 13:38:00,2016-05-16,0.1269,3807.0,3.0,5910.0,0.1264,0.1269,0.1264,10000609,2016-05-25,2016-05-25,P,2.2,2016-03-24
2798,2016-05-16 13:39:00,2016-05-16,0.1268,5069.0,4.0,5914.0,0.1263,0.1268,0.1263,10000609,2016-05-25,2016-05-25,P,2.2,2016-03-24
2799,2016-05-16 13:40:00,2016-05-16,0.1268,0.0,0.0,5914.0,0.1268,0.1268,0.1268,10000609,2016-05-25,2016-05-25,P,2.2,2016-03-24
2800,2016-05-16 13:41:00,2016-05-16,0.1269,2534.0,2.0,5914.0,0.1268,0.1269,0.1265,10000609,2016-05-25,2016-05-25,P,2.2,2016-03-24
2801,2016-05-16 13:42:00,2016-05-16,0.1269,0.0,0.0,5914.0,0.1269,0.1269,0.1269,10000609,2016-05-25,2016-05-25,P,2.2,2016-03-24
2802,2016-05-16 13:43:00,2016-05-16,0.1269,31352.0,25.0,5928.0,0.1269,0.1247,0.1247,10000609,2016-05-25,2016-05-25,P,2.2,2016-03-24
2803,2016-05-16 13:44:00,2016-05-16,0.1247,8729.0,7.0,5935.0,0.1247,0.1247,0.1247,10000609,2016-05-25,2016-05-25,P,2.2,2016-03-24
2804,2016-05-16 13:45:00,2016-05-16,0.1251,2502.0,2.0,5933.0,0.1247,0.1251,0.1247,10000609,2016-05-25,2016-05-25,P,2.2,2016-03-24
2805,2016-05-16 13:46:00,2016-05-16,0.1252,27527.0,22.0,5913.0,0.1251,0.1252,0.125,10000609,2016-05-25,2016-05-25,P,2.2,2016-03-24
2806,2016-05-16 13:47:00,2016-05-16,0.1252,0.0,0.0,5913.0,0.1252,0.1252,0.1252,10000609,2016-05-25,2016-05-25,P,2.2,2016-03-24
2807,2016-05-16 13:48:00,2016-05-16,0.1252,0.0,0.0,5913.0,0.1252,0.1252,0.1252,10000609,2016-05-25,2016-05-25,P,2.2,2016-03-24
2808,2016-05-16 13:49:00,2016-05-16,0.1253,15036.0,12.0,5903.0,0.1252,0.1253,0.1252,10000609,2016-05-25,2016-05-25,P,2.2,2016-03-24
2809,2016-05-16 13:50:00,2016-05-16,0.1262,1262.0,1.0,5903.0,0.1253,0.1262,0.1253,10000609,2016-05-25,2016-05-25,P,2.2,2016-03-24
2810,2016-05-16 13:51:00,2016-05-16,0.1262,1259.0,1.0,5903.0,0.1262,0.1259,0.1259,10000609,2016-05-25,2016-05-25,P,2.2,2016-03-24
2811,2016-05-16 13:52:00,2016-05-16,0.1259,0.0,0.0,5903.0,0.1259,0.1259,0.1259,10000609,2016-05-25,2016-05-25,P,2.2,2016-03-24
2812,2016-05-16 13:53:00,2016-05-16,0.1259,8799.0,7.0,5904.0,0.1259,0.1257,0.1257,10000609,2016-05-25,2016-05-25,P,2.2,2016-03-24
2813,2016-05-16 13:54:00,2016-05-16,0.1257,2487.0,2.0,5904.0,0.1257,0.1243,0.1243,10000609,2016-05-25,2016-05-25,P,2.2,2016-03-24
2814,2016-05-16 13:55:00,2016-05-16,0.1245,36118.0,29.0,5892.0,0.1243,0.124,0.124,10000609,2016-05-25,2016-05-25,P,2.2,2016-03-24
2815,2016-05-16 13:56:00,2016-05-16,0.1225,97900.0,80.0,5878.0,0.1221,0.1225,0.122,10000609,2016-05-25,2016-05-25,P,2.2,2016-03-24
2816,2016-05-16 13:57:00,2016-05-16,0.1226,8575.0,7.0,5883.0,0.1225,0.1226,0.122,10000609,2016-05-25,2016-05-25,P,2.2,2016-03-24
2817,2016-05-16 13:58:00,2016-05-16,0.1234,32052.0,26.0,5873.0,0.1226,0.123,0.1226,10000609,2016-05-25,2016-05-25,P,2.2,2016-03-24
2818,2016-05-16 13:59:00,2016-05-16,0.123,0.0,0.0,5873.0,0.123,0.123,0.123,10000609,2016-05-25,2016-05-25,P,2.2,2016-03-24
2819,2016-05-16 14:00:00,2016-05-16,0.1243,3725.0,3.0,5871.0,0.123,0.1243,0.123,10000609,2016-05-25,2016-05-25,P,2.2,2016-03-24
2820,2016-05-16 14:01:00,2016-05-16,0.1244,14920.0,12.0,5861.0,0.1243,0.1244,0.1236,10000609,2016-05-25,2016-05-25,P,2.2,2016-03-24
2821,2016-05-16 14:02:00,2016-05-16,0.1247,1247.0,1.0,5861.0,0.1244,0.1247,0.1244,10000609,2016-05-25,2016-05-25,P,2.2,2016-03-24
2822,2016-05-16 14:03:00,2016-05-16,0.1247,1247.0,1.0,5861.0,0.1247,0.1247,0.1247,10000609,2016-05-25,2016-05-25,P,2.2,2016-03-24
2823,2016-05-16 14:04:00,2016-05-16,0.1247,0.0,0.0,5861.0,0.1247,0.1247,0.1247,10000609,2016-05-25,2016-05-25,P,2.2,2016-03-24
2824,2016-05-16 14:05:00,2016-05-16,0.1263,26426.0,21.0,5848.0,0.1247,0.1258,0.1247,10000609,2016-05-25,2016-05-25,P,2.2,2016-03-24
2825,2016-05-16 14:06:00,2016-05-16,0.1258,0.0,0.0,5848.0,0.1258,0.1258,0.1258,10000609,2016-05-25,2016-05-25,P,2.2,2016-03-24
2826,2016-05-16 14:07:00,2016-05-16,0.1258,6290.0,5.0,5848.0,0.1258,0.1258,0.1258,10000609,2016-05-25,2016-05-25,P,2.2,2016-03-24
2827,2016-05-16 14:08:00,2016-05-16,0.1265,30249.0,24.0,5834.0,0.1258,0.1252,0.1252,10000609,2016-05-25,2016-05-25,P,2.2,2016-03-24
2828,2016-05-16 14:09:00,2016-05-16,0.1263,8843.0,7.0,5828.0,0.1252,0.1263,0.1252,10000609,2016-05-25,2016-05-25,P,2.2,2016-03-24
2829,2016-05-16 14:10:00,2016-05-16,0.1263,0.0,0.0,5828.0,0.1263,0.1263,0.1263,10000609,2016-05-25,2016-05-25,P,2.2,2016-03-24
2830,2016-05-16 14:11:00,2016-05-16,0.1263,0.0,0.0,5828.0,0.1263,0.1263,0.1263,10000609,2016-05-25,2016-05-25,P,2.2,2016-03-24
2831,2016-05-16 14:12:00,2016-05-16,0.1263,2520.0,2.0,5830.0,0.1263,0.126,0.126,10000609,2016-05-25,2016-05-25,P,2.2,2016-03-24
2832,2016-05-16 14:13:00,2016-05-16,0.1267,5051.0,4.0,5832.0,0.126,0.1267,0.1256,10000609,2016-05-25,2016-05-25,P,2.2,2016-03-24
2833,2016-05-16 14:14:00,2016-05-16,0.1267,1258.0,1.0,5833.0,0.1267,0.1258,0.1258,10000609,2016-05-25,2016-05-25,P,2.2,2016-03-24
2834,2016-05-16 14:15:00,2016-05-16,0.128,52166.0,41.0,5835.0,0.1258,0.128,0.1258,10000609,2016-05-25,2016-05-25,P,2.2,2016-03-24
2835,2016-05-16 14:16:00,2016-05-16,0.1307,172988.0,134.0,5786.0,0.128,0.1307,0.1279,10000609,2016-05-25,2016-05-25,P,2.2,2016-03-24
2836,2016-05-16 14:17:00,2016-05-16,0.1325,72657.0,55.0,5751.0,0.1307,0.1288,0.1288,10000609,2016-05-25,2016-05-25,P,2.2,2016-03-24
2837,2016-05-16 14:18:00,2016-05-16,0.1295,2579.0,2.0,5751.0,0.1288,0.1284,0.1284,10000609,2016-05-25,2016-05-25,P,2.2,2016-03-24
2838,2016-05-16 14:19:00,2016-05-16,0.1284,0.0,0.0,5751.0,0.1284,0.1284,0.1284,10000609,2016-05-25,2016-05-25,P,2.2,2016-03-24
2839,2016-05-16 14:20:00,2016-05-16,0.1284,0.0,0.0,5751.0,0.1284,0.1284,0.1284,10000609,2016-05-25,2016-05-25,P,2.2,2016-03-24
2840,2016-05-16 14:21:00,2016-05-16,0.1295,5171.0,4.0,5749.0,0.1284,0.129,0.1284,10000609,2016-05-25,2016-05-25,P,2.2,2016-03-24
2841,2016-05-16 14:22:00,2016-05-16,0.1296,5172.0,4.0,5752.0,0.129,0.1292,0.129,10000609,2016-05-25,2016-05-25,P,2.2,2016-03-24
2842,2016-05-16 14:23:00,2016-05-16,0.1293,5163.0,4.0,5752.0,0.1293,0.129,0.129,10000609,2016-05-25,2016-05-25,P,2.2,2016-03-24
2843,2016-05-16 14:24:00,2016-05-16,0.129,28284.0,22.0,5747.0,0.129,0.1284,0.1284,10000609,2016-05-25,2016-05-25,P,2.2,2016-03-24
2844,2016-05-16 14:25:00,2016-05-16,0.1284,1281.0,1.0,5746.0,0.1284,0.1281,0.1281,10000609,2016-05-25,2016-05-25,P,2.2,2016-03-24
2845,2016-05-16 14:26:00,2016-05-16,0.1282,1282.0,1.0,5745.0,0.1281,0.1282,0.1281,10000609,2016-05-25,2016-05-25,P,2.2,2016-03-24
2846,2016-05-16 14:27:00,2016-05-16,0.1282,0.0,0.0,5745.0,0.1282,0.1282,0.1282,10000609,2016-05-25,2016-05-25,P,2.2,2016-03-24
2847,2016-05-16 14:28:00,2016-05-16,0.1285,2570.0,2.0,5745.0,0.1282,0.1285,0.1282,10000609,2016-05-25,2016-05-25,P,2.2,2016-03-24
2848,2016-05-16 14:29:00,2016-05-16,0.1286,54825.0,43.0,5721.0,0.1285,0.1269,0.1269,10000609,2016-05-25,2016-05-25,P,2.2,2016-03-24
2849,2016-05-16 14:30:00,2016-05-16,0.1271,18946.0,15.0,5727.0,0.1269,0.1263,0.1262,10000609,2016-05-25,2016-05-25,P,2.2,2016-03-24
2850,2016-05-16 14:31:00,2016-05-16,0.1262,15141.0,12.0,5720.0,0.1262,0.1261,0.1261,10000609,2016-05-25,2016-05-25,P,2.2,2016-03-24
2851,2016-05-16 14:32:00,2016-05-16,0.1262,56394.0,45.0,5699.0,0.1261,0.1242,0.1242,10000609,2016-05-25,2016-05-25,P,2.2,2016-03-24
2852,2016-05-16 14:33:00,2016-05-16,0.1256,19926.0,16.0,5698.0,0.1242,0.1237,0.1237,10000609,2016-05-25,2016-05-25,P,2.2,2016-03-24
2853,2016-05-16 14:34:00,2016-05-16,0.1249,37260.0,30.0,5684.0,0.1237,0.1239,0.1233,10000609,2016-05-25,2016-05-25,P,2.2,2016-03-24
2854,2016-05-16 14:35:00,2016-05-16,0.125,2500.0,2.0,5684.0,0.1239,0.125,0.1239,10000609,2016-05-25,2016-05-25,P,2.2,2016-03-24
2855,2016-05-16 14:36:00,2016-05-16,0.125,7495.0,6.0,5688.0,0.125,0.1245,0.1245,10000609,2016-05-25,2016-05-25,P,2.2,2016-03-24
2856,2016-05-16 14:37:00,2016-05-16,0.1245,98272.0,80.0,5680.0,0.1245,0.122,0.122,10000609,2016-05-25,2016-05-25,P,2.2,2016-03-24
2857,2016-05-16 14:38:00,2016-05-16,0.1229,27017.0,22.0,5678.0,0.122,0.1226,0.122,10000609,2016-05-25,2016-05-25,P,2.2,2016-03-24
2858,2016-05-16 14:39:00,2016-05-16,0.1236,73833.0,60.0,5640.0,0.1227,0.1236,0.1227,10000609,2016-05-25,2016-05-25,P,2.2,2016-03-24
2859,2016-05-16 14:40:00,2016-05-16,0.1237,64314.0,52.0,5630.0,0.1236,0.1237,0.1236,10000609,2016-05-25,2016-05-25,P,2.2,2016-03-24
2860,2016-05-16 14:41:00,2016-05-16,0.1237,19687.0,16.0,5644.0,0.1237,0.1237,0.123,10000609,2016-05-25,2016-05-25,P,2.2,2016-03-24
2861,2016-05-16 14:42:00,2016-05-16,0.124,24769.0,20.0,5633.0,0.1237,0.1233,0.1233,10000609,2016-05-25,2016-05-25,P,2.2,2016-03-24
2862,2016-05-16 14:43:00,2016-05-16,0.1247,1247.0,1.0,5633.0,0.1233,0.1247,0.1233,10000609,2016-05-25,2016-05-25,P,2.2,2016-03-24
2863,2016-05-16 14:44:00,2016-05-16,0.1247,0.0,0.0,5633.0,0.1247,0.1247,0.1247,10000609,2016-05-25,2016-05-25,P,2.2,2016-03-24
2864,2016-05-16 14:45:00,2016-05-16,0.1247,12470.0,10.0,5633.0,0.1247,0.1247,0.1247,10000609,2016-05-25,2016-05-25,P,2.2,2016-03-24
2865,2016-05-16 14:46:00,2016-05-16,0.1249,38656.0,31.0,5623.0,0.1247,0.1246,0.1246,10000609,2016-05-25,2016-05-25,P,2.2,2016-03-24
2866,2016-05-16 14:47:00,2016-05-16,0.1246,0.0,0.0,5623.0,0.1246,0.1246,0.1246,10000609,2016-05-25,2016-05-25,P,2.2,2016-03-24
2867,2016-05-16 14:48:00,2016-05-16,0.1255,32285.0,26.0,5632.0,0.1246,0.1236,0.1236,10000609,2016-05-25,2016-05-25,P,2.2,2016-03-24
2868,2016-05-16 14:49:00,2016-05-16,0.124,29655.0,24.0,5640.0,0.1236,0.123,0.123,10000609,2016-05-25,2016-05-25,P,2.2,2016-03-24
2869,2016-05-16 14:50:00,2016-05-16,0.1243,9941.0,8.0,5634.0,0.123,0.1243,0.123,10000609,2016-05-25,2016-05-25,P,2.2,2016-03-24
2870,2016-05-16 14:51:00,2016-05-16,0.1249,22368.0,18.0,5632.0,0.1243,0.1237,0.1237,10000609,2016-05-25,2016-05-25,P,2.2,2016-03-24
2871,2016-05-16 14:52:00,2016-05-16,0.1237,0.0,0.0,5632.0,0.1237,0.1237,0.1237,10000609,2016-05-25,2016-05-25,P,2.2,2016-03-24
2872,2016-05-16 14:53:00,2016-05-16,0.1237,1237.0,1.0,5632.0,0.1237,0.1237,0.1237,10000609,2016-05-25,2016-05-25,P,2.2,2016-03-24
2873,2016-05-16 14:54:00,2016-05-16,0.1247,2477.0,2.0,5630.0,0.1237,0.1247,0.123,10000609,2016-05-25,2016-05-25,P,2.2,2016-03-24
2874,2016-05-16 14:55:00,2016-05-16,0.1247,0.0,0.0,5630.0,0.1247,0.1247,0.1247,10000609,2016-05-25,2016-05-25,P,2.2,2016-03-24
2875,2016-05-16 14:56:00,2016-05-16,0.1247,42304.0,34.0,5641.0,0.1247,0.1246,0.1241,10000609,2016-05-25,2016-05-25,P,2.2,2016-03-24
2876,2016-05-16 14:57:00,2016-05-16,0.1247,6235.0,5.0,5646.0,0.1246,0.1247,0.1246,10000609,2016-05-25,2016-05-25,P,2.2,2016-03-24
2877,2016-05-16 14:58:00,2016-05-16,0.1247,0.0,0.0,5646.0,0.1247,0.1247,0.1247,10000609,2016-05-25,2016-05-25,P,2.2,2016-03-24
2878,2016-05-16 14:59:00,2016-05-16,0.1247,0.0,0.0,5646.0,0.1247,0.1247,0.1247,10000609,2016-05-25,2016-05-25,P,2.2,2016-03-24
2879,2016-05-16 15:00:00,2016-05-16,0.1247,0.0,0.0,5646.0,0.1247,0.1247,0.1247,10000609,2016-05-25,2016-05-25,P,2.2,2016-03-24
2880,2016-05-16 09:31:00,2016-05-16,0.006,0.0,0.0,11022.0,0.006,0.006,0.006,10000553,2016-06-22,2016-06-22,P,1.85,2016-01-27
2881,2016-05-16 09:32:00,2016-05-16,0.0059,1170.0,20.0,11022.0,0.006,0.0059,0.0058,10000553,2016-06-22,2016-06-22,P,1.85,2016-01-27
2882,2016-05-16 09:33:00,2016-05-16,0.0059,0.0,0.0,11022.0,0.0059,0.0059,0.0059,10000553,2016-06-22,2016-06-22,P,1.85,2016-01-27
2883,2016-05-16 09:34:00,2016-05-16,0.0061,610.0,10.0,11032.0,0.0059,0.0061,0.0059,10000553,2016-06-22,2016-06-22,P,1.85,2016-01-27
2884,2016-05-16 09:35:00,2016-05-16,0.0061,1860.0,31.0,11053.0,0.0061,0.006,0.006,10000553,2016-06-22,2016-06-22,P,1.85,2016-01-27
2885,2016-05-16 09:36:00,2016-05-16,0.006,116.0,2.0,11054.0,0.006,0.0058,0.0058,10000553,2016-06-22,2016-06-22,P,1.85,2016-01-27
2886,2016-05-16 09:37:00,2016-05-16,0.0058,1450.0,25.0,11079.0,0.0058,0.0058,0.0058,10000553,2016-06-22,2016-06-22,P,1.85,2016-01-27
2887,2016-05-16 09:38:00,2016-05-16,0.0058,1700.0,30.0,11098.0,0.0058,0.0056,0.0056,10000553,2016-06-22,2016-06-22,P,1.85,2016-01-27
2888,2016-05-16 09:39:00,2016-05-16,0.0056,560.0,10.0,11108.0,0.0056,0.0056,0.0056,10000553,2016-06-22,2016-06-22,P,1.85,2016-01-27
2889,2016-05-16 09:40:00,2016-05-16,0.0057,114.0,2.0,11110.0,0.0056,0.0057,0.0056,10000553,2016-06-22,2016-06-22,P,1.85,2016-01-27
2890,2016-05-16 09:41:00,2016-05-16,0.0057,0.0,0.0,11110.0,0.0057,0.0057,0.0057,10000553,2016-06-22,2016-06-22,P,1.85,2016-01-27
2891,2016-05-16 09:42:00,2016-05-16,0.0057,0.0,0.0,11110.0,0.0057,0.0057,0.0057,10000553,2016-06-22,2016-06-22,P,1.85,2016-01-27
2892,2016-05-16 09:43:00,2016-05-16,0.0057,0.0,0.0,11110.0,0.0057,0.0057,0.0057,10000553,2016-06-22,2016-06-22,P,1.85,2016-01-27
2893,2016-05-16 09:44:00,2016-05-16,0.0057,0.0,0.0,11110.0,0.0057,0.0057,0.0057,10000553,2016-06-22,2016-06-22,P,1.85,2016-01-27
2894,2016-05-16 09:45:00,2016-05-16,0.0057,55.0,1.0,11111.0,0.0057,0.0055,0.0055,10000553,2016-06-22,2016-06-22,P,1.85,2016-01-27
2895,2016-05-16 09:46:00,2016-05-16,0.0059,1104.0,19.0,11129.0,0.0055,0.0059,0.0055,10000553,2016-06-22,2016-06-22,P,1.85,2016-01-27
2896,2016-05-16 09:47:00,2016-05-16,0.0062,4673.0,77.0,11206.0,0.0059,0.0062,0.0059,10000553,2016-06-22,2016-06-22,P,1.85,2016-01-27
2897,2016-05-16 09:48:00,2016-05-16,0.0062,3266.0,53.0,11258.0,0.0062,0.0061,0.0061,10000553,2016-06-22,2016-06-22,P,1.85,2016-01-27
2898,2016-05-16 09:49:00,2016-05-16,0.0061,610.0,10.0,11268.0,0.0061,0.0061,0.0061,10000553,2016-06-22,2016-06-22,P,1.85,2016-01-27
2899,2016-05-16 09:50:00,2016-05-16,0.0061,0.0,0.0,11268.0,0.0061,0.0061,0.0061,10000553,2016-06-22,2016-06-22,P,1.85,2016-01-27
2900,2016-05-16 09:51:00,2016-05-16,0.0061,600.0,10.0,11278.0,0.0061,0.006,0.006,10000553,2016-06-22,2016-06-22,P,1.85,2016-01-27
2901,2016-05-16 09:52:00,2016-05-16,0.006,480.0,8.0,11286.0,0.006,0.006,0.006,10000553,2016-06-22,2016-06-22,P,1.85,2016-01-27
2902,2016-05-16 09:53:00,2016-05-16,0.0067,4183.0,66.0,11318.0,0.006,0.0067,0.006,10000553,2016-06-22,2016-06-22,P,1.85,2016-01-27
2903,2016-05-16 09:54:00,2016-05-16,0.0068,6094.0,90.0,11393.0,0.0067,0.0066,0.0066,10000553,2016-06-22,2016-06-22,P,1.85,2016-01-27
2904,2016-05-16 09:55:00,2016-05-16,0.006999999999999999,6770.0,98.0,11490.0,0.0066,0.0067,0.0066,10000553,2016-06-22,2016-06-22,P,1.85,2016-01-27
2905,2016-05-16 09:56:00,2016-05-16,0.0067,0.0,0.0,11490.0,0.0067,0.0067,0.0067,10000553,2016-06-22,2016-06-22,P,1.85,2016-01-27
2906,2016-05-16 09:57:00,2016-05-16,0.0068,544.0,8.0,11498.0,0.0067,0.0068,0.0067,10000553,2016-06-22,2016-06-22,P,1.85,2016-01-27
2907,2016-05-16 09:58:00,2016-05-16,0.006999999999999999,5800.0,84.0,11582.0,0.0068,0.0069,0.0068,10000553,2016-06-22,2016-06-22,P,1.85,2016-01-27
2908,2016-05-16 09:59:00,2016-05-16,0.0069,2178.0,32.0,11604.0,0.0069,0.0069,0.0068,10000553,2016-06-22,2016-06-22,P,1.85,2016-01-27
2909,2016-05-16 10:00:00,2016-05-16,0.0069,2010.0,30.0,11634.0,0.0069,0.0067,0.0067,10000553,2016-06-22,2016-06-22,P,1.85,2016-01-27
2910,2016-05-16 10:01:00,2016-05-16,0.0067,780.0,12.0,11636.0,0.0067,0.0065,0.0065,10000553,2016-06-22,2016-06-22,P,1.85,2016-01-27
2911,2016-05-16 10:02:00,2016-05-16,0.0065,0.0,0.0,11636.0,0.0065,0.0065,0.0065,10000553,2016-06-22,2016-06-22,P,1.85,2016-01-27
2912,2016-05-16 10:03:00,2016-05-16,0.0065,0.0,0.0,11636.0,0.0065,0.0065,0.0065,10000553,2016-06-22,2016-06-22,P,1.85,2016-01-27
2913,2016-05-16 10:04:00,2016-05-16,0.0065,634.0,10.0,11646.0,0.0065,0.0063,0.0063,10000553,2016-06-22,2016-06-22,P,1.85,2016-01-27
2914,2016-05-16 10:05:00,2016-05-16,0.0063,622.0,10.0,11648.0,0.0063,0.0062,0.0062,10000553,2016-06-22,2016-06-22,P,1.85,2016-01-27
2915,2016-05-16 10:06:00,2016-05-16,0.0064,704.0,11.0,11659.0,0.0062,0.0064,0.0062,10000553,2016-06-22,2016-06-22,P,1.85,2016-01-27
2916,2016-05-16 10:07:00,2016-05-16,0.0064,0.0,0.0,11659.0,0.0064,0.0064,0.0064,10000553,2016-06-22,2016-06-22,P,1.85,2016-01-27
2917,2016-05-16 10:08:00,2016-05-16,0.0064,0.0,0.0,11659.0,0.0064,0.0064,0.0064,10000553,2016-06-22,2016-06-22,P,1.85,2016-01-27
2918,2016-05-16 10:09:00,2016-05-16,0.0064,0.0,0.0,11659.0,0.0064,0.0064,0.0064,10000553,2016-06-22,2016-06-22,P,1.85,2016-01-27
2919,2016-05-16 10:10:00,2016-05-16,0.0064,0.0,0.0,11659.0,0.0064,0.0064,0.0064,10000553,2016-06-22,2016-06-22,P,1.85,2016-01-27
2920,2016-05-16 10:11:00,2016-05-16,0.0064,600.0,10.0,11669.0,0.0064,0.006,0.006,10000553,2016-06-22,2016-06-22,P,1.85,2016-01-27
2921,2016-05-16 10:12:00,2016-05-16,0.006,300.0,5.0,11669.0,0.006,0.006,0.006,10000553,2016-06-22,2016-06-22,P,1.85,2016-01-27
2922,2016-05-16 10:13:00,2016-05-16,0.006,360.0,6.0,11669.0,0.006,0.006,0.006,10000553,2016-06-22,2016-06-22,P,1.85,2016-01-27
2923,2016-05-16 10:14:00,2016-05-16,0.006,1730.0,30.0,11669.0,0.006,0.0058,0.0057,10000553,2016-06-22,2016-06-22,P,1.85,2016-01-27
2924,2016-05-16 10:15:00,2016-05-16,0.0058,290.0,5.0,11669.0,0.0058,0.0058,0.0058,10000553,2016-06-22,2016-06-22,P,1.85,2016-01-27
2925,2016-05-16 10:16:00,2016-05-16,0.0058,0.0,0.0,11669.0,0.0058,0.0058,0.0058,10000553,2016-06-22,2016-06-22,P,1.85,2016-01-27
2926,2016-05-16 10:17:00,2016-05-16,0.0058,0.0,0.0,11669.0,0.0058,0.0058,0.0058,10000553,2016-06-22,2016-06-22,P,1.85,2016-01-27
2927,2016-05-16 10:18:00,2016-05-16,0.0058,0.0,0.0,11669.0,0.0058,0.0058,0.0058,10000553,2016-06-22,2016-06-22,P,1.85,2016-01-27
2928,2016-05-16 10:19:00,2016-05-16,0.006,352.0,6.0,11675.0,0.0058,0.0058,0.0058,10000553,2016-06-22,2016-06-22,P,1.85,2016-01-27
2929,2016-05-16 10:20:00,2016-05-16,0.0058,570.0,10.0,11675.0,0.0058,0.0057,0.0057,10000553,2016-06-22,2016-06-22,P,1.85,2016-01-27
2930,2016-05-16 10:21:00,2016-05-16,0.0057,0.0,0.0,11675.0,0.0057,0.0057,0.0057,10000553,2016-06-22,2016-06-22,P,1.85,2016-01-27
2931,2016-05-16 10:22:00,2016-05-16,0.0057,0.0,0.0,11675.0,0.0057,0.0057,0.0057,10000553,2016-06-22,2016-06-22,P,1.85,2016-01-27
2932,2016-05-16 10:23:00,2016-05-16,0.0057,0.0,0.0,11675.0,0.0057,0.0057,0.0057,10000553,2016-06-22,2016-06-22,P,1.85,2016-01-27
2933,2016-05-16 10:24:00,2016-05-16,0.0059,2300.0,40.0,11695.0,0.0057,0.0059,0.0057,10000553,2016-06-22,2016-06-22,P,1.85,2016-01-27
2934,2016-05-16 10:25:00,2016-05-16,0.0059,2850.0,50.0,11725.0,0.0059,0.0057,0.0057,10000553,2016-06-22,2016-06-22,P,1.85,2016-01-27
2935,2016-05-16 10:26:00,2016-05-16,0.0057,0.0,0.0,11725.0,0.0057,0.0057,0.0057,10000553,2016-06-22,2016-06-22,P,1.85,2016-01-27
2936,2016-05-16 10:27:00,2016-05-16,0.0057,0.0,0.0,11725.0,0.0057,0.0057,0.0057,10000553,2016-06-22,2016-06-22,P,1.85,2016-01-27
2937,2016-05-16 10:28:00,2016-05-16,0.0057,560.0,10.0,11725.0,0.0057,0.0056,0.0056,10000553,2016-06-22,2016-06-22,P,1.85,2016-01-27
2938,2016-05-16 10:29:00,2016-05-16,0.0056,550.0,10.0,11725.0,0.0056,0.0055,0.0055,10000553,2016-06-22,2016-06-22,P,1.85,2016-01-27
2939,2016-05-16 10:30:00,2016-05-16,0.0059,177.0,3.0,11725.0,0.0055,0.0059,0.0055,10000553,2016-06-22,2016-06-22,P,1.85,2016-01-27
2940,2016-05-16 10:31:00,2016-05-16,0.0059,580.0,10.0,11725.0,0.0059,0.0058,0.0058,10000553,2016-06-22,2016-06-22,P,1.85,2016-01-27
2941,2016-05-16 10:32:00,2016-05-16,0.0061,895.0,15.0,11720.0,0.0058,0.0061,0.0058,10000553,2016-06-22,2016-06-22,P,1.85,2016-01-27
2942,2016-05-16 10:33:00,2016-05-16,0.0061,0.0,0.0,11720.0,0.0061,0.0061,0.0061,10000553,2016-06-22,2016-06-22,P,1.85,2016-01-27
2943,2016-05-16 10:34:00,2016-05-16,0.0061,0.0,0.0,11720.0,0.0061,0.0061,0.0061,10000553,2016-06-22,2016-06-22,P,1.85,2016-01-27
2944,2016-05-16 10:35:00,2016-05-16,0.0061,0.0,0.0,11720.0,0.0061,0.0061,0.0061,10000553,2016-06-22,2016-06-22,P,1.85,2016-01-27
2945,2016-05-16 10:36:00,2016-05-16,0.0061,0.0,0.0,11720.0,0.0061,0.0061,0.0061,10000553,2016-06-22,2016-06-22,P,1.85,2016-01-27
2946,2016-05-16 10:37:00,2016-05-16,0.0061,0.0,0.0,11720.0,0.0061,0.0061,0.0061,10000553,2016-06-22,2016-06-22,P,1.85,2016-01-27
2947,2016-05-16 10:38:00,2016-05-16,0.0061,0.0,0.0,11720.0,0.0061,0.0061,0.0061,10000553,2016-06-22,2016-06-22,P,1.85,2016-01-27
2948,2016-05-16 10:39:00,2016-05-16,0.0061,0.0,0.0,11720.0,0.0061,0.0061,0.0061,10000553,2016-06-22,2016-06-22,P,1.85,2016-01-27
2949,2016-05-16 10:40:00,2016-05-16,0.0061,0.0,0.0,11720.0,0.0061,0.0061,0.0061,10000553,2016-06-22,2016-06-22,P,1.85,2016-01-27
2950,2016-05-16 10:41:00,2016-05-16,0.0061,0.0,0.0,11720.0,0.0061,0.0061,0.0061,10000553,2016-06-22,2016-06-22,P,1.85,2016-01-27
2951,2016-05-16 10:42:00,2016-05-16,0.0061,0.0,0.0,11720.0,0.0061,0.0061,0.0061,10000553,2016-06-22,2016-06-22,P,1.85,2016-01-27
2952,2016-05-16 10:43:00,2016-05-16,0.0061,0.0,0.0,11720.0,0.0061,0.0061,0.0061,10000553,2016-06-22,2016-06-22,P,1.85,2016-01-27
2953,2016-05-16 10:44:00,2016-05-16,0.0061,0.0,0.0,11720.0,0.0061,0.0061,0.0061,10000553,2016-06-22,2016-06-22,P,1.85,2016-01-27
2954,2016-05-16 10:45:00,2016-05-16,0.0061,0.0,0.0,11720.0,0.0061,0.0061,0.0061,10000553,2016-06-22,2016-06-22,P,1.85,2016-01-27
2955,2016-05-16 10:46:00,2016-05-16,0.0061,0.0,0.0,11720.0,0.0061,0.0061,0.0061,10000553,2016-06-22,2016-06-22,P,1.85,2016-01-27
2956,2016-05-16 10:47:00,2016-05-16,0.0061,0.0,0.0,11720.0,0.0061,0.0061,0.0061,10000553,2016-06-22,2016-06-22,P,1.85,2016-01-27
2957,2016-05-16 10:48:00,2016-05-16,0.0061,0.0,0.0,11720.0,0.0061,0.0061,0.0061,10000553,2016-06-22,2016-06-22,P,1.85,2016-01-27
2958,2016-05-16 10:49:00,2016-05-16,0.0061,0.0,0.0,11720.0,0.0061,0.0061,0.0061,10000553,2016-06-22,2016-06-22,P,1.85,2016-01-27
2959,2016-05-16 10:50:00,2016-05-16,0.0061,2050.0,40.0,11730.0,0.0061,0.0051,0.005,10000553,2016-06-22,2016-06-22,P,1.85,2016-01-27
2960,2016-05-16 10:51:00,2016-05-16,0.0051,300.0,6.0,11730.0,0.0051,0.005,0.005,10000553,2016-06-22,2016-06-22,P,1.85,2016-01-27
2961,2016-05-16 10:52:00,2016-05-16,0.005,480.0,10.0,11730.0,0.005,0.0048,0.0048,10000553,2016-06-22,2016-06-22,P,1.85,2016-01-27
2962,2016-05-16 10:53:00,2016-05-16,0.0048,0.0,0.0,11730.0,0.0048,0.0048,0.0048,10000553,2016-06-22,2016-06-22,P,1.85,2016-01-27
2963,2016-05-16 10:54:00,2016-05-16,0.0049,1066.0,23.0,11730.0,0.0048,0.0046,0.0046,10000553,2016-06-22,2016-06-22,P,1.85,2016-01-27
2964,2016-05-16 10:55:00,2016-05-16,0.0046,1810.0,40.0,11740.0,0.0046,0.0046,0.0045,10000553,2016-06-22,2016-06-22,P,1.85,2016-01-27
2965,2016-05-16 10:56:00,2016-05-16,0.0046,0.0,0.0,11740.0,0.0046,0.0046,0.0046,10000553,2016-06-22,2016-06-22,P,1.85,2016-01-27
2966,2016-05-16 10:57:00,2016-05-16,0.0046,0.0,0.0,11740.0,0.0046,0.0046,0.0046,10000553,2016-06-22,2016-06-22,P,1.85,2016-01-27
2967,2016-05-16 10:58:00,2016-05-16,0.0046,0.0,0.0,11740.0,0.0046,0.0046,0.0046,10000553,2016-06-22,2016-06-22,P,1.85,2016-01-27
2968,2016-05-16 10:59:00,2016-05-16,0.0046,89.0,2.0,11741.0,0.0046,0.0043,0.0043,10000553,2016-06-22,2016-06-22,P,1.85,2016-01-27
2969,2016-05-16 11:00:00,2016-05-16,0.0043,0.0,0.0,11741.0,0.0043,0.0043,0.0043,10000553,2016-06-22,2016-06-22,P,1.85,2016-01-27
2970,2016-05-16 11:01:00,2016-05-16,0.0044,440.0,10.0,11741.0,0.0043,0.0044,0.0043,10000553,2016-06-22,2016-06-22,P,1.85,2016-01-27
2971,2016-05-16 11:02:00,2016-05-16,0.0044,0.0,0.0,11741.0,0.0044,0.0044,0.0044,10000553,2016-06-22,2016-06-22,P,1.85,2016-01-27
2972,2016-05-16 11:03:00,2016-05-16,0.0045,90.0,2.0,11743.0,0.0045,0.0045,0.0045,10000553,2016-06-22,2016-06-22,P,1.85,2016-01-27
2973,2016-05-16 11:04:00,2016-05-16,0.0045,0.0,0.0,11743.0,0.0045,0.0045,0.0045,10000553,2016-06-22,2016-06-22,P,1.85,2016-01-27
2974,2016-05-16 11:05:00,2016-05-16,0.0045,0.0,0.0,11743.0,0.0045,0.0045,0.0045,10000553,2016-06-22,2016-06-22,P,1.85,2016-01-27
2975,2016-05-16 11:06:00,2016-05-16,0.0045,0.0,0.0,11743.0,0.0045,0.0045,0.0045,10000553,2016-06-22,2016-06-22,P,1.85,2016-01-27
2976,2016-05-16 11:07:00,2016-05-16,0.0045,0.0,0.0,11743.0,0.0045,0.0045,0.0045,10000553,2016-06-22,2016-06-22,P,1.85,2016-01-27
2977,2016-05-16 11:08:00,2016-05-16,0.0045,215.0,5.0,11748.0,0.0045,0.0043,0.0043,10000553,2016-06-22,2016-06-22,P,1.85,2016-01-27
2978,2016-05-16 11:09:00,2016-05-16,0.0043,0.0,0.0,11748.0,0.0043,0.0043,0.0043,10000553,2016-06-22,2016-06-22,P,1.85,2016-01-27
2979,2016-05-16 11:10:00,2016-05-16,0.0043,0.0,0.0,11748.0,0.0043,0.0043,0.0043,10000553,2016-06-22,2016-06-22,P,1.85,2016-01-27
2980,2016-05-16 11:11:00,2016-05-16,0.0043,0.0,0.0,11748.0,0.0043,0.0043,0.0043,10000553,2016-06-22,2016-06-22,P,1.85,2016-01-27
2981,2016-05-16 11:12:00,2016-05-16,0.0043,0.0,0.0,11748.0,0.0043,0.0043,0.0043,10000553,2016-06-22,2016-06-22,P,1.85,2016-01-27
2982,2016-05-16 11:13:00,2016-05-16,0.0046,230.0,5.0,11753.0,0.0043,0.0046,0.0043,10000553,2016-06-22,2016-06-22,P,1.85,2016-01-27
2983,2016-05-16 11:14:00,2016-05-16,0.0046,210.0,5.0,11758.0,0.0046,0.0042,0.0042,10000553,2016-06-22,2016-06-22,P,1.85,2016-01-27
2984,2016-05-16 11:15:00,2016-05-16,0.0045,675.0,15.0,11773.0,0.0042,0.0045,0.0042,10000553,2016-06-22,2016-06-22,P,1.85,2016-01-27
2985,2016-05-16 11:16:00,2016-05-16,0.0045,0.0,0.0,11773.0,0.0045,0.0045,0.0045,10000553,2016-06-22,2016-06-22,P,1.85,2016-01-27
2986,2016-05-16 11:17:00,2016-05-16,0.0045,0.0,0.0,11773.0,0.0045,0.0045,0.0045,10000553,2016-06-22,2016-06-22,P,1.85,2016-01-27
2987,2016-05-16 11:18:00,2016-05-16,0.0045,45.0,1.0,11773.0,0.0045,0.0045,0.0045,10000553,2016-06-22,2016-06-22,P,1.85,2016-01-27
2988,2016-05-16 11:19:00,2016-05-16,0.0045,0.0,0.0,11773.0,0.0045,0.0045,0.0045,10000553,2016-06-22,2016-06-22,P,1.85,2016-01-27
2989,2016-05-16 11:20:00,2016-05-16,0.0045,440.0,10.0,11783.0,0.0045,0.0044,0.0044,10000553,2016-06-22,2016-06-22,P,1.85,2016-01-27
2990,2016-05-16 11:21:00,2016-05-16,0.0044,44.0,1.0,11784.0,0.0044,0.0044,0.0044,10000553,2016-06-22,2016-06-22,P,1.85,2016-01-27
2991,2016-05-16 11:22:00,2016-05-16,0.0045,45.0,1.0,11785.0,0.0044,0.0045,0.0044,10000553,2016-06-22,2016-06-22,P,1.85,2016-01-27
2992,2016-05-16 11:23:00,2016-05-16,0.0045,0.0,0.0,11785.0,0.0045,0.0045,0.0045,10000553,2016-06-22,2016-06-22,P,1.85,2016-01-27
2993,2016-05-16 11:24:00,2016-05-16,0.0045,0.0,0.0,11785.0,0.0045,0.0045,0.0045,10000553,2016-06-22,2016-06-22,P,1.85,2016-01-27
2994,2016-05-16 11:25:00,2016-05-16,0.0045,0.0,0.0,11785.0,0.0045,0.0045,0.0045,10000553,2016-06-22,2016-06-22,P,1.85,2016-01-27
2995,2016-05-16 11:26:00,2016-05-16,0.0045,1349.0,30.0,11815.0,0.0045,0.0044,0.0044,10000553,2016-06-22,2016-06-22,P,1.85,2016-01-27
2996,2016-05-16 11:27:00,2016-05-16,0.0044,0.0,0.0,11815.0,0.0044,0.0044,0.0044,10000553,2016-06-22,2016-06-22,P,1.85,2016-01-27
2997,2016-05-16 11:28:00,2016-05-16,0.0045,450.0,10.0,11825.0,0.0044,0.0045,0.0044,10000553,2016-06-22,2016-06-22,P,1.85,2016-01-27
2998,2016-05-16 11:29:00,2016-05-16,0.0045,0.0,0.0,11825.0,0.0045,0.0045,0.0045,10000553,2016-06-22,2016-06-22,P,1.85,2016-01-27
2999,2016-05-16 11:30:00,2016-05-16,0.0045,0.0,0.0,11825.0,0.0045,0.0045,0.0045,10000553,2016-06-22,2016-06-22,P,1.85,2016-01-27
3000,2016-05-16 13:01:00,2016-05-16,0.0045,0.0,0.0,11825.0,0.0045,0.0045,0.0045,10000553,2016-06-22,2016-06-22,P,1.85,2016-01-27
3001,2016-05-16 13:02:00,2016-05-16,0.0047,231.0,5.0,11825.0,0.0045,0.0047,0.0045,10000553,2016-06-22,2016-06-22,P,1.85,2016-01-27
3002,2016-05-16 13:03:00,2016-05-16,0.0047,460.0,10.0,11825.0,0.0047,0.0046,0.0046,10000553,2016-06-22,2016-06-22,P,1.85,2016-01-27
3003,2016-05-16 13:04:00,2016-05-16,0.0046,920.0,20.0,11825.0,0.0046,0.0046,0.0046,10000553,2016-06-22,2016-06-22,P,1.85,2016-01-27
3004,2016-05-16 13:05:00,2016-05-16,0.0046,0.0,0.0,11825.0,0.0046,0.0046,0.0046,10000553,2016-06-22,2016-06-22,P,1.85,2016-01-27
3005,2016-05-16 13:06:00,2016-05-16,0.0046,0.0,0.0,11825.0,0.0046,0.0046,0.0046,10000553,2016-06-22,2016-06-22,P,1.85,2016-01-27
3006,2016-05-16 13:07:00,2016-05-16,0.0046,0.0,0.0,11825.0,0.0046,0.0046,0.0046,10000553,2016-06-22,2016-06-22,P,1.85,2016-01-27
3007,2016-05-16 13:08:00,2016-05-16,0.0046,0.0,0.0,11825.0,0.0046,0.0046,0.0046,10000553,2016-06-22,2016-06-22,P,1.85,2016-01-27
3008,2016-05-16 13:09:00,2016-05-16,0.0046,0.0,0.0,11825.0,0.0046,0.0046,0.0046,10000553,2016-06-22,2016-06-22,P,1.85,2016-01-27
3009,2016-05-16 13:10:00,2016-05-16,0.0046,0.0,0.0,11825.0,0.0046,0.0046,0.0046,10000553,2016-06-22,2016-06-22,P,1.85,2016-01-27
3010,2016-05-16 13:11:00,2016-05-16,0.0046,0.0,0.0,11825.0,0.0046,0.0046,0.0046,10000553,2016-06-22,2016-06-22,P,1.85,2016-01-27
3011,2016-05-16 13:12:00,2016-05-16,0.0046,0.0,0.0,11825.0,0.0046,0.0046,0.0046,10000553,2016-06-22,2016-06-22,P,1.85,2016-01-27
3012,2016-05-16 13:13:00,2016-05-16,0.0046,460.0,10.0,11825.0,0.0046,0.0046,0.0046,10000553,2016-06-22,2016-06-22,P,1.85,2016-01-27
3013,2016-05-16 13:14:00,2016-05-16,0.0046,0.0,0.0,11825.0,0.0046,0.0046,0.0046,10000553,2016-06-22,2016-06-22,P,1.85,2016-01-27
3014,2016-05-16 13:15:00,2016-05-16,0.0046,0.0,0.0,11825.0,0.0046,0.0046,0.0046,10000553,2016-06-22,2016-06-22,P,1.85,2016-01-27
3015,2016-05-16 13:16:00,2016-05-16,0.0046,0.0,0.0,11825.0,0.0046,0.0046,0.0046,10000553,2016-06-22,2016-06-22,P,1.85,2016-01-27
3016,2016-05-16 13:17:00,2016-05-16,0.0046,0.0,0.0,11825.0,0.0046,0.0046,0.0046,10000553,2016-06-22,2016-06-22,P,1.85,2016-01-27
3017,2016-05-16 13:18:00,2016-05-16,0.0046,0.0,0.0,11825.0,0.0046,0.0046,0.0046,10000553,2016-06-22,2016-06-22,P,1.85,2016-01-27
3018,2016-05-16 13:19:00,2016-05-16,0.0046,0.0,0.0,11825.0,0.0046,0.0046,0.0046,10000553,2016-06-22,2016-06-22,P,1.85,2016-01-27
3019,2016-05-16 13:20:00,2016-05-16,0.0046,0.0,0.0,11825.0,0.0046,0.0046,0.0046,10000553,2016-06-22,2016-06-22,P,1.85,2016-01-27
3020,2016-05-16 13:21:00,2016-05-16,0.0046,0.0,0.0,11825.0,0.0046,0.0046,0.0046,10000553,2016-06-22,2016-06-22,P,1.85,2016-01-27
3021,2016-05-16 13:22:00,2016-05-16,0.0046,0.0,0.0,11825.0,0.0046,0.0046,0.0046,10000553,2016-06-22,2016-06-22,P,1.85,2016-01-27
3022,2016-05-16 13:23:00,2016-05-16,0.0046,0.0,0.0,11825.0,0.0046,0.0046,0.0046,10000553,2016-06-22,2016-06-22,P,1.85,2016-01-27
3023,2016-05-16 13:24:00,2016-05-16,0.0046,0.0,0.0,11825.0,0.0046,0.0046,0.0046,10000553,2016-06-22,2016-06-22,P,1.85,2016-01-27
3024,2016-05-16 13:25:00,2016-05-16,0.0048,318.0,7.0,11825.0,0.0046,0.0045,0.0045,10000553,2016-06-22,2016-06-22,P,1.85,2016-01-27
3025,2016-05-16 13:26:00,2016-05-16,0.0045,90.0,2.0,11825.0,0.0045,0.0045,0.0045,10000553,2016-06-22,2016-06-22,P,1.85,2016-01-27
3026,2016-05-16 13:27:00,2016-05-16,0.0045,0.0,0.0,11825.0,0.0045,0.0045,0.0045,10000553,2016-06-22,2016-06-22,P,1.85,2016-01-27
3027,2016-05-16 13:28:00,2016-05-16,0.0045,0.0,0.0,11825.0,0.0045,0.0045,0.0045,10000553,2016-06-22,2016-06-22,P,1.85,2016-01-27
3028,2016-05-16 13:29:00,2016-05-16,0.0045,0.0,0.0,11825.0,0.0045,0.0045,0.0045,10000553,2016-06-22,2016-06-22,P,1.85,2016-01-27
3029,2016-05-16 13:30:00,2016-05-16,0.0045,0.0,0.0,11825.0,0.0045,0.0045,0.0045,10000553,2016-06-22,2016-06-22,P,1.85,2016-01-27
3030,2016-05-16 13:31:00,2016-05-16,0.0045,0.0,0.0,11825.0,0.0045,0.0045,0.0045,10000553,2016-06-22,2016-06-22,P,1.85,2016-01-27
3031,2016-05-16 13:32:00,2016-05-16,0.0045,0.0,0.0,11825.0,0.0045,0.0045,0.0045,10000553,2016-06-22,2016-06-22,P,1.85,2016-01-27
3032,2016-05-16 13:33:00,2016-05-16,0.0045,0.0,0.0,11825.0,0.0045,0.0045,0.0045,10000553,2016-06-22,2016-06-22,P,1.85,2016-01-27
3033,2016-05-16 13:34:00,2016-05-16,0.0045,0.0,0.0,11825.0,0.0045,0.0045,0.0045,10000553,2016-06-22,2016-06-22,P,1.85,2016-01-27
3034,2016-05-16 13:35:00,2016-05-16,0.0045,0.0,0.0,11825.0,0.0045,0.0045,0.0045,10000553,2016-06-22,2016-06-22,P,1.85,2016-01-27
3035,2016-05-16 13:36:00,2016-05-16,0.0045,0.0,0.0,11825.0,0.0045,0.0045,0.0045,10000553,2016-06-22,2016-06-22,P,1.85,2016-01-27
3036,2016-05-16 13:37:00,2016-05-16,0.0048,480.0,10.0,11825.0,0.0045,0.0048,0.0045,10000553,2016-06-22,2016-06-22,P,1.85,2016-01-27
3037,2016-05-16 13:38:00,2016-05-16,0.0048,0.0,0.0,11825.0,0.0048,0.0048,0.0048,10000553,2016-06-22,2016-06-22,P,1.85,2016-01-27
3038,2016-05-16 13:39:00,2016-05-16,0.0048,0.0,0.0,11825.0,0.0048,0.0048,0.0048,10000553,2016-06-22,2016-06-22,P,1.85,2016-01-27
3039,2016-05-16 13:40:00,2016-05-16,0.0048,0.0,0.0,11825.0,0.0048,0.0048,0.0048,10000553,2016-06-22,2016-06-22,P,1.85,2016-01-27
3040,2016-05-16 13:41:00,2016-05-16,0.0045,2250.0,50.0,11825.0,0.0045,0.0045,0.0045,10000553,2016-06-22,2016-06-22,P,1.85,2016-01-27
3041,2016-05-16 13:42:00,2016-05-16,0.0045,880.0,20.0,11845.0,0.0045,0.0044,0.0044,10000553,2016-06-22,2016-06-22,P,1.85,2016-01-27
3042,2016-05-16 13:43:00,2016-05-16,0.0044,0.0,0.0,11845.0,0.0044,0.0044,0.0044,10000553,2016-06-22,2016-06-22,P,1.85,2016-01-27
3043,2016-05-16 13:44:00,2016-05-16,0.0044,0.0,0.0,11845.0,0.0044,0.0044,0.0044,10000553,2016-06-22,2016-06-22,P,1.85,2016-01-27
3044,2016-05-16 13:45:00,2016-05-16,0.0044,0.0,0.0,11845.0,0.0044,0.0044,0.0044,10000553,2016-06-22,2016-06-22,P,1.85,2016-01-27
3045,2016-05-16 13:46:00,2016-05-16,0.0044,0.0,0.0,11845.0,0.0044,0.0044,0.0044,10000553,2016-06-22,2016-06-22,P,1.85,2016-01-27
3046,2016-05-16 13:47:00,2016-05-16,0.0044,0.0,0.0,11845.0,0.0044,0.0044,0.0044,10000553,2016-06-22,2016-06-22,P,1.85,2016-01-27
3047,2016-05-16 13:48:00,2016-05-16,0.0044,43.0,1.0,11846.0,0.0044,0.0043,0.0043,10000553,2016-06-22,2016-06-22,P,1.85,2016-01-27
3048,2016-05-16 13:49:00,2016-05-16,0.0043,0.0,0.0,11846.0,0.0043,0.0043,0.0043,10000553,2016-06-22,2016-06-22,P,1.85,2016-01-27
3049,2016-05-16 13:50:00,2016-05-16,0.0043,0.0,0.0,11846.0,0.0043,0.0043,0.0043,10000553,2016-06-22,2016-06-22,P,1.85,2016-01-27
3050,2016-05-16 13:51:00,2016-05-16,0.0043,0.0,0.0,11846.0,0.0043,0.0043,0.0043,10000553,2016-06-22,2016-06-22,P,1.85,2016-01-27
3051,2016-05-16 13:52:00,2016-05-16,0.0043,0.0,0.0,11846.0,0.0043,0.0043,0.0043,10000553,2016-06-22,2016-06-22,P,1.85,2016-01-27
3052,2016-05-16 13:53:00,2016-05-16,0.0043,0.0,0.0,11846.0,0.0043,0.0043,0.0043,10000553,2016-06-22,2016-06-22,P,1.85,2016-01-27
3053,2016-05-16 13:54:00,2016-05-16,0.0043,258.0,6.0,11852.0,0.0043,0.0043,0.0043,10000553,2016-06-22,2016-06-22,P,1.85,2016-01-27
3054,2016-05-16 13:55:00,2016-05-16,0.0043,0.0,0.0,11852.0,0.0043,0.0043,0.0043,10000553,2016-06-22,2016-06-22,P,1.85,2016-01-27
3055,2016-05-16 13:56:00,2016-05-16,0.0043,0.0,0.0,11852.0,0.0043,0.0043,0.0043,10000553,2016-06-22,2016-06-22,P,1.85,2016-01-27
3056,2016-05-16 13:57:00,2016-05-16,0.0043,430.0,10.0,11862.0,0.0043,0.0043,0.0043,10000553,2016-06-22,2016-06-22,P,1.85,2016-01-27
3057,2016-05-16 13:58:00,2016-05-16,0.0043,0.0,0.0,11862.0,0.0043,0.0043,0.0043,10000553,2016-06-22,2016-06-22,P,1.85,2016-01-27
3058,2016-05-16 13:59:00,2016-05-16,0.0043,0.0,0.0,11862.0,0.0043,0.0043,0.0043,10000553,2016-06-22,2016-06-22,P,1.85,2016-01-27
3059,2016-05-16 14:00:00,2016-05-16,0.0043,0.0,0.0,11862.0,0.0043,0.0043,0.0043,10000553,2016-06-22,2016-06-22,P,1.85,2016-01-27
3060,2016-05-16 14:01:00,2016-05-16,0.0043,0.0,0.0,11862.0,0.0043,0.0043,0.0043,10000553,2016-06-22,2016-06-22,P,1.85,2016-01-27
3061,2016-05-16 14:02:00,2016-05-16,0.0043,0.0,0.0,11862.0,0.0043,0.0043,0.0043,10000553,2016-06-22,2016-06-22,P,1.85,2016-01-27
3062,2016-05-16 14:03:00,2016-05-16,0.0043,0.0,0.0,11862.0,0.0043,0.0043,0.0043,10000553,2016-06-22,2016-06-22,P,1.85,2016-01-27
3063,2016-05-16 14:04:00,2016-05-16,0.0043,0.0,0.0,11862.0,0.0043,0.0043,0.0043,10000553,2016-06-22,2016-06-22,P,1.85,2016-01-27
3064,2016-05-16 14:05:00,2016-05-16,0.0043,0.0,0.0,11862.0,0.0043,0.0043,0.0043,10000553,2016-06-22,2016-06-22,P,1.85,2016-01-27
3065,2016-05-16 14:06:00,2016-05-16,0.0043,0.0,0.0,11862.0,0.0043,0.0043,0.0043,10000553,2016-06-22,2016-06-22,P,1.85,2016-01-27
3066,2016-05-16 14:07:00,2016-05-16,0.0043,0.0,0.0,11862.0,0.0043,0.0043,0.0043,10000553,2016-06-22,2016-06-22,P,1.85,2016-01-27
3067,2016-05-16 14:08:00,2016-05-16,0.0043,0.0,0.0,11862.0,0.0043,0.0043,0.0043,10000553,2016-06-22,2016-06-22,P,1.85,2016-01-27
3068,2016-05-16 14:09:00,2016-05-16,0.0043,0.0,0.0,11862.0,0.0043,0.0043,0.0043,10000553,2016-06-22,2016-06-22,P,1.85,2016-01-27
3069,2016-05-16 14:10:00,2016-05-16,0.0043,0.0,0.0,11862.0,0.0043,0.0043,0.0043,10000553,2016-06-22,2016-06-22,P,1.85,2016-01-27
3070,2016-05-16 14:11:00,2016-05-16,0.0043,0.0,0.0,11862.0,0.0043,0.0043,0.0043,10000553,2016-06-22,2016-06-22,P,1.85,2016-01-27
3071,2016-05-16 14:12:00,2016-05-16,0.0043,0.0,0.0,11862.0,0.0043,0.0043,0.0043,10000553,2016-06-22,2016-06-22,P,1.85,2016-01-27
3072,2016-05-16 14:13:00,2016-05-16,0.0043,0.0,0.0,11862.0,0.0043,0.0043,0.0043,10000553,2016-06-22,2016-06-22,P,1.85,2016-01-27
3073,2016-05-16 14:14:00,2016-05-16,0.0043,0.0,0.0,11862.0,0.0043,0.0043,0.0043,10000553,2016-06-22,2016-06-22,P,1.85,2016-01-27
3074,2016-05-16 14:15:00,2016-05-16,0.0043,0.0,0.0,11862.0,0.0043,0.0043,0.0043,10000553,2016-06-22,2016-06-22,P,1.85,2016-01-27
3075,2016-05-16 14:16:00,2016-05-16,0.0044,44.0,1.0,11862.0,0.0043,0.0044,0.0043,10000553,2016-06-22,2016-06-22,P,1.85,2016-01-27
3076,2016-05-16 14:17:00,2016-05-16,0.0044,0.0,0.0,11862.0,0.0044,0.0044,0.0044,10000553,2016-06-22,2016-06-22,P,1.85,2016-01-27
3077,2016-05-16 14:18:00,2016-05-16,0.0044,0.0,0.0,11862.0,0.0044,0.0044,0.0044,10000553,2016-06-22,2016-06-22,P,1.85,2016-01-27
3078,2016-05-16 14:19:00,2016-05-16,0.0044,0.0,0.0,11862.0,0.0044,0.0044,0.0044,10000553,2016-06-22,2016-06-22,P,1.85,2016-01-27
3079,2016-05-16 14:20:00,2016-05-16,0.0044,0.0,0.0,11862.0,0.0044,0.0044,0.0044,10000553,2016-06-22,2016-06-22,P,1.85,2016-01-27
3080,2016-05-16 14:21:00,2016-05-16,0.0047,920.0,20.0,11882.0,0.0044,0.0045,0.0044,10000553,2016-06-22,2016-06-22,P,1.85,2016-01-27
3081,2016-05-16 14:22:00,2016-05-16,0.0045,0.0,0.0,11882.0,0.0045,0.0045,0.0045,10000553,2016-06-22,2016-06-22,P,1.85,2016-01-27
3082,2016-05-16 14:23:00,2016-05-16,0.0045,0.0,0.0,11882.0,0.0045,0.0045,0.0045,10000553,2016-06-22,2016-06-22,P,1.85,2016-01-27
3083,2016-05-16 14:24:00,2016-05-16,0.0045,0.0,0.0,11882.0,0.0045,0.0045,0.0045,10000553,2016-06-22,2016-06-22,P,1.85,2016-01-27
3084,2016-05-16 14:25:00,2016-05-16,0.0045,0.0,0.0,11882.0,0.0045,0.0045,0.0045,10000553,2016-06-22,2016-06-22,P,1.85,2016-01-27
3085,2016-05-16 14:26:00,2016-05-16,0.0045,0.0,0.0,11882.0,0.0045,0.0045,0.0045,10000553,2016-06-22,2016-06-22,P,1.85,2016-01-27
3086,2016-05-16 14:27:00,2016-05-16,0.0045,0.0,0.0,11882.0,0.0045,0.0045,0.0045,10000553,2016-06-22,2016-06-22,P,1.85,2016-01-27
3087,2016-05-16 14:28:00,2016-05-16,0.0048,480.0,10.0,11882.0,0.0045,0.0048,0.0045,10000553,2016-06-22,2016-06-22,P,1.85,2016-01-27
3088,2016-05-16 14:29:00,2016-05-16,0.0048,480.0,10.0,11882.0,0.0048,0.0048,0.0048,10000553,2016-06-22,2016-06-22,P,1.85,2016-01-27
3089,2016-05-16 14:30:00,2016-05-16,0.0048,0.0,0.0,11882.0,0.0048,0.0048,0.0048,10000553,2016-06-22,2016-06-22,P,1.85,2016-01-27
3090,2016-05-16 14:31:00,2016-05-16,0.0046,460.0,10.0,11892.0,0.0046,0.0046,0.0046,10000553,2016-06-22,2016-06-22,P,1.85,2016-01-27
3091,2016-05-16 14:32:00,2016-05-16,0.0046,0.0,0.0,11892.0,0.0046,0.0046,0.0046,10000553,2016-06-22,2016-06-22,P,1.85,2016-01-27
3092,2016-05-16 14:33:00,2016-05-16,0.0046,0.0,0.0,11892.0,0.0046,0.0046,0.0046,10000553,2016-06-22,2016-06-22,P,1.85,2016-01-27
3093,2016-05-16 14:34:00,2016-05-16,0.0046,0.0,0.0,11892.0,0.0046,0.0046,0.0046,10000553,2016-06-22,2016-06-22,P,1.85,2016-01-27
3094,2016-05-16 14:35:00,2016-05-16,0.0046,0.0,0.0,11892.0,0.0046,0.0046,0.0046,10000553,2016-06-22,2016-06-22,P,1.85,2016-01-27
3095,2016-05-16 14:36:00,2016-05-16,0.0046,0.0,0.0,11892.0,0.0046,0.0046,0.0046,10000553,2016-06-22,2016-06-22,P,1.85,2016-01-27
3096,2016-05-16 14:37:00,2016-05-16,0.0046,0.0,0.0,11892.0,0.0046,0.0046,0.0046,10000553,2016-06-22,2016-06-22,P,1.85,2016-01-27
3097,2016-05-16 14:38:00,2016-05-16,0.0046,0.0,0.0,11892.0,0.0046,0.0046,0.0046,10000553,2016-06-22,2016-06-22,P,1.85,2016-01-27
3098,2016-05-16 14:39:00,2016-05-16,0.0046,0.0,0.0,11892.0,0.0046,0.0046,0.0046,10000553,2016-06-22,2016-06-22,P,1.85,2016-01-27
3099,2016-05-16 14:40:00,2016-05-16,0.0046,0.0,0.0,11892.0,0.0046,0.0046,0.0046,10000553,2016-06-22,2016-06-22,P,1.85,2016-01-27
3100,2016-05-16 14:41:00,2016-05-16,0.0046,0.0,0.0,11892.0,0.0046,0.0046,0.0046,10000553,2016-06-22,2016-06-22,P,1.85,2016-01-27
3101,2016-05-16 14:42:00,2016-05-16,0.0046,0.0,0.0,11892.0,0.0046,0.0046,0.0046,10000553,2016-06-22,2016-06-22,P,1.85,2016-01-27
3102,2016-05-16 14:43:00,2016-05-16,0.0046,0.0,0.0,11892.0,0.0046,0.0046,0.0046,10000553,2016-06-22,2016-06-22,P,1.85,2016-01-27
3103,2016-05-16 14:44:00,2016-05-16,0.0046,0.0,0.0,11892.0,0.0046,0.0046,0.0046,10000553,2016-06-22,2016-06-22,P,1.85,2016-01-27
3104,2016-05-16 14:45:00,2016-05-16,0.0046,0.0,0.0,11892.0,0.0046,0.0046,0.0046,10000553,2016-06-22,2016-06-22,P,1.85,2016-01-27
3105,2016-05-16 14:46:00,2016-05-16,0.0046,44.0,1.0,11893.0,0.0046,0.0044,0.0044,10000553,2016-06-22,2016-06-22,P,1.85,2016-01-27
3106,2016-05-16 14:47:00,2016-05-16,0.0044,0.0,0.0,11893.0,0.0044,0.0044,0.0044,10000553,2016-06-22,2016-06-22,P,1.85,2016-01-27
3107,2016-05-16 14:48:00,2016-05-16,0.0044,0.0,0.0,11893.0,0.0044,0.0044,0.0044,10000553,2016-06-22,2016-06-22,P,1.85,2016-01-27
3108,2016-05-16 14:49:00,2016-05-16,0.0044,0.0,0.0,11893.0,0.0044,0.0044,0.0044,10000553,2016-06-22,2016-06-22,P,1.85,2016-01-27
3109,2016-05-16 14:50:00,2016-05-16,0.0044,0.0,0.0,11893.0,0.0044,0.0044,0.0044,10000553,2016-06-22,2016-06-22,P,1.85,2016-01-27
3110,2016-05-16 14:51:00,2016-05-16,0.0044,0.0,0.0,11893.0,0.0044,0.0044,0.0044,10000553,2016-06-22,2016-06-22,P,1.85,2016-01-27
3111,2016-05-16 14:52:00,2016-05-16,0.0044,220.0,5.0,11893.0,0.0044,0.0044,0.0044,10000553,2016-06-22,2016-06-22,P,1.85,2016-01-27
3112,2016-05-16 14:53:00,2016-05-16,0.0044,0.0,0.0,11893.0,0.0044,0.0044,0.0044,10000553,2016-06-22,2016-06-22,P,1.85,2016-01-27
3113,2016-05-16 14:54:00,2016-05-16,0.0044,88.0,2.0,11893.0,0.0044,0.0044,0.0044,10000553,2016-06-22,2016-06-22,P,1.85,2016-01-27
3114,2016-05-16 14:55:00,2016-05-16,0.0044,0.0,0.0,11893.0,0.0044,0.0044,0.0044,10000553,2016-06-22,2016-06-22,P,1.85,2016-01-27
3115,2016-05-16 14:56:00,2016-05-16,0.0044,0.0,0.0,11893.0,0.0044,0.0044,0.0044,10000553,2016-06-22,2016-06-22,P,1.85,2016-01-27
3116,2016-05-16 14:57:00,2016-05-16,0.0044,0.0,0.0,11893.0,0.0044,0.0044,0.0044,10000553,2016-06-22,2016-06-22,P,1.85,2016-01-27
3117,2016-05-16 14:58:00,2016-05-16,0.0044,0.0,0.0,11893.0,0.0044,0.0044,0.0044,10000553,2016-06-22,2016-06-22,P,1.85,2016-01-27
3118,2016-05-16 14:59:00,2016-05-16,0.0044,0.0,0.0,11893.0,0.0044,0.0044,0.0044,10000553,2016-06-22,2016-06-22,P,1.85,2016-01-27
3119,2016-05-16 15:00:00,2016-05-16,0.0044,0.0,0.0,11893.0,0.0044,0.0044,0.0044,10000553,2016-06-22,2016-06-22,P,1.85,2016-01-27
3120,2016-05-16 09:31:00,2016-05-16,0.539,0.0,0.0,1313.0,0.539,0.539,0.539,10000474,2016-06-22,2016-06-22,P,2.6,2015-11-09
3121,2016-05-16 09:32:00,2016-05-16,0.5444,108880.0,20.0,1313.0,0.539,0.5444,0.539,10000474,2016-06-22,2016-06-22,P,2.6,2015-11-09
3122,2016-05-16 09:33:00,2016-05-16,0.5444,0.0,0.0,1313.0,0.5444,0.5444,0.5444,10000474,2016-06-22,2016-06-22,P,2.6,2015-11-09
3123,2016-05-16 09:34:00,2016-05-16,0.5444,0.0,0.0,1313.0,0.5444,0.5444,0.5444,10000474,2016-06-22,2016-06-22,P,2.6,2015-11-09
3124,2016-05-16 09:35:00,2016-05-16,0.5444,0.0,0.0,1313.0,0.5444,0.5444,0.5444,10000474,2016-06-22,2016-06-22,P,2.6,2015-11-09
3125,2016-05-16 09:36:00,2016-05-16,0.5444,108350.0,20.0,1333.0,0.5444,0.5417,0.5417,10000474,2016-06-22,2016-06-22,P,2.6,2015-11-09
3126,2016-05-16 09:37:00,2016-05-16,0.5417,0.0,0.0,1333.0,0.5417,0.5417,0.5417,10000474,2016-06-22,2016-06-22,P,2.6,2015-11-09
3127,2016-05-16 09:38:00,2016-05-16,0.5417,0.0,0.0,1333.0,0.5417,0.5417,0.5417,10000474,2016-06-22,2016-06-22,P,2.6,2015-11-09
3128,2016-05-16 09:39:00,2016-05-16,0.5417,0.0,0.0,1333.0,0.5417,0.5417,0.5417,10000474,2016-06-22,2016-06-22,P,2.6,2015-11-09
3129,2016-05-16 09:40:00,2016-05-16,0.5417,0.0,0.0,1333.0,0.5417,0.5417,0.5417,10000474,2016-06-22,2016-06-22,P,2.6,2015-11-09
3130,2016-05-16 09:41:00,2016-05-16,0.5417,0.0,0.0,1333.0,0.5417,0.5417,0.5417,10000474,2016-06-22,2016-06-22,P,2.6,2015-11-09
3131,2016-05-16 09:42:00,2016-05-16,0.544,21760.0,4.0,1333.0,0.5417,0.544,0.5417,10000474,2016-06-22,2016-06-22,P,2.6,2015-11-09
3132,2016-05-16 09:43:00,2016-05-16,0.544,0.0,0.0,1333.0,0.544,0.544,0.544,10000474,2016-06-22,2016-06-22,P,2.6,2015-11-09
3133,2016-05-16 09:44:00,2016-05-16,0.544,0.0,0.0,1333.0,0.544,0.544,0.544,10000474,2016-06-22,2016-06-22,P,2.6,2015-11-09
3134,2016-05-16 09:45:00,2016-05-16,0.544,32640.0,6.0,1333.0,0.544,0.544,0.544,10000474,2016-06-22,2016-06-22,P,2.6,2015-11-09
3135,2016-05-16 09:46:00,2016-05-16,0.544,0.0,0.0,1333.0,0.544,0.544,0.544,10000474,2016-06-22,2016-06-22,P,2.6,2015-11-09
3136,2016-05-16 09:47:00,2016-05-16,0.544,0.0,0.0,1333.0,0.544,0.544,0.544,10000474,2016-06-22,2016-06-22,P,2.6,2015-11-09
3137,2016-05-16 09:48:00,2016-05-16,0.544,0.0,0.0,1333.0,0.544,0.544,0.544,10000474,2016-06-22,2016-06-22,P,2.6,2015-11-09
3138,2016-05-16 09:49:00,2016-05-16,0.544,0.0,0.0,1333.0,0.544,0.544,0.544,10000474,2016-06-22,2016-06-22,P,2.6,2015-11-09
3139,2016-05-16 09:50:00,2016-05-16,0.544,0.0,0.0,1333.0,0.544,0.544,0.544,10000474,2016-06-22,2016-06-22,P,2.6,2015-11-09
3140,2016-05-16 09:51:00,2016-05-16,0.544,0.0,0.0,1333.0,0.544,0.544,0.544,10000474,2016-06-22,2016-06-22,P,2.6,2015-11-09
3141,2016-05-16 09:52:00,2016-05-16,0.544,0.0,0.0,1333.0,0.544,0.544,0.544,10000474,2016-06-22,2016-06-22,P,2.6,2015-11-09
3142,2016-05-16 09:53:00,2016-05-16,0.5535,165276.0,30.0,1341.0,0.544,0.5535,0.544,10000474,2016-06-22,2016-06-22,P,2.6,2015-11-09
3143,2016-05-16 09:54:00,2016-05-16,0.5547,121824.0,22.0,1351.0,0.5535,0.5547,0.5535,10000474,2016-06-22,2016-06-22,P,2.6,2015-11-09
3144,2016-05-16 09:55:00,2016-05-16,0.5547,0.0,0.0,1351.0,0.5547,0.5547,0.5547,10000474,2016-06-22,2016-06-22,P,2.6,2015-11-09
3145,2016-05-16 09:56:00,2016-05-16,0.5547,0.0,0.0,1351.0,0.5547,0.5547,0.5547,10000474,2016-06-22,2016-06-22,P,2.6,2015-11-09
3146,2016-05-16 09:57:00,2016-05-16,0.5547,0.0,0.0,1351.0,0.5547,0.5547,0.5547,10000474,2016-06-22,2016-06-22,P,2.6,2015-11-09
3147,2016-05-16 09:58:00,2016-05-16,0.5547,0.0,0.0,1351.0,0.5547,0.5547,0.5547,10000474,2016-06-22,2016-06-22,P,2.6,2015-11-09
3148,2016-05-16 09:59:00,2016-05-16,0.5547,0.0,0.0,1351.0,0.5547,0.5547,0.5547,10000474,2016-06-22,2016-06-22,P,2.6,2015-11-09
3149,2016-05-16 10:00:00,2016-05-16,0.5547,0.0,0.0,1351.0,0.5547,0.5547,0.5547,10000474,2016-06-22,2016-06-22,P,2.6,2015-11-09
3150,2016-05-16 10:01:00,2016-05-16,0.5547,0.0,0.0,1351.0,0.5547,0.5547,0.5547,10000474,2016-06-22,2016-06-22,P,2.6,2015-11-09
3151,2016-05-16 10:02:00,2016-05-16,0.5547,0.0,0.0,1351.0,0.5547,0.5547,0.5547,10000474,2016-06-22,2016-06-22,P,2.6,2015-11-09
3152,2016-05-16 10:03:00,2016-05-16,0.5547,0.0,0.0,1351.0,0.5547,0.5547,0.5547,10000474,2016-06-22,2016-06-22,P,2.6,2015-11-09
3153,2016-05-16 10:04:00,2016-05-16,0.5547,0.0,0.0,1351.0,0.5547,0.5547,0.5547,10000474,2016-06-22,2016-06-22,P,2.6,2015-11-09
3154,2016-05-16 10:05:00,2016-05-16,0.5547,0.0,0.0,1351.0,0.5547,0.5547,0.5547,10000474,2016-06-22,2016-06-22,P,2.6,2015-11-09
3155,2016-05-16 10:06:00,2016-05-16,0.5547,0.0,0.0,1351.0,0.5547,0.5547,0.5547,10000474,2016-06-22,2016-06-22,P,2.6,2015-11-09
3156,2016-05-16 10:07:00,2016-05-16,0.5547,0.0,0.0,1351.0,0.5547,0.5547,0.5547,10000474,2016-06-22,2016-06-22,P,2.6,2015-11-09
3157,2016-05-16 10:08:00,2016-05-16,0.5547,0.0,0.0,1351.0,0.5547,0.5547,0.5547,10000474,2016-06-22,2016-06-22,P,2.6,2015-11-09
3158,2016-05-16 10:09:00,2016-05-16,0.5547,0.0,0.0,1351.0,0.5547,0.5547,0.5547,10000474,2016-06-22,2016-06-22,P,2.6,2015-11-09
3159,2016-05-16 10:10:00,2016-05-16,0.5547,0.0,0.0,1351.0,0.5547,0.5547,0.5547,10000474,2016-06-22,2016-06-22,P,2.6,2015-11-09
3160,2016-05-16 10:11:00,2016-05-16,0.5547,0.0,0.0,1351.0,0.5547,0.5547,0.5547,10000474,2016-06-22,2016-06-22,P,2.6,2015-11-09
3161,2016-05-16 10:12:00,2016-05-16,0.5547,0.0,0.0,1351.0,0.5547,0.5547,0.5547,10000474,2016-06-22,2016-06-22,P,2.6,2015-11-09
3162,2016-05-16 10:13:00,2016-05-16,0.5547,0.0,0.0,1351.0,0.5547,0.5547,0.5547,10000474,2016-06-22,2016-06-22,P,2.6,2015-11-09
3163,2016-05-16 10:14:00,2016-05-16,0.5547,0.0,0.0,1351.0,0.5547,0.5547,0.5547,10000474,2016-06-22,2016-06-22,P,2.6,2015-11-09
3164,2016-05-16 10:15:00,2016-05-16,0.5547,0.0,0.0,1351.0,0.5547,0.5547,0.5547,10000474,2016-06-22,2016-06-22,P,2.6,2015-11-09
3165,2016-05-16 10:16:00,2016-05-16,0.5547,0.0,0.0,1351.0,0.5547,0.5547,0.5547,10000474,2016-06-22,2016-06-22,P,2.6,2015-11-09
3166,2016-05-16 10:17:00,2016-05-16,0.5547,0.0,0.0,1351.0,0.5547,0.5547,0.5547,10000474,2016-06-22,2016-06-22,P,2.6,2015-11-09
3167,2016-05-16 10:18:00,2016-05-16,0.5547,0.0,0.0,1351.0,0.5547,0.5547,0.5547,10000474,2016-06-22,2016-06-22,P,2.6,2015-11-09
3168,2016-05-16 10:19:00,2016-05-16,0.5547,0.0,0.0,1351.0,0.5547,0.5547,0.5547,10000474,2016-06-22,2016-06-22,P,2.6,2015-11-09
3169,2016-05-16 10:20:00,2016-05-16,0.5547,5499.0,1.0,1351.0,0.5547,0.5499,0.5499,10000474,2016-06-22,2016-06-22,P,2.6,2015-11-09
3170,2016-05-16 10:21:00,2016-05-16,0.5499,0.0,0.0,1351.0,0.5499,0.5499,0.5499,10000474,2016-06-22,2016-06-22,P,2.6,2015-11-09
3171,2016-05-16 10:22:00,2016-05-16,0.5499,0.0,0.0,1351.0,0.5499,0.5499,0.5499,10000474,2016-06-22,2016-06-22,P,2.6,2015-11-09
3172,2016-05-16 10:23:00,2016-05-16,0.5499,0.0,0.0,1351.0,0.5499,0.5499,0.5499,10000474,2016-06-22,2016-06-22,P,2.6,2015-11-09
3173,2016-05-16 10:24:00,2016-05-16,0.5499,0.0,0.0,1351.0,0.5499,0.5499,0.5499,10000474,2016-06-22,2016-06-22,P,2.6,2015-11-09
3174,2016-05-16 10:25:00,2016-05-16,0.5499,0.0,0.0,1351.0,0.5499,0.5499,0.5499,10000474,2016-06-22,2016-06-22,P,2.6,2015-11-09
3175,2016-05-16 10:26:00,2016-05-16,0.5499,0.0,0.0,1351.0,0.5499,0.5499,0.5499,10000474,2016-06-22,2016-06-22,P,2.6,2015-11-09
3176,2016-05-16 10:27:00,2016-05-16,0.5499,0.0,0.0,1351.0,0.5499,0.5499,0.5499,10000474,2016-06-22,2016-06-22,P,2.6,2015-11-09
3177,2016-05-16 10:28:00,2016-05-16,0.5499,0.0,0.0,1351.0,0.5499,0.5499,0.5499,10000474,2016-06-22,2016-06-22,P,2.6,2015-11-09
3178,2016-05-16 10:29:00,2016-05-16,0.5499,0.0,0.0,1351.0,0.5499,0.5499,0.5499,10000474,2016-06-22,2016-06-22,P,2.6,2015-11-09
3179,2016-05-16 10:30:00,2016-05-16,0.5499,0.0,0.0,1351.0,0.5499,0.5499,0.5499,10000474,2016-06-22,2016-06-22,P,2.6,2015-11-09
3180,2016-05-16 10:31:00,2016-05-16,0.5499,0.0,0.0,1351.0,0.5499,0.5499,0.5499,10000474,2016-06-22,2016-06-22,P,2.6,2015-11-09
3181,2016-05-16 10:32:00,2016-05-16,0.5499,0.0,0.0,1351.0,0.5499,0.5499,0.5499,10000474,2016-06-22,2016-06-22,P,2.6,2015-11-09
3182,2016-05-16 10:33:00,2016-05-16,0.5499,0.0,0.0,1351.0,0.5499,0.5499,0.5499,10000474,2016-06-22,2016-06-22,P,2.6,2015-11-09
3183,2016-05-16 10:34:00,2016-05-16,0.5499,0.0,0.0,1351.0,0.5499,0.5499,0.5499,10000474,2016-06-22,2016-06-22,P,2.6,2015-11-09
3184,2016-05-16 10:35:00,2016-05-16,0.5499,0.0,0.0,1351.0,0.5499,0.5499,0.5499,10000474,2016-06-22,2016-06-22,P,2.6,2015-11-09
3185,2016-05-16 10:36:00,2016-05-16,0.5499,0.0,0.0,1351.0,0.5499,0.5499,0.5499,10000474,2016-06-22,2016-06-22,P,2.6,2015-11-09
3186,2016-05-16 10:37:00,2016-05-16,0.5499,0.0,0.0,1351.0,0.5499,0.5499,0.5499,10000474,2016-06-22,2016-06-22,P,2.6,2015-11-09
3187,2016-05-16 10:38:00,2016-05-16,0.5499,0.0,0.0,1351.0,0.5499,0.5499,0.5499,10000474,2016-06-22,2016-06-22,P,2.6,2015-11-09
3188,2016-05-16 10:39:00,2016-05-16,0.5499,0.0,0.0,1351.0,0.5499,0.5499,0.5499,10000474,2016-06-22,2016-06-22,P,2.6,2015-11-09
3189,2016-05-16 10:40:00,2016-05-16,0.5499,0.0,0.0,1351.0,0.5499,0.5499,0.5499,10000474,2016-06-22,2016-06-22,P,2.6,2015-11-09
3190,2016-05-16 10:41:00,2016-05-16,0.5499,0.0,0.0,1351.0,0.5499,0.5499,0.5499,10000474,2016-06-22,2016-06-22,P,2.6,2015-11-09
3191,2016-05-16 10:42:00,2016-05-16,0.5499,0.0,0.0,1351.0,0.5499,0.5499,0.5499,10000474,2016-06-22,2016-06-22,P,2.6,2015-11-09
3192,2016-05-16 10:43:00,2016-05-16,0.5499,0.0,0.0,1351.0,0.5499,0.5499,0.5499,10000474,2016-06-22,2016-06-22,P,2.6,2015-11-09
3193,2016-05-16 10:44:00,2016-05-16,0.5499,0.0,0.0,1351.0,0.5499,0.5499,0.5499,10000474,2016-06-22,2016-06-22,P,2.6,2015-11-09
3194,2016-05-16 10:45:00,2016-05-16,0.5499,0.0,0.0,1351.0,0.5499,0.5499,0.5499,10000474,2016-06-22,2016-06-22,P,2.6,2015-11-09
3195,2016-05-16 10:46:00,2016-05-16,0.5499,0.0,0.0,1351.0,0.5499,0.5499,0.5499,10000474,2016-06-22,2016-06-22,P,2.6,2015-11-09
3196,2016-05-16 10:47:00,2016-05-16,0.5499,0.0,0.0,1351.0,0.5499,0.5499,0.5499,10000474,2016-06-22,2016-06-22,P,2.6,2015-11-09
3197,2016-05-16 10:48:00,2016-05-16,0.5499,0.0,0.0,1351.0,0.5499,0.5499,0.5499,10000474,2016-06-22,2016-06-22,P,2.6,2015-11-09
3198,2016-05-16 10:49:00,2016-05-16,0.5499,0.0,0.0,1351.0,0.5499,0.5499,0.5499,10000474,2016-06-22,2016-06-22,P,2.6,2015-11-09
3199,2016-05-16 10:50:00,2016-05-16,0.5499,0.0,0.0,1351.0,0.5499,0.5499,0.5499,10000474,2016-06-22,2016-06-22,P,2.6,2015-11-09
3200,2016-05-16 10:51:00,2016-05-16,0.5499,0.0,0.0,1351.0,0.5499,0.5499,0.5499,10000474,2016-06-22,2016-06-22,P,2.6,2015-11-09
3201,2016-05-16 10:52:00,2016-05-16,0.5499,0.0,0.0,1351.0,0.5499,0.5499,0.5499,10000474,2016-06-22,2016-06-22,P,2.6,2015-11-09
3202,2016-05-16 10:53:00,2016-05-16,0.5499,0.0,0.0,1351.0,0.5499,0.5499,0.5499,10000474,2016-06-22,2016-06-22,P,2.6,2015-11-09
3203,2016-05-16 10:54:00,2016-05-16,0.5499,0.0,0.0,1351.0,0.5499,0.5499,0.5499,10000474,2016-06-22,2016-06-22,P,2.6,2015-11-09
3204,2016-05-16 10:55:00,2016-05-16,0.5499,0.0,0.0,1351.0,0.5499,0.5499,0.5499,10000474,2016-06-22,2016-06-22,P,2.6,2015-11-09
3205,2016-05-16 10:56:00,2016-05-16,0.5499,0.0,0.0,1351.0,0.5499,0.5499,0.5499,10000474,2016-06-22,2016-06-22,P,2.6,2015-11-09
3206,2016-05-16 10:57:00,2016-05-16,0.5499,0.0,0.0,1351.0,0.5499,0.5499,0.5499,10000474,2016-06-22,2016-06-22,P,2.6,2015-11-09
3207,2016-05-16 10:58:00,2016-05-16,0.5499,10758.0,2.0,1351.0,0.5499,0.5379,0.5379,10000474,2016-06-22,2016-06-22,P,2.6,2015-11-09
3208,2016-05-16 10:59:00,2016-05-16,0.5379,0.0,0.0,1351.0,0.5379,0.5379,0.5379,10000474,2016-06-22,2016-06-22,P,2.6,2015-11-09
3209,2016-05-16 11:00:00,2016-05-16,0.5379,0.0,0.0,1351.0,0.5379,0.5379,0.5379,10000474,2016-06-22,2016-06-22,P,2.6,2015-11-09
3210,2016-05-16 11:01:00,2016-05-16,0.5379,0.0,0.0,1351.0,0.5379,0.5379,0.5379,10000474,2016-06-22,2016-06-22,P,2.6,2015-11-09
3211,2016-05-16 11:02:00,2016-05-16,0.5379,0.0,0.0,1351.0,0.5379,0.5379,0.5379,10000474,2016-06-22,2016-06-22,P,2.6,2015-11-09
3212,2016-05-16 11:03:00,2016-05-16,0.5379,0.0,0.0,1351.0,0.5379,0.5379,0.5379,10000474,2016-06-22,2016-06-22,P,2.6,2015-11-09
3213,2016-05-16 11:04:00,2016-05-16,0.5379,0.0,0.0,1351.0,0.5379,0.5379,0.5379,10000474,2016-06-22,2016-06-22,P,2.6,2015-11-09
3214,2016-05-16 11:05:00,2016-05-16,0.5379,0.0,0.0,1351.0,0.5379,0.5379,0.5379,10000474,2016-06-22,2016-06-22,P,2.6,2015-11-09
3215,2016-05-16 11:06:00,2016-05-16,0.5379,0.0,0.0,1351.0,0.5379,0.5379,0.5379,10000474,2016-06-22,2016-06-22,P,2.6,2015-11-09
3216,2016-05-16 11:07:00,2016-05-16,0.5379,0.0,0.0,1351.0,0.5379,0.5379,0.5379,10000474,2016-06-22,2016-06-22,P,2.6,2015-11-09
3217,2016-05-16 11:08:00,2016-05-16,0.5379,0.0,0.0,1351.0,0.5379,0.5379,0.5379,10000474,2016-06-22,2016-06-22,P,2.6,2015-11-09
3218,2016-05-16 11:09:00,2016-05-16,0.5379,0.0,0.0,1351.0,0.5379,0.5379,0.5379,10000474,2016-06-22,2016-06-22,P,2.6,2015-11-09
3219,2016-05-16 11:10:00,2016-05-16,0.5379,0.0,0.0,1351.0,0.5379,0.5379,0.5379,10000474,2016-06-22,2016-06-22,P,2.6,2015-11-09
3220,2016-05-16 11:11:00,2016-05-16,0.5379,0.0,0.0,1351.0,0.5379,0.5379,0.5379,10000474,2016-06-22,2016-06-22,P,2.6,2015-11-09
3221,2016-05-16 11:12:00,2016-05-16,0.5379,0.0,0.0,1351.0,0.5379,0.5379,0.5379,10000474,2016-06-22,2016-06-22,P,2.6,2015-11-09
3222,2016-05-16 11:13:00,2016-05-16,0.5379,0.0,0.0,1351.0,0.5379,0.5379,0.5379,10000474,2016-06-22,2016-06-22,P,2.6,2015-11-09
3223,2016-05-16 11:14:00,2016-05-16,0.5379,0.0,0.0,1351.0,0.5379,0.5379,0.5379,10000474,2016-06-22,2016-06-22,P,2.6,2015-11-09
3224,2016-05-16 11:15:00,2016-05-16,0.5379,0.0,0.0,1351.0,0.5379,0.5379,0.5379,10000474,2016-06-22,2016-06-22,P,2.6,2015-11-09
3225,2016-05-16 11:16:00,2016-05-16,0.5379,0.0,0.0,1351.0,0.5379,0.5379,0.5379,10000474,2016-06-22,2016-06-22,P,2.6,2015-11-09
3226,2016-05-16 11:17:00,2016-05-16,0.5379,0.0,0.0,1351.0,0.5379,0.5379,0.5379,10000474,2016-06-22,2016-06-22,P,2.6,2015-11-09
3227,2016-05-16 11:18:00,2016-05-16,0.5379,0.0,0.0,1351.0,0.5379,0.5379,0.5379,10000474,2016-06-22,2016-06-22,P,2.6,2015-11-09
3228,2016-05-16 11:19:00,2016-05-16,0.5379,0.0,0.0,1351.0,0.5379,0.5379,0.5379,10000474,2016-06-22,2016-06-22,P,2.6,2015-11-09
3229,2016-05-16 11:20:00,2016-05-16,0.5379,0.0,0.0,1351.0,0.5379,0.5379,0.5379,10000474,2016-06-22,2016-06-22,P,2.6,2015-11-09
3230,2016-05-16 11:21:00,2016-05-16,0.5379,0.0,0.0,1351.0,0.5379,0.5379,0.5379,10000474,2016-06-22,2016-06-22,P,2.6,2015-11-09
3231,2016-05-16 11:22:00,2016-05-16,0.5379,0.0,0.0,1351.0,0.5379,0.5379,0.5379,10000474,2016-06-22,2016-06-22,P,2.6,2015-11-09
3232,2016-05-16 11:23:00,2016-05-16,0.5379,0.0,0.0,1351.0,0.5379,0.5379,0.5379,10000474,2016-06-22,2016-06-22,P,2.6,2015-11-09
3233,2016-05-16 11:24:00,2016-05-16,0.5379,0.0,0.0,1351.0,0.5379,0.5379,0.5379,10000474,2016-06-22,2016-06-22,P,2.6,2015-11-09
3234,2016-05-16 11:25:00,2016-05-16,0.5379,0.0,0.0,1351.0,0.5379,0.5379,0.5379,10000474,2016-06-22,2016-06-22,P,2.6,2015-11-09
3235,2016-05-16 11:26:00,2016-05-16,0.5379,0.0,0.0,1351.0,0.5379,0.5379,0.5379,10000474,2016-06-22,2016-06-22,P,2.6,2015-11-09
3236,2016-05-16 11:27:00,2016-05-16,0.5379,0.0,0.0,1351.0,0.5379,0.5379,0.5379,10000474,2016-06-22,2016-06-22,P,2.6,2015-11-09
3237,2016-05-16 11:28:00,2016-05-16,0.5379,0.0,0.0,1351.0,0.5379,0.5379,0.5379,10000474,2016-06-22,2016-06-22,P,2.6,2015-11-09
3238,2016-05-16 11:29:00,2016-05-16,0.5379,0.0,0.0,1351.0,0.5379,0.5379,0.5379,10000474,2016-06-22,2016-06-22,P,2.6,2015-11-09
3239,2016-05-16 11:30:00,2016-05-16,0.5379,0.0,0.0,1351.0,0.5379,0.5379,0.5379,10000474,2016-06-22,2016-06-22,P,2.6,2015-11-09
3240,2016-05-16 13:01:00,2016-05-16,0.5379,0.0,0.0,1351.0,0.5379,0.5379,0.5379,10000474,2016-06-22,2016-06-22,P,2.6,2015-11-09
3241,2016-05-16 13:02:00,2016-05-16,0.5379,0.0,0.0,1351.0,0.5379,0.5379,0.5379,10000474,2016-06-22,2016-06-22,P,2.6,2015-11-09
3242,2016-05-16 13:03:00,2016-05-16,0.5379,0.0,0.0,1351.0,0.5379,0.5379,0.5379,10000474,2016-06-22,2016-06-22,P,2.6,2015-11-09
3243,2016-05-16 13:04:00,2016-05-16,0.5379,0.0,0.0,1351.0,0.5379,0.5379,0.5379,10000474,2016-06-22,2016-06-22,P,2.6,2015-11-09
3244,2016-05-16 13:05:00,2016-05-16,0.5379,0.0,0.0,1351.0,0.5379,0.5379,0.5379,10000474,2016-06-22,2016-06-22,P,2.6,2015-11-09
3245,2016-05-16 13:06:00,2016-05-16,0.5379,0.0,0.0,1351.0,0.5379,0.5379,0.5379,10000474,2016-06-22,2016-06-22,P,2.6,2015-11-09
3246,2016-05-16 13:07:00,2016-05-16,0.5379,0.0,0.0,1351.0,0.5379,0.5379,0.5379,10000474,2016-06-22,2016-06-22,P,2.6,2015-11-09
3247,2016-05-16 13:08:00,2016-05-16,0.5379,0.0,0.0,1351.0,0.5379,0.5379,0.5379,10000474,2016-06-22,2016-06-22,P,2.6,2015-11-09
3248,2016-05-16 13:09:00,2016-05-16,0.5379,0.0,0.0,1351.0,0.5379,0.5379,0.5379,10000474,2016-06-22,2016-06-22,P,2.6,2015-11-09
3249,2016-05-16 13:10:00,2016-05-16,0.5379,0.0,0.0,1351.0,0.5379,0.5379,0.5379,10000474,2016-06-22,2016-06-22,P,2.6,2015-11-09
3250,2016-05-16 13:11:00,2016-05-16,0.5379,0.0,0.0,1351.0,0.5379,0.5379,0.5379,10000474,2016-06-22,2016-06-22,P,2.6,2015-11-09
3251,2016-05-16 13:12:00,2016-05-16,0.5379,0.0,0.0,1351.0,0.5379,0.5379,0.5379,10000474,2016-06-22,2016-06-22,P,2.6,2015-11-09
3252,2016-05-16 13:13:00,2016-05-16,0.5379,0.0,0.0,1351.0,0.5379,0.5379,0.5379,10000474,2016-06-22,2016-06-22,P,2.6,2015-11-09
3253,2016-05-16 13:14:00,2016-05-16,0.5379,0.0,0.0,1351.0,0.5379,0.5379,0.5379,10000474,2016-06-22,2016-06-22,P,2.6,2015-11-09
3254,2016-05-16 13:15:00,2016-05-16,0.5379,0.0,0.0,1351.0,0.5379,0.5379,0.5379,10000474,2016-06-22,2016-06-22,P,2.6,2015-11-09
3255,2016-05-16 13:16:00,2016-05-16,0.5379,0.0,0.0,1351.0,0.5379,0.5379,0.5379,10000474,2016-06-22,2016-06-22,P,2.6,2015-11-09
3256,2016-05-16 13:17:00,2016-05-16,0.5379,0.0,0.0,1351.0,0.5379,0.5379,0.5379,10000474,2016-06-22,2016-06-22,P,2.6,2015-11-09
3257,2016-05-16 13:18:00,2016-05-16,0.5379,0.0,0.0,1351.0,0.5379,0.5379,0.5379,10000474,2016-06-22,2016-06-22,P,2.6,2015-11-09
3258,2016-05-16 13:19:00,2016-05-16,0.5379,0.0,0.0,1351.0,0.5379,0.5379,0.5379,10000474,2016-06-22,2016-06-22,P,2.6,2015-11-09
3259,2016-05-16 13:20:00,2016-05-16,0.5379,0.0,0.0,1351.0,0.5379,0.5379,0.5379,10000474,2016-06-22,2016-06-22,P,2.6,2015-11-09
3260,2016-05-16 13:21:00,2016-05-16,0.5379,0.0,0.0,1351.0,0.5379,0.5379,0.5379,10000474,2016-06-22,2016-06-22,P,2.6,2015-11-09
3261,2016-05-16 13:22:00,2016-05-16,0.5379,0.0,0.0,1351.0,0.5379,0.5379,0.5379,10000474,2016-06-22,2016-06-22,P,2.6,2015-11-09
3262,2016-05-16 13:23:00,2016-05-16,0.5379,0.0,0.0,1351.0,0.5379,0.5379,0.5379,10000474,2016-06-22,2016-06-22,P,2.6,2015-11-09
3263,2016-05-16 13:24:00,2016-05-16,0.5379,0.0,0.0,1351.0,0.5379,0.5379,0.5379,10000474,2016-06-22,2016-06-22,P,2.6,2015-11-09
3264,2016-05-16 13:25:00,2016-05-16,0.5379,0.0,0.0,1351.0,0.5379,0.5379,0.5379,10000474,2016-06-22,2016-06-22,P,2.6,2015-11-09
3265,2016-05-16 13:26:00,2016-05-16,0.5405,54050.0,10.0,1361.0,0.5379,0.5405,0.5379,10000474,2016-06-22,2016-06-22,P,2.6,2015-11-09
3266,2016-05-16 13:27:00,2016-05-16,0.5405,0.0,0.0,1361.0,0.5405,0.5405,0.5405,10000474,2016-06-22,2016-06-22,P,2.6,2015-11-09
3267,2016-05-16 13:28:00,2016-05-16,0.5405,0.0,0.0,1361.0,0.5405,0.5405,0.5405,10000474,2016-06-22,2016-06-22,P,2.6,2015-11-09
3268,2016-05-16 13:29:00,2016-05-16,0.5405,0.0,0.0,1361.0,0.5405,0.5405,0.5405,10000474,2016-06-22,2016-06-22,P,2.6,2015-11-09
3269,2016-05-16 13:30:00,2016-05-16,0.5405,0.0,0.0,1361.0,0.5405,0.5405,0.5405,10000474,2016-06-22,2016-06-22,P,2.6,2015-11-09
3270,2016-05-16 13:31:00,2016-05-16,0.5405,0.0,0.0,1361.0,0.5405,0.5405,0.5405,10000474,2016-06-22,2016-06-22,P,2.6,2015-11-09
3271,2016-05-16 13:32:00,2016-05-16,0.5405,0.0,0.0,1361.0,0.5405,0.5405,0.5405,10000474,2016-06-22,2016-06-22,P,2.6,2015-11-09
3272,2016-05-16 13:33:00,2016-05-16,0.5405,0.0,0.0,1361.0,0.5405,0.5405,0.5405,10000474,2016-06-22,2016-06-22,P,2.6,2015-11-09
3273,2016-05-16 13:34:00,2016-05-16,0.5405,0.0,0.0,1361.0,0.5405,0.5405,0.5405,10000474,2016-06-22,2016-06-22,P,2.6,2015-11-09
3274,2016-05-16 13:35:00,2016-05-16,0.5405,0.0,0.0,1361.0,0.5405,0.5405,0.5405,10000474,2016-06-22,2016-06-22,P,2.6,2015-11-09
3275,2016-05-16 13:36:00,2016-05-16,0.5405,0.0,0.0,1361.0,0.5405,0.5405,0.5405,10000474,2016-06-22,2016-06-22,P,2.6,2015-11-09
3276,2016-05-16 13:37:00,2016-05-16,0.5405,0.0,0.0,1361.0,0.5405,0.5405,0.5405,10000474,2016-06-22,2016-06-22,P,2.6,2015-11-09
3277,2016-05-16 13:38:00,2016-05-16,0.5405,0.0,0.0,1361.0,0.5405,0.5405,0.5405,10000474,2016-06-22,2016-06-22,P,2.6,2015-11-09
3278,2016-05-16 13:39:00,2016-05-16,0.5405,0.0,0.0,1361.0,0.5405,0.5405,0.5405,10000474,2016-06-22,2016-06-22,P,2.6,2015-11-09
3279,2016-05-16 13:40:00,2016-05-16,0.5405,0.0,0.0,1361.0,0.5405,0.5405,0.5405,10000474,2016-06-22,2016-06-22,P,2.6,2015-11-09
3280,2016-05-16 13:41:00,2016-05-16,0.5405,0.0,0.0,1361.0,0.5405,0.5405,0.5405,10000474,2016-06-22,2016-06-22,P,2.6,2015-11-09
3281,2016-05-16 13:42:00,2016-05-16,0.5405,0.0,0.0,1361.0,0.5405,0.5405,0.5405,10000474,2016-06-22,2016-06-22,P,2.6,2015-11-09
3282,2016-05-16 13:43:00,2016-05-16,0.5405,0.0,0.0,1361.0,0.5405,0.5405,0.5405,10000474,2016-06-22,2016-06-22,P,2.6,2015-11-09
3283,2016-05-16 13:44:00,2016-05-16,0.5405,0.0,0.0,1361.0,0.5405,0.5405,0.5405,10000474,2016-06-22,2016-06-22,P,2.6,2015-11-09
3284,2016-05-16 13:45:00,2016-05-16,0.5405,0.0,0.0,1361.0,0.5405,0.5405,0.5405,10000474,2016-06-22,2016-06-22,P,2.6,2015-11-09
3285,2016-05-16 13:46:00,2016-05-16,0.5405,0.0,0.0,1361.0,0.5405,0.5405,0.5405,10000474,2016-06-22,2016-06-22,P,2.6,2015-11-09
3286,2016-05-16 13:47:00,2016-05-16,0.5405,0.0,0.0,1361.0,0.5405,0.5405,0.5405,10000474,2016-06-22,2016-06-22,P,2.6,2015-11-09
3287,2016-05-16 13:48:00,2016-05-16,0.5405,0.0,0.0,1361.0,0.5405,0.5405,0.5405,10000474,2016-06-22,2016-06-22,P,2.6,2015-11-09
3288,2016-05-16 13:49:00,2016-05-16,0.5405,0.0,0.0,1361.0,0.5405,0.5405,0.5405,10000474,2016-06-22,2016-06-22,P,2.6,2015-11-09
3289,2016-05-16 13:50:00,2016-05-16,0.5405,0.0,0.0,1361.0,0.5405,0.5405,0.5405,10000474,2016-06-22,2016-06-22,P,2.6,2015-11-09
3290,2016-05-16 13:51:00,2016-05-16,0.5405,0.0,0.0,1361.0,0.5405,0.5405,0.5405,10000474,2016-06-22,2016-06-22,P,2.6,2015-11-09
3291,2016-05-16 13:52:00,2016-05-16,0.5405,0.0,0.0,1361.0,0.5405,0.5405,0.5405,10000474,2016-06-22,2016-06-22,P,2.6,2015-11-09
3292,2016-05-16 13:53:00,2016-05-16,0.5405,0.0,0.0,1361.0,0.5405,0.5405,0.5405,10000474,2016-06-22,2016-06-22,P,2.6,2015-11-09
3293,2016-05-16 13:54:00,2016-05-16,0.5405,0.0,0.0,1361.0,0.5405,0.5405,0.5405,10000474,2016-06-22,2016-06-22,P,2.6,2015-11-09
3294,2016-05-16 13:55:00,2016-05-16,0.5405,0.0,0.0,1361.0,0.5405,0.5405,0.5405,10000474,2016-06-22,2016-06-22,P,2.6,2015-11-09
3295,2016-05-16 13:56:00,2016-05-16,0.5405,0.0,0.0,1361.0,0.5405,0.5405,0.5405,10000474,2016-06-22,2016-06-22,P,2.6,2015-11-09
3296,2016-05-16 13:57:00,2016-05-16,0.5405,0.0,0.0,1361.0,0.5405,0.5405,0.5405,10000474,2016-06-22,2016-06-22,P,2.6,2015-11-09
3297,2016-05-16 13:58:00,2016-05-16,0.5405,0.0,0.0,1361.0,0.5405,0.5405,0.5405,10000474,2016-06-22,2016-06-22,P,2.6,2015-11-09
3298,2016-05-16 13:59:00,2016-05-16,0.5405,0.0,0.0,1361.0,0.5405,0.5405,0.5405,10000474,2016-06-22,2016-06-22,P,2.6,2015-11-09
3299,2016-05-16 14:00:00,2016-05-16,0.5405,0.0,0.0,1361.0,0.5405,0.5405,0.5405,10000474,2016-06-22,2016-06-22,P,2.6,2015-11-09
3300,2016-05-16 14:01:00,2016-05-16,0.5405,0.0,0.0,1361.0,0.5405,0.5405,0.5405,10000474,2016-06-22,2016-06-22,P,2.6,2015-11-09
3301,2016-05-16 14:02:00,2016-05-16,0.5405,0.0,0.0,1361.0,0.5405,0.5405,0.5405,10000474,2016-06-22,2016-06-22,P,2.6,2015-11-09
3302,2016-05-16 14:03:00,2016-05-16,0.5405,0.0,0.0,1361.0,0.5405,0.5405,0.5405,10000474,2016-06-22,2016-06-22,P,2.6,2015-11-09
3303,2016-05-16 14:04:00,2016-05-16,0.5405,0.0,0.0,1361.0,0.5405,0.5405,0.5405,10000474,2016-06-22,2016-06-22,P,2.6,2015-11-09
3304,2016-05-16 14:05:00,2016-05-16,0.5405,0.0,0.0,1361.0,0.5405,0.5405,0.5405,10000474,2016-06-22,2016-06-22,P,2.6,2015-11-09
3305,2016-05-16 14:06:00,2016-05-16,0.5405,0.0,0.0,1361.0,0.5405,0.5405,0.5405,10000474,2016-06-22,2016-06-22,P,2.6,2015-11-09
3306,2016-05-16 14:07:00,2016-05-16,0.5405,0.0,0.0,1361.0,0.5405,0.5405,0.5405,10000474,2016-06-22,2016-06-22,P,2.6,2015-11-09
3307,2016-05-16 14:08:00,2016-05-16,0.5405,0.0,0.0,1361.0,0.5405,0.5405,0.5405,10000474,2016-06-22,2016-06-22,P,2.6,2015-11-09
3308,2016-05-16 14:09:00,2016-05-16,0.5405,0.0,0.0,1361.0,0.5405,0.5405,0.5405,10000474,2016-06-22,2016-06-22,P,2.6,2015-11-09
3309,2016-05-16 14:10:00,2016-05-16,0.5405,0.0,0.0,1361.0,0.5405,0.5405,0.5405,10000474,2016-06-22,2016-06-22,P,2.6,2015-11-09
3310,2016-05-16 14:11:00,2016-05-16,0.5405,0.0,0.0,1361.0,0.5405,0.5405,0.5405,10000474,2016-06-22,2016-06-22,P,2.6,2015-11-09
3311,2016-05-16 14:12:00,2016-05-16,0.5405,0.0,0.0,1361.0,0.5405,0.5405,0.5405,10000474,2016-06-22,2016-06-22,P,2.6,2015-11-09
3312,2016-05-16 14:13:00,2016-05-16,0.5405,0.0,0.0,1361.0,0.5405,0.5405,0.5405,10000474,2016-06-22,2016-06-22,P,2.6,2015-11-09
3313,2016-05-16 14:14:00,2016-05-16,0.5405,0.0,0.0,1361.0,0.5405,0.5405,0.5405,10000474,2016-06-22,2016-06-22,P,2.6,2015-11-09
3314,2016-05-16 14:15:00,2016-05-16,0.5405,0.0,0.0,1361.0,0.5405,0.5405,0.5405,10000474,2016-06-22,2016-06-22,P,2.6,2015-11-09
3315,2016-05-16 14:16:00,2016-05-16,0.5405,0.0,0.0,1361.0,0.5405,0.5405,0.5405,10000474,2016-06-22,2016-06-22,P,2.6,2015-11-09
3316,2016-05-16 14:17:00,2016-05-16,0.5405,0.0,0.0,1361.0,0.5405,0.5405,0.5405,10000474,2016-06-22,2016-06-22,P,2.6,2015-11-09
3317,2016-05-16 14:18:00,2016-05-16,0.5405,0.0,0.0,1361.0,0.5405,0.5405,0.5405,10000474,2016-06-22,2016-06-22,P,2.6,2015-11-09
3318,2016-05-16 14:19:00,2016-05-16,0.5405,0.0,0.0,1361.0,0.5405,0.5405,0.5405,10000474,2016-06-22,2016-06-22,P,2.6,2015-11-09
3319,2016-05-16 14:20:00,2016-05-16,0.5405,0.0,0.0,1361.0,0.5405,0.5405,0.5405,10000474,2016-06-22,2016-06-22,P,2.6,2015-11-09
3320,2016-05-16 14:21:00,2016-05-16,0.5405,0.0,0.0,1361.0,0.5405,0.5405,0.5405,10000474,2016-06-22,2016-06-22,P,2.6,2015-11-09
3321,2016-05-16 14:22:00,2016-05-16,0.5405,0.0,0.0,1361.0,0.5405,0.5405,0.5405,10000474,2016-06-22,2016-06-22,P,2.6,2015-11-09
3322,2016-05-16 14:23:00,2016-05-16,0.5405,0.0,0.0,1361.0,0.5405,0.5405,0.5405,10000474,2016-06-22,2016-06-22,P,2.6,2015-11-09
3323,2016-05-16 14:24:00,2016-05-16,0.5405,0.0,0.0,1361.0,0.5405,0.5405,0.5405,10000474,2016-06-22,2016-06-22,P,2.6,2015-11-09
3324,2016-05-16 14:25:00,2016-05-16,0.5405,0.0,0.0,1361.0,0.5405,0.5405,0.5405,10000474,2016-06-22,2016-06-22,P,2.6,2015-11-09
3325,2016-05-16 14:26:00,2016-05-16,0.5405,0.0,0.0,1361.0,0.5405,0.5405,0.5405,10000474,2016-06-22,2016-06-22,P,2.6,2015-11-09
3326,2016-05-16 14:27:00,2016-05-16,0.5405,0.0,0.0,1361.0,0.5405,0.5405,0.5405,10000474,2016-06-22,2016-06-22,P,2.6,2015-11-09
3327,2016-05-16 14:28:00,2016-05-16,0.5405,0.0,0.0,1361.0,0.5405,0.5405,0.5405,10000474,2016-06-22,2016-06-22,P,2.6,2015-11-09
3328,2016-05-16 14:29:00,2016-05-16,0.5405,0.0,0.0,1361.0,0.5405,0.5405,0.5405,10000474,2016-06-22,2016-06-22,P,2.6,2015-11-09
3329,2016-05-16 14:30:00,2016-05-16,0.5405,0.0,0.0,1361.0,0.5405,0.5405,0.5405,10000474,2016-06-22,2016-06-22,P,2.6,2015-11-09
3330,2016-05-16 14:31:00,2016-05-16,0.5405,0.0,0.0,1361.0,0.5405,0.5405,0.5405,10000474,2016-06-22,2016-06-22,P,2.6,2015-11-09
3331,2016-05-16 14:32:00,2016-05-16,0.5405,0.0,0.0,1361.0,0.5405,0.5405,0.5405,10000474,2016-06-22,2016-06-22,P,2.6,2015-11-09
3332,2016-05-16 14:33:00,2016-05-16,0.5405,0.0,0.0,1361.0,0.5405,0.5405,0.5405,10000474,2016-06-22,2016-06-22,P,2.6,2015-11-09
3333,2016-05-16 14:34:00,2016-05-16,0.5405,0.0,0.0,1361.0,0.5405,0.5405,0.5405,10000474,2016-06-22,2016-06-22,P,2.6,2015-11-09
3334,2016-05-16 14:35:00,2016-05-16,0.537,64434.0,12.0,1359.0,0.537,0.5367,0.5367,10000474,2016-06-22,2016-06-22,P,2.6,2015-11-09
3335,2016-05-16 14:36:00,2016-05-16,0.5367,0.0,0.0,1359.0,0.5367,0.5367,0.5367,10000474,2016-06-22,2016-06-22,P,2.6,2015-11-09
3336,2016-05-16 14:37:00,2016-05-16,0.5367,0.0,0.0,1359.0,0.5367,0.5367,0.5367,10000474,2016-06-22,2016-06-22,P,2.6,2015-11-09
3337,2016-05-16 14:38:00,2016-05-16,0.5367,0.0,0.0,1359.0,0.5367,0.5367,0.5367,10000474,2016-06-22,2016-06-22,P,2.6,2015-11-09
3338,2016-05-16 14:39:00,2016-05-16,0.5367,0.0,0.0,1359.0,0.5367,0.5367,0.5367,10000474,2016-06-22,2016-06-22,P,2.6,2015-11-09
3339,2016-05-16 14:40:00,2016-05-16,0.5367,0.0,0.0,1359.0,0.5367,0.5367,0.5367,10000474,2016-06-22,2016-06-22,P,2.6,2015-11-09
3340,2016-05-16 14:41:00,2016-05-16,0.5367,0.0,0.0,1359.0,0.5367,0.5367,0.5367,10000474,2016-06-22,2016-06-22,P,2.6,2015-11-09
3341,2016-05-16 14:42:00,2016-05-16,0.5367,0.0,0.0,1359.0,0.5367,0.5367,0.5367,10000474,2016-06-22,2016-06-22,P,2.6,2015-11-09
3342,2016-05-16 14:43:00,2016-05-16,0.5367,0.0,0.0,1359.0,0.5367,0.5367,0.5367,10000474,2016-06-22,2016-06-22,P,2.6,2015-11-09
3343,2016-05-16 14:44:00,2016-05-16,0.5367,0.0,0.0,1359.0,0.5367,0.5367,0.5367,10000474,2016-06-22,2016-06-22,P,2.6,2015-11-09
3344,2016-05-16 14:45:00,2016-05-16,0.5367,0.0,0.0,1359.0,0.5367,0.5367,0.5367,10000474,2016-06-22,2016-06-22,P,2.6,2015-11-09
3345,2016-05-16 14:46:00,2016-05-16,0.5367,0.0,0.0,1359.0,0.5367,0.5367,0.5367,10000474,2016-06-22,2016-06-22,P,2.6,2015-11-09
3346,2016-05-16 14:47:00,2016-05-16,0.5367,0.0,0.0,1359.0,0.5367,0.5367,0.5367,10000474,2016-06-22,2016-06-22,P,2.6,2015-11-09
3347,2016-05-16 14:48:00,2016-05-16,0.5367,0.0,0.0,1359.0,0.5367,0.5367,0.5367,10000474,2016-06-22,2016-06-22,P,2.6,2015-11-09
3348,2016-05-16 14:49:00,2016-05-16,0.5367,0.0,0.0,1359.0,0.5367,0.5367,0.5367,10000474,2016-06-22,2016-06-22,P,2.6,2015-11-09
3349,2016-05-16 14:50:00,2016-05-16,0.5367,0.0,0.0,1359.0,0.5367,0.5367,0.5367,10000474,2016-06-22,2016-06-22,P,2.6,2015-11-09
3350,2016-05-16 14:51:00,2016-05-16,0.5367,0.0,0.0,1359.0,0.5367,0.5367,0.5367,10000474,2016-06-22,2016-06-22,P,2.6,2015-11-09
3351,2016-05-16 14:52:00,2016-05-16,0.5367,0.0,0.0,1359.0,0.5367,0.5367,0.5367,10000474,2016-06-22,2016-06-22,P,2.6,2015-11-09
3352,2016-05-16 14:53:00,2016-05-16,0.5367,0.0,0.0,1359.0,0.5367,0.5367,0.5367,10000474,2016-06-22,2016-06-22,P,2.6,2015-11-09
3353,2016-05-16 14:54:00,2016-05-16,0.5367,0.0,0.0,1359.0,0.5367,0.5367,0.5367,10000474,2016-06-22,2016-06-22,P,2.6,2015-11-09
3354,2016-05-16 14:55:00,2016-05-16,0.5367,0.0,0.0,1359.0,0.5367,0.5367,0.5367,10000474,2016-06-22,2016-06-22,P,2.6,2015-11-09
3355,2016-05-16 14:56:00,2016-05-16,0.5367,0.0,0.0,1359.0,0.5367,0.5367,0.5367,10000474,2016-06-22,2016-06-22,P,2.6,2015-11-09
3356,2016-05-16 14:57:00,2016-05-16,0.5367,0.0,0.0,1359.0,0.5367,0.5367,0.5367,10000474,2016-06-22,2016-06-22,P,2.6,2015-11-09
3357,2016-05-16 14:58:00,2016-05-16,0.5367,0.0,0.0,1359.0,0.5367,0.5367,0.5367,10000474,2016-06-22,2016-06-22,P,2.6,2015-11-09
3358,2016-05-16 14:59:00,2016-05-16,0.5367,0.0,0.0,1359.0,0.5367,0.5367,0.5367,10000474,2016-06-22,2016-06-22,P,2.6,2015-11-09
3359,2016-05-16 15:00:00,2016-05-16,0.5367,0.0,0.0,1359.0,0.5367,0.5367,0.5367,10000474,2016-06-22,2016-06-22,P,2.6,2015-11-09
3360,2016-05-16 09:31:00,2016-05-16,0.0966,0.0,0.0,4853.0,0.0966,0.0966,0.0966,10000564,2016-09-28,2016-09-28,P,2.05,2016-01-28
3361,2016-05-16 09:32:00,2016-05-16,0.0966,0.0,0.0,4853.0,0.0966,0.0966,0.0966,10000564,2016-09-28,2016-09-28,P,2.05,2016-01-28
3362,2016-05-16 09:33:00,2016-05-16,0.0966,0.0,0.0,4853.0,0.0966,0.0966,0.0966,10000564,2016-09-28,2016-09-28,P,2.05,2016-01-28
3363,2016-05-16 09:34:00,2016-05-16,0.099,990.0,1.0,4854.0,0.0966,0.099,0.0966,10000564,2016-09-28,2016-09-28,P,2.05,2016-01-28
3364,2016-05-16 09:35:00,2016-05-16,0.0991,9910.0,10.0,4854.0,0.099,0.0991,0.099,10000564,2016-09-28,2016-09-28,P,2.05,2016-01-28
3365,2016-05-16 09:36:00,2016-05-16,0.0991,11720.0,12.0,4865.0,0.0991,0.0974,0.0974,10000564,2016-09-28,2016-09-28,P,2.05,2016-01-28
3366,2016-05-16 09:37:00,2016-05-16,0.0974,0.0,0.0,4865.0,0.0974,0.0974,0.0974,10000564,2016-09-28,2016-09-28,P,2.05,2016-01-28
3367,2016-05-16 09:38:00,2016-05-16,0.0974,0.0,0.0,4865.0,0.0974,0.0974,0.0974,10000564,2016-09-28,2016-09-28,P,2.05,2016-01-28
3368,2016-05-16 09:39:00,2016-05-16,0.0974,0.0,0.0,4865.0,0.0974,0.0974,0.0974,10000564,2016-09-28,2016-09-28,P,2.05,2016-01-28
3369,2016-05-16 09:40:00,2016-05-16,0.0992,10752.0,11.0,4875.0,0.0974,0.0992,0.0974,10000564,2016-09-28,2016-09-28,P,2.05,2016-01-28
3370,2016-05-16 09:41:00,2016-05-16,0.0992,0.0,0.0,4875.0,0.0992,0.0992,0.0992,10000564,2016-09-28,2016-09-28,P,2.05,2016-01-28
3371,2016-05-16 09:42:00,2016-05-16,0.0992,0.0,0.0,4875.0,0.0992,0.0992,0.0992,10000564,2016-09-28,2016-09-28,P,2.05,2016-01-28
3372,2016-05-16 09:43:00,2016-05-16,0.0992,0.0,0.0,4875.0,0.0992,0.0992,0.0992,10000564,2016-09-28,2016-09-28,P,2.05,2016-01-28
3373,2016-05-16 09:44:00,2016-05-16,0.0992,0.0,0.0,4875.0,0.0992,0.0992,0.0992,10000564,2016-09-28,2016-09-28,P,2.05,2016-01-28
3374,2016-05-16 09:45:00,2016-05-16,0.0992,0.0,0.0,4875.0,0.0992,0.0992,0.0992,10000564,2016-09-28,2016-09-28,P,2.05,2016-01-28
3375,2016-05-16 09:46:00,2016-05-16,0.0997,7971.0,8.0,4882.0,0.0992,0.0997,0.0992,10000564,2016-09-28,2016-09-28,P,2.05,2016-01-28
3376,2016-05-16 09:47:00,2016-05-16,0.0997,3988.0,4.0,4882.0,0.0997,0.0997,0.0997,10000564,2016-09-28,2016-09-28,P,2.05,2016-01-28
3377,2016-05-16 09:48:00,2016-05-16,0.0997,0.0,0.0,4882.0,0.0997,0.0997,0.0997,10000564,2016-09-28,2016-09-28,P,2.05,2016-01-28
3378,2016-05-16 09:49:00,2016-05-16,0.0997,0.0,0.0,4882.0,0.0997,0.0997,0.0997,10000564,2016-09-28,2016-09-28,P,2.05,2016-01-28
3379,2016-05-16 09:50:00,2016-05-16,0.0997,2991.0,3.0,4882.0,0.0997,0.0997,0.0997,10000564,2016-09-28,2016-09-28,P,2.05,2016-01-28
3380,2016-05-16 09:51:00,2016-05-16,0.1004,3012.0,3.0,4885.0,0.0997,0.1004,0.0997,10000564,2016-09-28,2016-09-28,P,2.05,2016-01-28
3381,2016-05-16 09:52:00,2016-05-16,0.1004,0.0,0.0,4885.0,0.1004,0.1004,0.1004,10000564,2016-09-28,2016-09-28,P,2.05,2016-01-28
3382,2016-05-16 09:53:00,2016-05-16,0.1011,4041.0,4.0,4885.0,0.1004,0.1011,0.1004,10000564,2016-09-28,2016-09-28,P,2.05,2016-01-28
3383,2016-05-16 09:54:00,2016-05-16,0.1023,4090.0,4.0,4886.0,0.1011,0.1021,0.1011,10000564,2016-09-28,2016-09-28,P,2.05,2016-01-28
3384,2016-05-16 09:55:00,2016-05-16,0.1034,16528.0,16.0,4899.0,0.1021,0.1034,0.1021,10000564,2016-09-28,2016-09-28,P,2.05,2016-01-28
3385,2016-05-16 09:56:00,2016-05-16,0.1034,0.0,0.0,4899.0,0.1034,0.1034,0.1034,10000564,2016-09-28,2016-09-28,P,2.05,2016-01-28
3386,2016-05-16 09:57:00,2016-05-16,0.1034,0.0,0.0,4899.0,0.1034,0.1034,0.1034,10000564,2016-09-28,2016-09-28,P,2.05,2016-01-28
3387,2016-05-16 09:58:00,2016-05-16,0.1034,0.0,0.0,4899.0,0.1034,0.1034,0.1034,10000564,2016-09-28,2016-09-28,P,2.05,2016-01-28
3388,2016-05-16 09:59:00,2016-05-16,0.1036,6211.0,6.0,4903.0,0.1035,0.1036,0.1035,10000564,2016-09-28,2016-09-28,P,2.05,2016-01-28
3389,2016-05-16 10:00:00,2016-05-16,0.1036,0.0,0.0,4903.0,0.1036,0.1036,0.1036,10000564,2016-09-28,2016-09-28,P,2.05,2016-01-28
3390,2016-05-16 10:01:00,2016-05-16,0.1046,3134.0,3.0,4903.0,0.1036,0.1046,0.1036,10000564,2016-09-28,2016-09-28,P,2.05,2016-01-28
3391,2016-05-16 10:02:00,2016-05-16,0.1046,1046.0,1.0,4904.0,0.1046,0.1046,0.1046,10000564,2016-09-28,2016-09-28,P,2.05,2016-01-28
3392,2016-05-16 10:03:00,2016-05-16,0.1046,0.0,0.0,4904.0,0.1046,0.1046,0.1046,10000564,2016-09-28,2016-09-28,P,2.05,2016-01-28
3393,2016-05-16 10:04:00,2016-05-16,0.1046,0.0,0.0,4904.0,0.1046,0.1046,0.1046,10000564,2016-09-28,2016-09-28,P,2.05,2016-01-28
3394,2016-05-16 10:05:00,2016-05-16,0.1046,0.0,0.0,4904.0,0.1046,0.1046,0.1046,10000564,2016-09-28,2016-09-28,P,2.05,2016-01-28
3395,2016-05-16 10:06:00,2016-05-16,0.1046,0.0,0.0,4904.0,0.1046,0.1046,0.1046,10000564,2016-09-28,2016-09-28,P,2.05,2016-01-28
3396,2016-05-16 10:07:00,2016-05-16,0.1046,0.0,0.0,4904.0,0.1046,0.1046,0.1046,10000564,2016-09-28,2016-09-28,P,2.05,2016-01-28
3397,2016-05-16 10:08:00,2016-05-16,0.1046,0.0,0.0,4904.0,0.1046,0.1046,0.1046,10000564,2016-09-28,2016-09-28,P,2.05,2016-01-28
3398,2016-05-16 10:09:00,2016-05-16,0.1046,0.0,0.0,4904.0,0.1046,0.1046,0.1046,10000564,2016-09-28,2016-09-28,P,2.05,2016-01-28
3399,2016-05-16 10:10:00,2016-05-16,0.1046,0.0,0.0,4904.0,0.1046,0.1046,0.1046,10000564,2016-09-28,2016-09-28,P,2.05,2016-01-28
3400,2016-05-16 10:11:00,2016-05-16,0.1046,0.0,0.0,4904.0,0.1046,0.1046,0.1046,10000564,2016-09-28,2016-09-28,P,2.05,2016-01-28
3401,2016-05-16 10:12:00,2016-05-16,0.1046,0.0,0.0,4904.0,0.1046,0.1046,0.1046,10000564,2016-09-28,2016-09-28,P,2.05,2016-01-28
3402,2016-05-16 10:13:00,2016-05-16,0.1046,0.0,0.0,4904.0,0.1046,0.1046,0.1046,10000564,2016-09-28,2016-09-28,P,2.05,2016-01-28
3403,2016-05-16 10:14:00,2016-05-16,0.1046,0.0,0.0,4904.0,0.1046,0.1046,0.1046,10000564,2016-09-28,2016-09-28,P,2.05,2016-01-28
3404,2016-05-16 10:15:00,2016-05-16,0.1046,0.0,0.0,4904.0,0.1046,0.1046,0.1046,10000564,2016-09-28,2016-09-28,P,2.05,2016-01-28
3405,2016-05-16 10:16:00,2016-05-16,0.1046,2040.0,2.0,4906.0,0.1046,0.102,0.102,10000564,2016-09-28,2016-09-28,P,2.05,2016-01-28
3406,2016-05-16 10:17:00,2016-05-16,0.102,0.0,0.0,4906.0,0.102,0.102,0.102,10000564,2016-09-28,2016-09-28,P,2.05,2016-01-28
3407,2016-05-16 10:18:00,2016-05-16,0.102,0.0,0.0,4906.0,0.102,0.102,0.102,10000564,2016-09-28,2016-09-28,P,2.05,2016-01-28
3408,2016-05-16 10:19:00,2016-05-16,0.102,0.0,0.0,4906.0,0.102,0.102,0.102,10000564,2016-09-28,2016-09-28,P,2.05,2016-01-28
3409,2016-05-16 10:20:00,2016-05-16,0.102,0.0,0.0,4906.0,0.102,0.102,0.102,10000564,2016-09-28,2016-09-28,P,2.05,2016-01-28
3410,2016-05-16 10:21:00,2016-05-16,0.1039,1039.0,1.0,4906.0,0.102,0.1039,0.102,10000564,2016-09-28,2016-09-28,P,2.05,2016-01-28
3411,2016-05-16 10:22:00,2016-05-16,0.1039,0.0,0.0,4906.0,0.1039,0.1039,0.1039,10000564,2016-09-28,2016-09-28,P,2.05,2016-01-28
3412,2016-05-16 10:23:00,2016-05-16,0.1039,0.0,0.0,4906.0,0.1039,0.1039,0.1039,10000564,2016-09-28,2016-09-28,P,2.05,2016-01-28
3413,2016-05-16 10:24:00,2016-05-16,0.1039,0.0,0.0,4906.0,0.1039,0.1039,0.1039,10000564,2016-09-28,2016-09-28,P,2.05,2016-01-28
3414,2016-05-16 10:25:00,2016-05-16,0.1039,0.0,0.0,4906.0,0.1039,0.1039,0.1039,10000564,2016-09-28,2016-09-28,P,2.05,2016-01-28
3415,2016-05-16 10:26:00,2016-05-16,0.1039,0.0,0.0,4906.0,0.1039,0.1039,0.1039,10000564,2016-09-28,2016-09-28,P,2.05,2016-01-28
3416,2016-05-16 10:27:00,2016-05-16,0.1039,0.0,0.0,4906.0,0.1039,0.1039,0.1039,10000564,2016-09-28,2016-09-28,P,2.05,2016-01-28
3417,2016-05-16 10:28:00,2016-05-16,0.1039,0.0,0.0,4906.0,0.1039,0.1039,0.1039,10000564,2016-09-28,2016-09-28,P,2.05,2016-01-28
3418,2016-05-16 10:29:00,2016-05-16,0.1039,0.0,0.0,4906.0,0.1039,0.1039,0.1039,10000564,2016-09-28,2016-09-28,P,2.05,2016-01-28
3419,2016-05-16 10:30:00,2016-05-16,0.1039,0.0,0.0,4906.0,0.1039,0.1039,0.1039,10000564,2016-09-28,2016-09-28,P,2.05,2016-01-28
3420,2016-05-16 10:31:00,2016-05-16,0.1039,0.0,0.0,4906.0,0.1039,0.1039,0.1039,10000564,2016-09-28,2016-09-28,P,2.05,2016-01-28
3421,2016-05-16 10:32:00,2016-05-16,0.1039,0.0,0.0,4906.0,0.1039,0.1039,0.1039,10000564,2016-09-28,2016-09-28,P,2.05,2016-01-28
3422,2016-05-16 10:33:00,2016-05-16,0.1039,0.0,0.0,4906.0,0.1039,0.1039,0.1039,10000564,2016-09-28,2016-09-28,P,2.05,2016-01-28
3423,2016-05-16 10:34:00,2016-05-16,0.1039,3064.0,3.0,4908.0,0.1039,0.1014,0.1014,10000564,2016-09-28,2016-09-28,P,2.05,2016-01-28
3424,2016-05-16 10:35:00,2016-05-16,0.1025,2050.0,2.0,4910.0,0.1014,0.1025,0.1014,10000564,2016-09-28,2016-09-28,P,2.05,2016-01-28
3425,2016-05-16 10:36:00,2016-05-16,0.1025,0.0,0.0,4910.0,0.1025,0.1025,0.1025,10000564,2016-09-28,2016-09-28,P,2.05,2016-01-28
3426,2016-05-16 10:37:00,2016-05-16,0.1034,1034.0,1.0,4911.0,0.1025,0.1034,0.1025,10000564,2016-09-28,2016-09-28,P,2.05,2016-01-28
3427,2016-05-16 10:38:00,2016-05-16,0.1034,0.0,0.0,4911.0,0.1034,0.1034,0.1034,10000564,2016-09-28,2016-09-28,P,2.05,2016-01-28
3428,2016-05-16 10:39:00,2016-05-16,0.1034,0.0,0.0,4911.0,0.1034,0.1034,0.1034,10000564,2016-09-28,2016-09-28,P,2.05,2016-01-28
3429,2016-05-16 10:40:00,2016-05-16,0.1034,0.0,0.0,4911.0,0.1034,0.1034,0.1034,10000564,2016-09-28,2016-09-28,P,2.05,2016-01-28
3430,2016-05-16 10:41:00,2016-05-16,0.1034,0.0,0.0,4911.0,0.1034,0.1034,0.1034,10000564,2016-09-28,2016-09-28,P,2.05,2016-01-28
3431,2016-05-16 10:42:00,2016-05-16,0.1034,0.0,0.0,4911.0,0.1034,0.1034,0.1034,10000564,2016-09-28,2016-09-28,P,2.05,2016-01-28
3432,2016-05-16 10:43:00,2016-05-16,0.1034,2068.0,2.0,4911.0,0.1034,0.1034,0.1034,10000564,2016-09-28,2016-09-28,P,2.05,2016-01-28
3433,2016-05-16 10:44:00,2016-05-16,0.1034,0.0,0.0,4911.0,0.1034,0.1034,0.1034,10000564,2016-09-28,2016-09-28,P,2.05,2016-01-28
3434,2016-05-16 10:45:00,2016-05-16,0.1034,0.0,0.0,4911.0,0.1034,0.1034,0.1034,10000564,2016-09-28,2016-09-28,P,2.05,2016-01-28
3435,2016-05-16 10:46:00,2016-05-16,0.1034,0.0,0.0,4911.0,0.1034,0.1034,0.1034,10000564,2016-09-28,2016-09-28,P,2.05,2016-01-28
3436,2016-05-16 10:47:00,2016-05-16,0.1034,0.0,0.0,4911.0,0.1034,0.1034,0.1034,10000564,2016-09-28,2016-09-28,P,2.05,2016-01-28
3437,2016-05-16 10:48:00,2016-05-16,0.1034,0.0,0.0,4911.0,0.1034,0.1034,0.1034,10000564,2016-09-28,2016-09-28,P,2.05,2016-01-28
3438,2016-05-16 10:49:00,2016-05-16,0.1034,2026.0,2.0,4911.0,0.1034,0.1013,0.1013,10000564,2016-09-28,2016-09-28,P,2.05,2016-01-28
3439,2016-05-16 10:50:00,2016-05-16,0.1013,20230.0,20.0,4931.0,0.1013,0.1011,0.1011,10000564,2016-09-28,2016-09-28,P,2.05,2016-01-28
3440,2016-05-16 10:51:00,2016-05-16,0.1011,0.0,0.0,4931.0,0.1011,0.1011,0.1011,10000564,2016-09-28,2016-09-28,P,2.05,2016-01-28
3441,2016-05-16 10:52:00,2016-05-16,0.1011,0.0,0.0,4931.0,0.1011,0.1011,0.1011,10000564,2016-09-28,2016-09-28,P,2.05,2016-01-28
3442,2016-05-16 10:53:00,2016-05-16,0.1011,0.0,0.0,4931.0,0.1011,0.1011,0.1011,10000564,2016-09-28,2016-09-28,P,2.05,2016-01-28
3443,2016-05-16 10:54:00,2016-05-16,0.1011,3976.0,4.0,4927.0,0.1011,0.0994,0.0994,10000564,2016-09-28,2016-09-28,P,2.05,2016-01-28
3444,2016-05-16 10:55:00,2016-05-16,0.0994,6953.0,7.0,4921.0,0.0994,0.0989,0.0989,10000564,2016-09-28,2016-09-28,P,2.05,2016-01-28
3445,2016-05-16 10:56:00,2016-05-16,0.0989,0.0,0.0,4921.0,0.0989,0.0989,0.0989,10000564,2016-09-28,2016-09-28,P,2.05,2016-01-28
3446,2016-05-16 10:57:00,2016-05-16,0.0989,0.0,0.0,4921.0,0.0989,0.0989,0.0989,10000564,2016-09-28,2016-09-28,P,2.05,2016-01-28
3447,2016-05-16 10:58:00,2016-05-16,0.0989,0.0,0.0,4921.0,0.0989,0.0989,0.0989,10000564,2016-09-28,2016-09-28,P,2.05,2016-01-28
3448,2016-05-16 10:59:00,2016-05-16,0.0989,0.0,0.0,4921.0,0.0989,0.0989,0.0989,10000564,2016-09-28,2016-09-28,P,2.05,2016-01-28
3449,2016-05-16 11:00:00,2016-05-16,0.0989,974.0,1.0,4921.0,0.0989,0.0974,0.0974,10000564,2016-09-28,2016-09-28,P,2.05,2016-01-28
3450,2016-05-16 11:01:00,2016-05-16,0.0974,9730.0,10.0,4921.0,0.0974,0.0973,0.0973,10000564,2016-09-28,2016-09-28,P,2.05,2016-01-28
3451,2016-05-16 11:02:00,2016-05-16,0.0973,0.0,0.0,4921.0,0.0973,0.0973,0.0973,10000564,2016-09-28,2016-09-28,P,2.05,2016-01-28
3452,2016-05-16 11:03:00,2016-05-16,0.0973,4850.0,5.0,4921.0,0.0973,0.097,0.097,10000564,2016-09-28,2016-09-28,P,2.05,2016-01-28
3453,2016-05-16 11:04:00,2016-05-16,0.097,970.0,1.0,4921.0,0.097,0.097,0.097,10000564,2016-09-28,2016-09-28,P,2.05,2016-01-28
3454,2016-05-16 11:05:00,2016-05-16,0.097,0.0,0.0,4921.0,0.097,0.097,0.097,10000564,2016-09-28,2016-09-28,P,2.05,2016-01-28
3455,2016-05-16 11:06:00,2016-05-16,0.097,0.0,0.0,4921.0,0.097,0.097,0.097,10000564,2016-09-28,2016-09-28,P,2.05,2016-01-28
3456,2016-05-16 11:07:00,2016-05-16,0.097,2910.0,3.0,4921.0,0.097,0.097,0.097,10000564,2016-09-28,2016-09-28,P,2.05,2016-01-28
3457,2016-05-16 11:08:00,2016-05-16,0.097,0.0,0.0,4921.0,0.097,0.097,0.097,10000564,2016-09-28,2016-09-28,P,2.05,2016-01-28
3458,2016-05-16 11:09:00,2016-05-16,0.097,0.0,0.0,4921.0,0.097,0.097,0.097,10000564,2016-09-28,2016-09-28,P,2.05,2016-01-28
3459,2016-05-16 11:10:00,2016-05-16,0.097,0.0,0.0,4921.0,0.097,0.097,0.097,10000564,2016-09-28,2016-09-28,P,2.05,2016-01-28
3460,2016-05-16 11:11:00,2016-05-16,0.097,0.0,0.0,4921.0,0.097,0.097,0.097,10000564,2016-09-28,2016-09-28,P,2.05,2016-01-28
3461,2016-05-16 11:12:00,2016-05-16,0.098,1960.0,2.0,4921.0,0.097,0.098,0.097,10000564,2016-09-28,2016-09-28,P,2.05,2016-01-28
3462,2016-05-16 11:13:00,2016-05-16,0.098,0.0,0.0,4921.0,0.098,0.098,0.098,10000564,2016-09-28,2016-09-28,P,2.05,2016-01-28
3463,2016-05-16 11:14:00,2016-05-16,0.098,2916.0,3.0,4921.0,0.098,0.0972,0.0972,10000564,2016-09-28,2016-09-28,P,2.05,2016-01-28
3464,2016-05-16 11:15:00,2016-05-16,0.0972,0.0,0.0,4921.0,0.0972,0.0972,0.0972,10000564,2016-09-28,2016-09-28,P,2.05,2016-01-28
3465,2016-05-16 11:16:00,2016-05-16,0.0972,0.0,0.0,4921.0,0.0972,0.0972,0.0972,10000564,2016-09-28,2016-09-28,P,2.05,2016-01-28
3466,2016-05-16 11:17:00,2016-05-16,0.0972,0.0,0.0,4921.0,0.0972,0.0972,0.0972,10000564,2016-09-28,2016-09-28,P,2.05,2016-01-28
3467,2016-05-16 11:18:00,2016-05-16,0.098,3920.0,4.0,4921.0,0.0972,0.098,0.0972,10000564,2016-09-28,2016-09-28,P,2.05,2016-01-28
3468,2016-05-16 11:19:00,2016-05-16,0.098,0.0,0.0,4921.0,0.098,0.098,0.098,10000564,2016-09-28,2016-09-28,P,2.05,2016-01-28
3469,2016-05-16 11:20:00,2016-05-16,0.098,0.0,0.0,4921.0,0.098,0.098,0.098,10000564,2016-09-28,2016-09-28,P,2.05,2016-01-28
3470,2016-05-16 11:21:00,2016-05-16,0.098,972.0,1.0,4921.0,0.098,0.0972,0.0972,10000564,2016-09-28,2016-09-28,P,2.05,2016-01-28
3471,2016-05-16 11:22:00,2016-05-16,0.0972,0.0,0.0,4921.0,0.0972,0.0972,0.0972,10000564,2016-09-28,2016-09-28,P,2.05,2016-01-28
3472,2016-05-16 11:23:00,2016-05-16,0.0972,0.0,0.0,4921.0,0.0972,0.0972,0.0972,10000564,2016-09-28,2016-09-28,P,2.05,2016-01-28
3473,2016-05-16 11:24:00,2016-05-16,0.0972,0.0,0.0,4921.0,0.0972,0.0972,0.0972,10000564,2016-09-28,2016-09-28,P,2.05,2016-01-28
3474,2016-05-16 11:25:00,2016-05-16,0.0972,0.0,0.0,4921.0,0.0972,0.0972,0.0972,10000564,2016-09-28,2016-09-28,P,2.05,2016-01-28
3475,2016-05-16 11:26:00,2016-05-16,0.0972,0.0,0.0,4921.0,0.0972,0.0972,0.0972,10000564,2016-09-28,2016-09-28,P,2.05,2016-01-28
3476,2016-05-16 11:27:00,2016-05-16,0.0972,0.0,0.0,4921.0,0.0972,0.0972,0.0972,10000564,2016-09-28,2016-09-28,P,2.05,2016-01-28
3477,2016-05-16 11:28:00,2016-05-16,0.0978,3912.0,4.0,4921.0,0.0978,0.0978,0.0978,10000564,2016-09-28,2016-09-28,P,2.05,2016-01-28
3478,2016-05-16 11:29:00,2016-05-16,0.0978,0.0,0.0,4921.0,0.0978,0.0978,0.0978,10000564,2016-09-28,2016-09-28,P,2.05,2016-01-28
3479,2016-05-16 11:30:00,2016-05-16,0.0978,0.0,0.0,4921.0,0.0978,0.0978,0.0978,10000564,2016-09-28,2016-09-28,P,2.05,2016-01-28
3480,2016-05-16 13:01:00,2016-05-16,0.0978,3894.0,4.0,4918.0,0.0972,0.0978,0.0972,10000564,2016-09-28,2016-09-28,P,2.05,2016-01-28
3481,2016-05-16 13:02:00,2016-05-16,0.0978,0.0,0.0,4918.0,0.0978,0.0978,0.0978,10000564,2016-09-28,2016-09-28,P,2.05,2016-01-28
3482,2016-05-16 13:03:00,2016-05-16,0.0978,0.0,0.0,4918.0,0.0978,0.0978,0.0978,10000564,2016-09-28,2016-09-28,P,2.05,2016-01-28
3483,2016-05-16 13:04:00,2016-05-16,0.0978,0.0,0.0,4918.0,0.0978,0.0978,0.0978,10000564,2016-09-28,2016-09-28,P,2.05,2016-01-28
3484,2016-05-16 13:05:00,2016-05-16,0.0978,0.0,0.0,4918.0,0.0978,0.0978,0.0978,10000564,2016-09-28,2016-09-28,P,2.05,2016-01-28
3485,2016-05-16 13:06:00,2016-05-16,0.0978,0.0,0.0,4918.0,0.0978,0.0978,0.0978,10000564,2016-09-28,2016-09-28,P,2.05,2016-01-28
3486,2016-05-16 13:07:00,2016-05-16,0.0978,0.0,0.0,4918.0,0.0978,0.0978,0.0978,10000564,2016-09-28,2016-09-28,P,2.05,2016-01-28
3487,2016-05-16 13:08:00,2016-05-16,0.0978,0.0,0.0,4918.0,0.0978,0.0978,0.0978,10000564,2016-09-28,2016-09-28,P,2.05,2016-01-28
3488,2016-05-16 13:09:00,2016-05-16,0.0978,0.0,0.0,4918.0,0.0978,0.0978,0.0978,10000564,2016-09-28,2016-09-28,P,2.05,2016-01-28
3489,2016-05-16 13:10:00,2016-05-16,0.0978,0.0,0.0,4918.0,0.0978,0.0978,0.0978,10000564,2016-09-28,2016-09-28,P,2.05,2016-01-28
3490,2016-05-16 13:11:00,2016-05-16,0.0978,0.0,0.0,4918.0,0.0978,0.0978,0.0978,10000564,2016-09-28,2016-09-28,P,2.05,2016-01-28
3491,2016-05-16 13:12:00,2016-05-16,0.0978,0.0,0.0,4918.0,0.0978,0.0978,0.0978,10000564,2016-09-28,2016-09-28,P,2.05,2016-01-28
3492,2016-05-16 13:13:00,2016-05-16,0.0978,0.0,0.0,4918.0,0.0978,0.0978,0.0978,10000564,2016-09-28,2016-09-28,P,2.05,2016-01-28
3493,2016-05-16 13:14:00,2016-05-16,0.0978,0.0,0.0,4918.0,0.0978,0.0978,0.0978,10000564,2016-09-28,2016-09-28,P,2.05,2016-01-28
3494,2016-05-16 13:15:00,2016-05-16,0.0978,0.0,0.0,4918.0,0.0978,0.0978,0.0978,10000564,2016-09-28,2016-09-28,P,2.05,2016-01-28
3495,2016-05-16 13:16:00,2016-05-16,0.0978,0.0,0.0,4918.0,0.0978,0.0978,0.0978,10000564,2016-09-28,2016-09-28,P,2.05,2016-01-28
3496,2016-05-16 13:17:00,2016-05-16,0.0978,0.0,0.0,4918.0,0.0978,0.0978,0.0978,10000564,2016-09-28,2016-09-28,P,2.05,2016-01-28
3497,2016-05-16 13:18:00,2016-05-16,0.0978,0.0,0.0,4918.0,0.0978,0.0978,0.0978,10000564,2016-09-28,2016-09-28,P,2.05,2016-01-28
3498,2016-05-16 13:19:00,2016-05-16,0.0978,0.0,0.0,4918.0,0.0978,0.0978,0.0978,10000564,2016-09-28,2016-09-28,P,2.05,2016-01-28
3499,2016-05-16 13:20:00,2016-05-16,0.0978,0.0,0.0,4918.0,0.0978,0.0978,0.0978,10000564,2016-09-28,2016-09-28,P,2.05,2016-01-28
3500,2016-05-16 13:21:00,2016-05-16,0.0978,0.0,0.0,4918.0,0.0978,0.0978,0.0978,10000564,2016-09-28,2016-09-28,P,2.05,2016-01-28
3501,2016-05-16 13:22:00,2016-05-16,0.0978,0.0,0.0,4918.0,0.0978,0.0978,0.0978,10000564,2016-09-28,2016-09-28,P,2.05,2016-01-28
3502,2016-05-16 13:23:00,2016-05-16,0.0978,0.0,0.0,4918.0,0.0978,0.0978,0.0978,10000564,2016-09-28,2016-09-28,P,2.05,2016-01-28
3503,2016-05-16 13:24:00,2016-05-16,0.0978,0.0,0.0,4918.0,0.0978,0.0978,0.0978,10000564,2016-09-28,2016-09-28,P,2.05,2016-01-28
3504,2016-05-16 13:25:00,2016-05-16,0.0978,0.0,0.0,4918.0,0.0978,0.0978,0.0978,10000564,2016-09-28,2016-09-28,P,2.05,2016-01-28
3505,2016-05-16 13:26:00,2016-05-16,0.099,14850.0,15.0,4918.0,0.099,0.099,0.099,10000564,2016-09-28,2016-09-28,P,2.05,2016-01-28
3506,2016-05-16 13:27:00,2016-05-16,0.099,0.0,0.0,4918.0,0.099,0.099,0.099,10000564,2016-09-28,2016-09-28,P,2.05,2016-01-28
3507,2016-05-16 13:28:00,2016-05-16,0.099,0.0,0.0,4918.0,0.099,0.099,0.099,10000564,2016-09-28,2016-09-28,P,2.05,2016-01-28
3508,2016-05-16 13:29:00,2016-05-16,0.0994,7952.0,8.0,4918.0,0.0994,0.0994,0.0994,10000564,2016-09-28,2016-09-28,P,2.05,2016-01-28
3509,2016-05-16 13:30:00,2016-05-16,0.0994,0.0,0.0,4918.0,0.0994,0.0994,0.0994,10000564,2016-09-28,2016-09-28,P,2.05,2016-01-28
3510,2016-05-16 13:31:00,2016-05-16,0.0994,9940.0,10.0,4908.0,0.0994,0.0994,0.0994,10000564,2016-09-28,2016-09-28,P,2.05,2016-01-28
3511,2016-05-16 13:32:00,2016-05-16,0.0994,0.0,0.0,4908.0,0.0994,0.0994,0.0994,10000564,2016-09-28,2016-09-28,P,2.05,2016-01-28
3512,2016-05-16 13:33:00,2016-05-16,0.0994,9900.0,10.0,4908.0,0.0994,0.099,0.099,10000564,2016-09-28,2016-09-28,P,2.05,2016-01-28
3513,2016-05-16 13:34:00,2016-05-16,0.0991,3964.0,4.0,4908.0,0.099,0.0991,0.099,10000564,2016-09-28,2016-09-28,P,2.05,2016-01-28
3514,2016-05-16 13:35:00,2016-05-16,0.0991,0.0,0.0,4908.0,0.0991,0.0991,0.0991,10000564,2016-09-28,2016-09-28,P,2.05,2016-01-28
3515,2016-05-16 13:36:00,2016-05-16,0.0992,9920.0,10.0,4908.0,0.0991,0.0992,0.0991,10000564,2016-09-28,2016-09-28,P,2.05,2016-01-28
3516,2016-05-16 13:37:00,2016-05-16,0.0992,9900.0,10.0,4908.0,0.0992,0.099,0.099,10000564,2016-09-28,2016-09-28,P,2.05,2016-01-28
3517,2016-05-16 13:38:00,2016-05-16,0.099,0.0,0.0,4908.0,0.099,0.099,0.099,10000564,2016-09-28,2016-09-28,P,2.05,2016-01-28
3518,2016-05-16 13:39:00,2016-05-16,0.099,0.0,0.0,4908.0,0.099,0.099,0.099,10000564,2016-09-28,2016-09-28,P,2.05,2016-01-28
3519,2016-05-16 13:40:00,2016-05-16,0.099,0.0,0.0,4908.0,0.099,0.099,0.099,10000564,2016-09-28,2016-09-28,P,2.05,2016-01-28
3520,2016-05-16 13:41:00,2016-05-16,0.099,0.0,0.0,4908.0,0.099,0.099,0.099,10000564,2016-09-28,2016-09-28,P,2.05,2016-01-28
3521,2016-05-16 13:42:00,2016-05-16,0.0993,7944.0,8.0,4900.0,0.099,0.0993,0.099,10000564,2016-09-28,2016-09-28,P,2.05,2016-01-28
3522,2016-05-16 13:43:00,2016-05-16,0.0993,29640.0,30.0,4930.0,0.0993,0.0987,0.0987,10000564,2016-09-28,2016-09-28,P,2.05,2016-01-28
3523,2016-05-16 13:44:00,2016-05-16,0.0987,0.0,0.0,4930.0,0.0987,0.0987,0.0987,10000564,2016-09-28,2016-09-28,P,2.05,2016-01-28
3524,2016-05-16 13:45:00,2016-05-16,0.0987,9860.0,10.0,4930.0,0.0987,0.0986,0.0986,10000564,2016-09-28,2016-09-28,P,2.05,2016-01-28
3525,2016-05-16 13:46:00,2016-05-16,0.0986,0.0,0.0,4930.0,0.0986,0.0986,0.0986,10000564,2016-09-28,2016-09-28,P,2.05,2016-01-28
3526,2016-05-16 13:47:00,2016-05-16,0.0986,0.0,0.0,4930.0,0.0986,0.0986,0.0986,10000564,2016-09-28,2016-09-28,P,2.05,2016-01-28
3527,2016-05-16 13:48:00,2016-05-16,0.0986,0.0,0.0,4930.0,0.0986,0.0986,0.0986,10000564,2016-09-28,2016-09-28,P,2.05,2016-01-28
3528,2016-05-16 13:49:00,2016-05-16,0.0986,0.0,0.0,4930.0,0.0986,0.0986,0.0986,10000564,2016-09-28,2016-09-28,P,2.05,2016-01-28
3529,2016-05-16 13:50:00,2016-05-16,0.0986,0.0,0.0,4930.0,0.0986,0.0986,0.0986,10000564,2016-09-28,2016-09-28,P,2.05,2016-01-28
3530,2016-05-16 13:51:00,2016-05-16,0.0986,0.0,0.0,4930.0,0.0986,0.0986,0.0986,10000564,2016-09-28,2016-09-28,P,2.05,2016-01-28
3531,2016-05-16 13:52:00,2016-05-16,0.0989,4937.0,5.0,4932.0,0.0989,0.0985,0.0985,10000564,2016-09-28,2016-09-28,P,2.05,2016-01-28
3532,2016-05-16 13:53:00,2016-05-16,0.0985,7880.0,8.0,4940.0,0.0985,0.0985,0.0985,10000564,2016-09-28,2016-09-28,P,2.05,2016-01-28
3533,2016-05-16 13:54:00,2016-05-16,0.0985,0.0,0.0,4940.0,0.0985,0.0985,0.0985,10000564,2016-09-28,2016-09-28,P,2.05,2016-01-28
3534,2016-05-16 13:55:00,2016-05-16,0.0985,0.0,0.0,4940.0,0.0985,0.0985,0.0985,10000564,2016-09-28,2016-09-28,P,2.05,2016-01-28
3535,2016-05-16 13:56:00,2016-05-16,0.0985,1946.0,2.0,4941.0,0.0985,0.0973,0.0973,10000564,2016-09-28,2016-09-28,P,2.05,2016-01-28
3536,2016-05-16 13:57:00,2016-05-16,0.0973,973.0,1.0,4941.0,0.0973,0.0973,0.0973,10000564,2016-09-28,2016-09-28,P,2.05,2016-01-28
3537,2016-05-16 13:58:00,2016-05-16,0.0973,2919.0,3.0,4941.0,0.0973,0.0973,0.0973,10000564,2016-09-28,2016-09-28,P,2.05,2016-01-28
3538,2016-05-16 13:59:00,2016-05-16,0.0973,0.0,0.0,4941.0,0.0973,0.0973,0.0973,10000564,2016-09-28,2016-09-28,P,2.05,2016-01-28
3539,2016-05-16 14:00:00,2016-05-16,0.0973,4865.0,5.0,4941.0,0.0973,0.0973,0.0973,10000564,2016-09-28,2016-09-28,P,2.05,2016-01-28
3540,2016-05-16 14:01:00,2016-05-16,0.0973,0.0,0.0,4941.0,0.0973,0.0973,0.0973,10000564,2016-09-28,2016-09-28,P,2.05,2016-01-28
3541,2016-05-16 14:02:00,2016-05-16,0.0973,0.0,0.0,4941.0,0.0973,0.0973,0.0973,10000564,2016-09-28,2016-09-28,P,2.05,2016-01-28
3542,2016-05-16 14:03:00,2016-05-16,0.0973,0.0,0.0,4941.0,0.0973,0.0973,0.0973,10000564,2016-09-28,2016-09-28,P,2.05,2016-01-28
3543,2016-05-16 14:04:00,2016-05-16,0.0973,0.0,0.0,4941.0,0.0973,0.0973,0.0973,10000564,2016-09-28,2016-09-28,P,2.05,2016-01-28
3544,2016-05-16 14:05:00,2016-05-16,0.0973,0.0,0.0,4941.0,0.0973,0.0973,0.0973,10000564,2016-09-28,2016-09-28,P,2.05,2016-01-28
3545,2016-05-16 14:06:00,2016-05-16,0.0973,972.0,1.0,4941.0,0.0973,0.0972,0.0972,10000564,2016-09-28,2016-09-28,P,2.05,2016-01-28
3546,2016-05-16 14:07:00,2016-05-16,0.0972,0.0,0.0,4941.0,0.0972,0.0972,0.0972,10000564,2016-09-28,2016-09-28,P,2.05,2016-01-28
3547,2016-05-16 14:08:00,2016-05-16,0.0972,0.0,0.0,4941.0,0.0972,0.0972,0.0972,10000564,2016-09-28,2016-09-28,P,2.05,2016-01-28
3548,2016-05-16 14:09:00,2016-05-16,0.0972,0.0,0.0,4941.0,0.0972,0.0972,0.0972,10000564,2016-09-28,2016-09-28,P,2.05,2016-01-28
3549,2016-05-16 14:10:00,2016-05-16,0.0977,977.0,1.0,4941.0,0.0972,0.0977,0.0972,10000564,2016-09-28,2016-09-28,P,2.05,2016-01-28
3550,2016-05-16 14:11:00,2016-05-16,0.0977,0.0,0.0,4941.0,0.0977,0.0977,0.0977,10000564,2016-09-28,2016-09-28,P,2.05,2016-01-28
3551,2016-05-16 14:12:00,2016-05-16,0.0977,0.0,0.0,4941.0,0.0977,0.0977,0.0977,10000564,2016-09-28,2016-09-28,P,2.05,2016-01-28
3552,2016-05-16 14:13:00,2016-05-16,0.0977,0.0,0.0,4941.0,0.0977,0.0977,0.0977,10000564,2016-09-28,2016-09-28,P,2.05,2016-01-28
3553,2016-05-16 14:14:00,2016-05-16,0.0977,0.0,0.0,4941.0,0.0977,0.0977,0.0977,10000564,2016-09-28,2016-09-28,P,2.05,2016-01-28
3554,2016-05-16 14:15:00,2016-05-16,0.0981,9774.0,10.0,4941.0,0.0977,0.0981,0.0977,10000564,2016-09-28,2016-09-28,P,2.05,2016-01-28
3555,2016-05-16 14:16:00,2016-05-16,0.1,2980.0,3.0,4942.0,0.0981,0.1,0.0981,10000564,2016-09-28,2016-09-28,P,2.05,2016-01-28
3556,2016-05-16 14:17:00,2016-05-16,0.1,0.0,0.0,4942.0,0.1,0.1,0.1,10000564,2016-09-28,2016-09-28,P,2.05,2016-01-28
3557,2016-05-16 14:18:00,2016-05-16,0.1,0.0,0.0,4942.0,0.1,0.1,0.1,10000564,2016-09-28,2016-09-28,P,2.05,2016-01-28
3558,2016-05-16 14:19:00,2016-05-16,0.1,0.0,0.0,4942.0,0.1,0.1,0.1,10000564,2016-09-28,2016-09-28,P,2.05,2016-01-28
3559,2016-05-16 14:20:00,2016-05-16,0.1,0.0,0.0,4942.0,0.1,0.1,0.1,10000564,2016-09-28,2016-09-28,P,2.05,2016-01-28
3560,2016-05-16 14:21:00,2016-05-16,0.1,0.0,0.0,4942.0,0.1,0.1,0.1,10000564,2016-09-28,2016-09-28,P,2.05,2016-01-28
3561,2016-05-16 14:22:00,2016-05-16,0.1,0.0,0.0,4942.0,0.1,0.1,0.1,10000564,2016-09-28,2016-09-28,P,2.05,2016-01-28
3562,2016-05-16 14:23:00,2016-05-16,0.1,0.0,0.0,4942.0,0.1,0.1,0.1,10000564,2016-09-28,2016-09-28,P,2.05,2016-01-28
3563,2016-05-16 14:24:00,2016-05-16,0.1,9990.0,10.0,4942.0,0.1,0.0999,0.0999,10000564,2016-09-28,2016-09-28,P,2.05,2016-01-28
3564,2016-05-16 14:25:00,2016-05-16,0.0999,0.0,0.0,4942.0,0.0999,0.0999,0.0999,10000564,2016-09-28,2016-09-28,P,2.05,2016-01-28
3565,2016-05-16 14:26:00,2016-05-16,0.0999,0.0,0.0,4942.0,0.0999,0.0999,0.0999,10000564,2016-09-28,2016-09-28,P,2.05,2016-01-28
3566,2016-05-16 14:27:00,2016-05-16,0.0999,0.0,0.0,4942.0,0.0999,0.0999,0.0999,10000564,2016-09-28,2016-09-28,P,2.05,2016-01-28
3567,2016-05-16 14:28:00,2016-05-16,0.0999,10948.0,11.0,4952.0,0.0999,0.0988,0.0988,10000564,2016-09-28,2016-09-28,P,2.05,2016-01-28
3568,2016-05-16 14:29:00,2016-05-16,0.0998,9980.0,10.0,4962.0,0.0988,0.0998,0.0988,10000564,2016-09-28,2016-09-28,P,2.05,2016-01-28
3569,2016-05-16 14:30:00,2016-05-16,0.0998,0.0,0.0,4962.0,0.0998,0.0998,0.0998,10000564,2016-09-28,2016-09-28,P,2.05,2016-01-28
3570,2016-05-16 14:31:00,2016-05-16,0.0998,0.0,0.0,4962.0,0.0998,0.0998,0.0998,10000564,2016-09-28,2016-09-28,P,2.05,2016-01-28
3571,2016-05-16 14:32:00,2016-05-16,0.0998,0.0,0.0,4962.0,0.0998,0.0998,0.0998,10000564,2016-09-28,2016-09-28,P,2.05,2016-01-28
3572,2016-05-16 14:33:00,2016-05-16,0.0998,0.0,0.0,4962.0,0.0998,0.0998,0.0998,10000564,2016-09-28,2016-09-28,P,2.05,2016-01-28
3573,2016-05-16 14:34:00,2016-05-16,0.0998,5920.0,6.0,4962.0,0.0998,0.0975,0.0975,10000564,2016-09-28,2016-09-28,P,2.05,2016-01-28
3574,2016-05-16 14:35:00,2016-05-16,0.0975,0.0,0.0,4962.0,0.0975,0.0975,0.0975,10000564,2016-09-28,2016-09-28,P,2.05,2016-01-28
3575,2016-05-16 14:36:00,2016-05-16,0.0975,0.0,0.0,4962.0,0.0975,0.0975,0.0975,10000564,2016-09-28,2016-09-28,P,2.05,2016-01-28
3576,2016-05-16 14:37:00,2016-05-16,0.0975,0.0,0.0,4962.0,0.0975,0.0975,0.0975,10000564,2016-09-28,2016-09-28,P,2.05,2016-01-28
3577,2016-05-16 14:38:00,2016-05-16,0.0975,8741.0,9.0,4960.0,0.0975,0.0971,0.0971,10000564,2016-09-28,2016-09-28,P,2.05,2016-01-28
3578,2016-05-16 14:39:00,2016-05-16,0.0971,1942.0,2.0,4958.0,0.0971,0.0971,0.0971,10000564,2016-09-28,2016-09-28,P,2.05,2016-01-28
3579,2016-05-16 14:40:00,2016-05-16,0.0971,1942.0,2.0,4956.0,0.0971,0.0971,0.0971,10000564,2016-09-28,2016-09-28,P,2.05,2016-01-28
3580,2016-05-16 14:41:00,2016-05-16,0.0971,0.0,0.0,4956.0,0.0971,0.0971,0.0971,10000564,2016-09-28,2016-09-28,P,2.05,2016-01-28
3581,2016-05-16 14:42:00,2016-05-16,0.0971,4840.0,5.0,4956.0,0.0971,0.0968,0.0968,10000564,2016-09-28,2016-09-28,P,2.05,2016-01-28
3582,2016-05-16 14:43:00,2016-05-16,0.0968,9680.0,10.0,4956.0,0.0968,0.0968,0.0968,10000564,2016-09-28,2016-09-28,P,2.05,2016-01-28
3583,2016-05-16 14:44:00,2016-05-16,0.0968,0.0,0.0,4956.0,0.0968,0.0968,0.0968,10000564,2016-09-28,2016-09-28,P,2.05,2016-01-28
3584,2016-05-16 14:45:00,2016-05-16,0.0968,0.0,0.0,4956.0,0.0968,0.0968,0.0968,10000564,2016-09-28,2016-09-28,P,2.05,2016-01-28
3585,2016-05-16 14:46:00,2016-05-16,0.0968,0.0,0.0,4956.0,0.0968,0.0968,0.0968,10000564,2016-09-28,2016-09-28,P,2.05,2016-01-28
3586,2016-05-16 14:47:00,2016-05-16,0.098,4900.0,5.0,4956.0,0.0968,0.098,0.0968,10000564,2016-09-28,2016-09-28,P,2.05,2016-01-28
3587,2016-05-16 14:48:00,2016-05-16,0.098,4900.0,5.0,4956.0,0.098,0.098,0.098,10000564,2016-09-28,2016-09-28,P,2.05,2016-01-28
3588,2016-05-16 14:49:00,2016-05-16,0.098,9800.0,10.0,4956.0,0.098,0.098,0.098,10000564,2016-09-28,2016-09-28,P,2.05,2016-01-28
3589,2016-05-16 14:50:00,2016-05-16,0.098,3904.0,4.0,4956.0,0.098,0.0976,0.0976,10000564,2016-09-28,2016-09-28,P,2.05,2016-01-28
3590,2016-05-16 14:51:00,2016-05-16,0.0976,976.0,1.0,4956.0,0.0976,0.0976,0.0976,10000564,2016-09-28,2016-09-28,P,2.05,2016-01-28
3591,2016-05-16 14:52:00,2016-05-16,0.0976,0.0,0.0,4956.0,0.0976,0.0976,0.0976,10000564,2016-09-28,2016-09-28,P,2.05,2016-01-28
3592,2016-05-16 14:53:00,2016-05-16,0.0976,0.0,0.0,4956.0,0.0976,0.0976,0.0976,10000564,2016-09-28,2016-09-28,P,2.05,2016-01-28
3593,2016-05-16 14:54:00,2016-05-16,0.0976,0.0,0.0,4956.0,0.0976,0.0976,0.0976,10000564,2016-09-28,2016-09-28,P,2.05,2016-01-28
3594,2016-05-16 14:55:00,2016-05-16,0.0976,0.0,0.0,4956.0,0.0976,0.0976,0.0976,10000564,2016-09-28,2016-09-28,P,2.05,2016-01-28
3595,2016-05-16 14:56:00,2016-05-16,0.0976,0.0,0.0,4956.0,0.0976,0.0976,0.0976,10000564,2016-09-28,2016-09-28,P,2.05,2016-01-28
3596,2016-05-16 14:57:00,2016-05-16,0.0976,0.0,0.0,4956.0,0.0976,0.0976,0.0976,10000564,2016-09-28,2016-09-28,P,2.05,2016-01-28
3597,2016-05-16 14:58:00,2016-05-16,0.0976,0.0,0.0,4956.0,0.0976,0.0976,0.0976,10000564,2016-09-28,2016-09-28,P,2.05,2016-01-28
3598,2016-05-16 14:59:00,2016-05-16,0.0976,0.0,0.0,4956.0,0.0976,0.0976,0.0976,10000564,2016-09-28,2016-09-28,P,2.05,2016-01-28
3599,2016-05-16 15:00:00,2016-05-16,0.0976,0.0,0.0,4956.0,0.0976,0.0976,0.0976,10000564,2016-09-28,2016-09-28,P,2.05,2016-01-28
3600,2016-05-16 09:31:00,2016-05-16,0.0012,0.0,0.0,8496.0,0.0012,0.0012,0.0012,10000469,2016-06-22,2016-06-22,C,2.55,2015-11-06
3601,2016-05-16 09:32:00,2016-05-16,0.0012,0.0,0.0,8496.0,0.0012,0.0012,0.0012,10000469,2016-06-22,2016-06-22,C,2.55,2015-11-06
3602,2016-05-16 09:33:00,2016-05-16,0.0012,0.0,0.0,8496.0,0.0012,0.0012,0.0012,10000469,2016-06-22,2016-06-22,C,2.55,2015-11-06
3603,2016-05-16 09:34:00,2016-05-16,0.0012,0.0,0.0,8496.0,0.0012,0.0012,0.0012,10000469,2016-06-22,2016-06-22,C,2.55,2015-11-06
3604,2016-05-16 09:35:00,2016-05-16,0.0012,0.0,0.0,8496.0,0.0012,0.0012,0.0012,10000469,2016-06-22,2016-06-22,C,2.55,2015-11-06
3605,2016-05-16 09:36:00,2016-05-16,0.0012,0.0,0.0,8496.0,0.0012,0.0012,0.0012,10000469,2016-06-22,2016-06-22,C,2.55,2015-11-06
3606,2016-05-16 09:37:00,2016-05-16,0.0012,0.0,0.0,8496.0,0.0012,0.0012,0.0012,10000469,2016-06-22,2016-06-22,C,2.55,2015-11-06
3607,2016-05-16 09:38:00,2016-05-16,0.0012,0.0,0.0,8496.0,0.0012,0.0012,0.0012,10000469,2016-06-22,2016-06-22,C,2.55,2015-11-06
3608,2016-05-16 09:39:00,2016-05-16,0.0012,0.0,0.0,8496.0,0.0012,0.0012,0.0012,10000469,2016-06-22,2016-06-22,C,2.55,2015-11-06
3609,2016-05-16 09:40:00,2016-05-16,0.0012,0.0,0.0,8496.0,0.0012,0.0012,0.0012,10000469,2016-06-22,2016-06-22,C,2.55,2015-11-06
3610,2016-05-16 09:41:00,2016-05-16,0.0012,0.0,0.0,8496.0,0.0012,0.0012,0.0012,10000469,2016-06-22,2016-06-22,C,2.55,2015-11-06
3611,2016-05-16 09:42:00,2016-05-16,0.0012,0.0,0.0,8496.0,0.0012,0.0012,0.0012,10000469,2016-06-22,2016-06-22,C,2.55,2015-11-06
3612,2016-05-16 09:43:00,2016-05-16,0.0012,0.0,0.0,8496.0,0.0012,0.0012,0.0012,10000469,2016-06-22,2016-06-22,C,2.55,2015-11-06
3613,2016-05-16 09:44:00,2016-05-16,0.0012,0.0,0.0,8496.0,0.0012,0.0012,0.0012,10000469,2016-06-22,2016-06-22,C,2.55,2015-11-06
3614,2016-05-16 09:45:00,2016-05-16,0.001,10.0,1.0,8496.0,0.001,0.001,0.001,10000469,2016-06-22,2016-06-22,C,2.55,2015-11-06
3615,2016-05-16 09:46:00,2016-05-16,0.001,0.0,0.0,8496.0,0.001,0.001,0.001,10000469,2016-06-22,2016-06-22,C,2.55,2015-11-06
3616,2016-05-16 09:47:00,2016-05-16,0.001,400.0,40.0,8521.0,0.001,0.001,0.001,10000469,2016-06-22,2016-06-22,C,2.55,2015-11-06
3617,2016-05-16 09:48:00,2016-05-16,0.001,0.0,0.0,8521.0,0.001,0.001,0.001,10000469,2016-06-22,2016-06-22,C,2.55,2015-11-06
3618,2016-05-16 09:49:00,2016-05-16,0.001,0.0,0.0,8521.0,0.001,0.001,0.001,10000469,2016-06-22,2016-06-22,C,2.55,2015-11-06
3619,2016-05-16 09:50:00,2016-05-16,0.001,0.0,0.0,8521.0,0.001,0.001,0.001,10000469,2016-06-22,2016-06-22,C,2.55,2015-11-06
3620,2016-05-16 09:51:00,2016-05-16,0.001,10.0,1.0,8520.0,0.001,0.001,0.001,10000469,2016-06-22,2016-06-22,C,2.55,2015-11-06
3621,2016-05-16 09:52:00,2016-05-16,0.001,0.0,0.0,8520.0,0.001,0.001,0.001,10000469,2016-06-22,2016-06-22,C,2.55,2015-11-06
3622,2016-05-16 09:53:00,2016-05-16,0.001,0.0,0.0,8520.0,0.001,0.001,0.001,10000469,2016-06-22,2016-06-22,C,2.55,2015-11-06
3623,2016-05-16 09:54:00,2016-05-16,0.0011,110.0,10.0,8520.0,0.001,0.0011,0.001,10000469,2016-06-22,2016-06-22,C,2.55,2015-11-06
3624,2016-05-16 09:55:00,2016-05-16,0.0011,0.0,0.0,8520.0,0.0011,0.0011,0.0011,10000469,2016-06-22,2016-06-22,C,2.55,2015-11-06
3625,2016-05-16 09:56:00,2016-05-16,0.0011,0.0,0.0,8520.0,0.0011,0.0011,0.0011,10000469,2016-06-22,2016-06-22,C,2.55,2015-11-06
3626,2016-05-16 09:57:00,2016-05-16,0.0011,0.0,0.0,8520.0,0.0011,0.0011,0.0011,10000469,2016-06-22,2016-06-22,C,2.55,2015-11-06
3627,2016-05-16 09:58:00,2016-05-16,0.0011,0.0,0.0,8520.0,0.0011,0.0011,0.0011,10000469,2016-06-22,2016-06-22,C,2.55,2015-11-06
3628,2016-05-16 09:59:00,2016-05-16,0.0011,22.0,2.0,8518.0,0.0011,0.0011,0.0011,10000469,2016-06-22,2016-06-22,C,2.55,2015-11-06
3629,2016-05-16 10:00:00,2016-05-16,0.0011,0.0,0.0,8518.0,0.0011,0.0011,0.0011,10000469,2016-06-22,2016-06-22,C,2.55,2015-11-06
3630,2016-05-16 10:01:00,2016-05-16,0.0011,0.0,0.0,8518.0,0.0011,0.0011,0.0011,10000469,2016-06-22,2016-06-22,C,2.55,2015-11-06
3631,2016-05-16 10:02:00,2016-05-16,0.0011,10.0,1.0,8518.0,0.0011,0.001,0.001,10000469,2016-06-22,2016-06-22,C,2.55,2015-11-06
3632,2016-05-16 10:03:00,2016-05-16,0.001,0.0,0.0,8518.0,0.001,0.001,0.001,10000469,2016-06-22,2016-06-22,C,2.55,2015-11-06
3633,2016-05-16 10:04:00,2016-05-16,0.001,0.0,0.0,8518.0,0.001,0.001,0.001,10000469,2016-06-22,2016-06-22,C,2.55,2015-11-06
3634,2016-05-16 10:05:00,2016-05-16,0.001,0.0,0.0,8518.0,0.001,0.001,0.001,10000469,2016-06-22,2016-06-22,C,2.55,2015-11-06
3635,2016-05-16 10:06:00,2016-05-16,0.001,0.0,0.0,8518.0,0.001,0.001,0.001,10000469,2016-06-22,2016-06-22,C,2.55,2015-11-06
3636,2016-05-16 10:07:00,2016-05-16,0.001,0.0,0.0,8518.0,0.001,0.001,0.001,10000469,2016-06-22,2016-06-22,C,2.55,2015-11-06
3637,2016-05-16 10:08:00,2016-05-16,0.001,0.0,0.0,8518.0,0.001,0.001,0.001,10000469,2016-06-22,2016-06-22,C,2.55,2015-11-06
3638,2016-05-16 10:09:00,2016-05-16,0.001,0.0,0.0,8518.0,0.001,0.001,0.001,10000469,2016-06-22,2016-06-22,C,2.55,2015-11-06
3639,2016-05-16 10:10:00,2016-05-16,0.001,0.0,0.0,8518.0,0.001,0.001,0.001,10000469,2016-06-22,2016-06-22,C,2.55,2015-11-06
3640,2016-05-16 10:11:00,2016-05-16,0.001,0.0,0.0,8518.0,0.001,0.001,0.001,10000469,2016-06-22,2016-06-22,C,2.55,2015-11-06
3641,2016-05-16 10:12:00,2016-05-16,0.001,0.0,0.0,8518.0,0.001,0.001,0.001,10000469,2016-06-22,2016-06-22,C,2.55,2015-11-06
3642,2016-05-16 10:13:00,2016-05-16,0.001,0.0,0.0,8518.0,0.001,0.001,0.001,10000469,2016-06-22,2016-06-22,C,2.55,2015-11-06
3643,2016-05-16 10:14:00,2016-05-16,0.001,0.0,0.0,8518.0,0.001,0.001,0.001,10000469,2016-06-22,2016-06-22,C,2.55,2015-11-06
3644,2016-05-16 10:15:00,2016-05-16,0.001,0.0,0.0,8518.0,0.001,0.001,0.001,10000469,2016-06-22,2016-06-22,C,2.55,2015-11-06
3645,2016-05-16 10:16:00,2016-05-16,0.001,0.0,0.0,8518.0,0.001,0.001,0.001,10000469,2016-06-22,2016-06-22,C,2.55,2015-11-06
3646,2016-05-16 10:17:00,2016-05-16,0.001,0.0,0.0,8518.0,0.001,0.001,0.001,10000469,2016-06-22,2016-06-22,C,2.55,2015-11-06
3647,2016-05-16 10:18:00,2016-05-16,0.0011,110.0,10.0,8522.0,0.001,0.0011,0.001,10000469,2016-06-22,2016-06-22,C,2.55,2015-11-06
3648,2016-05-16 10:19:00,2016-05-16,0.0011,0.0,0.0,8522.0,0.0011,0.0011,0.0011,10000469,2016-06-22,2016-06-22,C,2.55,2015-11-06
3649,2016-05-16 10:20:00,2016-05-16,0.0011,0.0,0.0,8522.0,0.0011,0.0011,0.0011,10000469,2016-06-22,2016-06-22,C,2.55,2015-11-06
3650,2016-05-16 10:21:00,2016-05-16,0.0011,0.0,0.0,8522.0,0.0011,0.0011,0.0011,10000469,2016-06-22,2016-06-22,C,2.55,2015-11-06
3651,2016-05-16 10:22:00,2016-05-16,0.0011,0.0,0.0,8522.0,0.0011,0.0011,0.0011,10000469,2016-06-22,2016-06-22,C,2.55,2015-11-06
3652,2016-05-16 10:23:00,2016-05-16,0.0011,0.0,0.0,8522.0,0.0011,0.0011,0.0011,10000469,2016-06-22,2016-06-22,C,2.55,2015-11-06
3653,2016-05-16 10:24:00,2016-05-16,0.0011,0.0,0.0,8522.0,0.0011,0.0011,0.0011,10000469,2016-06-22,2016-06-22,C,2.55,2015-11-06
3654,2016-05-16 10:25:00,2016-05-16,0.0011,0.0,0.0,8522.0,0.0011,0.0011,0.0011,10000469,2016-06-22,2016-06-22,C,2.55,2015-11-06
3655,2016-05-16 10:26:00,2016-05-16,0.0011,0.0,0.0,8522.0,0.0011,0.0011,0.0011,10000469,2016-06-22,2016-06-22,C,2.55,2015-11-06
3656,2016-05-16 10:27:00,2016-05-16,0.0011,0.0,0.0,8522.0,0.0011,0.0011,0.0011,10000469,2016-06-22,2016-06-22,C,2.55,2015-11-06
3657,2016-05-16 10:28:00,2016-05-16,0.0011,0.0,0.0,8522.0,0.0011,0.0011,0.0011,10000469,2016-06-22,2016-06-22,C,2.55,2015-11-06
3658,2016-05-16 10:29:00,2016-05-16,0.0011,0.0,0.0,8522.0,0.0011,0.0011,0.0011,10000469,2016-06-22,2016-06-22,C,2.55,2015-11-06
3659,2016-05-16 10:30:00,2016-05-16,0.0011,0.0,0.0,8522.0,0.0011,0.0011,0.0011,10000469,2016-06-22,2016-06-22,C,2.55,2015-11-06
3660,2016-05-16 10:31:00,2016-05-16,0.0011,0.0,0.0,8522.0,0.0011,0.0011,0.0011,10000469,2016-06-22,2016-06-22,C,2.55,2015-11-06
3661,2016-05-16 10:32:00,2016-05-16,0.0011,0.0,0.0,8522.0,0.0011,0.0011,0.0011,10000469,2016-06-22,2016-06-22,C,2.55,2015-11-06
3662,2016-05-16 10:33:00,2016-05-16,0.0011,0.0,0.0,8522.0,0.0011,0.0011,0.0011,10000469,2016-06-22,2016-06-22,C,2.55,2015-11-06
3663,2016-05-16 10:34:00,2016-05-16,0.0011,0.0,0.0,8522.0,0.0011,0.0011,0.0011,10000469,2016-06-22,2016-06-22,C,2.55,2015-11-06
3664,2016-05-16 10:35:00,2016-05-16,0.0011,0.0,0.0,8522.0,0.0011,0.0011,0.0011,10000469,2016-06-22,2016-06-22,C,2.55,2015-11-06
3665,2016-05-16 10:36:00,2016-05-16,0.0011,0.0,0.0,8522.0,0.0011,0.0011,0.0011,10000469,2016-06-22,2016-06-22,C,2.55,2015-11-06
3666,2016-05-16 10:37:00,2016-05-16,0.0011,0.0,0.0,8522.0,0.0011,0.0011,0.0011,10000469,2016-06-22,2016-06-22,C,2.55,2015-11-06
3667,2016-05-16 10:38:00,2016-05-16,0.0011,0.0,0.0,8522.0,0.0011,0.0011,0.0011,10000469,2016-06-22,2016-06-22,C,2.55,2015-11-06
3668,2016-05-16 10:39:00,2016-05-16,0.0011,0.0,0.0,8522.0,0.0011,0.0011,0.0011,10000469,2016-06-22,2016-06-22,C,2.55,2015-11-06
3669,2016-05-16 10:40:00,2016-05-16,0.0011,0.0,0.0,8522.0,0.0011,0.0011,0.0011,10000469,2016-06-22,2016-06-22,C,2.55,2015-11-06
3670,2016-05-16 10:41:00,2016-05-16,0.0011,0.0,0.0,8522.0,0.0011,0.0011,0.0011,10000469,2016-06-22,2016-06-22,C,2.55,2015-11-06
3671,2016-05-16 10:42:00,2016-05-16,0.0011,0.0,0.0,8522.0,0.0011,0.0011,0.0011,10000469,2016-06-22,2016-06-22,C,2.55,2015-11-06
3672,2016-05-16 10:43:00,2016-05-16,0.0011,0.0,0.0,8522.0,0.0011,0.0011,0.0011,10000469,2016-06-22,2016-06-22,C,2.55,2015-11-06
3673,2016-05-16 10:44:00,2016-05-16,0.0011,0.0,0.0,8522.0,0.0011,0.0011,0.0011,10000469,2016-06-22,2016-06-22,C,2.55,2015-11-06
3674,2016-05-16 10:45:00,2016-05-16,0.0011,0.0,0.0,8522.0,0.0011,0.0011,0.0011,10000469,2016-06-22,2016-06-22,C,2.55,2015-11-06
3675,2016-05-16 10:46:00,2016-05-16,0.0011,0.0,0.0,8522.0,0.0011,0.0011,0.0011,10000469,2016-06-22,2016-06-22,C,2.55,2015-11-06
3676,2016-05-16 10:47:00,2016-05-16,0.0011,0.0,0.0,8522.0,0.0011,0.0011,0.0011,10000469,2016-06-22,2016-06-22,C,2.55,2015-11-06
3677,2016-05-16 10:48:00,2016-05-16,0.0011,0.0,0.0,8522.0,0.0011,0.0011,0.0011,10000469,2016-06-22,2016-06-22,C,2.55,2015-11-06
3678,2016-05-16 10:49:00,2016-05-16,0.0011,0.0,0.0,8522.0,0.0011,0.0011,0.0011,10000469,2016-06-22,2016-06-22,C,2.55,2015-11-06
3679,2016-05-16 10:50:00,2016-05-16,0.0011,0.0,0.0,8522.0,0.0011,0.0011,0.0011,10000469,2016-06-22,2016-06-22,C,2.55,2015-11-06
3680,2016-05-16 10:51:00,2016-05-16,0.0011,0.0,0.0,8522.0,0.0011,0.0011,0.0011,10000469,2016-06-22,2016-06-22,C,2.55,2015-11-06
3681,2016-05-16 10:52:00,2016-05-16,0.0011,0.0,0.0,8522.0,0.0011,0.0011,0.0011,10000469,2016-06-22,2016-06-22,C,2.55,2015-11-06
3682,2016-05-16 10:53:00,2016-05-16,0.0011,0.0,0.0,8522.0,0.0011,0.0011,0.0011,10000469,2016-06-22,2016-06-22,C,2.55,2015-11-06
3683,2016-05-16 10:54:00,2016-05-16,0.0011,0.0,0.0,8522.0,0.0011,0.0011,0.0011,10000469,2016-06-22,2016-06-22,C,2.55,2015-11-06
3684,2016-05-16 10:55:00,2016-05-16,0.0011,0.0,0.0,8522.0,0.0011,0.0011,0.0011,10000469,2016-06-22,2016-06-22,C,2.55,2015-11-06
3685,2016-05-16 10:56:00,2016-05-16,0.0011,0.0,0.0,8522.0,0.0011,0.0011,0.0011,10000469,2016-06-22,2016-06-22,C,2.55,2015-11-06
3686,2016-05-16 10:57:00,2016-05-16,0.0011,0.0,0.0,8522.0,0.0011,0.0011,0.0011,10000469,2016-06-22,2016-06-22,C,2.55,2015-11-06
3687,2016-05-16 10:58:00,2016-05-16,0.0011,0.0,0.0,8522.0,0.0011,0.0011,0.0011,10000469,2016-06-22,2016-06-22,C,2.55,2015-11-06
3688,2016-05-16 10:59:00,2016-05-16,0.0011,0.0,0.0,8522.0,0.0011,0.0011,0.0011,10000469,2016-06-22,2016-06-22,C,2.55,2015-11-06
3689,2016-05-16 11:00:00,2016-05-16,0.0011,0.0,0.0,8522.0,0.0011,0.0011,0.0011,10000469,2016-06-22,2016-06-22,C,2.55,2015-11-06
3690,2016-05-16 11:01:00,2016-05-16,0.0011,0.0,0.0,8522.0,0.0011,0.0011,0.0011,10000469,2016-06-22,2016-06-22,C,2.55,2015-11-06
3691,2016-05-16 11:02:00,2016-05-16,0.0011,0.0,0.0,8522.0,0.0011,0.0011,0.0011,10000469,2016-06-22,2016-06-22,C,2.55,2015-11-06
3692,2016-05-16 11:03:00,2016-05-16,0.0011,0.0,0.0,8522.0,0.0011,0.0011,0.0011,10000469,2016-06-22,2016-06-22,C,2.55,2015-11-06
3693,2016-05-16 11:04:00,2016-05-16,0.0011,0.0,0.0,8522.0,0.0011,0.0011,0.0011,10000469,2016-06-22,2016-06-22,C,2.55,2015-11-06
3694,2016-05-16 11:05:00,2016-05-16,0.0011,0.0,0.0,8522.0,0.0011,0.0011,0.0011,10000469,2016-06-22,2016-06-22,C,2.55,2015-11-06
3695,2016-05-16 11:06:00,2016-05-16,0.0011,0.0,0.0,8522.0,0.0011,0.0011,0.0011,10000469,2016-06-22,2016-06-22,C,2.55,2015-11-06
3696,2016-05-16 11:07:00,2016-05-16,0.0011,0.0,0.0,8522.0,0.0011,0.0011,0.0011,10000469,2016-06-22,2016-06-22,C,2.55,2015-11-06
3697,2016-05-16 11:08:00,2016-05-16,0.0011,0.0,0.0,8522.0,0.0011,0.0011,0.0011,10000469,2016-06-22,2016-06-22,C,2.55,2015-11-06
3698,2016-05-16 11:09:00,2016-05-16,0.0011,0.0,0.0,8522.0,0.0011,0.0011,0.0011,10000469,2016-06-22,2016-06-22,C,2.55,2015-11-06
3699,2016-05-16 11:10:00,2016-05-16,0.0011,0.0,0.0,8522.0,0.0011,0.0011,0.0011,10000469,2016-06-22,2016-06-22,C,2.55,2015-11-06
3700,2016-05-16 11:11:00,2016-05-16,0.0011,0.0,0.0,8522.0,0.0011,0.0011,0.0011,10000469,2016-06-22,2016-06-22,C,2.55,2015-11-06
3701,2016-05-16 11:12:00,2016-05-16,0.0011,0.0,0.0,8522.0,0.0011,0.0011,0.0011,10000469,2016-06-22,2016-06-22,C,2.55,2015-11-06
3702,2016-05-16 11:13:00,2016-05-16,0.0011,0.0,0.0,8522.0,0.0011,0.0011,0.0011,10000469,2016-06-22,2016-06-22,C,2.55,2015-11-06
3703,2016-05-16 11:14:00,2016-05-16,0.0011,0.0,0.0,8522.0,0.0011,0.0011,0.0011,10000469,2016-06-22,2016-06-22,C,2.55,2015-11-06
3704,2016-05-16 11:15:00,2016-05-16,0.0011,0.0,0.0,8522.0,0.0011,0.0011,0.0011,10000469,2016-06-22,2016-06-22,C,2.55,2015-11-06
3705,2016-05-16 11:16:00,2016-05-16,0.0011,0.0,0.0,8522.0,0.0011,0.0011,0.0011,10000469,2016-06-22,2016-06-22,C,2.55,2015-11-06
3706,2016-05-16 11:17:00,2016-05-16,0.0011,0.0,0.0,8522.0,0.0011,0.0011,0.0011,10000469,2016-06-22,2016-06-22,C,2.55,2015-11-06
3707,2016-05-16 11:18:00,2016-05-16,0.0011,0.0,0.0,8522.0,0.0011,0.0011,0.0011,10000469,2016-06-22,2016-06-22,C,2.55,2015-11-06
3708,2016-05-16 11:19:00,2016-05-16,0.0011,0.0,0.0,8522.0,0.0011,0.0011,0.0011,10000469,2016-06-22,2016-06-22,C,2.55,2015-11-06
3709,2016-05-16 11:20:00,2016-05-16,0.0011,0.0,0.0,8522.0,0.0011,0.0011,0.0011,10000469,2016-06-22,2016-06-22,C,2.55,2015-11-06
3710,2016-05-16 11:21:00,2016-05-16,0.0011,0.0,0.0,8522.0,0.0011,0.0011,0.0011,10000469,2016-06-22,2016-06-22,C,2.55,2015-11-06
3711,2016-05-16 11:22:00,2016-05-16,0.0011,0.0,0.0,8522.0,0.0011,0.0011,0.0011,10000469,2016-06-22,2016-06-22,C,2.55,2015-11-06
3712,2016-05-16 11:23:00,2016-05-16,0.0011,0.0,0.0,8522.0,0.0011,0.0011,0.0011,10000469,2016-06-22,2016-06-22,C,2.55,2015-11-06
3713,2016-05-16 11:24:00,2016-05-16,0.0011,0.0,0.0,8522.0,0.0011,0.0011,0.0011,10000469,2016-06-22,2016-06-22,C,2.55,2015-11-06
3714,2016-05-16 11:25:00,2016-05-16,0.0011,0.0,0.0,8522.0,0.0011,0.0011,0.0011,10000469,2016-06-22,2016-06-22,C,2.55,2015-11-06
3715,2016-05-16 11:26:00,2016-05-16,0.0011,0.0,0.0,8522.0,0.0011,0.0011,0.0011,10000469,2016-06-22,2016-06-22,C,2.55,2015-11-06
3716,2016-05-16 11:27:00,2016-05-16,0.0011,0.0,0.0,8522.0,0.0011,0.0011,0.0011,10000469,2016-06-22,2016-06-22,C,2.55,2015-11-06
3717,2016-05-16 11:28:00,2016-05-16,0.0011,0.0,0.0,8522.0,0.0011,0.0011,0.0011,10000469,2016-06-22,2016-06-22,C,2.55,2015-11-06
3718,2016-05-16 11:29:00,2016-05-16,0.0011,0.0,0.0,8522.0,0.0011,0.0011,0.0011,10000469,2016-06-22,2016-06-22,C,2.55,2015-11-06
3719,2016-05-16 11:30:00,2016-05-16,0.0011,11.0,1.0,8522.0,0.0011,0.0011,0.0011,10000469,2016-06-22,2016-06-22,C,2.55,2015-11-06
3720,2016-05-16 13:01:00,2016-05-16,0.0011,0.0,0.0,8522.0,0.0011,0.0011,0.0011,10000469,2016-06-22,2016-06-22,C,2.55,2015-11-06
3721,2016-05-16 13:02:00,2016-05-16,0.0011,0.0,0.0,8522.0,0.0011,0.0011,0.0011,10000469,2016-06-22,2016-06-22,C,2.55,2015-11-06
3722,2016-05-16 13:03:00,2016-05-16,0.0011,0.0,0.0,8522.0,0.0011,0.0011,0.0011,10000469,2016-06-22,2016-06-22,C,2.55,2015-11-06
3723,2016-05-16 13:04:00,2016-05-16,0.0011,0.0,0.0,8522.0,0.0011,0.0011,0.0011,10000469,2016-06-22,2016-06-22,C,2.55,2015-11-06
3724,2016-05-16 13:05:00,2016-05-16,0.0011,0.0,0.0,8522.0,0.0011,0.0011,0.0011,10000469,2016-06-22,2016-06-22,C,2.55,2015-11-06
3725,2016-05-16 13:06:00,2016-05-16,0.0011,0.0,0.0,8522.0,0.0011,0.0011,0.0011,10000469,2016-06-22,2016-06-22,C,2.55,2015-11-06
3726,2016-05-16 13:07:00,2016-05-16,0.0011,0.0,0.0,8522.0,0.0011,0.0011,0.0011,10000469,2016-06-22,2016-06-22,C,2.55,2015-11-06
3727,2016-05-16 13:08:00,2016-05-16,0.0011,0.0,0.0,8522.0,0.0011,0.0011,0.0011,10000469,2016-06-22,2016-06-22,C,2.55,2015-11-06
3728,2016-05-16 13:09:00,2016-05-16,0.0011,0.0,0.0,8522.0,0.0011,0.0011,0.0011,10000469,2016-06-22,2016-06-22,C,2.55,2015-11-06
3729,2016-05-16 13:10:00,2016-05-16,0.0011,0.0,0.0,8522.0,0.0011,0.0011,0.0011,10000469,2016-06-22,2016-06-22,C,2.55,2015-11-06
3730,2016-05-16 13:11:00,2016-05-16,0.0011,0.0,0.0,8522.0,0.0011,0.0011,0.0011,10000469,2016-06-22,2016-06-22,C,2.55,2015-11-06
3731,2016-05-16 13:12:00,2016-05-16,0.0011,0.0,0.0,8522.0,0.0011,0.0011,0.0011,10000469,2016-06-22,2016-06-22,C,2.55,2015-11-06
3732,2016-05-16 13:13:00,2016-05-16,0.0011,0.0,0.0,8522.0,0.0011,0.0011,0.0011,10000469,2016-06-22,2016-06-22,C,2.55,2015-11-06
3733,2016-05-16 13:14:00,2016-05-16,0.0011,0.0,0.0,8522.0,0.0011,0.0011,0.0011,10000469,2016-06-22,2016-06-22,C,2.55,2015-11-06
3734,2016-05-16 13:15:00,2016-05-16,0.0011,0.0,0.0,8522.0,0.0011,0.0011,0.0011,10000469,2016-06-22,2016-06-22,C,2.55,2015-11-06
3735,2016-05-16 13:16:00,2016-05-16,0.0011,0.0,0.0,8522.0,0.0011,0.0011,0.0011,10000469,2016-06-22,2016-06-22,C,2.55,2015-11-06
3736,2016-05-16 13:17:00,2016-05-16,0.0011,0.0,0.0,8522.0,0.0011,0.0011,0.0011,10000469,2016-06-22,2016-06-22,C,2.55,2015-11-06
3737,2016-05-16 13:18:00,2016-05-16,0.0011,0.0,0.0,8522.0,0.0011,0.0011,0.0011,10000469,2016-06-22,2016-06-22,C,2.55,2015-11-06
3738,2016-05-16 13:19:00,2016-05-16,0.0011,0.0,0.0,8522.0,0.0011,0.0011,0.0011,10000469,2016-06-22,2016-06-22,C,2.55,2015-11-06
3739,2016-05-16 13:20:00,2016-05-16,0.0011,10.0,1.0,8522.0,0.0011,0.001,0.001,10000469,2016-06-22,2016-06-22,C,2.55,2015-11-06
3740,2016-05-16 13:21:00,2016-05-16,0.001,0.0,0.0,8522.0,0.001,0.001,0.001,10000469,2016-06-22,2016-06-22,C,2.55,2015-11-06
3741,2016-05-16 13:22:00,2016-05-16,0.001,0.0,0.0,8522.0,0.001,0.001,0.001,10000469,2016-06-22,2016-06-22,C,2.55,2015-11-06
3742,2016-05-16 13:23:00,2016-05-16,0.001,0.0,0.0,8522.0,0.001,0.001,0.001,10000469,2016-06-22,2016-06-22,C,2.55,2015-11-06
3743,2016-05-16 13:24:00,2016-05-16,0.001,0.0,0.0,8522.0,0.001,0.001,0.001,10000469,2016-06-22,2016-06-22,C,2.55,2015-11-06
3744,2016-05-16 13:25:00,2016-05-16,0.001,0.0,0.0,8522.0,0.001,0.001,0.001,10000469,2016-06-22,2016-06-22,C,2.55,2015-11-06
3745,2016-05-16 13:26:00,2016-05-16,0.001,0.0,0.0,8522.0,0.001,0.001,0.001,10000469,2016-06-22,2016-06-22,C,2.55,2015-11-06
3746,2016-05-16 13:27:00,2016-05-16,0.001,0.0,0.0,8522.0,0.001,0.001,0.001,10000469,2016-06-22,2016-06-22,C,2.55,2015-11-06
3747,2016-05-16 13:28:00,2016-05-16,0.001,0.0,0.0,8522.0,0.001,0.001,0.001,10000469,2016-06-22,2016-06-22,C,2.55,2015-11-06
3748,2016-05-16 13:29:00,2016-05-16,0.001,0.0,0.0,8522.0,0.001,0.001,0.001,10000469,2016-06-22,2016-06-22,C,2.55,2015-11-06
3749,2016-05-16 13:30:00,2016-05-16,0.001,0.0,0.0,8522.0,0.001,0.001,0.001,10000469,2016-06-22,2016-06-22,C,2.55,2015-11-06
3750,2016-05-16 13:31:00,2016-05-16,0.001,0.0,0.0,8522.0,0.001,0.001,0.001,10000469,2016-06-22,2016-06-22,C,2.55,2015-11-06
3751,2016-05-16 13:32:00,2016-05-16,0.001,0.0,0.0,8522.0,0.001,0.001,0.001,10000469,2016-06-22,2016-06-22,C,2.55,2015-11-06
3752,2016-05-16 13:33:00,2016-05-16,0.001,0.0,0.0,8522.0,0.001,0.001,0.001,10000469,2016-06-22,2016-06-22,C,2.55,2015-11-06
3753,2016-05-16 13:34:00,2016-05-16,0.001,0.0,0.0,8522.0,0.001,0.001,0.001,10000469,2016-06-22,2016-06-22,C,2.55,2015-11-06
3754,2016-05-16 13:35:00,2016-05-16,0.001,0.0,0.0,8522.0,0.001,0.001,0.001,10000469,2016-06-22,2016-06-22,C,2.55,2015-11-06
3755,2016-05-16 13:36:00,2016-05-16,0.001,0.0,0.0,8522.0,0.001,0.001,0.001,10000469,2016-06-22,2016-06-22,C,2.55,2015-11-06
3756,2016-05-16 13:37:00,2016-05-16,0.001,0.0,0.0,8522.0,0.001,0.001,0.001,10000469,2016-06-22,2016-06-22,C,2.55,2015-11-06
3757,2016-05-16 13:38:00,2016-05-16,0.001,0.0,0.0,8522.0,0.001,0.001,0.001,10000469,2016-06-22,2016-06-22,C,2.55,2015-11-06
3758,2016-05-16 13:39:00,2016-05-16,0.001,0.0,0.0,8522.0,0.001,0.001,0.001,10000469,2016-06-22,2016-06-22,C,2.55,2015-11-06
3759,2016-05-16 13:40:00,2016-05-16,0.001,0.0,0.0,8522.0,0.001,0.001,0.001,10000469,2016-06-22,2016-06-22,C,2.55,2015-11-06
3760,2016-05-16 13:41:00,2016-05-16,0.001,0.0,0.0,8522.0,0.001,0.001,0.001,10000469,2016-06-22,2016-06-22,C,2.55,2015-11-06
3761,2016-05-16 13:42:00,2016-05-16,0.001,0.0,0.0,8522.0,0.001,0.001,0.001,10000469,2016-06-22,2016-06-22,C,2.55,2015-11-06
3762,2016-05-16 13:43:00,2016-05-16,0.001,0.0,0.0,8522.0,0.001,0.001,0.001,10000469,2016-06-22,2016-06-22,C,2.55,2015-11-06
3763,2016-05-16 13:44:00,2016-05-16,0.001,0.0,0.0,8522.0,0.001,0.001,0.001,10000469,2016-06-22,2016-06-22,C,2.55,2015-11-06
3764,2016-05-16 13:45:00,2016-05-16,0.001,0.0,0.0,8522.0,0.001,0.001,0.001,10000469,2016-06-22,2016-06-22,C,2.55,2015-11-06
3765,2016-05-16 13:46:00,2016-05-16,0.001,0.0,0.0,8522.0,0.001,0.001,0.001,10000469,2016-06-22,2016-06-22,C,2.55,2015-11-06
3766,2016-05-16 13:47:00,2016-05-16,0.001,0.0,0.0,8522.0,0.001,0.001,0.001,10000469,2016-06-22,2016-06-22,C,2.55,2015-11-06
3767,2016-05-16 13:48:00,2016-05-16,0.001,0.0,0.0,8522.0,0.001,0.001,0.001,10000469,2016-06-22,2016-06-22,C,2.55,2015-11-06
3768,2016-05-16 13:49:00,2016-05-16,0.001,0.0,0.0,8522.0,0.001,0.001,0.001,10000469,2016-06-22,2016-06-22,C,2.55,2015-11-06
3769,2016-05-16 13:50:00,2016-05-16,0.001,0.0,0.0,8522.0,0.001,0.001,0.001,10000469,2016-06-22,2016-06-22,C,2.55,2015-11-06
3770,2016-05-16 13:51:00,2016-05-16,0.001,0.0,0.0,8522.0,0.001,0.001,0.001,10000469,2016-06-22,2016-06-22,C,2.55,2015-11-06
3771,2016-05-16 13:52:00,2016-05-16,0.001,0.0,0.0,8522.0,0.001,0.001,0.001,10000469,2016-06-22,2016-06-22,C,2.55,2015-11-06
3772,2016-05-16 13:53:00,2016-05-16,0.001,0.0,0.0,8522.0,0.001,0.001,0.001,10000469,2016-06-22,2016-06-22,C,2.55,2015-11-06
3773,2016-05-16 13:54:00,2016-05-16,0.001,0.0,0.0,8522.0,0.001,0.001,0.001,10000469,2016-06-22,2016-06-22,C,2.55,2015-11-06
3774,2016-05-16 13:55:00,2016-05-16,0.001,0.0,0.0,8522.0,0.001,0.001,0.001,10000469,2016-06-22,2016-06-22,C,2.55,2015-11-06
3775,2016-05-16 13:56:00,2016-05-16,0.001,0.0,0.0,8522.0,0.001,0.001,0.001,10000469,2016-06-22,2016-06-22,C,2.55,2015-11-06
3776,2016-05-16 13:57:00,2016-05-16,0.001,0.0,0.0,8522.0,0.001,0.001,0.001,10000469,2016-06-22,2016-06-22,C,2.55,2015-11-06
3777,2016-05-16 13:58:00,2016-05-16,0.001,0.0,0.0,8522.0,0.001,0.001,0.001,10000469,2016-06-22,2016-06-22,C,2.55,2015-11-06
3778,2016-05-16 13:59:00,2016-05-16,0.001,0.0,0.0,8522.0,0.001,0.001,0.001,10000469,2016-06-22,2016-06-22,C,2.55,2015-11-06
3779,2016-05-16 14:00:00,2016-05-16,0.001,0.0,0.0,8522.0,0.001,0.001,0.001,10000469,2016-06-22,2016-06-22,C,2.55,2015-11-06
3780,2016-05-16 14:01:00,2016-05-16,0.001,0.0,0.0,8522.0,0.001,0.001,0.001,10000469,2016-06-22,2016-06-22,C,2.55,2015-11-06
3781,2016-05-16 14:02:00,2016-05-16,0.001,0.0,0.0,8522.0,0.001,0.001,0.001,10000469,2016-06-22,2016-06-22,C,2.55,2015-11-06
3782,2016-05-16 14:03:00,2016-05-16,0.001,0.0,0.0,8522.0,0.001,0.001,0.001,10000469,2016-06-22,2016-06-22,C,2.55,2015-11-06
3783,2016-05-16 14:04:00,2016-05-16,0.001,0.0,0.0,8522.0,0.001,0.001,0.001,10000469,2016-06-22,2016-06-22,C,2.55,2015-11-06
3784,2016-05-16 14:05:00,2016-05-16,0.001,0.0,0.0,8522.0,0.001,0.001,0.001,10000469,2016-06-22,2016-06-22,C,2.55,2015-11-06
3785,2016-05-16 14:06:00,2016-05-16,0.001,0.0,0.0,8522.0,0.001,0.001,0.001,10000469,2016-06-22,2016-06-22,C,2.55,2015-11-06
3786,2016-05-16 14:07:00,2016-05-16,0.001,0.0,0.0,8522.0,0.001,0.001,0.001,10000469,2016-06-22,2016-06-22,C,2.55,2015-11-06
3787,2016-05-16 14:08:00,2016-05-16,0.001,0.0,0.0,8522.0,0.001,0.001,0.001,10000469,2016-06-22,2016-06-22,C,2.55,2015-11-06
3788,2016-05-16 14:09:00,2016-05-16,0.001,0.0,0.0,8522.0,0.001,0.001,0.001,10000469,2016-06-22,2016-06-22,C,2.55,2015-11-06
3789,2016-05-16 14:10:00,2016-05-16,0.001,0.0,0.0,8522.0,0.001,0.001,0.001,10000469,2016-06-22,2016-06-22,C,2.55,2015-11-06
3790,2016-05-16 14:11:00,2016-05-16,0.001,0.0,0.0,8522.0,0.001,0.001,0.001,10000469,2016-06-22,2016-06-22,C,2.55,2015-11-06
3791,2016-05-16 14:12:00,2016-05-16,0.001,0.0,0.0,8522.0,0.001,0.001,0.001,10000469,2016-06-22,2016-06-22,C,2.55,2015-11-06
3792,2016-05-16 14:13:00,2016-05-16,0.001,0.0,0.0,8522.0,0.001,0.001,0.001,10000469,2016-06-22,2016-06-22,C,2.55,2015-11-06
3793,2016-05-16 14:14:00,2016-05-16,0.001,0.0,0.0,8522.0,0.001,0.001,0.001,10000469,2016-06-22,2016-06-22,C,2.55,2015-11-06
3794,2016-05-16 14:15:00,2016-05-16,0.001,0.0,0.0,8522.0,0.001,0.001,0.001,10000469,2016-06-22,2016-06-22,C,2.55,2015-11-06
3795,2016-05-16 14:16:00,2016-05-16,0.001,0.0,0.0,8522.0,0.001,0.001,0.001,10000469,2016-06-22,2016-06-22,C,2.55,2015-11-06
3796,2016-05-16 14:17:00,2016-05-16,0.001,0.0,0.0,8522.0,0.001,0.001,0.001,10000469,2016-06-22,2016-06-22,C,2.55,2015-11-06
3797,2016-05-16 14:18:00,2016-05-16,0.001,0.0,0.0,8522.0,0.001,0.001,0.001,10000469,2016-06-22,2016-06-22,C,2.55,2015-11-06
3798,2016-05-16 14:19:00,2016-05-16,0.001,0.0,0.0,8522.0,0.001,0.001,0.001,10000469,2016-06-22,2016-06-22,C,2.55,2015-11-06
3799,2016-05-16 14:20:00,2016-05-16,0.001,0.0,0.0,8522.0,0.001,0.001,0.001,10000469,2016-06-22,2016-06-22,C,2.55,2015-11-06
3800,2016-05-16 14:21:00,2016-05-16,0.001,0.0,0.0,8522.0,0.001,0.001,0.001,10000469,2016-06-22,2016-06-22,C,2.55,2015-11-06
3801,2016-05-16 14:22:00,2016-05-16,0.001,0.0,0.0,8522.0,0.001,0.001,0.001,10000469,2016-06-22,2016-06-22,C,2.55,2015-11-06
3802,2016-05-16 14:23:00,2016-05-16,0.001,0.0,0.0,8522.0,0.001,0.001,0.001,10000469,2016-06-22,2016-06-22,C,2.55,2015-11-06
3803,2016-05-16 14:24:00,2016-05-16,0.001,0.0,0.0,8522.0,0.001,0.001,0.001,10000469,2016-06-22,2016-06-22,C,2.55,2015-11-06
3804,2016-05-16 14:25:00,2016-05-16,0.001,0.0,0.0,8522.0,0.001,0.001,0.001,10000469,2016-06-22,2016-06-22,C,2.55,2015-11-06
3805,2016-05-16 14:26:00,2016-05-16,0.001,0.0,0.0,8522.0,0.001,0.001,0.001,10000469,2016-06-22,2016-06-22,C,2.55,2015-11-06
3806,2016-05-16 14:27:00,2016-05-16,0.001,0.0,0.0,8522.0,0.001,0.001,0.001,10000469,2016-06-22,2016-06-22,C,2.55,2015-11-06
3807,2016-05-16 14:28:00,2016-05-16,0.001,0.0,0.0,8522.0,0.001,0.001,0.001,10000469,2016-06-22,2016-06-22,C,2.55,2015-11-06
3808,2016-05-16 14:29:00,2016-05-16,0.001,0.0,0.0,8522.0,0.001,0.001,0.001,10000469,2016-06-22,2016-06-22,C,2.55,2015-11-06
3809,2016-05-16 14:30:00,2016-05-16,0.001,0.0,0.0,8522.0,0.001,0.001,0.001,10000469,2016-06-22,2016-06-22,C,2.55,2015-11-06
3810,2016-05-16 14:31:00,2016-05-16,0.001,0.0,0.0,8522.0,0.001,0.001,0.001,10000469,2016-06-22,2016-06-22,C,2.55,2015-11-06
3811,2016-05-16 14:32:00,2016-05-16,0.001,0.0,0.0,8522.0,0.001,0.001,0.001,10000469,2016-06-22,2016-06-22,C,2.55,2015-11-06
3812,2016-05-16 14:33:00,2016-05-16,0.001,0.0,0.0,8522.0,0.001,0.001,0.001,10000469,2016-06-22,2016-06-22,C,2.55,2015-11-06
3813,2016-05-16 14:34:00,2016-05-16,0.001,0.0,0.0,8522.0,0.001,0.001,0.001,10000469,2016-06-22,2016-06-22,C,2.55,2015-11-06
3814,2016-05-16 14:35:00,2016-05-16,0.001,0.0,0.0,8522.0,0.001,0.001,0.001,10000469,2016-06-22,2016-06-22,C,2.55,2015-11-06
3815,2016-05-16 14:36:00,2016-05-16,0.001,0.0,0.0,8522.0,0.001,0.001,0.001,10000469,2016-06-22,2016-06-22,C,2.55,2015-11-06
3816,2016-05-16 14:37:00,2016-05-16,0.001,0.0,0.0,8522.0,0.001,0.001,0.001,10000469,2016-06-22,2016-06-22,C,2.55,2015-11-06
3817,2016-05-16 14:38:00,2016-05-16,0.001,0.0,0.0,8522.0,0.001,0.001,0.001,10000469,2016-06-22,2016-06-22,C,2.55,2015-11-06
3818,2016-05-16 14:39:00,2016-05-16,0.001,0.0,0.0,8522.0,0.001,0.001,0.001,10000469,2016-06-22,2016-06-22,C,2.55,2015-11-06
3819,2016-05-16 14:40:00,2016-05-16,0.001,0.0,0.0,8522.0,0.001,0.001,0.001,10000469,2016-06-22,2016-06-22,C,2.55,2015-11-06
3820,2016-05-16 14:41:00,2016-05-16,0.001,0.0,0.0,8522.0,0.001,0.001,0.001,10000469,2016-06-22,2016-06-22,C,2.55,2015-11-06
3821,2016-05-16 14:42:00,2016-05-16,0.001,0.0,0.0,8522.0,0.001,0.001,0.001,10000469,2016-06-22,2016-06-22,C,2.55,2015-11-06
3822,2016-05-16 14:43:00,2016-05-16,0.001,0.0,0.0,8522.0,0.001,0.001,0.001,10000469,2016-06-22,2016-06-22,C,2.55,2015-11-06
3823,2016-05-16 14:44:00,2016-05-16,0.001,0.0,0.0,8522.0,0.001,0.001,0.001,10000469,2016-06-22,2016-06-22,C,2.55,2015-11-06
3824,2016-05-16 14:45:00,2016-05-16,0.001,0.0,0.0,8522.0,0.001,0.001,0.001,10000469,2016-06-22,2016-06-22,C,2.55,2015-11-06
3825,2016-05-16 14:46:00,2016-05-16,0.001,0.0,0.0,8522.0,0.001,0.001,0.001,10000469,2016-06-22,2016-06-22,C,2.55,2015-11-06
3826,2016-05-16 14:47:00,2016-05-16,0.001,0.0,0.0,8522.0,0.001,0.001,0.001,10000469,2016-06-22,2016-06-22,C,2.55,2015-11-06
3827,2016-05-16 14:48:00,2016-05-16,0.001,0.0,0.0,8522.0,0.001,0.001,0.001,10000469,2016-06-22,2016-06-22,C,2.55,2015-11-06
3828,2016-05-16 14:49:00,2016-05-16,0.001,0.0,0.0,8522.0,0.001,0.001,0.001,10000469,2016-06-22,2016-06-22,C,2.55,2015-11-06
3829,2016-05-16 14:50:00,2016-05-16,0.001,0.0,0.0,8522.0,0.001,0.001,0.001,10000469,2016-06-22,2016-06-22,C,2.55,2015-11-06
3830,2016-05-16 14:51:00,2016-05-16,0.001,0.0,0.0,8522.0,0.001,0.001,0.001,10000469,2016-06-22,2016-06-22,C,2.55,2015-11-06
3831,2016-05-16 14:52:00,2016-05-16,0.001,0.0,0.0,8522.0,0.001,0.001,0.001,10000469,2016-06-22,2016-06-22,C,2.55,2015-11-06
3832,2016-05-16 14:53:00,2016-05-16,0.001,0.0,0.0,8522.0,0.001,0.001,0.001,10000469,2016-06-22,2016-06-22,C,2.55,2015-11-06
3833,2016-05-16 14:54:00,2016-05-16,0.001,0.0,0.0,8522.0,0.001,0.001,0.001,10000469,2016-06-22,2016-06-22,C,2.55,2015-11-06
3834,2016-05-16 14:55:00,2016-05-16,0.001,0.0,0.0,8522.0,0.001,0.001,0.001,10000469,2016-06-22,2016-06-22,C,2.55,2015-11-06
3835,2016-05-16 14:56:00,2016-05-16,0.001,0.0,0.0,8522.0,0.001,0.001,0.001,10000469,2016-06-22,2016-06-22,C,2.55,2015-11-06
3836,2016-05-16 14:57:00,2016-05-16,0.001,0.0,0.0,8522.0,0.001,0.001,0.001,10000469,2016-06-22,2016-06-22,C,2.55,2015-11-06
3837,2016-05-16 14:58:00,2016-05-16,0.001,0.0,0.0,8522.0,0.001,0.001,0.001,10000469,2016-06-22,2016-06-22,C,2.55,2015-11-06
3838,2016-05-16 14:59:00,2016-05-16,0.001,0.0,0.0,8522.0,0.001,0.001,0.001,10000469,2016-06-22,2016-06-22,C,2.55,2015-11-06
3839,2016-05-16 15:00:00,2016-05-16,0.001,0.0,0.0,8522.0,0.001,0.001,0.001,10000469,2016-06-22,2016-06-22,C,2.55,2015-11-06
3840,2016-05-16 09:31:00,2016-05-16,0.2342,94862.0,41.0,3184.0,0.2304,0.2311,0.2304,10000614,2016-05-25,2016-05-25,P,2.3,2016-04-06
3841,2016-05-16 09:32:00,2016-05-16,0.2312,2312.0,1.0,3184.0,0.2311,0.2312,0.2311,10000614,2016-05-25,2016-05-25,P,2.3,2016-04-06
3842,2016-05-16 09:33:00,2016-05-16,0.2312,0.0,0.0,3184.0,0.2312,0.2312,0.2312,10000614,2016-05-25,2016-05-25,P,2.3,2016-04-06
3843,2016-05-16 09:34:00,2016-05-16,0.2317,4632.0,2.0,3184.0,0.2312,0.2315,0.2312,10000614,2016-05-25,2016-05-25,P,2.3,2016-04-06
3844,2016-05-16 09:35:00,2016-05-16,0.2315,38886.0,17.0,3169.0,0.2315,0.2285,0.2285,10000614,2016-05-25,2016-05-25,P,2.3,2016-04-06
3845,2016-05-16 09:36:00,2016-05-16,0.229,191112.0,84.0,3148.0,0.2285,0.2278,0.2254,10000614,2016-05-25,2016-05-25,P,2.3,2016-04-06
3846,2016-05-16 09:37:00,2016-05-16,0.2278,2270.0,1.0,3149.0,0.2278,0.227,0.227,10000614,2016-05-25,2016-05-25,P,2.3,2016-04-06
3847,2016-05-16 09:38:00,2016-05-16,0.2293,89219.0,39.0,3141.0,0.227,0.2282,0.227,10000614,2016-05-25,2016-05-25,P,2.3,2016-04-06
3848,2016-05-16 09:39:00,2016-05-16,0.2282,2276.0,1.0,3140.0,0.2282,0.2276,0.2276,10000614,2016-05-25,2016-05-25,P,2.3,2016-04-06
3849,2016-05-16 09:40:00,2016-05-16,0.2284,2284.0,1.0,3140.0,0.2276,0.2284,0.2276,10000614,2016-05-25,2016-05-25,P,2.3,2016-04-06
3850,2016-05-16 09:41:00,2016-05-16,0.2284,2281.0,1.0,3140.0,0.2284,0.2281,0.2281,10000614,2016-05-25,2016-05-25,P,2.3,2016-04-06
3851,2016-05-16 09:42:00,2016-05-16,0.2281,0.0,0.0,3140.0,0.2281,0.2281,0.2281,10000614,2016-05-25,2016-05-25,P,2.3,2016-04-06
3852,2016-05-16 09:43:00,2016-05-16,0.2282,11410.0,5.0,3141.0,0.2281,0.2282,0.2281,10000614,2016-05-25,2016-05-25,P,2.3,2016-04-06
3853,2016-05-16 09:44:00,2016-05-16,0.2282,0.0,0.0,3141.0,0.2282,0.2282,0.2282,10000614,2016-05-25,2016-05-25,P,2.3,2016-04-06
3854,2016-05-16 09:45:00,2016-05-16,0.23,6892.0,3.0,3139.0,0.2282,0.23,0.2282,10000614,2016-05-25,2016-05-25,P,2.3,2016-04-06
3855,2016-05-16 09:46:00,2016-05-16,0.23,0.0,0.0,3139.0,0.23,0.23,0.23,10000614,2016-05-25,2016-05-25,P,2.3,2016-04-06
3856,2016-05-16 09:47:00,2016-05-16,0.2325,18591.0,8.0,3137.0,0.23,0.2324,0.23,10000614,2016-05-25,2016-05-25,P,2.3,2016-04-06
3857,2016-05-16 09:48:00,2016-05-16,0.2324,0.0,0.0,3137.0,0.2324,0.2324,0.2324,10000614,2016-05-25,2016-05-25,P,2.3,2016-04-06
3858,2016-05-16 09:49:00,2016-05-16,0.2324,0.0,0.0,3137.0,0.2324,0.2324,0.2324,10000614,2016-05-25,2016-05-25,P,2.3,2016-04-06
3859,2016-05-16 09:50:00,2016-05-16,0.2324,0.0,0.0,3137.0,0.2324,0.2324,0.2324,10000614,2016-05-25,2016-05-25,P,2.3,2016-04-06
3860,2016-05-16 09:51:00,2016-05-16,0.2324,0.0,0.0,3137.0,0.2324,0.2324,0.2324,10000614,2016-05-25,2016-05-25,P,2.3,2016-04-06
3861,2016-05-16 09:52:00,2016-05-16,0.2324,30099.0,13.0,3139.0,0.2324,0.2314,0.2314,10000614,2016-05-25,2016-05-25,P,2.3,2016-04-06
3862,2016-05-16 09:53:00,2016-05-16,0.238,211543.0,90.0,3141.0,0.2314,0.238,0.2314,10000614,2016-05-25,2016-05-25,P,2.3,2016-04-06
3863,2016-05-16 09:54:00,2016-05-16,0.2381,225224.0,95.0,3136.0,0.238,0.237,0.2364,10000614,2016-05-25,2016-05-25,P,2.3,2016-04-06
3864,2016-05-16 09:55:00,2016-05-16,0.2381,90444.0,38.0,3122.0,0.237,0.2374,0.237,10000614,2016-05-25,2016-05-25,P,2.3,2016-04-06
3865,2016-05-16 09:56:00,2016-05-16,0.238,23685.0,10.0,3115.0,0.2374,0.2365,0.2365,10000614,2016-05-25,2016-05-25,P,2.3,2016-04-06
3866,2016-05-16 09:57:00,2016-05-16,0.2365,103960.0,44.0,3105.0,0.2365,0.236,0.236,10000614,2016-05-25,2016-05-25,P,2.3,2016-04-06
3867,2016-05-16 09:58:00,2016-05-16,0.236,0.0,0.0,3105.0,0.236,0.236,0.236,10000614,2016-05-25,2016-05-25,P,2.3,2016-04-06
3868,2016-05-16 09:59:00,2016-05-16,0.2363,2363.0,1.0,3105.0,0.236,0.2363,0.236,10000614,2016-05-25,2016-05-25,P,2.3,2016-04-06
3869,2016-05-16 10:00:00,2016-05-16,0.2375,4750.0,2.0,3107.0,0.2363,0.2375,0.2363,10000614,2016-05-25,2016-05-25,P,2.3,2016-04-06
3870,2016-05-16 10:01:00,2016-05-16,0.2375,2375.0,1.0,3108.0,0.2375,0.2375,0.2375,10000614,2016-05-25,2016-05-25,P,2.3,2016-04-06
3871,2016-05-16 10:02:00,2016-05-16,0.2375,4740.0,2.0,3106.0,0.2375,0.237,0.237,10000614,2016-05-25,2016-05-25,P,2.3,2016-04-06
3872,2016-05-16 10:03:00,2016-05-16,0.237,0.0,0.0,3106.0,0.237,0.237,0.237,10000614,2016-05-25,2016-05-25,P,2.3,2016-04-06
3873,2016-05-16 10:04:00,2016-05-16,0.237,0.0,0.0,3106.0,0.237,0.237,0.237,10000614,2016-05-25,2016-05-25,P,2.3,2016-04-06
3874,2016-05-16 10:05:00,2016-05-16,0.237,2355.0,1.0,3105.0,0.237,0.2355,0.2355,10000614,2016-05-25,2016-05-25,P,2.3,2016-04-06
3875,2016-05-16 10:06:00,2016-05-16,0.2355,0.0,0.0,3105.0,0.2355,0.2355,0.2355,10000614,2016-05-25,2016-05-25,P,2.3,2016-04-06
3876,2016-05-16 10:07:00,2016-05-16,0.2357,21183.0,9.0,3096.0,0.2355,0.2342,0.2342,10000614,2016-05-25,2016-05-25,P,2.3,2016-04-06
3877,2016-05-16 10:08:00,2016-05-16,0.2342,0.0,0.0,3096.0,0.2342,0.2342,0.2342,10000614,2016-05-25,2016-05-25,P,2.3,2016-04-06
3878,2016-05-16 10:09:00,2016-05-16,0.2342,23400.0,10.0,3094.0,0.2342,0.234,0.234,10000614,2016-05-25,2016-05-25,P,2.3,2016-04-06
3879,2016-05-16 10:10:00,2016-05-16,0.234,0.0,0.0,3094.0,0.234,0.234,0.234,10000614,2016-05-25,2016-05-25,P,2.3,2016-04-06
3880,2016-05-16 10:11:00,2016-05-16,0.234,0.0,0.0,3094.0,0.234,0.234,0.234,10000614,2016-05-25,2016-05-25,P,2.3,2016-04-06
3881,2016-05-16 10:12:00,2016-05-16,0.234,0.0,0.0,3094.0,0.234,0.234,0.234,10000614,2016-05-25,2016-05-25,P,2.3,2016-04-06
3882,2016-05-16 10:13:00,2016-05-16,0.234,4654.0,2.0,3092.0,0.234,0.2327,0.2327,10000614,2016-05-25,2016-05-25,P,2.3,2016-04-06
3883,2016-05-16 10:14:00,2016-05-16,0.2327,0.0,0.0,3092.0,0.2327,0.2327,0.2327,10000614,2016-05-25,2016-05-25,P,2.3,2016-04-06
3884,2016-05-16 10:15:00,2016-05-16,0.2327,0.0,0.0,3092.0,0.2327,0.2327,0.2327,10000614,2016-05-25,2016-05-25,P,2.3,2016-04-06
3885,2016-05-16 10:16:00,2016-05-16,0.2327,23140.0,10.0,3092.0,0.2327,0.2314,0.2314,10000614,2016-05-25,2016-05-25,P,2.3,2016-04-06
3886,2016-05-16 10:17:00,2016-05-16,0.2317,2317.0,1.0,3091.0,0.2317,0.2317,0.2317,10000614,2016-05-25,2016-05-25,P,2.3,2016-04-06
3887,2016-05-16 10:18:00,2016-05-16,0.2317,16219.0,7.0,3084.0,0.2317,0.2317,0.2317,10000614,2016-05-25,2016-05-25,P,2.3,2016-04-06
3888,2016-05-16 10:19:00,2016-05-16,0.2317,0.0,0.0,3084.0,0.2317,0.2317,0.2317,10000614,2016-05-25,2016-05-25,P,2.3,2016-04-06
3889,2016-05-16 10:20:00,2016-05-16,0.2317,0.0,0.0,3084.0,0.2317,0.2317,0.2317,10000614,2016-05-25,2016-05-25,P,2.3,2016-04-06
3890,2016-05-16 10:21:00,2016-05-16,0.2317,0.0,0.0,3084.0,0.2317,0.2317,0.2317,10000614,2016-05-25,2016-05-25,P,2.3,2016-04-06
3891,2016-05-16 10:22:00,2016-05-16,0.2317,0.0,0.0,3084.0,0.2317,0.2317,0.2317,10000614,2016-05-25,2016-05-25,P,2.3,2016-04-06
3892,2016-05-16 10:23:00,2016-05-16,0.2317,0.0,0.0,3084.0,0.2317,0.2317,0.2317,10000614,2016-05-25,2016-05-25,P,2.3,2016-04-06
3893,2016-05-16 10:24:00,2016-05-16,0.2317,0.0,0.0,3084.0,0.2317,0.2317,0.2317,10000614,2016-05-25,2016-05-25,P,2.3,2016-04-06
3894,2016-05-16 10:25:00,2016-05-16,0.2351,4702.0,2.0,3084.0,0.2317,0.2351,0.2317,10000614,2016-05-25,2016-05-25,P,2.3,2016-04-06
3895,2016-05-16 10:26:00,2016-05-16,0.2351,0.0,0.0,3084.0,0.2351,0.2351,0.2351,10000614,2016-05-25,2016-05-25,P,2.3,2016-04-06
3896,2016-05-16 10:27:00,2016-05-16,0.2338,9352.0,4.0,3088.0,0.2338,0.2338,0.2338,10000614,2016-05-25,2016-05-25,P,2.3,2016-04-06
3897,2016-05-16 10:28:00,2016-05-16,0.2338,0.0,0.0,3088.0,0.2338,0.2338,0.2338,10000614,2016-05-25,2016-05-25,P,2.3,2016-04-06
3898,2016-05-16 10:29:00,2016-05-16,0.2338,0.0,0.0,3088.0,0.2338,0.2338,0.2338,10000614,2016-05-25,2016-05-25,P,2.3,2016-04-06
3899,2016-05-16 10:30:00,2016-05-16,0.2338,9274.0,4.0,3089.0,0.2338,0.232,0.2318,10000614,2016-05-25,2016-05-25,P,2.3,2016-04-06
3900,2016-05-16 10:31:00,2016-05-16,0.232,0.0,0.0,3089.0,0.232,0.232,0.232,10000614,2016-05-25,2016-05-25,P,2.3,2016-04-06
3901,2016-05-16 10:32:00,2016-05-16,0.232,0.0,0.0,3089.0,0.232,0.232,0.232,10000614,2016-05-25,2016-05-25,P,2.3,2016-04-06
3902,2016-05-16 10:33:00,2016-05-16,0.232,0.0,0.0,3089.0,0.232,0.232,0.232,10000614,2016-05-25,2016-05-25,P,2.3,2016-04-06
3903,2016-05-16 10:34:00,2016-05-16,0.232,2317.0,1.0,3089.0,0.232,0.2317,0.2317,10000614,2016-05-25,2016-05-25,P,2.3,2016-04-06
3904,2016-05-16 10:35:00,2016-05-16,0.2317,0.0,0.0,3089.0,0.2317,0.2317,0.2317,10000614,2016-05-25,2016-05-25,P,2.3,2016-04-06
3905,2016-05-16 10:36:00,2016-05-16,0.2317,23050.0,10.0,3089.0,0.2317,0.2305,0.2305,10000614,2016-05-25,2016-05-25,P,2.3,2016-04-06
3906,2016-05-16 10:37:00,2016-05-16,0.2322,11598.0,5.0,3093.0,0.2305,0.2322,0.2305,10000614,2016-05-25,2016-05-25,P,2.3,2016-04-06
3907,2016-05-16 10:38:00,2016-05-16,0.2322,6945.0,3.0,3090.0,0.2322,0.2315,0.2315,10000614,2016-05-25,2016-05-25,P,2.3,2016-04-06
3908,2016-05-16 10:39:00,2016-05-16,0.2316,23160.0,10.0,3100.0,0.2315,0.2316,0.2315,10000614,2016-05-25,2016-05-25,P,2.3,2016-04-06
3909,2016-05-16 10:40:00,2016-05-16,0.2316,0.0,0.0,3100.0,0.2316,0.2316,0.2316,10000614,2016-05-25,2016-05-25,P,2.3,2016-04-06
3910,2016-05-16 10:41:00,2016-05-16,0.2316,0.0,0.0,3100.0,0.2316,0.2316,0.2316,10000614,2016-05-25,2016-05-25,P,2.3,2016-04-06
3911,2016-05-16 10:42:00,2016-05-16,0.2316,0.0,0.0,3100.0,0.2316,0.2316,0.2316,10000614,2016-05-25,2016-05-25,P,2.3,2016-04-06
3912,2016-05-16 10:43:00,2016-05-16,0.2316,0.0,0.0,3100.0,0.2316,0.2316,0.2316,10000614,2016-05-25,2016-05-25,P,2.3,2016-04-06
3913,2016-05-16 10:44:00,2016-05-16,0.2316,0.0,0.0,3100.0,0.2316,0.2316,0.2316,10000614,2016-05-25,2016-05-25,P,2.3,2016-04-06
3914,2016-05-16 10:45:00,2016-05-16,0.2316,0.0,0.0,3100.0,0.2316,0.2316,0.2316,10000614,2016-05-25,2016-05-25,P,2.3,2016-04-06
3915,2016-05-16 10:46:00,2016-05-16,0.232,23200.0,10.0,3097.0,0.2316,0.232,0.2316,10000614,2016-05-25,2016-05-25,P,2.3,2016-04-06
3916,2016-05-16 10:47:00,2016-05-16,0.232,18560.0,8.0,3099.0,0.232,0.232,0.232,10000614,2016-05-25,2016-05-25,P,2.3,2016-04-06
3917,2016-05-16 10:48:00,2016-05-16,0.232,6927.0,3.0,3101.0,0.232,0.2309,0.2309,10000614,2016-05-25,2016-05-25,P,2.3,2016-04-06
3918,2016-05-16 10:49:00,2016-05-16,0.2309,34274.0,15.0,3097.0,0.2309,0.2282,0.2282,10000614,2016-05-25,2016-05-25,P,2.3,2016-04-06
3919,2016-05-16 10:50:00,2016-05-16,0.2282,0.0,0.0,3097.0,0.2282,0.2282,0.2282,10000614,2016-05-25,2016-05-25,P,2.3,2016-04-06
3920,2016-05-16 10:51:00,2016-05-16,0.2282,13652.0,6.0,3098.0,0.2282,0.2267,0.2267,10000614,2016-05-25,2016-05-25,P,2.3,2016-04-06
3921,2016-05-16 10:52:00,2016-05-16,0.2269,2269.0,1.0,3098.0,0.2267,0.2269,0.2267,10000614,2016-05-25,2016-05-25,P,2.3,2016-04-06
3922,2016-05-16 10:53:00,2016-05-16,0.2269,29447.0,13.0,3111.0,0.2269,0.2264,0.2264,10000614,2016-05-25,2016-05-25,P,2.3,2016-04-06
3923,2016-05-16 10:54:00,2016-05-16,0.2264,0.0,0.0,3111.0,0.2264,0.2264,0.2264,10000614,2016-05-25,2016-05-25,P,2.3,2016-04-06
3924,2016-05-16 10:55:00,2016-05-16,0.2264,0.0,0.0,3111.0,0.2264,0.2264,0.2264,10000614,2016-05-25,2016-05-25,P,2.3,2016-04-06
3925,2016-05-16 10:56:00,2016-05-16,0.2261,20349.0,9.0,3111.0,0.2261,0.2261,0.2261,10000614,2016-05-25,2016-05-25,P,2.3,2016-04-06
3926,2016-05-16 10:57:00,2016-05-16,0.2261,2257.0,1.0,3111.0,0.2261,0.2257,0.2257,10000614,2016-05-25,2016-05-25,P,2.3,2016-04-06
3927,2016-05-16 10:58:00,2016-05-16,0.2257,0.0,0.0,3111.0,0.2257,0.2257,0.2257,10000614,2016-05-25,2016-05-25,P,2.3,2016-04-06
3928,2016-05-16 10:59:00,2016-05-16,0.2257,24444.0,11.0,3116.0,0.2257,0.2222,0.2222,10000614,2016-05-25,2016-05-25,P,2.3,2016-04-06
3929,2016-05-16 11:00:00,2016-05-16,0.2222,33050.0,15.0,3121.0,0.2222,0.2202,0.2202,10000614,2016-05-25,2016-05-25,P,2.3,2016-04-06
3930,2016-05-16 11:01:00,2016-05-16,0.2203,28500.0,13.0,3121.0,0.2203,0.219,0.219,10000614,2016-05-25,2016-05-25,P,2.3,2016-04-06
3931,2016-05-16 11:02:00,2016-05-16,0.2205,35232.0,16.0,3113.0,0.2189,0.2205,0.2189,10000614,2016-05-25,2016-05-25,P,2.3,2016-04-06
3932,2016-05-16 11:03:00,2016-05-16,0.2213,35374.0,16.0,3125.0,0.2205,0.2213,0.2205,10000614,2016-05-25,2016-05-25,P,2.3,2016-04-06
3933,2016-05-16 11:04:00,2016-05-16,0.2214,26558.0,12.0,3137.0,0.2213,0.2214,0.2212,10000614,2016-05-25,2016-05-25,P,2.3,2016-04-06
3934,2016-05-16 11:05:00,2016-05-16,0.2215,11075.0,5.0,3142.0,0.2214,0.2215,0.2214,10000614,2016-05-25,2016-05-25,P,2.3,2016-04-06
3935,2016-05-16 11:06:00,2016-05-16,0.2215,0.0,0.0,3142.0,0.2215,0.2215,0.2215,10000614,2016-05-25,2016-05-25,P,2.3,2016-04-06
3936,2016-05-16 11:07:00,2016-05-16,0.2215,0.0,0.0,3142.0,0.2215,0.2215,0.2215,10000614,2016-05-25,2016-05-25,P,2.3,2016-04-06
3937,2016-05-16 11:08:00,2016-05-16,0.2215,0.0,0.0,3142.0,0.2215,0.2215,0.2215,10000614,2016-05-25,2016-05-25,P,2.3,2016-04-06
3938,2016-05-16 11:09:00,2016-05-16,0.2215,0.0,0.0,3142.0,0.2215,0.2215,0.2215,10000614,2016-05-25,2016-05-25,P,2.3,2016-04-06
3939,2016-05-16 11:10:00,2016-05-16,0.2215,11075.0,5.0,3142.0,0.2215,0.2215,0.2215,10000614,2016-05-25,2016-05-25,P,2.3,2016-04-06
3940,2016-05-16 11:11:00,2016-05-16,0.2215,0.0,0.0,3142.0,0.2215,0.2215,0.2215,10000614,2016-05-25,2016-05-25,P,2.3,2016-04-06
3941,2016-05-16 11:12:00,2016-05-16,0.223,97891.0,44.0,3186.0,0.2215,0.223,0.2215,10000614,2016-05-25,2016-05-25,P,2.3,2016-04-06
3942,2016-05-16 11:13:00,2016-05-16,0.223,0.0,0.0,3186.0,0.223,0.223,0.223,10000614,2016-05-25,2016-05-25,P,2.3,2016-04-06
3943,2016-05-16 11:14:00,2016-05-16,0.223,0.0,0.0,3186.0,0.223,0.223,0.223,10000614,2016-05-25,2016-05-25,P,2.3,2016-04-06
3944,2016-05-16 11:15:00,2016-05-16,0.223,0.0,0.0,3186.0,0.223,0.223,0.223,10000614,2016-05-25,2016-05-25,P,2.3,2016-04-06
3945,2016-05-16 11:16:00,2016-05-16,0.223,0.0,0.0,3186.0,0.223,0.223,0.223,10000614,2016-05-25,2016-05-25,P,2.3,2016-04-06
3946,2016-05-16 11:17:00,2016-05-16,0.223,0.0,0.0,3186.0,0.223,0.223,0.223,10000614,2016-05-25,2016-05-25,P,2.3,2016-04-06
3947,2016-05-16 11:18:00,2016-05-16,0.223,0.0,0.0,3186.0,0.223,0.223,0.223,10000614,2016-05-25,2016-05-25,P,2.3,2016-04-06
3948,2016-05-16 11:19:00,2016-05-16,0.223,0.0,0.0,3186.0,0.223,0.223,0.223,10000614,2016-05-25,2016-05-25,P,2.3,2016-04-06
3949,2016-05-16 11:20:00,2016-05-16,0.223,0.0,0.0,3186.0,0.223,0.223,0.223,10000614,2016-05-25,2016-05-25,P,2.3,2016-04-06
3950,2016-05-16 11:21:00,2016-05-16,0.223,22090.0,10.0,3196.0,0.223,0.2209,0.2209,10000614,2016-05-25,2016-05-25,P,2.3,2016-04-06
3951,2016-05-16 11:22:00,2016-05-16,0.2209,44178.0,20.0,3210.0,0.2209,0.2209,0.2207,10000614,2016-05-25,2016-05-25,P,2.3,2016-04-06
3952,2016-05-16 11:23:00,2016-05-16,0.2209,0.0,0.0,3210.0,0.2209,0.2209,0.2209,10000614,2016-05-25,2016-05-25,P,2.3,2016-04-06
3953,2016-05-16 11:24:00,2016-05-16,0.2209,0.0,0.0,3210.0,0.2209,0.2209,0.2209,10000614,2016-05-25,2016-05-25,P,2.3,2016-04-06
3954,2016-05-16 11:25:00,2016-05-16,0.2209,0.0,0.0,3210.0,0.2209,0.2209,0.2209,10000614,2016-05-25,2016-05-25,P,2.3,2016-04-06
3955,2016-05-16 11:26:00,2016-05-16,0.2209,0.0,0.0,3210.0,0.2209,0.2209,0.2209,10000614,2016-05-25,2016-05-25,P,2.3,2016-04-06
3956,2016-05-16 11:27:00,2016-05-16,0.2209,0.0,0.0,3210.0,0.2209,0.2209,0.2209,10000614,2016-05-25,2016-05-25,P,2.3,2016-04-06
3957,2016-05-16 11:28:00,2016-05-16,0.2209,0.0,0.0,3210.0,0.2209,0.2209,0.2209,10000614,2016-05-25,2016-05-25,P,2.3,2016-04-06
3958,2016-05-16 11:29:00,2016-05-16,0.2209,0.0,0.0,3210.0,0.2209,0.2209,0.2209,10000614,2016-05-25,2016-05-25,P,2.3,2016-04-06
3959,2016-05-16 11:30:00,2016-05-16,0.2209,55137.0,25.0,3204.0,0.2209,0.2199,0.2199,10000614,2016-05-25,2016-05-25,P,2.3,2016-04-06
3960,2016-05-16 13:01:00,2016-05-16,0.2199,0.0,0.0,3204.0,0.2199,0.2199,0.2199,10000614,2016-05-25,2016-05-25,P,2.3,2016-04-06
3961,2016-05-16 13:02:00,2016-05-16,0.2252,24664.0,11.0,3208.0,0.2199,0.2252,0.2199,10000614,2016-05-25,2016-05-25,P,2.3,2016-04-06
3962,2016-05-16 13:03:00,2016-05-16,0.2252,0.0,0.0,3208.0,0.2252,0.2252,0.2252,10000614,2016-05-25,2016-05-25,P,2.3,2016-04-06
3963,2016-05-16 13:04:00,2016-05-16,0.2252,0.0,0.0,3208.0,0.2252,0.2252,0.2252,10000614,2016-05-25,2016-05-25,P,2.3,2016-04-06
3964,2016-05-16 13:05:00,2016-05-16,0.2252,0.0,0.0,3208.0,0.2252,0.2252,0.2252,10000614,2016-05-25,2016-05-25,P,2.3,2016-04-06
3965,2016-05-16 13:06:00,2016-05-16,0.2252,0.0,0.0,3208.0,0.2252,0.2252,0.2252,10000614,2016-05-25,2016-05-25,P,2.3,2016-04-06
3966,2016-05-16 13:07:00,2016-05-16,0.2252,0.0,0.0,3208.0,0.2252,0.2252,0.2252,10000614,2016-05-25,2016-05-25,P,2.3,2016-04-06
3967,2016-05-16 13:08:00,2016-05-16,0.2252,0.0,0.0,3208.0,0.2252,0.2252,0.2252,10000614,2016-05-25,2016-05-25,P,2.3,2016-04-06
3968,2016-05-16 13:09:00,2016-05-16,0.2252,0.0,0.0,3208.0,0.2252,0.2252,0.2252,10000614,2016-05-25,2016-05-25,P,2.3,2016-04-06
3969,2016-05-16 13:10:00,2016-05-16,0.2252,0.0,0.0,3208.0,0.2252,0.2252,0.2252,10000614,2016-05-25,2016-05-25,P,2.3,2016-04-06
3970,2016-05-16 13:11:00,2016-05-16,0.2252,0.0,0.0,3208.0,0.2252,0.2252,0.2252,10000614,2016-05-25,2016-05-25,P,2.3,2016-04-06
3971,2016-05-16 13:12:00,2016-05-16,0.2252,0.0,0.0,3208.0,0.2252,0.2252,0.2252,10000614,2016-05-25,2016-05-25,P,2.3,2016-04-06
3972,2016-05-16 13:13:00,2016-05-16,0.2252,0.0,0.0,3208.0,0.2252,0.2252,0.2252,10000614,2016-05-25,2016-05-25,P,2.3,2016-04-06
3973,2016-05-16 13:14:00,2016-05-16,0.2252,0.0,0.0,3208.0,0.2252,0.2252,0.2252,10000614,2016-05-25,2016-05-25,P,2.3,2016-04-06
3974,2016-05-16 13:15:00,2016-05-16,0.2252,0.0,0.0,3208.0,0.2252,0.2252,0.2252,10000614,2016-05-25,2016-05-25,P,2.3,2016-04-06
3975,2016-05-16 13:16:00,2016-05-16,0.2252,0.0,0.0,3208.0,0.2252,0.2252,0.2252,10000614,2016-05-25,2016-05-25,P,2.3,2016-04-06
3976,2016-05-16 13:17:00,2016-05-16,0.2252,0.0,0.0,3208.0,0.2252,0.2252,0.2252,10000614,2016-05-25,2016-05-25,P,2.3,2016-04-06
3977,2016-05-16 13:18:00,2016-05-16,0.2252,0.0,0.0,3208.0,0.2252,0.2252,0.2252,10000614,2016-05-25,2016-05-25,P,2.3,2016-04-06
3978,2016-05-16 13:19:00,2016-05-16,0.2252,0.0,0.0,3208.0,0.2252,0.2252,0.2252,10000614,2016-05-25,2016-05-25,P,2.3,2016-04-06
3979,2016-05-16 13:20:00,2016-05-16,0.2252,2250.0,1.0,3209.0,0.2252,0.225,0.225,10000614,2016-05-25,2016-05-25,P,2.3,2016-04-06
3980,2016-05-16 13:21:00,2016-05-16,0.225,0.0,0.0,3209.0,0.225,0.225,0.225,10000614,2016-05-25,2016-05-25,P,2.3,2016-04-06
3981,2016-05-16 13:22:00,2016-05-16,0.225,0.0,0.0,3209.0,0.225,0.225,0.225,10000614,2016-05-25,2016-05-25,P,2.3,2016-04-06
3982,2016-05-16 13:23:00,2016-05-16,0.225,0.0,0.0,3209.0,0.225,0.225,0.225,10000614,2016-05-25,2016-05-25,P,2.3,2016-04-06
3983,2016-05-16 13:24:00,2016-05-16,0.225,0.0,0.0,3209.0,0.225,0.225,0.225,10000614,2016-05-25,2016-05-25,P,2.3,2016-04-06
3984,2016-05-16 13:25:00,2016-05-16,0.225,0.0,0.0,3209.0,0.225,0.225,0.225,10000614,2016-05-25,2016-05-25,P,2.3,2016-04-06
3985,2016-05-16 13:26:00,2016-05-16,0.225,0.0,0.0,3209.0,0.225,0.225,0.225,10000614,2016-05-25,2016-05-25,P,2.3,2016-04-06
3986,2016-05-16 13:27:00,2016-05-16,0.2269,2269.0,1.0,3210.0,0.225,0.2269,0.225,10000614,2016-05-25,2016-05-25,P,2.3,2016-04-06
3987,2016-05-16 13:28:00,2016-05-16,0.2269,2267.0,1.0,3209.0,0.2269,0.2267,0.2267,10000614,2016-05-25,2016-05-25,P,2.3,2016-04-06
3988,2016-05-16 13:29:00,2016-05-16,0.2267,0.0,0.0,3209.0,0.2267,0.2267,0.2267,10000614,2016-05-25,2016-05-25,P,2.3,2016-04-06
3989,2016-05-16 13:30:00,2016-05-16,0.2267,0.0,0.0,3209.0,0.2267,0.2267,0.2267,10000614,2016-05-25,2016-05-25,P,2.3,2016-04-06
3990,2016-05-16 13:31:00,2016-05-16,0.2267,2257.0,1.0,3210.0,0.2267,0.2257,0.2257,10000614,2016-05-25,2016-05-25,P,2.3,2016-04-06
3991,2016-05-16 13:32:00,2016-05-16,0.2257,2254.0,1.0,3210.0,0.2257,0.2254,0.2254,10000614,2016-05-25,2016-05-25,P,2.3,2016-04-06
3992,2016-05-16 13:33:00,2016-05-16,0.2254,6762.0,3.0,3211.0,0.2254,0.2254,0.2254,10000614,2016-05-25,2016-05-25,P,2.3,2016-04-06
3993,2016-05-16 13:34:00,2016-05-16,0.2254,11235.0,5.0,3216.0,0.2254,0.2247,0.2247,10000614,2016-05-25,2016-05-25,P,2.3,2016-04-06
3994,2016-05-16 13:35:00,2016-05-16,0.2247,0.0,0.0,3216.0,0.2247,0.2247,0.2247,10000614,2016-05-25,2016-05-25,P,2.3,2016-04-06
3995,2016-05-16 13:36:00,2016-05-16,0.2247,0.0,0.0,3216.0,0.2247,0.2247,0.2247,10000614,2016-05-25,2016-05-25,P,2.3,2016-04-06
3996,2016-05-16 13:37:00,2016-05-16,0.2247,0.0,0.0,3216.0,0.2247,0.2247,0.2247,10000614,2016-05-25,2016-05-25,P,2.3,2016-04-06
3997,2016-05-16 13:38:00,2016-05-16,0.2247,0.0,0.0,3216.0,0.2247,0.2247,0.2247,10000614,2016-05-25,2016-05-25,P,2.3,2016-04-06
3998,2016-05-16 13:39:00,2016-05-16,0.2247,0.0,0.0,3216.0,0.2247,0.2247,0.2247,10000614,2016-05-25,2016-05-25,P,2.3,2016-04-06
3999,2016-05-16 13:40:00,2016-05-16,0.2247,0.0,0.0,3216.0,0.2247,0.2247,0.2247,10000614,2016-05-25,2016-05-25,P,2.3,2016-04-06
4000,2016-05-16 13:41:00,2016-05-16,0.2247,0.0,0.0,3216.0,0.2247,0.2247,0.2247,10000614,2016-05-25,2016-05-25,P,2.3,2016-04-06
4001,2016-05-16 13:42:00,2016-05-16,0.2251,22510.0,10.0,3216.0,0.2247,0.2251,0.2247,10000614,2016-05-25,2016-05-25,P,2.3,2016-04-06
4002,2016-05-16 13:43:00,2016-05-16,0.2251,2244.0,1.0,3217.0,0.2251,0.2244,0.2244,10000614,2016-05-25,2016-05-25,P,2.3,2016-04-06
4003,2016-05-16 13:44:00,2016-05-16,0.2244,0.0,0.0,3217.0,0.2244,0.2244,0.2244,10000614,2016-05-25,2016-05-25,P,2.3,2016-04-06
4004,2016-05-16 13:45:00,2016-05-16,0.2244,0.0,0.0,3217.0,0.2244,0.2244,0.2244,10000614,2016-05-25,2016-05-25,P,2.3,2016-04-06
4005,2016-05-16 13:46:00,2016-05-16,0.2244,11170.0,5.0,3218.0,0.2244,0.2234,0.2234,10000614,2016-05-25,2016-05-25,P,2.3,2016-04-06
4006,2016-05-16 13:47:00,2016-05-16,0.2234,0.0,0.0,3218.0,0.2234,0.2234,0.2234,10000614,2016-05-25,2016-05-25,P,2.3,2016-04-06
4007,2016-05-16 13:48:00,2016-05-16,0.2234,22330.0,10.0,3208.0,0.2234,0.2233,0.2233,10000614,2016-05-25,2016-05-25,P,2.3,2016-04-06
4008,2016-05-16 13:49:00,2016-05-16,0.2233,0.0,0.0,3208.0,0.2233,0.2233,0.2233,10000614,2016-05-25,2016-05-25,P,2.3,2016-04-06
4009,2016-05-16 13:50:00,2016-05-16,0.2244,2244.0,1.0,3208.0,0.2233,0.2244,0.2233,10000614,2016-05-25,2016-05-25,P,2.3,2016-04-06
4010,2016-05-16 13:51:00,2016-05-16,0.2244,0.0,0.0,3208.0,0.2244,0.2244,0.2244,10000614,2016-05-25,2016-05-25,P,2.3,2016-04-06
4011,2016-05-16 13:52:00,2016-05-16,0.2244,0.0,0.0,3208.0,0.2244,0.2244,0.2244,10000614,2016-05-25,2016-05-25,P,2.3,2016-04-06
4012,2016-05-16 13:53:00,2016-05-16,0.2244,0.0,0.0,3208.0,0.2244,0.2244,0.2244,10000614,2016-05-25,2016-05-25,P,2.3,2016-04-06
4013,2016-05-16 13:54:00,2016-05-16,0.2244,0.0,0.0,3208.0,0.2244,0.2244,0.2244,10000614,2016-05-25,2016-05-25,P,2.3,2016-04-06
4014,2016-05-16 13:55:00,2016-05-16,0.2244,2233.0,1.0,3208.0,0.2244,0.2233,0.2233,10000614,2016-05-25,2016-05-25,P,2.3,2016-04-06
4015,2016-05-16 13:56:00,2016-05-16,0.2233,4436.0,2.0,3208.0,0.2233,0.2218,0.2218,10000614,2016-05-25,2016-05-25,P,2.3,2016-04-06
4016,2016-05-16 13:57:00,2016-05-16,0.2218,0.0,0.0,3208.0,0.2218,0.2218,0.2218,10000614,2016-05-25,2016-05-25,P,2.3,2016-04-06
4017,2016-05-16 13:58:00,2016-05-16,0.2218,0.0,0.0,3208.0,0.2218,0.2218,0.2218,10000614,2016-05-25,2016-05-25,P,2.3,2016-04-06
4018,2016-05-16 13:59:00,2016-05-16,0.2218,0.0,0.0,3208.0,0.2218,0.2218,0.2218,10000614,2016-05-25,2016-05-25,P,2.3,2016-04-06
4019,2016-05-16 14:00:00,2016-05-16,0.2218,0.0,0.0,3208.0,0.2218,0.2218,0.2218,10000614,2016-05-25,2016-05-25,P,2.3,2016-04-06
4020,2016-05-16 14:01:00,2016-05-16,0.2218,0.0,0.0,3208.0,0.2218,0.2218,0.2218,10000614,2016-05-25,2016-05-25,P,2.3,2016-04-06
4021,2016-05-16 14:02:00,2016-05-16,0.2218,0.0,0.0,3208.0,0.2218,0.2218,0.2218,10000614,2016-05-25,2016-05-25,P,2.3,2016-04-06
4022,2016-05-16 14:03:00,2016-05-16,0.2218,0.0,0.0,3208.0,0.2218,0.2218,0.2218,10000614,2016-05-25,2016-05-25,P,2.3,2016-04-06
4023,2016-05-16 14:04:00,2016-05-16,0.2218,0.0,0.0,3208.0,0.2218,0.2218,0.2218,10000614,2016-05-25,2016-05-25,P,2.3,2016-04-06
4024,2016-05-16 14:05:00,2016-05-16,0.2218,0.0,0.0,3208.0,0.2218,0.2218,0.2218,10000614,2016-05-25,2016-05-25,P,2.3,2016-04-06
4025,2016-05-16 14:06:00,2016-05-16,0.2218,0.0,0.0,3208.0,0.2218,0.2218,0.2218,10000614,2016-05-25,2016-05-25,P,2.3,2016-04-06
4026,2016-05-16 14:07:00,2016-05-16,0.2218,0.0,0.0,3208.0,0.2218,0.2218,0.2218,10000614,2016-05-25,2016-05-25,P,2.3,2016-04-06
4027,2016-05-16 14:08:00,2016-05-16,0.2218,0.0,0.0,3208.0,0.2218,0.2218,0.2218,10000614,2016-05-25,2016-05-25,P,2.3,2016-04-06
4028,2016-05-16 14:09:00,2016-05-16,0.2218,0.0,0.0,3208.0,0.2218,0.2218,0.2218,10000614,2016-05-25,2016-05-25,P,2.3,2016-04-06
4029,2016-05-16 14:10:00,2016-05-16,0.2245,22450.0,10.0,3208.0,0.2218,0.2245,0.2218,10000614,2016-05-25,2016-05-25,P,2.3,2016-04-06
4030,2016-05-16 14:11:00,2016-05-16,0.2245,0.0,0.0,3208.0,0.2245,0.2245,0.2245,10000614,2016-05-25,2016-05-25,P,2.3,2016-04-06
4031,2016-05-16 14:12:00,2016-05-16,0.2245,0.0,0.0,3208.0,0.2245,0.2245,0.2245,10000614,2016-05-25,2016-05-25,P,2.3,2016-04-06
4032,2016-05-16 14:13:00,2016-05-16,0.2245,0.0,0.0,3208.0,0.2245,0.2245,0.2245,10000614,2016-05-25,2016-05-25,P,2.3,2016-04-06
4033,2016-05-16 14:14:00,2016-05-16,0.2245,0.0,0.0,3208.0,0.2245,0.2245,0.2245,10000614,2016-05-25,2016-05-25,P,2.3,2016-04-06
4034,2016-05-16 14:15:00,2016-05-16,0.227,4540.0,2.0,3209.0,0.2245,0.227,0.2245,10000614,2016-05-25,2016-05-25,P,2.3,2016-04-06
4035,2016-05-16 14:16:00,2016-05-16,0.2303,25319.0,11.0,3208.0,0.227,0.2303,0.227,10000614,2016-05-25,2016-05-25,P,2.3,2016-04-06
4036,2016-05-16 14:17:00,2016-05-16,0.2314,29720.0,13.0,3207.0,0.2303,0.2281,0.2281,10000614,2016-05-25,2016-05-25,P,2.3,2016-04-06
4037,2016-05-16 14:18:00,2016-05-16,0.2281,0.0,0.0,3207.0,0.2281,0.2281,0.2281,10000614,2016-05-25,2016-05-25,P,2.3,2016-04-06
4038,2016-05-16 14:19:00,2016-05-16,0.2281,0.0,0.0,3207.0,0.2281,0.2281,0.2281,10000614,2016-05-25,2016-05-25,P,2.3,2016-04-06
4039,2016-05-16 14:20:00,2016-05-16,0.2281,0.0,0.0,3207.0,0.2281,0.2281,0.2281,10000614,2016-05-25,2016-05-25,P,2.3,2016-04-06
4040,2016-05-16 14:21:00,2016-05-16,0.2281,0.0,0.0,3207.0,0.2281,0.2281,0.2281,10000614,2016-05-25,2016-05-25,P,2.3,2016-04-06
4041,2016-05-16 14:22:00,2016-05-16,0.2297,2297.0,1.0,3207.0,0.2281,0.2297,0.2281,10000614,2016-05-25,2016-05-25,P,2.3,2016-04-06
4042,2016-05-16 14:23:00,2016-05-16,0.2297,0.0,0.0,3207.0,0.2297,0.2297,0.2297,10000614,2016-05-25,2016-05-25,P,2.3,2016-04-06
4043,2016-05-16 14:24:00,2016-05-16,0.2297,0.0,0.0,3207.0,0.2297,0.2297,0.2297,10000614,2016-05-25,2016-05-25,P,2.3,2016-04-06
4044,2016-05-16 14:25:00,2016-05-16,0.2297,0.0,0.0,3207.0,0.2297,0.2297,0.2297,10000614,2016-05-25,2016-05-25,P,2.3,2016-04-06
4045,2016-05-16 14:26:00,2016-05-16,0.2297,0.0,0.0,3207.0,0.2297,0.2297,0.2297,10000614,2016-05-25,2016-05-25,P,2.3,2016-04-06
4046,2016-05-16 14:27:00,2016-05-16,0.2297,0.0,0.0,3207.0,0.2297,0.2297,0.2297,10000614,2016-05-25,2016-05-25,P,2.3,2016-04-06
4047,2016-05-16 14:28:00,2016-05-16,0.2297,0.0,0.0,3207.0,0.2297,0.2297,0.2297,10000614,2016-05-25,2016-05-25,P,2.3,2016-04-06
4048,2016-05-16 14:29:00,2016-05-16,0.2297,0.0,0.0,3207.0,0.2297,0.2297,0.2297,10000614,2016-05-25,2016-05-25,P,2.3,2016-04-06
4049,2016-05-16 14:30:00,2016-05-16,0.2297,0.0,0.0,3207.0,0.2297,0.2297,0.2297,10000614,2016-05-25,2016-05-25,P,2.3,2016-04-06
4050,2016-05-16 14:31:00,2016-05-16,0.2244,38131.0,17.0,3207.0,0.2244,0.2241,0.2241,10000614,2016-05-25,2016-05-25,P,2.3,2016-04-06
4051,2016-05-16 14:32:00,2016-05-16,0.2243,2243.0,1.0,3207.0,0.2241,0.2243,0.2241,10000614,2016-05-25,2016-05-25,P,2.3,2016-04-06
4052,2016-05-16 14:33:00,2016-05-16,0.2243,0.0,0.0,3207.0,0.2243,0.2243,0.2243,10000614,2016-05-25,2016-05-25,P,2.3,2016-04-06
4053,2016-05-16 14:34:00,2016-05-16,0.2243,6723.0,3.0,3204.0,0.2243,0.2241,0.2241,10000614,2016-05-25,2016-05-25,P,2.3,2016-04-06
4054,2016-05-16 14:35:00,2016-05-16,0.2241,0.0,0.0,3204.0,0.2241,0.2241,0.2241,10000614,2016-05-25,2016-05-25,P,2.3,2016-04-06
4055,2016-05-16 14:36:00,2016-05-16,0.2241,13404.0,6.0,3204.0,0.2241,0.2234,0.2234,10000614,2016-05-25,2016-05-25,P,2.3,2016-04-06
4056,2016-05-16 14:37:00,2016-05-16,0.2234,33250.0,15.0,3194.0,0.2234,0.2212,0.2212,10000614,2016-05-25,2016-05-25,P,2.3,2016-04-06
4057,2016-05-16 14:38:00,2016-05-16,0.2212,0.0,0.0,3194.0,0.2212,0.2212,0.2212,10000614,2016-05-25,2016-05-25,P,2.3,2016-04-06
4058,2016-05-16 14:39:00,2016-05-16,0.2212,0.0,0.0,3194.0,0.2212,0.2212,0.2212,10000614,2016-05-25,2016-05-25,P,2.3,2016-04-06
4059,2016-05-16 14:40:00,2016-05-16,0.2212,0.0,0.0,3194.0,0.2212,0.2212,0.2212,10000614,2016-05-25,2016-05-25,P,2.3,2016-04-06
4060,2016-05-16 14:41:00,2016-05-16,0.2212,0.0,0.0,3194.0,0.2212,0.2212,0.2212,10000614,2016-05-25,2016-05-25,P,2.3,2016-04-06
4061,2016-05-16 14:42:00,2016-05-16,0.2212,0.0,0.0,3194.0,0.2212,0.2212,0.2212,10000614,2016-05-25,2016-05-25,P,2.3,2016-04-06
4062,2016-05-16 14:43:00,2016-05-16,0.2232,13392.0,6.0,3194.0,0.2212,0.2232,0.2212,10000614,2016-05-25,2016-05-25,P,2.3,2016-04-06
4063,2016-05-16 14:44:00,2016-05-16,0.2232,0.0,0.0,3194.0,0.2232,0.2232,0.2232,10000614,2016-05-25,2016-05-25,P,2.3,2016-04-06
4064,2016-05-16 14:45:00,2016-05-16,0.2232,0.0,0.0,3194.0,0.2232,0.2232,0.2232,10000614,2016-05-25,2016-05-25,P,2.3,2016-04-06
4065,2016-05-16 14:46:00,2016-05-16,0.2232,22200.0,10.0,3194.0,0.2232,0.222,0.222,10000614,2016-05-25,2016-05-25,P,2.3,2016-04-06
4066,2016-05-16 14:47:00,2016-05-16,0.222,0.0,0.0,3194.0,0.222,0.222,0.222,10000614,2016-05-25,2016-05-25,P,2.3,2016-04-06
4067,2016-05-16 14:48:00,2016-05-16,0.222,0.0,0.0,3194.0,0.222,0.222,0.222,10000614,2016-05-25,2016-05-25,P,2.3,2016-04-06
4068,2016-05-16 14:49:00,2016-05-16,0.2228,62334.0,28.0,3174.0,0.222,0.2222,0.222,10000614,2016-05-25,2016-05-25,P,2.3,2016-04-06
4069,2016-05-16 14:50:00,2016-05-16,0.2222,0.0,0.0,3174.0,0.2222,0.2222,0.2222,10000614,2016-05-25,2016-05-25,P,2.3,2016-04-06
4070,2016-05-16 14:51:00,2016-05-16,0.2222,0.0,0.0,3174.0,0.2222,0.2222,0.2222,10000614,2016-05-25,2016-05-25,P,2.3,2016-04-06
4071,2016-05-16 14:52:00,2016-05-16,0.2222,0.0,0.0,3174.0,0.2222,0.2222,0.2222,10000614,2016-05-25,2016-05-25,P,2.3,2016-04-06
4072,2016-05-16 14:53:00,2016-05-16,0.2222,0.0,0.0,3174.0,0.2222,0.2222,0.2222,10000614,2016-05-25,2016-05-25,P,2.3,2016-04-06
4073,2016-05-16 14:54:00,2016-05-16,0.2223,8892.0,4.0,3174.0,0.2222,0.2223,0.2222,10000614,2016-05-25,2016-05-25,P,2.3,2016-04-06
4074,2016-05-16 14:55:00,2016-05-16,0.2237,2237.0,1.0,3173.0,0.2237,0.2237,0.2237,10000614,2016-05-25,2016-05-25,P,2.3,2016-04-06
4075,2016-05-16 14:56:00,2016-05-16,0.2237,0.0,0.0,3173.0,0.2237,0.2237,0.2237,10000614,2016-05-25,2016-05-25,P,2.3,2016-04-06
4076,2016-05-16 14:57:00,2016-05-16,0.2237,0.0,0.0,3173.0,0.2237,0.2237,0.2237,10000614,2016-05-25,2016-05-25,P,2.3,2016-04-06
4077,2016-05-16 14:58:00,2016-05-16,0.2237,0.0,0.0,3173.0,0.2237,0.2237,0.2237,10000614,2016-05-25,2016-05-25,P,2.3,2016-04-06
4078,2016-05-16 14:59:00,2016-05-16,0.2237,0.0,0.0,3173.0,0.2237,0.2237,0.2237,10000614,2016-05-25,2016-05-25,P,2.3,2016-04-06
4079,2016-05-16 15:00:00,2016-05-16,0.2237,0.0,0.0,3173.0,0.2237,0.2237,0.2237,10000614,2016-05-25,2016-05-25,P,2.3,2016-04-06
4080,2016-05-16 09:31:00,2016-05-16,0.14,1400.0,1.0,3222.0,0.14,0.14,0.14,10000557,2016-09-28,2016-09-28,C,1.95,2016-01-28
4081,2016-05-16 09:32:00,2016-05-16,0.14,0.0,0.0,3222.0,0.14,0.14,0.14,10000557,2016-09-28,2016-09-28,C,1.95,2016-01-28
4082,2016-05-16 09:33:00,2016-05-16,0.14,0.0,0.0,3222.0,0.14,0.14,0.14,10000557,2016-09-28,2016-09-28,C,1.95,2016-01-28
4083,2016-05-16 09:34:00,2016-05-16,0.14,0.0,0.0,3222.0,0.14,0.14,0.14,10000557,2016-09-28,2016-09-28,C,1.95,2016-01-28
4084,2016-05-16 09:35:00,2016-05-16,0.1409,1409.0,1.0,3223.0,0.14,0.1409,0.14,10000557,2016-09-28,2016-09-28,C,1.95,2016-01-28
4085,2016-05-16 09:36:00,2016-05-16,0.1409,0.0,0.0,3223.0,0.1409,0.1409,0.1409,10000557,2016-09-28,2016-09-28,C,1.95,2016-01-28
4086,2016-05-16 09:37:00,2016-05-16,0.1409,0.0,0.0,3223.0,0.1409,0.1409,0.1409,10000557,2016-09-28,2016-09-28,C,1.95,2016-01-28
4087,2016-05-16 09:38:00,2016-05-16,0.1409,0.0,0.0,3223.0,0.1409,0.1409,0.1409,10000557,2016-09-28,2016-09-28,C,1.95,2016-01-28
4088,2016-05-16 09:39:00,2016-05-16,0.1409,0.0,0.0,3223.0,0.1409,0.1409,0.1409,10000557,2016-09-28,2016-09-28,C,1.95,2016-01-28
4089,2016-05-16 09:40:00,2016-05-16,0.1409,0.0,0.0,3223.0,0.1409,0.1409,0.1409,10000557,2016-09-28,2016-09-28,C,1.95,2016-01-28
4090,2016-05-16 09:41:00,2016-05-16,0.1409,0.0,0.0,3223.0,0.1409,0.1409,0.1409,10000557,2016-09-28,2016-09-28,C,1.95,2016-01-28
4091,2016-05-16 09:42:00,2016-05-16,0.1409,0.0,0.0,3223.0,0.1409,0.1409,0.1409,10000557,2016-09-28,2016-09-28,C,1.95,2016-01-28
4092,2016-05-16 09:43:00,2016-05-16,0.1409,0.0,0.0,3223.0,0.1409,0.1409,0.1409,10000557,2016-09-28,2016-09-28,C,1.95,2016-01-28
4093,2016-05-16 09:44:00,2016-05-16,0.1409,0.0,0.0,3223.0,0.1409,0.1409,0.1409,10000557,2016-09-28,2016-09-28,C,1.95,2016-01-28
4094,2016-05-16 09:45:00,2016-05-16,0.1409,0.0,0.0,3223.0,0.1409,0.1409,0.1409,10000557,2016-09-28,2016-09-28,C,1.95,2016-01-28
4095,2016-05-16 09:46:00,2016-05-16,0.1409,5544.0,4.0,3223.0,0.1409,0.1386,0.1386,10000557,2016-09-28,2016-09-28,C,1.95,2016-01-28
4096,2016-05-16 09:47:00,2016-05-16,0.1386,0.0,0.0,3223.0,0.1386,0.1386,0.1386,10000557,2016-09-28,2016-09-28,C,1.95,2016-01-28
4097,2016-05-16 09:48:00,2016-05-16,0.1386,0.0,0.0,3223.0,0.1386,0.1386,0.1386,10000557,2016-09-28,2016-09-28,C,1.95,2016-01-28
4098,2016-05-16 09:49:00,2016-05-16,0.1386,0.0,0.0,3223.0,0.1386,0.1386,0.1386,10000557,2016-09-28,2016-09-28,C,1.95,2016-01-28
4099,2016-05-16 09:50:00,2016-05-16,0.1386,0.0,0.0,3223.0,0.1386,0.1386,0.1386,10000557,2016-09-28,2016-09-28,C,1.95,2016-01-28
4100,2016-05-16 09:51:00,2016-05-16,0.1386,22180.0,16.0,3223.0,0.1386,0.1383,0.1383,10000557,2016-09-28,2016-09-28,C,1.95,2016-01-28
4101,2016-05-16 09:52:00,2016-05-16,0.1386,1386.0,1.0,3224.0,0.1383,0.1386,0.1383,10000557,2016-09-28,2016-09-28,C,1.95,2016-01-28
4102,2016-05-16 09:53:00,2016-05-16,0.1379,1379.0,1.0,3225.0,0.1379,0.1379,0.1379,10000557,2016-09-28,2016-09-28,C,1.95,2016-01-28
4103,2016-05-16 09:54:00,2016-05-16,0.1379,0.0,0.0,3225.0,0.1379,0.1379,0.1379,10000557,2016-09-28,2016-09-28,C,1.95,2016-01-28
4104,2016-05-16 09:55:00,2016-05-16,0.1379,2694.0,2.0,3225.0,0.1379,0.1346,0.1346,10000557,2016-09-28,2016-09-28,C,1.95,2016-01-28
4105,2016-05-16 09:56:00,2016-05-16,0.1346,0.0,0.0,3225.0,0.1346,0.1346,0.1346,10000557,2016-09-28,2016-09-28,C,1.95,2016-01-28
4106,2016-05-16 09:57:00,2016-05-16,0.1346,0.0,0.0,3225.0,0.1346,0.1346,0.1346,10000557,2016-09-28,2016-09-28,C,1.95,2016-01-28
4107,2016-05-16 09:58:00,2016-05-16,0.1346,0.0,0.0,3225.0,0.1346,0.1346,0.1346,10000557,2016-09-28,2016-09-28,C,1.95,2016-01-28
4108,2016-05-16 09:59:00,2016-05-16,0.1346,0.0,0.0,3225.0,0.1346,0.1346,0.1346,10000557,2016-09-28,2016-09-28,C,1.95,2016-01-28
4109,2016-05-16 10:00:00,2016-05-16,0.1346,0.0,0.0,3225.0,0.1346,0.1346,0.1346,10000557,2016-09-28,2016-09-28,C,1.95,2016-01-28
4110,2016-05-16 10:01:00,2016-05-16,0.1346,0.0,0.0,3225.0,0.1346,0.1346,0.1346,10000557,2016-09-28,2016-09-28,C,1.95,2016-01-28
4111,2016-05-16 10:02:00,2016-05-16,0.1346,6705.0,5.0,3225.0,0.1346,0.1341,0.1341,10000557,2016-09-28,2016-09-28,C,1.95,2016-01-28
4112,2016-05-16 10:03:00,2016-05-16,0.1341,0.0,0.0,3225.0,0.1341,0.1341,0.1341,10000557,2016-09-28,2016-09-28,C,1.95,2016-01-28
4113,2016-05-16 10:04:00,2016-05-16,0.1341,0.0,0.0,3225.0,0.1341,0.1341,0.1341,10000557,2016-09-28,2016-09-28,C,1.95,2016-01-28
4114,2016-05-16 10:05:00,2016-05-16,0.1341,0.0,0.0,3225.0,0.1341,0.1341,0.1341,10000557,2016-09-28,2016-09-28,C,1.95,2016-01-28
4115,2016-05-16 10:06:00,2016-05-16,0.1341,0.0,0.0,3225.0,0.1341,0.1341,0.1341,10000557,2016-09-28,2016-09-28,C,1.95,2016-01-28
4116,2016-05-16 10:07:00,2016-05-16,0.1341,0.0,0.0,3225.0,0.1341,0.1341,0.1341,10000557,2016-09-28,2016-09-28,C,1.95,2016-01-28
4117,2016-05-16 10:08:00,2016-05-16,0.1341,0.0,0.0,3225.0,0.1341,0.1341,0.1341,10000557,2016-09-28,2016-09-28,C,1.95,2016-01-28
4118,2016-05-16 10:09:00,2016-05-16,0.1341,0.0,0.0,3225.0,0.1341,0.1341,0.1341,10000557,2016-09-28,2016-09-28,C,1.95,2016-01-28
4119,2016-05-16 10:10:00,2016-05-16,0.1341,0.0,0.0,3225.0,0.1341,0.1341,0.1341,10000557,2016-09-28,2016-09-28,C,1.95,2016-01-28
4120,2016-05-16 10:11:00,2016-05-16,0.1341,0.0,0.0,3225.0,0.1341,0.1341,0.1341,10000557,2016-09-28,2016-09-28,C,1.95,2016-01-28
4121,2016-05-16 10:12:00,2016-05-16,0.1341,0.0,0.0,3225.0,0.1341,0.1341,0.1341,10000557,2016-09-28,2016-09-28,C,1.95,2016-01-28
4122,2016-05-16 10:13:00,2016-05-16,0.1341,0.0,0.0,3225.0,0.1341,0.1341,0.1341,10000557,2016-09-28,2016-09-28,C,1.95,2016-01-28
4123,2016-05-16 10:14:00,2016-05-16,0.1368,4104.0,3.0,3225.0,0.1341,0.1368,0.1341,10000557,2016-09-28,2016-09-28,C,1.95,2016-01-28
4124,2016-05-16 10:15:00,2016-05-16,0.1368,0.0,0.0,3225.0,0.1368,0.1368,0.1368,10000557,2016-09-28,2016-09-28,C,1.95,2016-01-28
4125,2016-05-16 10:16:00,2016-05-16,0.1368,0.0,0.0,3225.0,0.1368,0.1368,0.1368,10000557,2016-09-28,2016-09-28,C,1.95,2016-01-28
4126,2016-05-16 10:17:00,2016-05-16,0.1368,0.0,0.0,3225.0,0.1368,0.1368,0.1368,10000557,2016-09-28,2016-09-28,C,1.95,2016-01-28
4127,2016-05-16 10:18:00,2016-05-16,0.1368,0.0,0.0,3225.0,0.1368,0.1368,0.1368,10000557,2016-09-28,2016-09-28,C,1.95,2016-01-28
4128,2016-05-16 10:19:00,2016-05-16,0.1368,0.0,0.0,3225.0,0.1368,0.1368,0.1368,10000557,2016-09-28,2016-09-28,C,1.95,2016-01-28
4129,2016-05-16 10:20:00,2016-05-16,0.1368,0.0,0.0,3225.0,0.1368,0.1368,0.1368,10000557,2016-09-28,2016-09-28,C,1.95,2016-01-28
4130,2016-05-16 10:21:00,2016-05-16,0.1368,0.0,0.0,3225.0,0.1368,0.1368,0.1368,10000557,2016-09-28,2016-09-28,C,1.95,2016-01-28
4131,2016-05-16 10:22:00,2016-05-16,0.1387,13870.0,10.0,3215.0,0.1368,0.1387,0.1368,10000557,2016-09-28,2016-09-28,C,1.95,2016-01-28
4132,2016-05-16 10:23:00,2016-05-16,0.1387,0.0,0.0,3215.0,0.1387,0.1387,0.1387,10000557,2016-09-28,2016-09-28,C,1.95,2016-01-28
4133,2016-05-16 10:24:00,2016-05-16,0.1387,0.0,0.0,3215.0,0.1387,0.1387,0.1387,10000557,2016-09-28,2016-09-28,C,1.95,2016-01-28
4134,2016-05-16 10:25:00,2016-05-16,0.1387,0.0,0.0,3215.0,0.1387,0.1387,0.1387,10000557,2016-09-28,2016-09-28,C,1.95,2016-01-28
4135,2016-05-16 10:26:00,2016-05-16,0.1387,0.0,0.0,3215.0,0.1387,0.1387,0.1387,10000557,2016-09-28,2016-09-28,C,1.95,2016-01-28
4136,2016-05-16 10:27:00,2016-05-16,0.1387,0.0,0.0,3215.0,0.1387,0.1387,0.1387,10000557,2016-09-28,2016-09-28,C,1.95,2016-01-28
4137,2016-05-16 10:28:00,2016-05-16,0.1387,0.0,0.0,3215.0,0.1387,0.1387,0.1387,10000557,2016-09-28,2016-09-28,C,1.95,2016-01-28
4138,2016-05-16 10:29:00,2016-05-16,0.1387,0.0,0.0,3215.0,0.1387,0.1387,0.1387,10000557,2016-09-28,2016-09-28,C,1.95,2016-01-28
4139,2016-05-16 10:30:00,2016-05-16,0.1387,0.0,0.0,3215.0,0.1387,0.1387,0.1387,10000557,2016-09-28,2016-09-28,C,1.95,2016-01-28
4140,2016-05-16 10:31:00,2016-05-16,0.1387,0.0,0.0,3215.0,0.1387,0.1387,0.1387,10000557,2016-09-28,2016-09-28,C,1.95,2016-01-28
4141,2016-05-16 10:32:00,2016-05-16,0.1387,0.0,0.0,3215.0,0.1387,0.1387,0.1387,10000557,2016-09-28,2016-09-28,C,1.95,2016-01-28
4142,2016-05-16 10:33:00,2016-05-16,0.1387,0.0,0.0,3215.0,0.1387,0.1387,0.1387,10000557,2016-09-28,2016-09-28,C,1.95,2016-01-28
4143,2016-05-16 10:34:00,2016-05-16,0.1387,0.0,0.0,3215.0,0.1387,0.1387,0.1387,10000557,2016-09-28,2016-09-28,C,1.95,2016-01-28
4144,2016-05-16 10:35:00,2016-05-16,0.1416,18298.0,13.0,3215.0,0.1387,0.1416,0.1387,10000557,2016-09-28,2016-09-28,C,1.95,2016-01-28
4145,2016-05-16 10:36:00,2016-05-16,0.1416,0.0,0.0,3215.0,0.1416,0.1416,0.1416,10000557,2016-09-28,2016-09-28,C,1.95,2016-01-28
4146,2016-05-16 10:37:00,2016-05-16,0.1416,0.0,0.0,3215.0,0.1416,0.1416,0.1416,10000557,2016-09-28,2016-09-28,C,1.95,2016-01-28
4147,2016-05-16 10:38:00,2016-05-16,0.1416,0.0,0.0,3215.0,0.1416,0.1416,0.1416,10000557,2016-09-28,2016-09-28,C,1.95,2016-01-28
4148,2016-05-16 10:39:00,2016-05-16,0.1416,0.0,0.0,3215.0,0.1416,0.1416,0.1416,10000557,2016-09-28,2016-09-28,C,1.95,2016-01-28
4149,2016-05-16 10:40:00,2016-05-16,0.1416,1390.0,1.0,3215.0,0.1416,0.139,0.139,10000557,2016-09-28,2016-09-28,C,1.95,2016-01-28
4150,2016-05-16 10:41:00,2016-05-16,0.139,2780.0,2.0,3215.0,0.139,0.139,0.139,10000557,2016-09-28,2016-09-28,C,1.95,2016-01-28
4151,2016-05-16 10:42:00,2016-05-16,0.139,0.0,0.0,3215.0,0.139,0.139,0.139,10000557,2016-09-28,2016-09-28,C,1.95,2016-01-28
4152,2016-05-16 10:43:00,2016-05-16,0.139,0.0,0.0,3215.0,0.139,0.139,0.139,10000557,2016-09-28,2016-09-28,C,1.95,2016-01-28
4153,2016-05-16 10:44:00,2016-05-16,0.139,0.0,0.0,3215.0,0.139,0.139,0.139,10000557,2016-09-28,2016-09-28,C,1.95,2016-01-28
4154,2016-05-16 10:45:00,2016-05-16,0.139,6950.0,5.0,3215.0,0.139,0.139,0.139,10000557,2016-09-28,2016-09-28,C,1.95,2016-01-28
4155,2016-05-16 10:46:00,2016-05-16,0.139,0.0,0.0,3215.0,0.139,0.139,0.139,10000557,2016-09-28,2016-09-28,C,1.95,2016-01-28
4156,2016-05-16 10:47:00,2016-05-16,0.139,0.0,0.0,3215.0,0.139,0.139,0.139,10000557,2016-09-28,2016-09-28,C,1.95,2016-01-28
4157,2016-05-16 10:48:00,2016-05-16,0.139,0.0,0.0,3215.0,0.139,0.139,0.139,10000557,2016-09-28,2016-09-28,C,1.95,2016-01-28
4158,2016-05-16 10:49:00,2016-05-16,0.139,0.0,0.0,3215.0,0.139,0.139,0.139,10000557,2016-09-28,2016-09-28,C,1.95,2016-01-28
4159,2016-05-16 10:50:00,2016-05-16,0.139,0.0,0.0,3215.0,0.139,0.139,0.139,10000557,2016-09-28,2016-09-28,C,1.95,2016-01-28
4160,2016-05-16 10:51:00,2016-05-16,0.142,4260.0,3.0,3215.0,0.139,0.142,0.139,10000557,2016-09-28,2016-09-28,C,1.95,2016-01-28
4161,2016-05-16 10:52:00,2016-05-16,0.1432,7160.0,5.0,3220.0,0.142,0.1432,0.142,10000557,2016-09-28,2016-09-28,C,1.95,2016-01-28
4162,2016-05-16 10:53:00,2016-05-16,0.1432,0.0,0.0,3220.0,0.1432,0.1432,0.1432,10000557,2016-09-28,2016-09-28,C,1.95,2016-01-28
4163,2016-05-16 10:54:00,2016-05-16,0.1432,0.0,0.0,3220.0,0.1432,0.1432,0.1432,10000557,2016-09-28,2016-09-28,C,1.95,2016-01-28
4164,2016-05-16 10:55:00,2016-05-16,0.1432,0.0,0.0,3220.0,0.1432,0.1432,0.1432,10000557,2016-09-28,2016-09-28,C,1.95,2016-01-28
4165,2016-05-16 10:56:00,2016-05-16,0.1432,0.0,0.0,3220.0,0.1432,0.1432,0.1432,10000557,2016-09-28,2016-09-28,C,1.95,2016-01-28
4166,2016-05-16 10:57:00,2016-05-16,0.1432,0.0,0.0,3220.0,0.1432,0.1432,0.1432,10000557,2016-09-28,2016-09-28,C,1.95,2016-01-28
4167,2016-05-16 10:58:00,2016-05-16,0.1432,0.0,0.0,3220.0,0.1432,0.1432,0.1432,10000557,2016-09-28,2016-09-28,C,1.95,2016-01-28
4168,2016-05-16 10:59:00,2016-05-16,0.1432,0.0,0.0,3220.0,0.1432,0.1432,0.1432,10000557,2016-09-28,2016-09-28,C,1.95,2016-01-28
4169,2016-05-16 11:00:00,2016-05-16,0.1432,0.0,0.0,3220.0,0.1432,0.1432,0.1432,10000557,2016-09-28,2016-09-28,C,1.95,2016-01-28
4170,2016-05-16 11:01:00,2016-05-16,0.1432,0.0,0.0,3220.0,0.1432,0.1432,0.1432,10000557,2016-09-28,2016-09-28,C,1.95,2016-01-28
4171,2016-05-16 11:02:00,2016-05-16,0.1432,0.0,0.0,3220.0,0.1432,0.1432,0.1432,10000557,2016-09-28,2016-09-28,C,1.95,2016-01-28
4172,2016-05-16 11:03:00,2016-05-16,0.1432,0.0,0.0,3220.0,0.1432,0.1432,0.1432,10000557,2016-09-28,2016-09-28,C,1.95,2016-01-28
4173,2016-05-16 11:04:00,2016-05-16,0.1474,5896.0,4.0,3216.0,0.1432,0.1474,0.1432,10000557,2016-09-28,2016-09-28,C,1.95,2016-01-28
4174,2016-05-16 11:05:00,2016-05-16,0.1474,0.0,0.0,3216.0,0.1474,0.1474,0.1474,10000557,2016-09-28,2016-09-28,C,1.95,2016-01-28
4175,2016-05-16 11:06:00,2016-05-16,0.1474,0.0,0.0,3216.0,0.1474,0.1474,0.1474,10000557,2016-09-28,2016-09-28,C,1.95,2016-01-28
4176,2016-05-16 11:07:00,2016-05-16,0.1474,0.0,0.0,3216.0,0.1474,0.1474,0.1474,10000557,2016-09-28,2016-09-28,C,1.95,2016-01-28
4177,2016-05-16 11:08:00,2016-05-16,0.1461,14610.0,10.0,3216.0,0.1461,0.1461,0.1461,10000557,2016-09-28,2016-09-28,C,1.95,2016-01-28
4178,2016-05-16 11:09:00,2016-05-16,0.1461,0.0,0.0,3216.0,0.1461,0.1461,0.1461,10000557,2016-09-28,2016-09-28,C,1.95,2016-01-28
4179,2016-05-16 11:10:00,2016-05-16,0.1461,0.0,0.0,3216.0,0.1461,0.1461,0.1461,10000557,2016-09-28,2016-09-28,C,1.95,2016-01-28
4180,2016-05-16 11:11:00,2016-05-16,0.1461,0.0,0.0,3216.0,0.1461,0.1461,0.1461,10000557,2016-09-28,2016-09-28,C,1.95,2016-01-28
4181,2016-05-16 11:12:00,2016-05-16,0.1461,14560.0,10.0,3216.0,0.1461,0.1456,0.1456,10000557,2016-09-28,2016-09-28,C,1.95,2016-01-28
4182,2016-05-16 11:13:00,2016-05-16,0.1456,1456.0,1.0,3216.0,0.1456,0.1456,0.1456,10000557,2016-09-28,2016-09-28,C,1.95,2016-01-28
4183,2016-05-16 11:14:00,2016-05-16,0.1463,7315.0,5.0,3217.0,0.1456,0.1463,0.1456,10000557,2016-09-28,2016-09-28,C,1.95,2016-01-28
4184,2016-05-16 11:15:00,2016-05-16,0.1463,0.0,0.0,3217.0,0.1463,0.1463,0.1463,10000557,2016-09-28,2016-09-28,C,1.95,2016-01-28
4185,2016-05-16 11:16:00,2016-05-16,0.1463,0.0,0.0,3217.0,0.1463,0.1463,0.1463,10000557,2016-09-28,2016-09-28,C,1.95,2016-01-28
4186,2016-05-16 11:17:00,2016-05-16,0.1463,0.0,0.0,3217.0,0.1463,0.1463,0.1463,10000557,2016-09-28,2016-09-28,C,1.95,2016-01-28
4187,2016-05-16 11:18:00,2016-05-16,0.1463,0.0,0.0,3217.0,0.1463,0.1463,0.1463,10000557,2016-09-28,2016-09-28,C,1.95,2016-01-28
4188,2016-05-16 11:19:00,2016-05-16,0.1464,1464.0,1.0,3217.0,0.1463,0.1464,0.1463,10000557,2016-09-28,2016-09-28,C,1.95,2016-01-28
4189,2016-05-16 11:20:00,2016-05-16,0.1465,7323.0,5.0,3217.0,0.1464,0.1465,0.1464,10000557,2016-09-28,2016-09-28,C,1.95,2016-01-28
4190,2016-05-16 11:21:00,2016-05-16,0.1465,1465.0,1.0,3217.0,0.1465,0.1465,0.1465,10000557,2016-09-28,2016-09-28,C,1.95,2016-01-28
4191,2016-05-16 11:22:00,2016-05-16,0.1465,0.0,0.0,3217.0,0.1465,0.1465,0.1465,10000557,2016-09-28,2016-09-28,C,1.95,2016-01-28
4192,2016-05-16 11:23:00,2016-05-16,0.1465,0.0,0.0,3217.0,0.1465,0.1465,0.1465,10000557,2016-09-28,2016-09-28,C,1.95,2016-01-28
4193,2016-05-16 11:24:00,2016-05-16,0.1465,0.0,0.0,3217.0,0.1465,0.1465,0.1465,10000557,2016-09-28,2016-09-28,C,1.95,2016-01-28
4194,2016-05-16 11:25:00,2016-05-16,0.1465,0.0,0.0,3217.0,0.1465,0.1465,0.1465,10000557,2016-09-28,2016-09-28,C,1.95,2016-01-28
4195,2016-05-16 11:26:00,2016-05-16,0.1465,0.0,0.0,3217.0,0.1465,0.1465,0.1465,10000557,2016-09-28,2016-09-28,C,1.95,2016-01-28
4196,2016-05-16 11:27:00,2016-05-16,0.1465,0.0,0.0,3217.0,0.1465,0.1465,0.1465,10000557,2016-09-28,2016-09-28,C,1.95,2016-01-28
4197,2016-05-16 11:28:00,2016-05-16,0.1465,0.0,0.0,3217.0,0.1465,0.1465,0.1465,10000557,2016-09-28,2016-09-28,C,1.95,2016-01-28
4198,2016-05-16 11:29:00,2016-05-16,0.1465,0.0,0.0,3217.0,0.1465,0.1465,0.1465,10000557,2016-09-28,2016-09-28,C,1.95,2016-01-28
4199,2016-05-16 11:30:00,2016-05-16,0.1465,0.0,0.0,3217.0,0.1465,0.1465,0.1465,10000557,2016-09-28,2016-09-28,C,1.95,2016-01-28
4200,2016-05-16 13:01:00,2016-05-16,0.1465,0.0,0.0,3217.0,0.1465,0.1465,0.1465,10000557,2016-09-28,2016-09-28,C,1.95,2016-01-28
4201,2016-05-16 13:02:00,2016-05-16,0.1465,15950.0,11.0,3217.0,0.1465,0.145,0.145,10000557,2016-09-28,2016-09-28,C,1.95,2016-01-28
4202,2016-05-16 13:03:00,2016-05-16,0.1454,1454.0,1.0,3216.0,0.145,0.1454,0.145,10000557,2016-09-28,2016-09-28,C,1.95,2016-01-28
4203,2016-05-16 13:04:00,2016-05-16,0.1454,0.0,0.0,3216.0,0.1454,0.1454,0.1454,10000557,2016-09-28,2016-09-28,C,1.95,2016-01-28
4204,2016-05-16 13:05:00,2016-05-16,0.1454,0.0,0.0,3216.0,0.1454,0.1454,0.1454,10000557,2016-09-28,2016-09-28,C,1.95,2016-01-28
4205,2016-05-16 13:06:00,2016-05-16,0.1454,0.0,0.0,3216.0,0.1454,0.1454,0.1454,10000557,2016-09-28,2016-09-28,C,1.95,2016-01-28
4206,2016-05-16 13:07:00,2016-05-16,0.1454,0.0,0.0,3216.0,0.1454,0.1454,0.1454,10000557,2016-09-28,2016-09-28,C,1.95,2016-01-28
4207,2016-05-16 13:08:00,2016-05-16,0.1454,0.0,0.0,3216.0,0.1454,0.1454,0.1454,10000557,2016-09-28,2016-09-28,C,1.95,2016-01-28
4208,2016-05-16 13:09:00,2016-05-16,0.1454,0.0,0.0,3216.0,0.1454,0.1454,0.1454,10000557,2016-09-28,2016-09-28,C,1.95,2016-01-28
4209,2016-05-16 13:10:00,2016-05-16,0.1454,0.0,0.0,3216.0,0.1454,0.1454,0.1454,10000557,2016-09-28,2016-09-28,C,1.95,2016-01-28
4210,2016-05-16 13:11:00,2016-05-16,0.1454,0.0,0.0,3216.0,0.1454,0.1454,0.1454,10000557,2016-09-28,2016-09-28,C,1.95,2016-01-28
4211,2016-05-16 13:12:00,2016-05-16,0.1454,0.0,0.0,3216.0,0.1454,0.1454,0.1454,10000557,2016-09-28,2016-09-28,C,1.95,2016-01-28
4212,2016-05-16 13:13:00,2016-05-16,0.1455,2910.0,2.0,3216.0,0.1454,0.1455,0.1454,10000557,2016-09-28,2016-09-28,C,1.95,2016-01-28
4213,2016-05-16 13:14:00,2016-05-16,0.1455,0.0,0.0,3216.0,0.1455,0.1455,0.1455,10000557,2016-09-28,2016-09-28,C,1.95,2016-01-28
4214,2016-05-16 13:15:00,2016-05-16,0.1455,0.0,0.0,3216.0,0.1455,0.1455,0.1455,10000557,2016-09-28,2016-09-28,C,1.95,2016-01-28
4215,2016-05-16 13:16:00,2016-05-16,0.1455,0.0,0.0,3216.0,0.1455,0.1455,0.1455,10000557,2016-09-28,2016-09-28,C,1.95,2016-01-28
4216,2016-05-16 13:17:00,2016-05-16,0.1455,0.0,0.0,3216.0,0.1455,0.1455,0.1455,10000557,2016-09-28,2016-09-28,C,1.95,2016-01-28
4217,2016-05-16 13:18:00,2016-05-16,0.1455,0.0,0.0,3216.0,0.1455,0.1455,0.1455,10000557,2016-09-28,2016-09-28,C,1.95,2016-01-28
4218,2016-05-16 13:19:00,2016-05-16,0.1455,0.0,0.0,3216.0,0.1455,0.1455,0.1455,10000557,2016-09-28,2016-09-28,C,1.95,2016-01-28
4219,2016-05-16 13:20:00,2016-05-16,0.1455,0.0,0.0,3216.0,0.1455,0.1455,0.1455,10000557,2016-09-28,2016-09-28,C,1.95,2016-01-28
4220,2016-05-16 13:21:00,2016-05-16,0.1455,0.0,0.0,3216.0,0.1455,0.1455,0.1455,10000557,2016-09-28,2016-09-28,C,1.95,2016-01-28
4221,2016-05-16 13:22:00,2016-05-16,0.1455,0.0,0.0,3216.0,0.1455,0.1455,0.1455,10000557,2016-09-28,2016-09-28,C,1.95,2016-01-28
4222,2016-05-16 13:23:00,2016-05-16,0.1455,0.0,0.0,3216.0,0.1455,0.1455,0.1455,10000557,2016-09-28,2016-09-28,C,1.95,2016-01-28
4223,2016-05-16 13:24:00,2016-05-16,0.1455,0.0,0.0,3216.0,0.1455,0.1455,0.1455,10000557,2016-09-28,2016-09-28,C,1.95,2016-01-28
4224,2016-05-16 13:25:00,2016-05-16,0.1455,0.0,0.0,3216.0,0.1455,0.1455,0.1455,10000557,2016-09-28,2016-09-28,C,1.95,2016-01-28
4225,2016-05-16 13:26:00,2016-05-16,0.1455,0.0,0.0,3216.0,0.1455,0.1455,0.1455,10000557,2016-09-28,2016-09-28,C,1.95,2016-01-28
4226,2016-05-16 13:27:00,2016-05-16,0.1455,0.0,0.0,3216.0,0.1455,0.1455,0.1455,10000557,2016-09-28,2016-09-28,C,1.95,2016-01-28
4227,2016-05-16 13:28:00,2016-05-16,0.1455,0.0,0.0,3216.0,0.1455,0.1455,0.1455,10000557,2016-09-28,2016-09-28,C,1.95,2016-01-28
4228,2016-05-16 13:29:00,2016-05-16,0.1455,0.0,0.0,3216.0,0.1455,0.1455,0.1455,10000557,2016-09-28,2016-09-28,C,1.95,2016-01-28
4229,2016-05-16 13:30:00,2016-05-16,0.1455,0.0,0.0,3216.0,0.1455,0.1455,0.1455,10000557,2016-09-28,2016-09-28,C,1.95,2016-01-28
4230,2016-05-16 13:31:00,2016-05-16,0.1455,0.0,0.0,3216.0,0.1455,0.1455,0.1455,10000557,2016-09-28,2016-09-28,C,1.95,2016-01-28
4231,2016-05-16 13:32:00,2016-05-16,0.1455,0.0,0.0,3216.0,0.1455,0.1455,0.1455,10000557,2016-09-28,2016-09-28,C,1.95,2016-01-28
4232,2016-05-16 13:33:00,2016-05-16,0.1455,1434.0,1.0,3216.0,0.1455,0.1434,0.1434,10000557,2016-09-28,2016-09-28,C,1.95,2016-01-28
4233,2016-05-16 13:34:00,2016-05-16,0.1434,4302.0,3.0,3216.0,0.1434,0.1434,0.1434,10000557,2016-09-28,2016-09-28,C,1.95,2016-01-28
4234,2016-05-16 13:35:00,2016-05-16,0.1434,0.0,0.0,3216.0,0.1434,0.1434,0.1434,10000557,2016-09-28,2016-09-28,C,1.95,2016-01-28
4235,2016-05-16 13:36:00,2016-05-16,0.1434,2868.0,2.0,3216.0,0.1434,0.1434,0.1434,10000557,2016-09-28,2016-09-28,C,1.95,2016-01-28
4236,2016-05-16 13:37:00,2016-05-16,0.1434,5736.0,4.0,3216.0,0.1434,0.1434,0.1434,10000557,2016-09-28,2016-09-28,C,1.95,2016-01-28
4237,2016-05-16 13:38:00,2016-05-16,0.1434,0.0,0.0,3216.0,0.1434,0.1434,0.1434,10000557,2016-09-28,2016-09-28,C,1.95,2016-01-28
4238,2016-05-16 13:39:00,2016-05-16,0.1434,0.0,0.0,3216.0,0.1434,0.1434,0.1434,10000557,2016-09-28,2016-09-28,C,1.95,2016-01-28
4239,2016-05-16 13:40:00,2016-05-16,0.1434,0.0,0.0,3216.0,0.1434,0.1434,0.1434,10000557,2016-09-28,2016-09-28,C,1.95,2016-01-28
4240,2016-05-16 13:41:00,2016-05-16,0.1434,0.0,0.0,3216.0,0.1434,0.1434,0.1434,10000557,2016-09-28,2016-09-28,C,1.95,2016-01-28
4241,2016-05-16 13:42:00,2016-05-16,0.1434,0.0,0.0,3216.0,0.1434,0.1434,0.1434,10000557,2016-09-28,2016-09-28,C,1.95,2016-01-28
4242,2016-05-16 13:43:00,2016-05-16,0.1434,0.0,0.0,3216.0,0.1434,0.1434,0.1434,10000557,2016-09-28,2016-09-28,C,1.95,2016-01-28
4243,2016-05-16 13:44:00,2016-05-16,0.1434,0.0,0.0,3216.0,0.1434,0.1434,0.1434,10000557,2016-09-28,2016-09-28,C,1.95,2016-01-28
4244,2016-05-16 13:45:00,2016-05-16,0.1434,0.0,0.0,3216.0,0.1434,0.1434,0.1434,10000557,2016-09-28,2016-09-28,C,1.95,2016-01-28
4245,2016-05-16 13:46:00,2016-05-16,0.1434,0.0,0.0,3216.0,0.1434,0.1434,0.1434,10000557,2016-09-28,2016-09-28,C,1.95,2016-01-28
4246,2016-05-16 13:47:00,2016-05-16,0.1434,0.0,0.0,3216.0,0.1434,0.1434,0.1434,10000557,2016-09-28,2016-09-28,C,1.95,2016-01-28
4247,2016-05-16 13:48:00,2016-05-16,0.1434,0.0,0.0,3216.0,0.1434,0.1434,0.1434,10000557,2016-09-28,2016-09-28,C,1.95,2016-01-28
4248,2016-05-16 13:49:00,2016-05-16,0.1434,0.0,0.0,3216.0,0.1434,0.1434,0.1434,10000557,2016-09-28,2016-09-28,C,1.95,2016-01-28
4249,2016-05-16 13:50:00,2016-05-16,0.1434,0.0,0.0,3216.0,0.1434,0.1434,0.1434,10000557,2016-09-28,2016-09-28,C,1.95,2016-01-28
4250,2016-05-16 13:51:00,2016-05-16,0.1434,0.0,0.0,3216.0,0.1434,0.1434,0.1434,10000557,2016-09-28,2016-09-28,C,1.95,2016-01-28
4251,2016-05-16 13:52:00,2016-05-16,0.1434,0.0,0.0,3216.0,0.1434,0.1434,0.1434,10000557,2016-09-28,2016-09-28,C,1.95,2016-01-28
4252,2016-05-16 13:53:00,2016-05-16,0.1434,0.0,0.0,3216.0,0.1434,0.1434,0.1434,10000557,2016-09-28,2016-09-28,C,1.95,2016-01-28
4253,2016-05-16 13:54:00,2016-05-16,0.1434,0.0,0.0,3216.0,0.1434,0.1434,0.1434,10000557,2016-09-28,2016-09-28,C,1.95,2016-01-28
4254,2016-05-16 13:55:00,2016-05-16,0.1434,0.0,0.0,3216.0,0.1434,0.1434,0.1434,10000557,2016-09-28,2016-09-28,C,1.95,2016-01-28
4255,2016-05-16 13:56:00,2016-05-16,0.1434,0.0,0.0,3216.0,0.1434,0.1434,0.1434,10000557,2016-09-28,2016-09-28,C,1.95,2016-01-28
4256,2016-05-16 13:57:00,2016-05-16,0.1434,0.0,0.0,3216.0,0.1434,0.1434,0.1434,10000557,2016-09-28,2016-09-28,C,1.95,2016-01-28
4257,2016-05-16 13:58:00,2016-05-16,0.1434,0.0,0.0,3216.0,0.1434,0.1434,0.1434,10000557,2016-09-28,2016-09-28,C,1.95,2016-01-28
4258,2016-05-16 13:59:00,2016-05-16,0.1434,0.0,0.0,3216.0,0.1434,0.1434,0.1434,10000557,2016-09-28,2016-09-28,C,1.95,2016-01-28
4259,2016-05-16 14:00:00,2016-05-16,0.1434,0.0,0.0,3216.0,0.1434,0.1434,0.1434,10000557,2016-09-28,2016-09-28,C,1.95,2016-01-28
4260,2016-05-16 14:01:00,2016-05-16,0.1434,0.0,0.0,3216.0,0.1434,0.1434,0.1434,10000557,2016-09-28,2016-09-28,C,1.95,2016-01-28
4261,2016-05-16 14:02:00,2016-05-16,0.1434,0.0,0.0,3216.0,0.1434,0.1434,0.1434,10000557,2016-09-28,2016-09-28,C,1.95,2016-01-28
4262,2016-05-16 14:03:00,2016-05-16,0.1434,0.0,0.0,3216.0,0.1434,0.1434,0.1434,10000557,2016-09-28,2016-09-28,C,1.95,2016-01-28
4263,2016-05-16 14:04:00,2016-05-16,0.1434,0.0,0.0,3216.0,0.1434,0.1434,0.1434,10000557,2016-09-28,2016-09-28,C,1.95,2016-01-28
4264,2016-05-16 14:05:00,2016-05-16,0.1434,0.0,0.0,3216.0,0.1434,0.1434,0.1434,10000557,2016-09-28,2016-09-28,C,1.95,2016-01-28
4265,2016-05-16 14:06:00,2016-05-16,0.1434,0.0,0.0,3216.0,0.1434,0.1434,0.1434,10000557,2016-09-28,2016-09-28,C,1.95,2016-01-28
4266,2016-05-16 14:07:00,2016-05-16,0.1459,1459.0,1.0,3216.0,0.1434,0.1459,0.1434,10000557,2016-09-28,2016-09-28,C,1.95,2016-01-28
4267,2016-05-16 14:08:00,2016-05-16,0.1459,0.0,0.0,3216.0,0.1459,0.1459,0.1459,10000557,2016-09-28,2016-09-28,C,1.95,2016-01-28
4268,2016-05-16 14:09:00,2016-05-16,0.1459,0.0,0.0,3216.0,0.1459,0.1459,0.1459,10000557,2016-09-28,2016-09-28,C,1.95,2016-01-28
4269,2016-05-16 14:10:00,2016-05-16,0.1459,0.0,0.0,3216.0,0.1459,0.1459,0.1459,10000557,2016-09-28,2016-09-28,C,1.95,2016-01-28
4270,2016-05-16 14:11:00,2016-05-16,0.1459,0.0,0.0,3216.0,0.1459,0.1459,0.1459,10000557,2016-09-28,2016-09-28,C,1.95,2016-01-28
4271,2016-05-16 14:12:00,2016-05-16,0.1459,0.0,0.0,3216.0,0.1459,0.1459,0.1459,10000557,2016-09-28,2016-09-28,C,1.95,2016-01-28
4272,2016-05-16 14:13:00,2016-05-16,0.1459,0.0,0.0,3216.0,0.1459,0.1459,0.1459,10000557,2016-09-28,2016-09-28,C,1.95,2016-01-28
4273,2016-05-16 14:14:00,2016-05-16,0.1459,0.0,0.0,3216.0,0.1459,0.1459,0.1459,10000557,2016-09-28,2016-09-28,C,1.95,2016-01-28
4274,2016-05-16 14:15:00,2016-05-16,0.1459,0.0,0.0,3216.0,0.1459,0.1459,0.1459,10000557,2016-09-28,2016-09-28,C,1.95,2016-01-28
4275,2016-05-16 14:16:00,2016-05-16,0.1459,15796.0,11.0,3216.0,0.1459,0.1426,0.1426,10000557,2016-09-28,2016-09-28,C,1.95,2016-01-28
4276,2016-05-16 14:17:00,2016-05-16,0.1426,0.0,0.0,3216.0,0.1426,0.1426,0.1426,10000557,2016-09-28,2016-09-28,C,1.95,2016-01-28
4277,2016-05-16 14:18:00,2016-05-16,0.1426,0.0,0.0,3216.0,0.1426,0.1426,0.1426,10000557,2016-09-28,2016-09-28,C,1.95,2016-01-28
4278,2016-05-16 14:19:00,2016-05-16,0.1426,0.0,0.0,3216.0,0.1426,0.1426,0.1426,10000557,2016-09-28,2016-09-28,C,1.95,2016-01-28
4279,2016-05-16 14:20:00,2016-05-16,0.1426,0.0,0.0,3216.0,0.1426,0.1426,0.1426,10000557,2016-09-28,2016-09-28,C,1.95,2016-01-28
4280,2016-05-16 14:21:00,2016-05-16,0.1426,0.0,0.0,3216.0,0.1426,0.1426,0.1426,10000557,2016-09-28,2016-09-28,C,1.95,2016-01-28
4281,2016-05-16 14:22:00,2016-05-16,0.1426,0.0,0.0,3216.0,0.1426,0.1426,0.1426,10000557,2016-09-28,2016-09-28,C,1.95,2016-01-28
4282,2016-05-16 14:23:00,2016-05-16,0.1426,1411.0,1.0,3216.0,0.1426,0.1411,0.1411,10000557,2016-09-28,2016-09-28,C,1.95,2016-01-28
4283,2016-05-16 14:24:00,2016-05-16,0.1411,5644.0,4.0,3216.0,0.1411,0.1411,0.1411,10000557,2016-09-28,2016-09-28,C,1.95,2016-01-28
4284,2016-05-16 14:25:00,2016-05-16,0.14400000000000002,7200.0,5.0,3221.0,0.1411,0.14400000000000002,0.1411,10000557,2016-09-28,2016-09-28,C,1.95,2016-01-28
4285,2016-05-16 14:26:00,2016-05-16,0.14400000000000002,1440.0,1.0,3222.0,0.14400000000000002,0.14400000000000002,0.14400000000000002,10000557,2016-09-28,2016-09-28,C,1.95,2016-01-28
4286,2016-05-16 14:27:00,2016-05-16,0.14400000000000002,0.0,0.0,3222.0,0.14400000000000002,0.14400000000000002,0.14400000000000002,10000557,2016-09-28,2016-09-28,C,1.95,2016-01-28
4287,2016-05-16 14:28:00,2016-05-16,0.14400000000000002,0.0,0.0,3222.0,0.14400000000000002,0.14400000000000002,0.14400000000000002,10000557,2016-09-28,2016-09-28,C,1.95,2016-01-28
4288,2016-05-16 14:29:00,2016-05-16,0.14400000000000002,0.0,0.0,3222.0,0.14400000000000002,0.14400000000000002,0.14400000000000002,10000557,2016-09-28,2016-09-28,C,1.95,2016-01-28
4289,2016-05-16 14:30:00,2016-05-16,0.14400000000000002,0.0,0.0,3222.0,0.14400000000000002,0.14400000000000002,0.14400000000000002,10000557,2016-09-28,2016-09-28,C,1.95,2016-01-28
4290,2016-05-16 14:31:00,2016-05-16,0.1461,2921.0,2.0,3224.0,0.14400000000000002,0.146,0.14400000000000002,10000557,2016-09-28,2016-09-28,C,1.95,2016-01-28
4291,2016-05-16 14:32:00,2016-05-16,0.146,2920.0,2.0,3226.0,0.146,0.146,0.146,10000557,2016-09-28,2016-09-28,C,1.95,2016-01-28
4292,2016-05-16 14:33:00,2016-05-16,0.146,2920.0,2.0,3228.0,0.146,0.146,0.146,10000557,2016-09-28,2016-09-28,C,1.95,2016-01-28
4293,2016-05-16 14:34:00,2016-05-16,0.146,5840.0,4.0,3232.0,0.146,0.146,0.146,10000557,2016-09-28,2016-09-28,C,1.95,2016-01-28
4294,2016-05-16 14:35:00,2016-05-16,0.1459,2918.0,2.0,3234.0,0.1459,0.1459,0.1459,10000557,2016-09-28,2016-09-28,C,1.95,2016-01-28
4295,2016-05-16 14:36:00,2016-05-16,0.1459,20414.0,14.0,3248.0,0.1459,0.1459,0.1457,10000557,2016-09-28,2016-09-28,C,1.95,2016-01-28
4296,2016-05-16 14:37:00,2016-05-16,0.1465,13173.0,9.0,3257.0,0.1459,0.1465,0.1459,10000557,2016-09-28,2016-09-28,C,1.95,2016-01-28
4297,2016-05-16 14:38:00,2016-05-16,0.1479,5874.0,4.0,3260.0,0.1465,0.1479,0.1465,10000557,2016-09-28,2016-09-28,C,1.95,2016-01-28
4298,2016-05-16 14:39:00,2016-05-16,0.1479,0.0,0.0,3260.0,0.1479,0.1479,0.1479,10000557,2016-09-28,2016-09-28,C,1.95,2016-01-28
4299,2016-05-16 14:40:00,2016-05-16,0.1479,2896.0,2.0,3261.0,0.1479,0.1446,0.1446,10000557,2016-09-28,2016-09-28,C,1.95,2016-01-28
4300,2016-05-16 14:41:00,2016-05-16,0.1447,10124.0,7.0,3261.0,0.1446,0.1446,0.1446,10000557,2016-09-28,2016-09-28,C,1.95,2016-01-28
4301,2016-05-16 14:42:00,2016-05-16,0.1447,7235.0,5.0,3266.0,0.1446,0.1447,0.1446,10000557,2016-09-28,2016-09-28,C,1.95,2016-01-28
4302,2016-05-16 14:43:00,2016-05-16,0.1447,11572.0,8.0,3270.0,0.1447,0.1446,0.1446,10000557,2016-09-28,2016-09-28,C,1.95,2016-01-28
4303,2016-05-16 14:44:00,2016-05-16,0.1446,10112.0,7.0,3270.0,0.1446,0.1444,0.1444,10000557,2016-09-28,2016-09-28,C,1.95,2016-01-28
4304,2016-05-16 14:45:00,2016-05-16,0.1444,0.0,0.0,3270.0,0.1444,0.1444,0.1444,10000557,2016-09-28,2016-09-28,C,1.95,2016-01-28
4305,2016-05-16 14:46:00,2016-05-16,0.1448,1448.0,1.0,3270.0,0.1444,0.1448,0.1444,10000557,2016-09-28,2016-09-28,C,1.95,2016-01-28
4306,2016-05-16 14:47:00,2016-05-16,0.1448,10135.0,7.0,3270.0,0.1448,0.1447,0.1447,10000557,2016-09-28,2016-09-28,C,1.95,2016-01-28
4307,2016-05-16 14:48:00,2016-05-16,0.1447,4330.0,3.0,3270.0,0.1447,0.1438,0.1438,10000557,2016-09-28,2016-09-28,C,1.95,2016-01-28
4308,2016-05-16 14:49:00,2016-05-16,0.1445,7210.0,5.0,3272.0,0.1438,0.1445,0.1438,10000557,2016-09-28,2016-09-28,C,1.95,2016-01-28
4309,2016-05-16 14:50:00,2016-05-16,0.1445,0.0,0.0,3272.0,0.1445,0.1445,0.1445,10000557,2016-09-28,2016-09-28,C,1.95,2016-01-28
4310,2016-05-16 14:51:00,2016-05-16,0.1445,0.0,0.0,3272.0,0.1445,0.1445,0.1445,10000557,2016-09-28,2016-09-28,C,1.95,2016-01-28
4311,2016-05-16 14:52:00,2016-05-16,0.1458,2916.0,2.0,3272.0,0.1458,0.1458,0.1458,10000557,2016-09-28,2016-09-28,C,1.95,2016-01-28
4312,2016-05-16 14:53:00,2016-05-16,0.1458,20252.0,14.0,3272.0,0.1458,0.1458,0.1442,10000557,2016-09-28,2016-09-28,C,1.95,2016-01-28
4313,2016-05-16 14:54:00,2016-05-16,0.1458,0.0,0.0,3272.0,0.1458,0.1458,0.1458,10000557,2016-09-28,2016-09-28,C,1.95,2016-01-28
4314,2016-05-16 14:55:00,2016-05-16,0.1476,7316.0,5.0,3275.0,0.1458,0.1476,0.1458,10000557,2016-09-28,2016-09-28,C,1.95,2016-01-28
4315,2016-05-16 14:56:00,2016-05-16,0.1476,5899.0,4.0,3276.0,0.1476,0.1474,0.1474,10000557,2016-09-28,2016-09-28,C,1.95,2016-01-28
4316,2016-05-16 14:57:00,2016-05-16,0.1474,7350.0,5.0,3281.0,0.1474,0.147,0.147,10000557,2016-09-28,2016-09-28,C,1.95,2016-01-28
4317,2016-05-16 14:58:00,2016-05-16,0.147,0.0,0.0,3281.0,0.147,0.147,0.147,10000557,2016-09-28,2016-09-28,C,1.95,2016-01-28
4318,2016-05-16 14:59:00,2016-05-16,0.147,0.0,0.0,3281.0,0.147,0.147,0.147,10000557,2016-09-28,2016-09-28,C,1.95,2016-01-28
4319,2016-05-16 15:00:00,2016-05-16,0.147,0.0,0.0,3281.0,0.147,0.147,0.147,10000557,2016-09-28,2016-09-28,C,1.95,2016-01-28
4320,2016-05-16 09:31:00,2016-05-16,0.1776,1776.0,1.0,1623.0,0.1776,0.1776,0.1776,10000556,2016-09-28,2016-09-28,C,1.9,2016-01-28
4321,2016-05-16 09:32:00,2016-05-16,0.1776,0.0,0.0,1623.0,0.1776,0.1776,0.1776,10000556,2016-09-28,2016-09-28,C,1.9,2016-01-28
4322,2016-05-16 09:33:00,2016-05-16,0.1776,0.0,0.0,1623.0,0.1776,0.1776,0.1776,10000556,2016-09-28,2016-09-28,C,1.9,2016-01-28
4323,2016-05-16 09:34:00,2016-05-16,0.1776,0.0,0.0,1623.0,0.1776,0.1776,0.1776,10000556,2016-09-28,2016-09-28,C,1.9,2016-01-28
4324,2016-05-16 09:35:00,2016-05-16,0.1776,1750.0,1.0,1624.0,0.1776,0.175,0.175,10000556,2016-09-28,2016-09-28,C,1.9,2016-01-28
4325,2016-05-16 09:36:00,2016-05-16,0.175,0.0,0.0,1624.0,0.175,0.175,0.175,10000556,2016-09-28,2016-09-28,C,1.9,2016-01-28
4326,2016-05-16 09:37:00,2016-05-16,0.175,0.0,0.0,1624.0,0.175,0.175,0.175,10000556,2016-09-28,2016-09-28,C,1.9,2016-01-28
4327,2016-05-16 09:38:00,2016-05-16,0.175,0.0,0.0,1624.0,0.175,0.175,0.175,10000556,2016-09-28,2016-09-28,C,1.9,2016-01-28
4328,2016-05-16 09:39:00,2016-05-16,0.175,0.0,0.0,1624.0,0.175,0.175,0.175,10000556,2016-09-28,2016-09-28,C,1.9,2016-01-28
4329,2016-05-16 09:40:00,2016-05-16,0.175,0.0,0.0,1624.0,0.175,0.175,0.175,10000556,2016-09-28,2016-09-28,C,1.9,2016-01-28
4330,2016-05-16 09:41:00,2016-05-16,0.175,0.0,0.0,1624.0,0.175,0.175,0.175,10000556,2016-09-28,2016-09-28,C,1.9,2016-01-28
4331,2016-05-16 09:42:00,2016-05-16,0.175,0.0,0.0,1624.0,0.175,0.175,0.175,10000556,2016-09-28,2016-09-28,C,1.9,2016-01-28
4332,2016-05-16 09:43:00,2016-05-16,0.175,0.0,0.0,1624.0,0.175,0.175,0.175,10000556,2016-09-28,2016-09-28,C,1.9,2016-01-28
4333,2016-05-16 09:44:00,2016-05-16,0.175,0.0,0.0,1624.0,0.175,0.175,0.175,10000556,2016-09-28,2016-09-28,C,1.9,2016-01-28
4334,2016-05-16 09:45:00,2016-05-16,0.175,0.0,0.0,1624.0,0.175,0.175,0.175,10000556,2016-09-28,2016-09-28,C,1.9,2016-01-28
4335,2016-05-16 09:46:00,2016-05-16,0.175,0.0,0.0,1624.0,0.175,0.175,0.175,10000556,2016-09-28,2016-09-28,C,1.9,2016-01-28
4336,2016-05-16 09:47:00,2016-05-16,0.175,0.0,0.0,1624.0,0.175,0.175,0.175,10000556,2016-09-28,2016-09-28,C,1.9,2016-01-28
4337,2016-05-16 09:48:00,2016-05-16,0.175,0.0,0.0,1624.0,0.175,0.175,0.175,10000556,2016-09-28,2016-09-28,C,1.9,2016-01-28
4338,2016-05-16 09:49:00,2016-05-16,0.175,0.0,0.0,1624.0,0.175,0.175,0.175,10000556,2016-09-28,2016-09-28,C,1.9,2016-01-28
4339,2016-05-16 09:50:00,2016-05-16,0.175,0.0,0.0,1624.0,0.175,0.175,0.175,10000556,2016-09-28,2016-09-28,C,1.9,2016-01-28
4340,2016-05-16 09:51:00,2016-05-16,0.175,10296.0,6.0,1630.0,0.175,0.1716,0.1716,10000556,2016-09-28,2016-09-28,C,1.9,2016-01-28
4341,2016-05-16 09:52:00,2016-05-16,0.1716,17130.0,10.0,1630.0,0.1716,0.1713,0.1713,10000556,2016-09-28,2016-09-28,C,1.9,2016-01-28
4342,2016-05-16 09:53:00,2016-05-16,0.1704,32311.0,19.0,1620.0,0.1704,0.17,0.17,10000556,2016-09-28,2016-09-28,C,1.9,2016-01-28
4343,2016-05-16 09:54:00,2016-05-16,0.17,5085.0,3.0,1620.0,0.17,0.1695,0.1695,10000556,2016-09-28,2016-09-28,C,1.9,2016-01-28
4344,2016-05-16 09:55:00,2016-05-16,0.1695,0.0,0.0,1620.0,0.1695,0.1695,0.1695,10000556,2016-09-28,2016-09-28,C,1.9,2016-01-28
4345,2016-05-16 09:56:00,2016-05-16,0.1695,0.0,0.0,1620.0,0.1695,0.1695,0.1695,10000556,2016-09-28,2016-09-28,C,1.9,2016-01-28
4346,2016-05-16 09:57:00,2016-05-16,0.1695,0.0,0.0,1620.0,0.1695,0.1695,0.1695,10000556,2016-09-28,2016-09-28,C,1.9,2016-01-28
4347,2016-05-16 09:58:00,2016-05-16,0.1695,0.0,0.0,1620.0,0.1695,0.1695,0.1695,10000556,2016-09-28,2016-09-28,C,1.9,2016-01-28
4348,2016-05-16 09:59:00,2016-05-16,0.1695,0.0,0.0,1620.0,0.1695,0.1695,0.1695,10000556,2016-09-28,2016-09-28,C,1.9,2016-01-28
4349,2016-05-16 10:00:00,2016-05-16,0.1695,0.0,0.0,1620.0,0.1695,0.1695,0.1695,10000556,2016-09-28,2016-09-28,C,1.9,2016-01-28
4350,2016-05-16 10:01:00,2016-05-16,0.1695,1674.0,1.0,1620.0,0.1695,0.1674,0.1674,10000556,2016-09-28,2016-09-28,C,1.9,2016-01-28
4351,2016-05-16 10:02:00,2016-05-16,0.1674,0.0,0.0,1620.0,0.1674,0.1674,0.1674,10000556,2016-09-28,2016-09-28,C,1.9,2016-01-28
4352,2016-05-16 10:03:00,2016-05-16,0.1674,0.0,0.0,1620.0,0.1674,0.1674,0.1674,10000556,2016-09-28,2016-09-28,C,1.9,2016-01-28
4353,2016-05-16 10:04:00,2016-05-16,0.1674,0.0,0.0,1620.0,0.1674,0.1674,0.1674,10000556,2016-09-28,2016-09-28,C,1.9,2016-01-28
4354,2016-05-16 10:05:00,2016-05-16,0.1674,0.0,0.0,1620.0,0.1674,0.1674,0.1674,10000556,2016-09-28,2016-09-28,C,1.9,2016-01-28
4355,2016-05-16 10:06:00,2016-05-16,0.1674,0.0,0.0,1620.0,0.1674,0.1674,0.1674,10000556,2016-09-28,2016-09-28,C,1.9,2016-01-28
4356,2016-05-16 10:07:00,2016-05-16,0.1674,0.0,0.0,1620.0,0.1674,0.1674,0.1674,10000556,2016-09-28,2016-09-28,C,1.9,2016-01-28
4357,2016-05-16 10:08:00,2016-05-16,0.1674,0.0,0.0,1620.0,0.1674,0.1674,0.1674,10000556,2016-09-28,2016-09-28,C,1.9,2016-01-28
4358,2016-05-16 10:09:00,2016-05-16,0.1674,0.0,0.0,1620.0,0.1674,0.1674,0.1674,10000556,2016-09-28,2016-09-28,C,1.9,2016-01-28
4359,2016-05-16 10:10:00,2016-05-16,0.1674,0.0,0.0,1620.0,0.1674,0.1674,0.1674,10000556,2016-09-28,2016-09-28,C,1.9,2016-01-28
4360,2016-05-16 10:11:00,2016-05-16,0.1715,3404.0,2.0,1620.0,0.1674,0.1689,0.1674,10000556,2016-09-28,2016-09-28,C,1.9,2016-01-28
4361,2016-05-16 10:12:00,2016-05-16,0.1689,0.0,0.0,1620.0,0.1689,0.1689,0.1689,10000556,2016-09-28,2016-09-28,C,1.9,2016-01-28
4362,2016-05-16 10:13:00,2016-05-16,0.1689,0.0,0.0,1620.0,0.1689,0.1689,0.1689,10000556,2016-09-28,2016-09-28,C,1.9,2016-01-28
4363,2016-05-16 10:14:00,2016-05-16,0.1689,0.0,0.0,1620.0,0.1689,0.1689,0.1689,10000556,2016-09-28,2016-09-28,C,1.9,2016-01-28
4364,2016-05-16 10:15:00,2016-05-16,0.1689,0.0,0.0,1620.0,0.1689,0.1689,0.1689,10000556,2016-09-28,2016-09-28,C,1.9,2016-01-28
4365,2016-05-16 10:16:00,2016-05-16,0.1689,0.0,0.0,1620.0,0.1689,0.1689,0.1689,10000556,2016-09-28,2016-09-28,C,1.9,2016-01-28
4366,2016-05-16 10:17:00,2016-05-16,0.1717,15453.0,9.0,1611.0,0.1689,0.1717,0.1689,10000556,2016-09-28,2016-09-28,C,1.9,2016-01-28
4367,2016-05-16 10:18:00,2016-05-16,0.1717,0.0,0.0,1611.0,0.1717,0.1717,0.1717,10000556,2016-09-28,2016-09-28,C,1.9,2016-01-28
4368,2016-05-16 10:19:00,2016-05-16,0.1717,0.0,0.0,1611.0,0.1717,0.1717,0.1717,10000556,2016-09-28,2016-09-28,C,1.9,2016-01-28
4369,2016-05-16 10:20:00,2016-05-16,0.1717,0.0,0.0,1611.0,0.1717,0.1717,0.1717,10000556,2016-09-28,2016-09-28,C,1.9,2016-01-28
4370,2016-05-16 10:21:00,2016-05-16,0.1717,0.0,0.0,1611.0,0.1717,0.1717,0.1717,10000556,2016-09-28,2016-09-28,C,1.9,2016-01-28
4371,2016-05-16 10:22:00,2016-05-16,0.1717,0.0,0.0,1611.0,0.1717,0.1717,0.1717,10000556,2016-09-28,2016-09-28,C,1.9,2016-01-28
4372,2016-05-16 10:23:00,2016-05-16,0.1717,0.0,0.0,1611.0,0.1717,0.1717,0.1717,10000556,2016-09-28,2016-09-28,C,1.9,2016-01-28
4373,2016-05-16 10:24:00,2016-05-16,0.1717,1700.0,1.0,1611.0,0.1717,0.17,0.17,10000556,2016-09-28,2016-09-28,C,1.9,2016-01-28
4374,2016-05-16 10:25:00,2016-05-16,0.17,0.0,0.0,1611.0,0.17,0.17,0.17,10000556,2016-09-28,2016-09-28,C,1.9,2016-01-28
4375,2016-05-16 10:26:00,2016-05-16,0.17,0.0,0.0,1611.0,0.17,0.17,0.17,10000556,2016-09-28,2016-09-28,C,1.9,2016-01-28
4376,2016-05-16 10:27:00,2016-05-16,0.17,0.0,0.0,1611.0,0.17,0.17,0.17,10000556,2016-09-28,2016-09-28,C,1.9,2016-01-28
4377,2016-05-16 10:28:00,2016-05-16,0.17,0.0,0.0,1611.0,0.17,0.17,0.17,10000556,2016-09-28,2016-09-28,C,1.9,2016-01-28
4378,2016-05-16 10:29:00,2016-05-16,0.17,0.0,0.0,1611.0,0.17,0.17,0.17,10000556,2016-09-28,2016-09-28,C,1.9,2016-01-28
4379,2016-05-16 10:30:00,2016-05-16,0.17,0.0,0.0,1611.0,0.17,0.17,0.17,10000556,2016-09-28,2016-09-28,C,1.9,2016-01-28
4380,2016-05-16 10:31:00,2016-05-16,0.17,0.0,0.0,1611.0,0.17,0.17,0.17,10000556,2016-09-28,2016-09-28,C,1.9,2016-01-28
4381,2016-05-16 10:32:00,2016-05-16,0.17,0.0,0.0,1611.0,0.17,0.17,0.17,10000556,2016-09-28,2016-09-28,C,1.9,2016-01-28
4382,2016-05-16 10:33:00,2016-05-16,0.17,0.0,0.0,1611.0,0.17,0.17,0.17,10000556,2016-09-28,2016-09-28,C,1.9,2016-01-28
4383,2016-05-16 10:34:00,2016-05-16,0.17,0.0,0.0,1611.0,0.17,0.17,0.17,10000556,2016-09-28,2016-09-28,C,1.9,2016-01-28
4384,2016-05-16 10:35:00,2016-05-16,0.17,0.0,0.0,1611.0,0.17,0.17,0.17,10000556,2016-09-28,2016-09-28,C,1.9,2016-01-28
4385,2016-05-16 10:36:00,2016-05-16,0.1729,1729.0,1.0,1612.0,0.17,0.1729,0.17,10000556,2016-09-28,2016-09-28,C,1.9,2016-01-28
4386,2016-05-16 10:37:00,2016-05-16,0.1729,0.0,0.0,1612.0,0.1729,0.1729,0.1729,10000556,2016-09-28,2016-09-28,C,1.9,2016-01-28
4387,2016-05-16 10:38:00,2016-05-16,0.1729,0.0,0.0,1612.0,0.1729,0.1729,0.1729,10000556,2016-09-28,2016-09-28,C,1.9,2016-01-28
4388,2016-05-16 10:39:00,2016-05-16,0.1729,0.0,0.0,1612.0,0.1729,0.1729,0.1729,10000556,2016-09-28,2016-09-28,C,1.9,2016-01-28
4389,2016-05-16 10:40:00,2016-05-16,0.1729,0.0,0.0,1612.0,0.1729,0.1729,0.1729,10000556,2016-09-28,2016-09-28,C,1.9,2016-01-28
4390,2016-05-16 10:41:00,2016-05-16,0.1729,0.0,0.0,1612.0,0.1729,0.1729,0.1729,10000556,2016-09-28,2016-09-28,C,1.9,2016-01-28
4391,2016-05-16 10:42:00,2016-05-16,0.1729,0.0,0.0,1612.0,0.1729,0.1729,0.1729,10000556,2016-09-28,2016-09-28,C,1.9,2016-01-28
4392,2016-05-16 10:43:00,2016-05-16,0.1729,0.0,0.0,1612.0,0.1729,0.1729,0.1729,10000556,2016-09-28,2016-09-28,C,1.9,2016-01-28
4393,2016-05-16 10:44:00,2016-05-16,0.1729,0.0,0.0,1612.0,0.1729,0.1729,0.1729,10000556,2016-09-28,2016-09-28,C,1.9,2016-01-28
4394,2016-05-16 10:45:00,2016-05-16,0.1729,0.0,0.0,1612.0,0.1729,0.1729,0.1729,10000556,2016-09-28,2016-09-28,C,1.9,2016-01-28
4395,2016-05-16 10:46:00,2016-05-16,0.1729,0.0,0.0,1612.0,0.1729,0.1729,0.1729,10000556,2016-09-28,2016-09-28,C,1.9,2016-01-28
4396,2016-05-16 10:47:00,2016-05-16,0.1729,0.0,0.0,1612.0,0.1729,0.1729,0.1729,10000556,2016-09-28,2016-09-28,C,1.9,2016-01-28
4397,2016-05-16 10:48:00,2016-05-16,0.1729,1729.0,1.0,1611.0,0.1729,0.1729,0.1729,10000556,2016-09-28,2016-09-28,C,1.9,2016-01-28
4398,2016-05-16 10:49:00,2016-05-16,0.1729,3458.0,2.0,1609.0,0.1729,0.1729,0.1729,10000556,2016-09-28,2016-09-28,C,1.9,2016-01-28
4399,2016-05-16 10:50:00,2016-05-16,0.1729,0.0,0.0,1609.0,0.1729,0.1729,0.1729,10000556,2016-09-28,2016-09-28,C,1.9,2016-01-28
4400,2016-05-16 10:51:00,2016-05-16,0.1729,0.0,0.0,1609.0,0.1729,0.1729,0.1729,10000556,2016-09-28,2016-09-28,C,1.9,2016-01-28
4401,2016-05-16 10:52:00,2016-05-16,0.1729,0.0,0.0,1609.0,0.1729,0.1729,0.1729,10000556,2016-09-28,2016-09-28,C,1.9,2016-01-28
4402,2016-05-16 10:53:00,2016-05-16,0.1729,0.0,0.0,1609.0,0.1729,0.1729,0.1729,10000556,2016-09-28,2016-09-28,C,1.9,2016-01-28
4403,2016-05-16 10:54:00,2016-05-16,0.1729,0.0,0.0,1609.0,0.1729,0.1729,0.1729,10000556,2016-09-28,2016-09-28,C,1.9,2016-01-28
4404,2016-05-16 10:55:00,2016-05-16,0.17600000000000002,3520.0,2.0,1607.0,0.1729,0.17600000000000002,0.1729,10000556,2016-09-28,2016-09-28,C,1.9,2016-01-28
4405,2016-05-16 10:56:00,2016-05-16,0.17600000000000002,0.0,0.0,1607.0,0.17600000000000002,0.17600000000000002,0.17600000000000002,10000556,2016-09-28,2016-09-28,C,1.9,2016-01-28
4406,2016-05-16 10:57:00,2016-05-16,0.17600000000000002,0.0,0.0,1607.0,0.17600000000000002,0.17600000000000002,0.17600000000000002,10000556,2016-09-28,2016-09-28,C,1.9,2016-01-28
4407,2016-05-16 10:58:00,2016-05-16,0.17600000000000002,0.0,0.0,1607.0,0.17600000000000002,0.17600000000000002,0.17600000000000002,10000556,2016-09-28,2016-09-28,C,1.9,2016-01-28
4408,2016-05-16 10:59:00,2016-05-16,0.1781,5343.0,3.0,1607.0,0.17600000000000002,0.1781,0.17600000000000002,10000556,2016-09-28,2016-09-28,C,1.9,2016-01-28
4409,2016-05-16 11:00:00,2016-05-16,0.1781,0.0,0.0,1607.0,0.1781,0.1781,0.1781,10000556,2016-09-28,2016-09-28,C,1.9,2016-01-28
4410,2016-05-16 11:01:00,2016-05-16,0.1808,18080.0,10.0,1607.0,0.1781,0.1808,0.1781,10000556,2016-09-28,2016-09-28,C,1.9,2016-01-28
4411,2016-05-16 11:02:00,2016-05-16,0.1808,3616.0,2.0,1607.0,0.1808,0.1808,0.1808,10000556,2016-09-28,2016-09-28,C,1.9,2016-01-28
4412,2016-05-16 11:03:00,2016-05-16,0.1808,0.0,0.0,1607.0,0.1808,0.1808,0.1808,10000556,2016-09-28,2016-09-28,C,1.9,2016-01-28
4413,2016-05-16 11:04:00,2016-05-16,0.1808,0.0,0.0,1607.0,0.1808,0.1808,0.1808,10000556,2016-09-28,2016-09-28,C,1.9,2016-01-28
4414,2016-05-16 11:05:00,2016-05-16,0.1808,0.0,0.0,1607.0,0.1808,0.1808,0.1808,10000556,2016-09-28,2016-09-28,C,1.9,2016-01-28
4415,2016-05-16 11:06:00,2016-05-16,0.1808,18050.0,10.0,1597.0,0.1808,0.1805,0.1805,10000556,2016-09-28,2016-09-28,C,1.9,2016-01-28
4416,2016-05-16 11:07:00,2016-05-16,0.1805,0.0,0.0,1597.0,0.1805,0.1805,0.1805,10000556,2016-09-28,2016-09-28,C,1.9,2016-01-28
4417,2016-05-16 11:08:00,2016-05-16,0.1805,0.0,0.0,1597.0,0.1805,0.1805,0.1805,10000556,2016-09-28,2016-09-28,C,1.9,2016-01-28
4418,2016-05-16 11:09:00,2016-05-16,0.1805,0.0,0.0,1597.0,0.1805,0.1805,0.1805,10000556,2016-09-28,2016-09-28,C,1.9,2016-01-28
4419,2016-05-16 11:10:00,2016-05-16,0.1805,0.0,0.0,1597.0,0.1805,0.1805,0.1805,10000556,2016-09-28,2016-09-28,C,1.9,2016-01-28
4420,2016-05-16 11:11:00,2016-05-16,0.1805,0.0,0.0,1597.0,0.1805,0.1805,0.1805,10000556,2016-09-28,2016-09-28,C,1.9,2016-01-28
4421,2016-05-16 11:12:00,2016-05-16,0.1805,0.0,0.0,1597.0,0.1805,0.1805,0.1805,10000556,2016-09-28,2016-09-28,C,1.9,2016-01-28
4422,2016-05-16 11:13:00,2016-05-16,0.1805,0.0,0.0,1597.0,0.1805,0.1805,0.1805,10000556,2016-09-28,2016-09-28,C,1.9,2016-01-28
4423,2016-05-16 11:14:00,2016-05-16,0.1805,0.0,0.0,1597.0,0.1805,0.1805,0.1805,10000556,2016-09-28,2016-09-28,C,1.9,2016-01-28
4424,2016-05-16 11:15:00,2016-05-16,0.1805,0.0,0.0,1597.0,0.1805,0.1805,0.1805,10000556,2016-09-28,2016-09-28,C,1.9,2016-01-28
4425,2016-05-16 11:16:00,2016-05-16,0.1805,16182.0,9.0,1588.0,0.1805,0.1798,0.1798,10000556,2016-09-28,2016-09-28,C,1.9,2016-01-28
4426,2016-05-16 11:17:00,2016-05-16,0.1798,1798.0,1.0,1587.0,0.1798,0.1798,0.1798,10000556,2016-09-28,2016-09-28,C,1.9,2016-01-28
4427,2016-05-16 11:18:00,2016-05-16,0.1798,0.0,0.0,1587.0,0.1798,0.1798,0.1798,10000556,2016-09-28,2016-09-28,C,1.9,2016-01-28
4428,2016-05-16 11:19:00,2016-05-16,0.1798,0.0,0.0,1587.0,0.1798,0.1798,0.1798,10000556,2016-09-28,2016-09-28,C,1.9,2016-01-28
4429,2016-05-16 11:20:00,2016-05-16,0.1798,0.0,0.0,1587.0,0.1798,0.1798,0.1798,10000556,2016-09-28,2016-09-28,C,1.9,2016-01-28
4430,2016-05-16 11:21:00,2016-05-16,0.1798,0.0,0.0,1587.0,0.1798,0.1798,0.1798,10000556,2016-09-28,2016-09-28,C,1.9,2016-01-28
4431,2016-05-16 11:22:00,2016-05-16,0.1798,8960.0,5.0,1582.0,0.1798,0.1792,0.1792,10000556,2016-09-28,2016-09-28,C,1.9,2016-01-28
4432,2016-05-16 11:23:00,2016-05-16,0.1792,0.0,0.0,1582.0,0.1792,0.1792,0.1792,10000556,2016-09-28,2016-09-28,C,1.9,2016-01-28
4433,2016-05-16 11:24:00,2016-05-16,0.1792,0.0,0.0,1582.0,0.1792,0.1792,0.1792,10000556,2016-09-28,2016-09-28,C,1.9,2016-01-28
4434,2016-05-16 11:25:00,2016-05-16,0.1792,0.0,0.0,1582.0,0.1792,0.1792,0.1792,10000556,2016-09-28,2016-09-28,C,1.9,2016-01-28
4435,2016-05-16 11:26:00,2016-05-16,0.1792,0.0,0.0,1582.0,0.1792,0.1792,0.1792,10000556,2016-09-28,2016-09-28,C,1.9,2016-01-28
4436,2016-05-16 11:27:00,2016-05-16,0.1792,0.0,0.0,1582.0,0.1792,0.1792,0.1792,10000556,2016-09-28,2016-09-28,C,1.9,2016-01-28
4437,2016-05-16 11:28:00,2016-05-16,0.1792,0.0,0.0,1582.0,0.1792,0.1792,0.1792,10000556,2016-09-28,2016-09-28,C,1.9,2016-01-28
4438,2016-05-16 11:29:00,2016-05-16,0.1792,0.0,0.0,1582.0,0.1792,0.1792,0.1792,10000556,2016-09-28,2016-09-28,C,1.9,2016-01-28
4439,2016-05-16 11:30:00,2016-05-16,0.1792,0.0,0.0,1582.0,0.1792,0.1792,0.1792,10000556,2016-09-28,2016-09-28,C,1.9,2016-01-28
4440,2016-05-16 13:01:00,2016-05-16,0.1792,0.0,0.0,1582.0,0.1792,0.1792,0.1792,10000556,2016-09-28,2016-09-28,C,1.9,2016-01-28
4441,2016-05-16 13:02:00,2016-05-16,0.1792,0.0,0.0,1582.0,0.1792,0.1792,0.1792,10000556,2016-09-28,2016-09-28,C,1.9,2016-01-28
4442,2016-05-16 13:03:00,2016-05-16,0.1793,3586.0,2.0,1582.0,0.1792,0.1793,0.1792,10000556,2016-09-28,2016-09-28,C,1.9,2016-01-28
4443,2016-05-16 13:04:00,2016-05-16,0.1793,0.0,0.0,1582.0,0.1793,0.1793,0.1793,10000556,2016-09-28,2016-09-28,C,1.9,2016-01-28
4444,2016-05-16 13:05:00,2016-05-16,0.1793,0.0,0.0,1582.0,0.1793,0.1793,0.1793,10000556,2016-09-28,2016-09-28,C,1.9,2016-01-28
4445,2016-05-16 13:06:00,2016-05-16,0.1793,0.0,0.0,1582.0,0.1793,0.1793,0.1793,10000556,2016-09-28,2016-09-28,C,1.9,2016-01-28
4446,2016-05-16 13:07:00,2016-05-16,0.1791,17910.0,10.0,1582.0,0.1791,0.1791,0.1791,10000556,2016-09-28,2016-09-28,C,1.9,2016-01-28
4447,2016-05-16 13:08:00,2016-05-16,0.1791,0.0,0.0,1582.0,0.1791,0.1791,0.1791,10000556,2016-09-28,2016-09-28,C,1.9,2016-01-28
4448,2016-05-16 13:09:00,2016-05-16,0.17800000000000002,8900.0,5.0,1582.0,0.17800000000000002,0.17800000000000002,0.17800000000000002,10000556,2016-09-28,2016-09-28,C,1.9,2016-01-28
4449,2016-05-16 13:10:00,2016-05-16,0.17800000000000002,0.0,0.0,1582.0,0.17800000000000002,0.17800000000000002,0.17800000000000002,10000556,2016-09-28,2016-09-28,C,1.9,2016-01-28
4450,2016-05-16 13:11:00,2016-05-16,0.17800000000000002,0.0,0.0,1582.0,0.17800000000000002,0.17800000000000002,0.17800000000000002,10000556,2016-09-28,2016-09-28,C,1.9,2016-01-28
4451,2016-05-16 13:12:00,2016-05-16,0.179,3580.0,2.0,1584.0,0.17800000000000002,0.179,0.17800000000000002,10000556,2016-09-28,2016-09-28,C,1.9,2016-01-28
4452,2016-05-16 13:13:00,2016-05-16,0.179,0.0,0.0,1584.0,0.179,0.179,0.179,10000556,2016-09-28,2016-09-28,C,1.9,2016-01-28
4453,2016-05-16 13:14:00,2016-05-16,0.179,0.0,0.0,1584.0,0.179,0.179,0.179,10000556,2016-09-28,2016-09-28,C,1.9,2016-01-28
4454,2016-05-16 13:15:00,2016-05-16,0.179,0.0,0.0,1584.0,0.179,0.179,0.179,10000556,2016-09-28,2016-09-28,C,1.9,2016-01-28
4455,2016-05-16 13:16:00,2016-05-16,0.179,0.0,0.0,1584.0,0.179,0.179,0.179,10000556,2016-09-28,2016-09-28,C,1.9,2016-01-28
4456,2016-05-16 13:17:00,2016-05-16,0.17800000000000002,26700.0,15.0,1594.0,0.17800000000000002,0.17800000000000002,0.17800000000000002,10000556,2016-09-28,2016-09-28,C,1.9,2016-01-28
4457,2016-05-16 13:18:00,2016-05-16,0.17800000000000002,1772.0,1.0,1594.0,0.17800000000000002,0.1772,0.1772,10000556,2016-09-28,2016-09-28,C,1.9,2016-01-28
4458,2016-05-16 13:19:00,2016-05-16,0.1772,0.0,0.0,1594.0,0.1772,0.1772,0.1772,10000556,2016-09-28,2016-09-28,C,1.9,2016-01-28
4459,2016-05-16 13:20:00,2016-05-16,0.179,3574.0,2.0,1595.0,0.1772,0.1784,0.1772,10000556,2016-09-28,2016-09-28,C,1.9,2016-01-28
4460,2016-05-16 13:21:00,2016-05-16,0.1784,14194.0,8.0,1597.0,0.1784,0.1774,0.1774,10000556,2016-09-28,2016-09-28,C,1.9,2016-01-28
4461,2016-05-16 13:22:00,2016-05-16,0.1775,8872.0,5.0,1599.0,0.1775,0.1774,0.1774,10000556,2016-09-28,2016-09-28,C,1.9,2016-01-28
4462,2016-05-16 13:23:00,2016-05-16,0.1774,17650.0,10.0,1609.0,0.1774,0.1765,0.1765,10000556,2016-09-28,2016-09-28,C,1.9,2016-01-28
4463,2016-05-16 13:24:00,2016-05-16,0.1765,0.0,0.0,1609.0,0.1765,0.1765,0.1765,10000556,2016-09-28,2016-09-28,C,1.9,2016-01-28
4464,2016-05-16 13:25:00,2016-05-16,0.1765,0.0,0.0,1609.0,0.1765,0.1765,0.1765,10000556,2016-09-28,2016-09-28,C,1.9,2016-01-28
4465,2016-05-16 13:26:00,2016-05-16,0.1765,0.0,0.0,1609.0,0.1765,0.1765,0.1765,10000556,2016-09-28,2016-09-28,C,1.9,2016-01-28
4466,2016-05-16 13:27:00,2016-05-16,0.1765,0.0,0.0,1609.0,0.1765,0.1765,0.1765,10000556,2016-09-28,2016-09-28,C,1.9,2016-01-28
4467,2016-05-16 13:28:00,2016-05-16,0.1765,52450.0,30.0,1639.0,0.1765,0.1748,0.1748,10000556,2016-09-28,2016-09-28,C,1.9,2016-01-28
4468,2016-05-16 13:29:00,2016-05-16,0.1748,0.0,0.0,1639.0,0.1748,0.1748,0.1748,10000556,2016-09-28,2016-09-28,C,1.9,2016-01-28
4469,2016-05-16 13:30:00,2016-05-16,0.1748,0.0,0.0,1639.0,0.1748,0.1748,0.1748,10000556,2016-09-28,2016-09-28,C,1.9,2016-01-28
4470,2016-05-16 13:31:00,2016-05-16,0.1748,0.0,0.0,1639.0,0.1748,0.1748,0.1748,10000556,2016-09-28,2016-09-28,C,1.9,2016-01-28
4471,2016-05-16 13:32:00,2016-05-16,0.1748,0.0,0.0,1639.0,0.1748,0.1748,0.1748,10000556,2016-09-28,2016-09-28,C,1.9,2016-01-28
4472,2016-05-16 13:33:00,2016-05-16,0.1748,0.0,0.0,1639.0,0.1748,0.1748,0.1748,10000556,2016-09-28,2016-09-28,C,1.9,2016-01-28
4473,2016-05-16 13:34:00,2016-05-16,0.1748,0.0,0.0,1639.0,0.1748,0.1748,0.1748,10000556,2016-09-28,2016-09-28,C,1.9,2016-01-28
4474,2016-05-16 13:35:00,2016-05-16,0.1748,0.0,0.0,1639.0,0.1748,0.1748,0.1748,10000556,2016-09-28,2016-09-28,C,1.9,2016-01-28
4475,2016-05-16 13:36:00,2016-05-16,0.1748,0.0,0.0,1639.0,0.1748,0.1748,0.1748,10000556,2016-09-28,2016-09-28,C,1.9,2016-01-28
4476,2016-05-16 13:37:00,2016-05-16,0.1748,0.0,0.0,1639.0,0.1748,0.1748,0.1748,10000556,2016-09-28,2016-09-28,C,1.9,2016-01-28
4477,2016-05-16 13:38:00,2016-05-16,0.1748,0.0,0.0,1639.0,0.1748,0.1748,0.1748,10000556,2016-09-28,2016-09-28,C,1.9,2016-01-28
4478,2016-05-16 13:39:00,2016-05-16,0.1748,0.0,0.0,1639.0,0.1748,0.1748,0.1748,10000556,2016-09-28,2016-09-28,C,1.9,2016-01-28
4479,2016-05-16 13:40:00,2016-05-16,0.1748,0.0,0.0,1639.0,0.1748,0.1748,0.1748,10000556,2016-09-28,2016-09-28,C,1.9,2016-01-28
4480,2016-05-16 13:41:00,2016-05-16,0.1748,0.0,0.0,1639.0,0.1748,0.1748,0.1748,10000556,2016-09-28,2016-09-28,C,1.9,2016-01-28
4481,2016-05-16 13:42:00,2016-05-16,0.1748,0.0,0.0,1639.0,0.1748,0.1748,0.1748,10000556,2016-09-28,2016-09-28,C,1.9,2016-01-28
4482,2016-05-16 13:43:00,2016-05-16,0.1748,0.0,0.0,1639.0,0.1748,0.1748,0.1748,10000556,2016-09-28,2016-09-28,C,1.9,2016-01-28
4483,2016-05-16 13:44:00,2016-05-16,0.1748,0.0,0.0,1639.0,0.1748,0.1748,0.1748,10000556,2016-09-28,2016-09-28,C,1.9,2016-01-28
4484,2016-05-16 13:45:00,2016-05-16,0.1748,0.0,0.0,1639.0,0.1748,0.1748,0.1748,10000556,2016-09-28,2016-09-28,C,1.9,2016-01-28
4485,2016-05-16 13:46:00,2016-05-16,0.1748,0.0,0.0,1639.0,0.1748,0.1748,0.1748,10000556,2016-09-28,2016-09-28,C,1.9,2016-01-28
4486,2016-05-16 13:47:00,2016-05-16,0.1748,0.0,0.0,1639.0,0.1748,0.1748,0.1748,10000556,2016-09-28,2016-09-28,C,1.9,2016-01-28
4487,2016-05-16 13:48:00,2016-05-16,0.1748,0.0,0.0,1639.0,0.1748,0.1748,0.1748,10000556,2016-09-28,2016-09-28,C,1.9,2016-01-28
4488,2016-05-16 13:49:00,2016-05-16,0.1748,0.0,0.0,1639.0,0.1748,0.1748,0.1748,10000556,2016-09-28,2016-09-28,C,1.9,2016-01-28
4489,2016-05-16 13:50:00,2016-05-16,0.1748,0.0,0.0,1639.0,0.1748,0.1748,0.1748,10000556,2016-09-28,2016-09-28,C,1.9,2016-01-28
4490,2016-05-16 13:51:00,2016-05-16,0.1748,0.0,0.0,1639.0,0.1748,0.1748,0.1748,10000556,2016-09-28,2016-09-28,C,1.9,2016-01-28
4491,2016-05-16 13:52:00,2016-05-16,0.1748,0.0,0.0,1639.0,0.1748,0.1748,0.1748,10000556,2016-09-28,2016-09-28,C,1.9,2016-01-28
4492,2016-05-16 13:53:00,2016-05-16,0.1748,0.0,0.0,1639.0,0.1748,0.1748,0.1748,10000556,2016-09-28,2016-09-28,C,1.9,2016-01-28
4493,2016-05-16 13:54:00,2016-05-16,0.1748,0.0,0.0,1639.0,0.1748,0.1748,0.1748,10000556,2016-09-28,2016-09-28,C,1.9,2016-01-28
4494,2016-05-16 13:55:00,2016-05-16,0.1793,8965.0,5.0,1639.0,0.1748,0.1793,0.1748,10000556,2016-09-28,2016-09-28,C,1.9,2016-01-28
4495,2016-05-16 13:56:00,2016-05-16,0.1793,1793.0,1.0,1639.0,0.1793,0.1793,0.1793,10000556,2016-09-28,2016-09-28,C,1.9,2016-01-28
4496,2016-05-16 13:57:00,2016-05-16,0.1793,0.0,0.0,1639.0,0.1793,0.1793,0.1793,10000556,2016-09-28,2016-09-28,C,1.9,2016-01-28
4497,2016-05-16 13:58:00,2016-05-16,0.1793,0.0,0.0,1639.0,0.1793,0.1793,0.1793,10000556,2016-09-28,2016-09-28,C,1.9,2016-01-28
4498,2016-05-16 13:59:00,2016-05-16,0.1793,0.0,0.0,1639.0,0.1793,0.1793,0.1793,10000556,2016-09-28,2016-09-28,C,1.9,2016-01-28
4499,2016-05-16 14:00:00,2016-05-16,0.1793,0.0,0.0,1639.0,0.1793,0.1793,0.1793,10000556,2016-09-28,2016-09-28,C,1.9,2016-01-28
4500,2016-05-16 14:01:00,2016-05-16,0.1793,0.0,0.0,1639.0,0.1793,0.1793,0.1793,10000556,2016-09-28,2016-09-28,C,1.9,2016-01-28
4501,2016-05-16 14:02:00,2016-05-16,0.1793,0.0,0.0,1639.0,0.1793,0.1793,0.1793,10000556,2016-09-28,2016-09-28,C,1.9,2016-01-28
4502,2016-05-16 14:03:00,2016-05-16,0.1793,0.0,0.0,1639.0,0.1793,0.1793,0.1793,10000556,2016-09-28,2016-09-28,C,1.9,2016-01-28
4503,2016-05-16 14:04:00,2016-05-16,0.1801,1801.0,1.0,1639.0,0.1793,0.1801,0.1793,10000556,2016-09-28,2016-09-28,C,1.9,2016-01-28
4504,2016-05-16 14:05:00,2016-05-16,0.1801,0.0,0.0,1639.0,0.1801,0.1801,0.1801,10000556,2016-09-28,2016-09-28,C,1.9,2016-01-28
4505,2016-05-16 14:06:00,2016-05-16,0.1801,3587.0,2.0,1640.0,0.1801,0.1794,0.1793,10000556,2016-09-28,2016-09-28,C,1.9,2016-01-28
4506,2016-05-16 14:07:00,2016-05-16,0.1794,3588.0,2.0,1640.0,0.1794,0.1794,0.1794,10000556,2016-09-28,2016-09-28,C,1.9,2016-01-28
4507,2016-05-16 14:08:00,2016-05-16,0.1795,10769.0,6.0,1641.0,0.1795,0.1794,0.1794,10000556,2016-09-28,2016-09-28,C,1.9,2016-01-28
4508,2016-05-16 14:09:00,2016-05-16,0.1794,0.0,0.0,1641.0,0.1794,0.1794,0.1794,10000556,2016-09-28,2016-09-28,C,1.9,2016-01-28
4509,2016-05-16 14:10:00,2016-05-16,0.1794,0.0,0.0,1641.0,0.1794,0.1794,0.1794,10000556,2016-09-28,2016-09-28,C,1.9,2016-01-28
4510,2016-05-16 14:11:00,2016-05-16,0.1794,0.0,0.0,1641.0,0.1794,0.1794,0.1794,10000556,2016-09-28,2016-09-28,C,1.9,2016-01-28
4511,2016-05-16 14:12:00,2016-05-16,0.1794,3585.0,2.0,1642.0,0.1794,0.1792,0.1792,10000556,2016-09-28,2016-09-28,C,1.9,2016-01-28
4512,2016-05-16 14:13:00,2016-05-16,0.1792,0.0,0.0,1642.0,0.1792,0.1792,0.1792,10000556,2016-09-28,2016-09-28,C,1.9,2016-01-28
4513,2016-05-16 14:14:00,2016-05-16,0.1792,0.0,0.0,1642.0,0.1792,0.1792,0.1792,10000556,2016-09-28,2016-09-28,C,1.9,2016-01-28
4514,2016-05-16 14:15:00,2016-05-16,0.1792,0.0,0.0,1642.0,0.1792,0.1792,0.1792,10000556,2016-09-28,2016-09-28,C,1.9,2016-01-28
4515,2016-05-16 14:16:00,2016-05-16,0.1792,0.0,0.0,1642.0,0.1792,0.1792,0.1792,10000556,2016-09-28,2016-09-28,C,1.9,2016-01-28
4516,2016-05-16 14:17:00,2016-05-16,0.1792,0.0,0.0,1642.0,0.1792,0.1792,0.1792,10000556,2016-09-28,2016-09-28,C,1.9,2016-01-28
4517,2016-05-16 14:18:00,2016-05-16,0.1792,0.0,0.0,1642.0,0.1792,0.1792,0.1792,10000556,2016-09-28,2016-09-28,C,1.9,2016-01-28
4518,2016-05-16 14:19:00,2016-05-16,0.1792,0.0,0.0,1642.0,0.1792,0.1792,0.1792,10000556,2016-09-28,2016-09-28,C,1.9,2016-01-28
4519,2016-05-16 14:20:00,2016-05-16,0.1792,0.0,0.0,1642.0,0.1792,0.1792,0.1792,10000556,2016-09-28,2016-09-28,C,1.9,2016-01-28
4520,2016-05-16 14:21:00,2016-05-16,0.1792,0.0,0.0,1642.0,0.1792,0.1792,0.1792,10000556,2016-09-28,2016-09-28,C,1.9,2016-01-28
4521,2016-05-16 14:22:00,2016-05-16,0.1792,0.0,0.0,1642.0,0.1792,0.1792,0.1792,10000556,2016-09-28,2016-09-28,C,1.9,2016-01-28
4522,2016-05-16 14:23:00,2016-05-16,0.1792,0.0,0.0,1642.0,0.1792,0.1792,0.1792,10000556,2016-09-28,2016-09-28,C,1.9,2016-01-28
4523,2016-05-16 14:24:00,2016-05-16,0.1792,0.0,0.0,1642.0,0.1792,0.1792,0.1792,10000556,2016-09-28,2016-09-28,C,1.9,2016-01-28
4524,2016-05-16 14:25:00,2016-05-16,0.1792,8751.0,5.0,1646.0,0.1792,0.1751,0.175,10000556,2016-09-28,2016-09-28,C,1.9,2016-01-28
4525,2016-05-16 14:26:00,2016-05-16,0.1751,1750.0,1.0,1647.0,0.1751,0.175,0.175,10000556,2016-09-28,2016-09-28,C,1.9,2016-01-28
4526,2016-05-16 14:27:00,2016-05-16,0.175,0.0,0.0,1647.0,0.175,0.175,0.175,10000556,2016-09-28,2016-09-28,C,1.9,2016-01-28
4527,2016-05-16 14:28:00,2016-05-16,0.175,0.0,0.0,1647.0,0.175,0.175,0.175,10000556,2016-09-28,2016-09-28,C,1.9,2016-01-28
4528,2016-05-16 14:29:00,2016-05-16,0.175,0.0,0.0,1647.0,0.175,0.175,0.175,10000556,2016-09-28,2016-09-28,C,1.9,2016-01-28
4529,2016-05-16 14:30:00,2016-05-16,0.175,0.0,0.0,1647.0,0.175,0.175,0.175,10000556,2016-09-28,2016-09-28,C,1.9,2016-01-28
4530,2016-05-16 14:31:00,2016-05-16,0.1764,3528.0,2.0,1649.0,0.175,0.1764,0.175,10000556,2016-09-28,2016-09-28,C,1.9,2016-01-28
4531,2016-05-16 14:32:00,2016-05-16,0.1766,3532.0,2.0,1651.0,0.1764,0.1766,0.1764,10000556,2016-09-28,2016-09-28,C,1.9,2016-01-28
4532,2016-05-16 14:33:00,2016-05-16,0.177,3540.0,2.0,1653.0,0.1766,0.177,0.1766,10000556,2016-09-28,2016-09-28,C,1.9,2016-01-28
4533,2016-05-16 14:34:00,2016-05-16,0.177,7079.0,4.0,1657.0,0.177,0.1769,0.1769,10000556,2016-09-28,2016-09-28,C,1.9,2016-01-28
4534,2016-05-16 14:35:00,2016-05-16,0.1774,3543.0,2.0,1659.0,0.1769,0.1774,0.1769,10000556,2016-09-28,2016-09-28,C,1.9,2016-01-28
4535,2016-05-16 14:36:00,2016-05-16,0.1788,17718.0,10.0,1668.0,0.1774,0.1774,0.1769,10000556,2016-09-28,2016-09-28,C,1.9,2016-01-28
4536,2016-05-16 14:37:00,2016-05-16,0.179,16050.0,9.0,1677.0,0.1774,0.1785,0.1774,10000556,2016-09-28,2016-09-28,C,1.9,2016-01-28
4537,2016-05-16 14:38:00,2016-05-16,0.1785,7140.0,4.0,1681.0,0.1785,0.1785,0.1785,10000556,2016-09-28,2016-09-28,C,1.9,2016-01-28
4538,2016-05-16 14:39:00,2016-05-16,0.1802,10812.0,6.0,1681.0,0.1785,0.1802,0.1785,10000556,2016-09-28,2016-09-28,C,1.9,2016-01-28
4539,2016-05-16 14:40:00,2016-05-16,0.1802,0.0,0.0,1681.0,0.1802,0.1802,0.1802,10000556,2016-09-28,2016-09-28,C,1.9,2016-01-28
4540,2016-05-16 14:41:00,2016-05-16,0.1805,9025.0,5.0,1681.0,0.1802,0.1805,0.1802,10000556,2016-09-28,2016-09-28,C,1.9,2016-01-28
4541,2016-05-16 14:42:00,2016-05-16,0.1805,0.0,0.0,1681.0,0.1805,0.1805,0.1805,10000556,2016-09-28,2016-09-28,C,1.9,2016-01-28
4542,2016-05-16 14:43:00,2016-05-16,0.1805,0.0,0.0,1681.0,0.1805,0.1805,0.1805,10000556,2016-09-28,2016-09-28,C,1.9,2016-01-28
4543,2016-05-16 14:44:00,2016-05-16,0.1805,0.0,0.0,1681.0,0.1805,0.1805,0.1805,10000556,2016-09-28,2016-09-28,C,1.9,2016-01-28
4544,2016-05-16 14:45:00,2016-05-16,0.1805,14408.0,8.0,1681.0,0.1805,0.1801,0.1801,10000556,2016-09-28,2016-09-28,C,1.9,2016-01-28
4545,2016-05-16 14:46:00,2016-05-16,0.1801,0.0,0.0,1681.0,0.1801,0.1801,0.1801,10000556,2016-09-28,2016-09-28,C,1.9,2016-01-28
4546,2016-05-16 14:47:00,2016-05-16,0.1801,0.0,0.0,1681.0,0.1801,0.1801,0.1801,10000556,2016-09-28,2016-09-28,C,1.9,2016-01-28
4547,2016-05-16 14:48:00,2016-05-16,0.1801,0.0,0.0,1681.0,0.1801,0.1801,0.1801,10000556,2016-09-28,2016-09-28,C,1.9,2016-01-28
4548,2016-05-16 14:49:00,2016-05-16,0.1806,1806.0,1.0,1681.0,0.1801,0.1806,0.1801,10000556,2016-09-28,2016-09-28,C,1.9,2016-01-28
4549,2016-05-16 14:50:00,2016-05-16,0.1806,0.0,0.0,1681.0,0.1806,0.1806,0.1806,10000556,2016-09-28,2016-09-28,C,1.9,2016-01-28
4550,2016-05-16 14:51:00,2016-05-16,0.1806,0.0,0.0,1681.0,0.1806,0.1806,0.1806,10000556,2016-09-28,2016-09-28,C,1.9,2016-01-28
4551,2016-05-16 14:52:00,2016-05-16,0.1806,0.0,0.0,1681.0,0.1806,0.1806,0.1806,10000556,2016-09-28,2016-09-28,C,1.9,2016-01-28
4552,2016-05-16 14:53:00,2016-05-16,0.1806,1782.0,1.0,1682.0,0.1806,0.1782,0.1782,10000556,2016-09-28,2016-09-28,C,1.9,2016-01-28
4553,2016-05-16 14:54:00,2016-05-16,0.1782,0.0,0.0,1682.0,0.1782,0.1782,0.1782,10000556,2016-09-28,2016-09-28,C,1.9,2016-01-28
4554,2016-05-16 14:55:00,2016-05-16,0.1782,5346.0,3.0,1685.0,0.1782,0.1782,0.1782,10000556,2016-09-28,2016-09-28,C,1.9,2016-01-28
4555,2016-05-16 14:56:00,2016-05-16,0.1783,7129.0,4.0,1689.0,0.1782,0.1783,0.1782,10000556,2016-09-28,2016-09-28,C,1.9,2016-01-28
4556,2016-05-16 14:57:00,2016-05-16,0.1783,8915.0,5.0,1694.0,0.1783,0.1783,0.1783,10000556,2016-09-28,2016-09-28,C,1.9,2016-01-28
4557,2016-05-16 14:58:00,2016-05-16,0.1783,0.0,0.0,1694.0,0.1783,0.1783,0.1783,10000556,2016-09-28,2016-09-28,C,1.9,2016-01-28
4558,2016-05-16 14:59:00,2016-05-16,0.1783,0.0,0.0,1694.0,0.1783,0.1783,0.1783,10000556,2016-09-28,2016-09-28,C,1.9,2016-01-28
4559,2016-05-16 15:00:00,2016-05-16,0.1783,0.0,0.0,1694.0,0.1783,0.1783,0.1783,10000556,2016-09-28,2016-09-28,C,1.9,2016-01-28
4560,2016-05-16 09:31:00,2016-05-16,0.4891,0.0,0.0,996.0,0.4891,0.4891,0.4891,10000470,2016-06-22,2016-06-22,P,2.55,2015-11-06
4561,2016-05-16 09:32:00,2016-05-16,0.4946,98920.0,20.0,1016.0,0.4891,0.4946,0.4891,10000470,2016-06-22,2016-06-22,P,2.55,2015-11-06
4562,2016-05-16 09:33:00,2016-05-16,0.4946,0.0,0.0,1016.0,0.4946,0.4946,0.4946,10000470,2016-06-22,2016-06-22,P,2.55,2015-11-06
4563,2016-05-16 09:34:00,2016-05-16,0.4946,0.0,0.0,1016.0,0.4946,0.4946,0.4946,10000470,2016-06-22,2016-06-22,P,2.55,2015-11-06
4564,2016-05-16 09:35:00,2016-05-16,0.4946,0.0,0.0,1016.0,0.4946,0.4946,0.4946,10000470,2016-06-22,2016-06-22,P,2.55,2015-11-06
4565,2016-05-16 09:36:00,2016-05-16,0.4946,0.0,0.0,1016.0,0.4946,0.4946,0.4946,10000470,2016-06-22,2016-06-22,P,2.55,2015-11-06
4566,2016-05-16 09:37:00,2016-05-16,0.4946,0.0,0.0,1016.0,0.4946,0.4946,0.4946,10000470,2016-06-22,2016-06-22,P,2.55,2015-11-06
4567,2016-05-16 09:38:00,2016-05-16,0.4946,0.0,0.0,1016.0,0.4946,0.4946,0.4946,10000470,2016-06-22,2016-06-22,P,2.55,2015-11-06
4568,2016-05-16 09:39:00,2016-05-16,0.4946,0.0,0.0,1016.0,0.4946,0.4946,0.4946,10000470,2016-06-22,2016-06-22,P,2.55,2015-11-06
4569,2016-05-16 09:40:00,2016-05-16,0.4946,0.0,0.0,1016.0,0.4946,0.4946,0.4946,10000470,2016-06-22,2016-06-22,P,2.55,2015-11-06
4570,2016-05-16 09:41:00,2016-05-16,0.4946,0.0,0.0,1016.0,0.4946,0.4946,0.4946,10000470,2016-06-22,2016-06-22,P,2.55,2015-11-06
4571,2016-05-16 09:42:00,2016-05-16,0.4946,14829.0,3.0,1014.0,0.4946,0.4943,0.4943,10000470,2016-06-22,2016-06-22,P,2.55,2015-11-06
4572,2016-05-16 09:43:00,2016-05-16,0.4943,4943.0,1.0,1014.0,0.4943,0.4943,0.4943,10000470,2016-06-22,2016-06-22,P,2.55,2015-11-06
4573,2016-05-16 09:44:00,2016-05-16,0.4943,0.0,0.0,1014.0,0.4943,0.4943,0.4943,10000470,2016-06-22,2016-06-22,P,2.55,2015-11-06
4574,2016-05-16 09:45:00,2016-05-16,0.4943,29658.0,6.0,1014.0,0.4943,0.4943,0.4943,10000470,2016-06-22,2016-06-22,P,2.55,2015-11-06
4575,2016-05-16 09:46:00,2016-05-16,0.4943,0.0,0.0,1014.0,0.4943,0.4943,0.4943,10000470,2016-06-22,2016-06-22,P,2.55,2015-11-06
4576,2016-05-16 09:47:00,2016-05-16,0.4943,0.0,0.0,1014.0,0.4943,0.4943,0.4943,10000470,2016-06-22,2016-06-22,P,2.55,2015-11-06
4577,2016-05-16 09:48:00,2016-05-16,0.4943,0.0,0.0,1014.0,0.4943,0.4943,0.4943,10000470,2016-06-22,2016-06-22,P,2.55,2015-11-06
4578,2016-05-16 09:49:00,2016-05-16,0.4943,0.0,0.0,1014.0,0.4943,0.4943,0.4943,10000470,2016-06-22,2016-06-22,P,2.55,2015-11-06
4579,2016-05-16 09:50:00,2016-05-16,0.4943,0.0,0.0,1014.0,0.4943,0.4943,0.4943,10000470,2016-06-22,2016-06-22,P,2.55,2015-11-06
4580,2016-05-16 09:51:00,2016-05-16,0.4943,0.0,0.0,1014.0,0.4943,0.4943,0.4943,10000470,2016-06-22,2016-06-22,P,2.55,2015-11-06
4581,2016-05-16 09:52:00,2016-05-16,0.4943,0.0,0.0,1014.0,0.4943,0.4943,0.4943,10000470,2016-06-22,2016-06-22,P,2.55,2015-11-06
4582,2016-05-16 09:53:00,2016-05-16,0.5036,180486.0,36.0,1038.0,0.4943,0.5031,0.4943,10000470,2016-06-22,2016-06-22,P,2.55,2015-11-06
4583,2016-05-16 09:54:00,2016-05-16,0.5049,171161.0,34.0,1052.0,0.5031,0.502,0.502,10000470,2016-06-22,2016-06-22,P,2.55,2015-11-06
4584,2016-05-16 09:55:00,2016-05-16,0.502,0.0,0.0,1052.0,0.502,0.502,0.502,10000470,2016-06-22,2016-06-22,P,2.55,2015-11-06
4585,2016-05-16 09:56:00,2016-05-16,0.502,0.0,0.0,1052.0,0.502,0.502,0.502,10000470,2016-06-22,2016-06-22,P,2.55,2015-11-06
4586,2016-05-16 09:57:00,2016-05-16,0.502,0.0,0.0,1052.0,0.502,0.502,0.502,10000470,2016-06-22,2016-06-22,P,2.55,2015-11-06
4587,2016-05-16 09:58:00,2016-05-16,0.502,0.0,0.0,1052.0,0.502,0.502,0.502,10000470,2016-06-22,2016-06-22,P,2.55,2015-11-06
4588,2016-05-16 09:59:00,2016-05-16,0.502,0.0,0.0,1052.0,0.502,0.502,0.502,10000470,2016-06-22,2016-06-22,P,2.55,2015-11-06
4589,2016-05-16 10:00:00,2016-05-16,0.502,0.0,0.0,1052.0,0.502,0.502,0.502,10000470,2016-06-22,2016-06-22,P,2.55,2015-11-06
4590,2016-05-16 10:01:00,2016-05-16,0.5046,50460.0,10.0,1052.0,0.502,0.5046,0.502,10000470,2016-06-22,2016-06-22,P,2.55,2015-11-06
4591,2016-05-16 10:02:00,2016-05-16,0.5047,5047.0,1.0,1051.0,0.5046,0.5047,0.5046,10000470,2016-06-22,2016-06-22,P,2.55,2015-11-06
4592,2016-05-16 10:03:00,2016-05-16,0.5047,0.0,0.0,1051.0,0.5047,0.5047,0.5047,10000470,2016-06-22,2016-06-22,P,2.55,2015-11-06
4593,2016-05-16 10:04:00,2016-05-16,0.5047,0.0,0.0,1051.0,0.5047,0.5047,0.5047,10000470,2016-06-22,2016-06-22,P,2.55,2015-11-06
4594,2016-05-16 10:05:00,2016-05-16,0.5047,0.0,0.0,1051.0,0.5047,0.5047,0.5047,10000470,2016-06-22,2016-06-22,P,2.55,2015-11-06
4595,2016-05-16 10:06:00,2016-05-16,0.5047,0.0,0.0,1051.0,0.5047,0.5047,0.5047,10000470,2016-06-22,2016-06-22,P,2.55,2015-11-06
4596,2016-05-16 10:07:00,2016-05-16,0.5047,0.0,0.0,1051.0,0.5047,0.5047,0.5047,10000470,2016-06-22,2016-06-22,P,2.55,2015-11-06
4597,2016-05-16 10:08:00,2016-05-16,0.5047,0.0,0.0,1051.0,0.5047,0.5047,0.5047,10000470,2016-06-22,2016-06-22,P,2.55,2015-11-06
4598,2016-05-16 10:09:00,2016-05-16,0.5047,0.0,0.0,1051.0,0.5047,0.5047,0.5047,10000470,2016-06-22,2016-06-22,P,2.55,2015-11-06
4599,2016-05-16 10:10:00,2016-05-16,0.5047,0.0,0.0,1051.0,0.5047,0.5047,0.5047,10000470,2016-06-22,2016-06-22,P,2.55,2015-11-06
4600,2016-05-16 10:11:00,2016-05-16,0.5047,0.0,0.0,1051.0,0.5047,0.5047,0.5047,10000470,2016-06-22,2016-06-22,P,2.55,2015-11-06
4601,2016-05-16 10:12:00,2016-05-16,0.5047,0.0,0.0,1051.0,0.5047,0.5047,0.5047,10000470,2016-06-22,2016-06-22,P,2.55,2015-11-06
4602,2016-05-16 10:13:00,2016-05-16,0.5047,0.0,0.0,1051.0,0.5047,0.5047,0.5047,10000470,2016-06-22,2016-06-22,P,2.55,2015-11-06
4603,2016-05-16 10:14:00,2016-05-16,0.5047,0.0,0.0,1051.0,0.5047,0.5047,0.5047,10000470,2016-06-22,2016-06-22,P,2.55,2015-11-06
4604,2016-05-16 10:15:00,2016-05-16,0.5047,0.0,0.0,1051.0,0.5047,0.5047,0.5047,10000470,2016-06-22,2016-06-22,P,2.55,2015-11-06
4605,2016-05-16 10:16:00,2016-05-16,0.5047,0.0,0.0,1051.0,0.5047,0.5047,0.5047,10000470,2016-06-22,2016-06-22,P,2.55,2015-11-06
4606,2016-05-16 10:17:00,2016-05-16,0.5047,0.0,0.0,1051.0,0.5047,0.5047,0.5047,10000470,2016-06-22,2016-06-22,P,2.55,2015-11-06
4607,2016-05-16 10:18:00,2016-05-16,0.5047,0.0,0.0,1051.0,0.5047,0.5047,0.5047,10000470,2016-06-22,2016-06-22,P,2.55,2015-11-06
4608,2016-05-16 10:19:00,2016-05-16,0.5047,0.0,0.0,1051.0,0.5047,0.5047,0.5047,10000470,2016-06-22,2016-06-22,P,2.55,2015-11-06
4609,2016-05-16 10:20:00,2016-05-16,0.5047,0.0,0.0,1051.0,0.5047,0.5047,0.5047,10000470,2016-06-22,2016-06-22,P,2.55,2015-11-06
4610,2016-05-16 10:21:00,2016-05-16,0.5047,0.0,0.0,1051.0,0.5047,0.5047,0.5047,10000470,2016-06-22,2016-06-22,P,2.55,2015-11-06
4611,2016-05-16 10:22:00,2016-05-16,0.5047,0.0,0.0,1051.0,0.5047,0.5047,0.5047,10000470,2016-06-22,2016-06-22,P,2.55,2015-11-06
4612,2016-05-16 10:23:00,2016-05-16,0.5047,0.0,0.0,1051.0,0.5047,0.5047,0.5047,10000470,2016-06-22,2016-06-22,P,2.55,2015-11-06
4613,2016-05-16 10:24:00,2016-05-16,0.5047,0.0,0.0,1051.0,0.5047,0.5047,0.5047,10000470,2016-06-22,2016-06-22,P,2.55,2015-11-06
4614,2016-05-16 10:25:00,2016-05-16,0.5047,0.0,0.0,1051.0,0.5047,0.5047,0.5047,10000470,2016-06-22,2016-06-22,P,2.55,2015-11-06
4615,2016-05-16 10:26:00,2016-05-16,0.5047,0.0,0.0,1051.0,0.5047,0.5047,0.5047,10000470,2016-06-22,2016-06-22,P,2.55,2015-11-06
4616,2016-05-16 10:27:00,2016-05-16,0.5047,0.0,0.0,1051.0,0.5047,0.5047,0.5047,10000470,2016-06-22,2016-06-22,P,2.55,2015-11-06
4617,2016-05-16 10:28:00,2016-05-16,0.5047,4970.0,1.0,1051.0,0.5047,0.4970000000000001,0.4970000000000001,10000470,2016-06-22,2016-06-22,P,2.55,2015-11-06
4618,2016-05-16 10:29:00,2016-05-16,0.4970000000000001,0.0,0.0,1051.0,0.4970000000000001,0.4970000000000001,0.4970000000000001,10000470,2016-06-22,2016-06-22,P,2.55,2015-11-06
4619,2016-05-16 10:30:00,2016-05-16,0.4970000000000001,0.0,0.0,1051.0,0.4970000000000001,0.4970000000000001,0.4970000000000001,10000470,2016-06-22,2016-06-22,P,2.55,2015-11-06
4620,2016-05-16 10:31:00,2016-05-16,0.4970000000000001,0.0,0.0,1051.0,0.4970000000000001,0.4970000000000001,0.4970000000000001,10000470,2016-06-22,2016-06-22,P,2.55,2015-11-06
4621,2016-05-16 10:32:00,2016-05-16,0.4970000000000001,0.0,0.0,1051.0,0.4970000000000001,0.4970000000000001,0.4970000000000001,10000470,2016-06-22,2016-06-22,P,2.55,2015-11-06
4622,2016-05-16 10:33:00,2016-05-16,0.4970000000000001,0.0,0.0,1051.0,0.4970000000000001,0.4970000000000001,0.4970000000000001,10000470,2016-06-22,2016-06-22,P,2.55,2015-11-06
4623,2016-05-16 10:34:00,2016-05-16,0.4970000000000001,0.0,0.0,1051.0,0.4970000000000001,0.4970000000000001,0.4970000000000001,10000470,2016-06-22,2016-06-22,P,2.55,2015-11-06
4624,2016-05-16 10:35:00,2016-05-16,0.4970000000000001,0.0,0.0,1051.0,0.4970000000000001,0.4970000000000001,0.4970000000000001,10000470,2016-06-22,2016-06-22,P,2.55,2015-11-06
4625,2016-05-16 10:36:00,2016-05-16,0.4970000000000001,0.0,0.0,1051.0,0.4970000000000001,0.4970000000000001,0.4970000000000001,10000470,2016-06-22,2016-06-22,P,2.55,2015-11-06
4626,2016-05-16 10:37:00,2016-05-16,0.4970000000000001,0.0,0.0,1051.0,0.4970000000000001,0.4970000000000001,0.4970000000000001,10000470,2016-06-22,2016-06-22,P,2.55,2015-11-06
4627,2016-05-16 10:38:00,2016-05-16,0.4970000000000001,0.0,0.0,1051.0,0.4970000000000001,0.4970000000000001,0.4970000000000001,10000470,2016-06-22,2016-06-22,P,2.55,2015-11-06
4628,2016-05-16 10:39:00,2016-05-16,0.4970000000000001,24780.0,5.0,1056.0,0.4970000000000001,0.4956,0.4956,10000470,2016-06-22,2016-06-22,P,2.55,2015-11-06
4629,2016-05-16 10:40:00,2016-05-16,0.4956,0.0,0.0,1056.0,0.4956,0.4956,0.4956,10000470,2016-06-22,2016-06-22,P,2.55,2015-11-06
4630,2016-05-16 10:41:00,2016-05-16,0.4956,0.0,0.0,1056.0,0.4956,0.4956,0.4956,10000470,2016-06-22,2016-06-22,P,2.55,2015-11-06
4631,2016-05-16 10:42:00,2016-05-16,0.4956,0.0,0.0,1056.0,0.4956,0.4956,0.4956,10000470,2016-06-22,2016-06-22,P,2.55,2015-11-06
4632,2016-05-16 10:43:00,2016-05-16,0.4956,0.0,0.0,1056.0,0.4956,0.4956,0.4956,10000470,2016-06-22,2016-06-22,P,2.55,2015-11-06
4633,2016-05-16 10:44:00,2016-05-16,0.4956,0.0,0.0,1056.0,0.4956,0.4956,0.4956,10000470,2016-06-22,2016-06-22,P,2.55,2015-11-06
4634,2016-05-16 10:45:00,2016-05-16,0.4956,0.0,0.0,1056.0,0.4956,0.4956,0.4956,10000470,2016-06-22,2016-06-22,P,2.55,2015-11-06
4635,2016-05-16 10:46:00,2016-05-16,0.4956,0.0,0.0,1056.0,0.4956,0.4956,0.4956,10000470,2016-06-22,2016-06-22,P,2.55,2015-11-06
4636,2016-05-16 10:47:00,2016-05-16,0.4956,0.0,0.0,1056.0,0.4956,0.4956,0.4956,10000470,2016-06-22,2016-06-22,P,2.55,2015-11-06
4637,2016-05-16 10:48:00,2016-05-16,0.4956,0.0,0.0,1056.0,0.4956,0.4956,0.4956,10000470,2016-06-22,2016-06-22,P,2.55,2015-11-06
4638,2016-05-16 10:49:00,2016-05-16,0.4956,0.0,0.0,1056.0,0.4956,0.4956,0.4956,10000470,2016-06-22,2016-06-22,P,2.55,2015-11-06
4639,2016-05-16 10:50:00,2016-05-16,0.4956,0.0,0.0,1056.0,0.4956,0.4956,0.4956,10000470,2016-06-22,2016-06-22,P,2.55,2015-11-06
4640,2016-05-16 10:51:00,2016-05-16,0.4956,0.0,0.0,1056.0,0.4956,0.4956,0.4956,10000470,2016-06-22,2016-06-22,P,2.55,2015-11-06
4641,2016-05-16 10:52:00,2016-05-16,0.4956,0.0,0.0,1056.0,0.4956,0.4956,0.4956,10000470,2016-06-22,2016-06-22,P,2.55,2015-11-06
4642,2016-05-16 10:53:00,2016-05-16,0.4956,0.0,0.0,1056.0,0.4956,0.4956,0.4956,10000470,2016-06-22,2016-06-22,P,2.55,2015-11-06
4643,2016-05-16 10:54:00,2016-05-16,0.4956,0.0,0.0,1056.0,0.4956,0.4956,0.4956,10000470,2016-06-22,2016-06-22,P,2.55,2015-11-06
4644,2016-05-16 10:55:00,2016-05-16,0.4956,0.0,0.0,1056.0,0.4956,0.4956,0.4956,10000470,2016-06-22,2016-06-22,P,2.55,2015-11-06
4645,2016-05-16 10:56:00,2016-05-16,0.4956,0.0,0.0,1056.0,0.4956,0.4956,0.4956,10000470,2016-06-22,2016-06-22,P,2.55,2015-11-06
4646,2016-05-16 10:57:00,2016-05-16,0.4956,0.0,0.0,1056.0,0.4956,0.4956,0.4956,10000470,2016-06-22,2016-06-22,P,2.55,2015-11-06
4647,2016-05-16 10:58:00,2016-05-16,0.4956,0.0,0.0,1056.0,0.4956,0.4956,0.4956,10000470,2016-06-22,2016-06-22,P,2.55,2015-11-06
4648,2016-05-16 10:59:00,2016-05-16,0.4956,0.0,0.0,1056.0,0.4956,0.4956,0.4956,10000470,2016-06-22,2016-06-22,P,2.55,2015-11-06
4649,2016-05-16 11:00:00,2016-05-16,0.4956,0.0,0.0,1056.0,0.4956,0.4956,0.4956,10000470,2016-06-22,2016-06-22,P,2.55,2015-11-06
4650,2016-05-16 11:01:00,2016-05-16,0.4956,0.0,0.0,1056.0,0.4956,0.4956,0.4956,10000470,2016-06-22,2016-06-22,P,2.55,2015-11-06
4651,2016-05-16 11:02:00,2016-05-16,0.4956,0.0,0.0,1056.0,0.4956,0.4956,0.4956,10000470,2016-06-22,2016-06-22,P,2.55,2015-11-06
4652,2016-05-16 11:03:00,2016-05-16,0.4956,0.0,0.0,1056.0,0.4956,0.4956,0.4956,10000470,2016-06-22,2016-06-22,P,2.55,2015-11-06
4653,2016-05-16 11:04:00,2016-05-16,0.4956,0.0,0.0,1056.0,0.4956,0.4956,0.4956,10000470,2016-06-22,2016-06-22,P,2.55,2015-11-06
4654,2016-05-16 11:05:00,2016-05-16,0.4956,0.0,0.0,1056.0,0.4956,0.4956,0.4956,10000470,2016-06-22,2016-06-22,P,2.55,2015-11-06
4655,2016-05-16 11:06:00,2016-05-16,0.4956,0.0,0.0,1056.0,0.4956,0.4956,0.4956,10000470,2016-06-22,2016-06-22,P,2.55,2015-11-06
4656,2016-05-16 11:07:00,2016-05-16,0.4956,0.0,0.0,1056.0,0.4956,0.4956,0.4956,10000470,2016-06-22,2016-06-22,P,2.55,2015-11-06
4657,2016-05-16 11:08:00,2016-05-16,0.4956,0.0,0.0,1056.0,0.4956,0.4956,0.4956,10000470,2016-06-22,2016-06-22,P,2.55,2015-11-06
4658,2016-05-16 11:09:00,2016-05-16,0.4956,0.0,0.0,1056.0,0.4956,0.4956,0.4956,10000470,2016-06-22,2016-06-22,P,2.55,2015-11-06
4659,2016-05-16 11:10:00,2016-05-16,0.4956,0.0,0.0,1056.0,0.4956,0.4956,0.4956,10000470,2016-06-22,2016-06-22,P,2.55,2015-11-06
4660,2016-05-16 11:11:00,2016-05-16,0.4956,0.0,0.0,1056.0,0.4956,0.4956,0.4956,10000470,2016-06-22,2016-06-22,P,2.55,2015-11-06
4661,2016-05-16 11:12:00,2016-05-16,0.4956,4882.0,1.0,1056.0,0.4956,0.4882,0.4882,10000470,2016-06-22,2016-06-22,P,2.55,2015-11-06
4662,2016-05-16 11:13:00,2016-05-16,0.4882,0.0,0.0,1056.0,0.4882,0.4882,0.4882,10000470,2016-06-22,2016-06-22,P,2.55,2015-11-06
4663,2016-05-16 11:14:00,2016-05-16,0.4882,0.0,0.0,1056.0,0.4882,0.4882,0.4882,10000470,2016-06-22,2016-06-22,P,2.55,2015-11-06
4664,2016-05-16 11:15:00,2016-05-16,0.4882,0.0,0.0,1056.0,0.4882,0.4882,0.4882,10000470,2016-06-22,2016-06-22,P,2.55,2015-11-06
4665,2016-05-16 11:16:00,2016-05-16,0.4882,0.0,0.0,1056.0,0.4882,0.4882,0.4882,10000470,2016-06-22,2016-06-22,P,2.55,2015-11-06
4666,2016-05-16 11:17:00,2016-05-16,0.4882,0.0,0.0,1056.0,0.4882,0.4882,0.4882,10000470,2016-06-22,2016-06-22,P,2.55,2015-11-06
4667,2016-05-16 11:18:00,2016-05-16,0.4882,0.0,0.0,1056.0,0.4882,0.4882,0.4882,10000470,2016-06-22,2016-06-22,P,2.55,2015-11-06
4668,2016-05-16 11:19:00,2016-05-16,0.4882,0.0,0.0,1056.0,0.4882,0.4882,0.4882,10000470,2016-06-22,2016-06-22,P,2.55,2015-11-06
4669,2016-05-16 11:20:00,2016-05-16,0.4882,0.0,0.0,1056.0,0.4882,0.4882,0.4882,10000470,2016-06-22,2016-06-22,P,2.55,2015-11-06
4670,2016-05-16 11:21:00,2016-05-16,0.4882,0.0,0.0,1056.0,0.4882,0.4882,0.4882,10000470,2016-06-22,2016-06-22,P,2.55,2015-11-06
4671,2016-05-16 11:22:00,2016-05-16,0.4882,0.0,0.0,1056.0,0.4882,0.4882,0.4882,10000470,2016-06-22,2016-06-22,P,2.55,2015-11-06
4672,2016-05-16 11:23:00,2016-05-16,0.4882,0.0,0.0,1056.0,0.4882,0.4882,0.4882,10000470,2016-06-22,2016-06-22,P,2.55,2015-11-06
4673,2016-05-16 11:24:00,2016-05-16,0.4882,0.0,0.0,1056.0,0.4882,0.4882,0.4882,10000470,2016-06-22,2016-06-22,P,2.55,2015-11-06
4674,2016-05-16 11:25:00,2016-05-16,0.4882,0.0,0.0,1056.0,0.4882,0.4882,0.4882,10000470,2016-06-22,2016-06-22,P,2.55,2015-11-06
4675,2016-05-16 11:26:00,2016-05-16,0.4882,0.0,0.0,1056.0,0.4882,0.4882,0.4882,10000470,2016-06-22,2016-06-22,P,2.55,2015-11-06
4676,2016-05-16 11:27:00,2016-05-16,0.4882,0.0,0.0,1056.0,0.4882,0.4882,0.4882,10000470,2016-06-22,2016-06-22,P,2.55,2015-11-06
4677,2016-05-16 11:28:00,2016-05-16,0.4882,0.0,0.0,1056.0,0.4882,0.4882,0.4882,10000470,2016-06-22,2016-06-22,P,2.55,2015-11-06
4678,2016-05-16 11:29:00,2016-05-16,0.4882,0.0,0.0,1056.0,0.4882,0.4882,0.4882,10000470,2016-06-22,2016-06-22,P,2.55,2015-11-06
4679,2016-05-16 11:30:00,2016-05-16,0.4882,0.0,0.0,1056.0,0.4882,0.4882,0.4882,10000470,2016-06-22,2016-06-22,P,2.55,2015-11-06
4680,2016-05-16 13:01:00,2016-05-16,0.4882,0.0,0.0,1056.0,0.4882,0.4882,0.4882,10000470,2016-06-22,2016-06-22,P,2.55,2015-11-06
4681,2016-05-16 13:02:00,2016-05-16,0.4882,0.0,0.0,1056.0,0.4882,0.4882,0.4882,10000470,2016-06-22,2016-06-22,P,2.55,2015-11-06
4682,2016-05-16 13:03:00,2016-05-16,0.4882,0.0,0.0,1056.0,0.4882,0.4882,0.4882,10000470,2016-06-22,2016-06-22,P,2.55,2015-11-06
4683,2016-05-16 13:04:00,2016-05-16,0.4882,0.0,0.0,1056.0,0.4882,0.4882,0.4882,10000470,2016-06-22,2016-06-22,P,2.55,2015-11-06
4684,2016-05-16 13:05:00,2016-05-16,0.4882,0.0,0.0,1056.0,0.4882,0.4882,0.4882,10000470,2016-06-22,2016-06-22,P,2.55,2015-11-06
4685,2016-05-16 13:06:00,2016-05-16,0.4882,0.0,0.0,1056.0,0.4882,0.4882,0.4882,10000470,2016-06-22,2016-06-22,P,2.55,2015-11-06
4686,2016-05-16 13:07:00,2016-05-16,0.4882,0.0,0.0,1056.0,0.4882,0.4882,0.4882,10000470,2016-06-22,2016-06-22,P,2.55,2015-11-06
4687,2016-05-16 13:08:00,2016-05-16,0.4882,0.0,0.0,1056.0,0.4882,0.4882,0.4882,10000470,2016-06-22,2016-06-22,P,2.55,2015-11-06
4688,2016-05-16 13:09:00,2016-05-16,0.4882,0.0,0.0,1056.0,0.4882,0.4882,0.4882,10000470,2016-06-22,2016-06-22,P,2.55,2015-11-06
4689,2016-05-16 13:10:00,2016-05-16,0.4882,0.0,0.0,1056.0,0.4882,0.4882,0.4882,10000470,2016-06-22,2016-06-22,P,2.55,2015-11-06
4690,2016-05-16 13:11:00,2016-05-16,0.4882,0.0,0.0,1056.0,0.4882,0.4882,0.4882,10000470,2016-06-22,2016-06-22,P,2.55,2015-11-06
4691,2016-05-16 13:12:00,2016-05-16,0.4882,0.0,0.0,1056.0,0.4882,0.4882,0.4882,10000470,2016-06-22,2016-06-22,P,2.55,2015-11-06
4692,2016-05-16 13:13:00,2016-05-16,0.4882,0.0,0.0,1056.0,0.4882,0.4882,0.4882,10000470,2016-06-22,2016-06-22,P,2.55,2015-11-06
4693,2016-05-16 13:14:00,2016-05-16,0.4882,0.0,0.0,1056.0,0.4882,0.4882,0.4882,10000470,2016-06-22,2016-06-22,P,2.55,2015-11-06
4694,2016-05-16 13:15:00,2016-05-16,0.4882,0.0,0.0,1056.0,0.4882,0.4882,0.4882,10000470,2016-06-22,2016-06-22,P,2.55,2015-11-06
4695,2016-05-16 13:16:00,2016-05-16,0.4882,0.0,0.0,1056.0,0.4882,0.4882,0.4882,10000470,2016-06-22,2016-06-22,P,2.55,2015-11-06
4696,2016-05-16 13:17:00,2016-05-16,0.4882,0.0,0.0,1056.0,0.4882,0.4882,0.4882,10000470,2016-06-22,2016-06-22,P,2.55,2015-11-06
4697,2016-05-16 13:18:00,2016-05-16,0.4882,0.0,0.0,1056.0,0.4882,0.4882,0.4882,10000470,2016-06-22,2016-06-22,P,2.55,2015-11-06
4698,2016-05-16 13:19:00,2016-05-16,0.4882,0.0,0.0,1056.0,0.4882,0.4882,0.4882,10000470,2016-06-22,2016-06-22,P,2.55,2015-11-06
4699,2016-05-16 13:20:00,2016-05-16,0.49,4900.0,1.0,1056.0,0.4882,0.49,0.4882,10000470,2016-06-22,2016-06-22,P,2.55,2015-11-06
4700,2016-05-16 13:21:00,2016-05-16,0.49,0.0,0.0,1056.0,0.49,0.49,0.49,10000470,2016-06-22,2016-06-22,P,2.55,2015-11-06
4701,2016-05-16 13:22:00,2016-05-16,0.49,0.0,0.0,1056.0,0.49,0.49,0.49,10000470,2016-06-22,2016-06-22,P,2.55,2015-11-06
4702,2016-05-16 13:23:00,2016-05-16,0.49,0.0,0.0,1056.0,0.49,0.49,0.49,10000470,2016-06-22,2016-06-22,P,2.55,2015-11-06
4703,2016-05-16 13:24:00,2016-05-16,0.49,0.0,0.0,1056.0,0.49,0.49,0.49,10000470,2016-06-22,2016-06-22,P,2.55,2015-11-06
4704,2016-05-16 13:25:00,2016-05-16,0.49,0.0,0.0,1056.0,0.49,0.49,0.49,10000470,2016-06-22,2016-06-22,P,2.55,2015-11-06
4705,2016-05-16 13:26:00,2016-05-16,0.4911,49110.0,10.0,1056.0,0.49,0.4911,0.49,10000470,2016-06-22,2016-06-22,P,2.55,2015-11-06
4706,2016-05-16 13:27:00,2016-05-16,0.4911,0.0,0.0,1056.0,0.4911,0.4911,0.4911,10000470,2016-06-22,2016-06-22,P,2.55,2015-11-06
4707,2016-05-16 13:28:00,2016-05-16,0.4911,0.0,0.0,1056.0,0.4911,0.4911,0.4911,10000470,2016-06-22,2016-06-22,P,2.55,2015-11-06
4708,2016-05-16 13:29:00,2016-05-16,0.4911,0.0,0.0,1056.0,0.4911,0.4911,0.4911,10000470,2016-06-22,2016-06-22,P,2.55,2015-11-06
4709,2016-05-16 13:30:00,2016-05-16,0.4911,0.0,0.0,1056.0,0.4911,0.4911,0.4911,10000470,2016-06-22,2016-06-22,P,2.55,2015-11-06
4710,2016-05-16 13:31:00,2016-05-16,0.4911,0.0,0.0,1056.0,0.4911,0.4911,0.4911,10000470,2016-06-22,2016-06-22,P,2.55,2015-11-06
4711,2016-05-16 13:32:00,2016-05-16,0.4911,0.0,0.0,1056.0,0.4911,0.4911,0.4911,10000470,2016-06-22,2016-06-22,P,2.55,2015-11-06
4712,2016-05-16 13:33:00,2016-05-16,0.4911,0.0,0.0,1056.0,0.4911,0.4911,0.4911,10000470,2016-06-22,2016-06-22,P,2.55,2015-11-06
4713,2016-05-16 13:34:00,2016-05-16,0.4911,0.0,0.0,1056.0,0.4911,0.4911,0.4911,10000470,2016-06-22,2016-06-22,P,2.55,2015-11-06
4714,2016-05-16 13:35:00,2016-05-16,0.4911,0.0,0.0,1056.0,0.4911,0.4911,0.4911,10000470,2016-06-22,2016-06-22,P,2.55,2015-11-06
4715,2016-05-16 13:36:00,2016-05-16,0.4911,0.0,0.0,1056.0,0.4911,0.4911,0.4911,10000470,2016-06-22,2016-06-22,P,2.55,2015-11-06
4716,2016-05-16 13:37:00,2016-05-16,0.4911,0.0,0.0,1056.0,0.4911,0.4911,0.4911,10000470,2016-06-22,2016-06-22,P,2.55,2015-11-06
4717,2016-05-16 13:38:00,2016-05-16,0.4911,0.0,0.0,1056.0,0.4911,0.4911,0.4911,10000470,2016-06-22,2016-06-22,P,2.55,2015-11-06
4718,2016-05-16 13:39:00,2016-05-16,0.4911,0.0,0.0,1056.0,0.4911,0.4911,0.4911,10000470,2016-06-22,2016-06-22,P,2.55,2015-11-06
4719,2016-05-16 13:40:00,2016-05-16,0.4911,0.0,0.0,1056.0,0.4911,0.4911,0.4911,10000470,2016-06-22,2016-06-22,P,2.55,2015-11-06
4720,2016-05-16 13:41:00,2016-05-16,0.4911,0.0,0.0,1056.0,0.4911,0.4911,0.4911,10000470,2016-06-22,2016-06-22,P,2.55,2015-11-06
4721,2016-05-16 13:42:00,2016-05-16,0.4911,0.0,0.0,1056.0,0.4911,0.4911,0.4911,10000470,2016-06-22,2016-06-22,P,2.55,2015-11-06
4722,2016-05-16 13:43:00,2016-05-16,0.4911,0.0,0.0,1056.0,0.4911,0.4911,0.4911,10000470,2016-06-22,2016-06-22,P,2.55,2015-11-06
4723,2016-05-16 13:44:00,2016-05-16,0.4911,0.0,0.0,1056.0,0.4911,0.4911,0.4911,10000470,2016-06-22,2016-06-22,P,2.55,2015-11-06
4724,2016-05-16 13:45:00,2016-05-16,0.4911,0.0,0.0,1056.0,0.4911,0.4911,0.4911,10000470,2016-06-22,2016-06-22,P,2.55,2015-11-06
4725,2016-05-16 13:46:00,2016-05-16,0.4911,0.0,0.0,1056.0,0.4911,0.4911,0.4911,10000470,2016-06-22,2016-06-22,P,2.55,2015-11-06
4726,2016-05-16 13:47:00,2016-05-16,0.4911,0.0,0.0,1056.0,0.4911,0.4911,0.4911,10000470,2016-06-22,2016-06-22,P,2.55,2015-11-06
4727,2016-05-16 13:48:00,2016-05-16,0.4911,0.0,0.0,1056.0,0.4911,0.4911,0.4911,10000470,2016-06-22,2016-06-22,P,2.55,2015-11-06
4728,2016-05-16 13:49:00,2016-05-16,0.4911,0.0,0.0,1056.0,0.4911,0.4911,0.4911,10000470,2016-06-22,2016-06-22,P,2.55,2015-11-06
4729,2016-05-16 13:50:00,2016-05-16,0.4911,0.0,0.0,1056.0,0.4911,0.4911,0.4911,10000470,2016-06-22,2016-06-22,P,2.55,2015-11-06
4730,2016-05-16 13:51:00,2016-05-16,0.4911,0.0,0.0,1056.0,0.4911,0.4911,0.4911,10000470,2016-06-22,2016-06-22,P,2.55,2015-11-06
4731,2016-05-16 13:52:00,2016-05-16,0.4911,0.0,0.0,1056.0,0.4911,0.4911,0.4911,10000470,2016-06-22,2016-06-22,P,2.55,2015-11-06
4732,2016-05-16 13:53:00,2016-05-16,0.4911,0.0,0.0,1056.0,0.4911,0.4911,0.4911,10000470,2016-06-22,2016-06-22,P,2.55,2015-11-06
4733,2016-05-16 13:54:00,2016-05-16,0.4911,0.0,0.0,1056.0,0.4911,0.4911,0.4911,10000470,2016-06-22,2016-06-22,P,2.55,2015-11-06
4734,2016-05-16 13:55:00,2016-05-16,0.4911,0.0,0.0,1056.0,0.4911,0.4911,0.4911,10000470,2016-06-22,2016-06-22,P,2.55,2015-11-06
4735,2016-05-16 13:56:00,2016-05-16,0.4911,0.0,0.0,1056.0,0.4911,0.4911,0.4911,10000470,2016-06-22,2016-06-22,P,2.55,2015-11-06
4736,2016-05-16 13:57:00,2016-05-16,0.4911,0.0,0.0,1056.0,0.4911,0.4911,0.4911,10000470,2016-06-22,2016-06-22,P,2.55,2015-11-06
4737,2016-05-16 13:58:00,2016-05-16,0.4911,0.0,0.0,1056.0,0.4911,0.4911,0.4911,10000470,2016-06-22,2016-06-22,P,2.55,2015-11-06
4738,2016-05-16 13:59:00,2016-05-16,0.4911,0.0,0.0,1056.0,0.4911,0.4911,0.4911,10000470,2016-06-22,2016-06-22,P,2.55,2015-11-06
4739,2016-05-16 14:00:00,2016-05-16,0.4911,0.0,0.0,1056.0,0.4911,0.4911,0.4911,10000470,2016-06-22,2016-06-22,P,2.55,2015-11-06
4740,2016-05-16 14:01:00,2016-05-16,0.4911,0.0,0.0,1056.0,0.4911,0.4911,0.4911,10000470,2016-06-22,2016-06-22,P,2.55,2015-11-06
4741,2016-05-16 14:02:00,2016-05-16,0.4911,0.0,0.0,1056.0,0.4911,0.4911,0.4911,10000470,2016-06-22,2016-06-22,P,2.55,2015-11-06
4742,2016-05-16 14:03:00,2016-05-16,0.4911,0.0,0.0,1056.0,0.4911,0.4911,0.4911,10000470,2016-06-22,2016-06-22,P,2.55,2015-11-06
4743,2016-05-16 14:04:00,2016-05-16,0.4911,0.0,0.0,1056.0,0.4911,0.4911,0.4911,10000470,2016-06-22,2016-06-22,P,2.55,2015-11-06
4744,2016-05-16 14:05:00,2016-05-16,0.4911,0.0,0.0,1056.0,0.4911,0.4911,0.4911,10000470,2016-06-22,2016-06-22,P,2.55,2015-11-06
4745,2016-05-16 14:06:00,2016-05-16,0.4911,0.0,0.0,1056.0,0.4911,0.4911,0.4911,10000470,2016-06-22,2016-06-22,P,2.55,2015-11-06
4746,2016-05-16 14:07:00,2016-05-16,0.4911,49020.0,10.0,1066.0,0.4911,0.4902,0.4902,10000470,2016-06-22,2016-06-22,P,2.55,2015-11-06
4747,2016-05-16 14:08:00,2016-05-16,0.4902,0.0,0.0,1066.0,0.4902,0.4902,0.4902,10000470,2016-06-22,2016-06-22,P,2.55,2015-11-06
4748,2016-05-16 14:09:00,2016-05-16,0.4902,0.0,0.0,1066.0,0.4902,0.4902,0.4902,10000470,2016-06-22,2016-06-22,P,2.55,2015-11-06
4749,2016-05-16 14:10:00,2016-05-16,0.4902,0.0,0.0,1066.0,0.4902,0.4902,0.4902,10000470,2016-06-22,2016-06-22,P,2.55,2015-11-06
4750,2016-05-16 14:11:00,2016-05-16,0.4902,0.0,0.0,1066.0,0.4902,0.4902,0.4902,10000470,2016-06-22,2016-06-22,P,2.55,2015-11-06
4751,2016-05-16 14:12:00,2016-05-16,0.4902,0.0,0.0,1066.0,0.4902,0.4902,0.4902,10000470,2016-06-22,2016-06-22,P,2.55,2015-11-06
4752,2016-05-16 14:13:00,2016-05-16,0.4902,0.0,0.0,1066.0,0.4902,0.4902,0.4902,10000470,2016-06-22,2016-06-22,P,2.55,2015-11-06
4753,2016-05-16 14:14:00,2016-05-16,0.4902,0.0,0.0,1066.0,0.4902,0.4902,0.4902,10000470,2016-06-22,2016-06-22,P,2.55,2015-11-06
4754,2016-05-16 14:15:00,2016-05-16,0.4905,73555.0,15.0,1081.0,0.4902,0.4905,0.4902,10000470,2016-06-22,2016-06-22,P,2.55,2015-11-06
4755,2016-05-16 14:16:00,2016-05-16,0.4932,73845.0,15.0,1096.0,0.4905,0.4932,0.4905,10000470,2016-06-22,2016-06-22,P,2.55,2015-11-06
4756,2016-05-16 14:17:00,2016-05-16,0.4932,9864.0,2.0,1098.0,0.4932,0.4932,0.4932,10000470,2016-06-22,2016-06-22,P,2.55,2015-11-06
4757,2016-05-16 14:18:00,2016-05-16,0.4932,0.0,0.0,1098.0,0.4932,0.4932,0.4932,10000470,2016-06-22,2016-06-22,P,2.55,2015-11-06
4758,2016-05-16 14:19:00,2016-05-16,0.4932,0.0,0.0,1098.0,0.4932,0.4932,0.4932,10000470,2016-06-22,2016-06-22,P,2.55,2015-11-06
4759,2016-05-16 14:20:00,2016-05-16,0.4932,0.0,0.0,1098.0,0.4932,0.4932,0.4932,10000470,2016-06-22,2016-06-22,P,2.55,2015-11-06
4760,2016-05-16 14:21:00,2016-05-16,0.4932,0.0,0.0,1098.0,0.4932,0.4932,0.4932,10000470,2016-06-22,2016-06-22,P,2.55,2015-11-06
4761,2016-05-16 14:22:00,2016-05-16,0.4932,0.0,0.0,1098.0,0.4932,0.4932,0.4932,10000470,2016-06-22,2016-06-22,P,2.55,2015-11-06
4762,2016-05-16 14:23:00,2016-05-16,0.4932,0.0,0.0,1098.0,0.4932,0.4932,0.4932,10000470,2016-06-22,2016-06-22,P,2.55,2015-11-06
4763,2016-05-16 14:24:00,2016-05-16,0.4932,0.0,0.0,1098.0,0.4932,0.4932,0.4932,10000470,2016-06-22,2016-06-22,P,2.55,2015-11-06
4764,2016-05-16 14:25:00,2016-05-16,0.4932,0.0,0.0,1098.0,0.4932,0.4932,0.4932,10000470,2016-06-22,2016-06-22,P,2.55,2015-11-06
4765,2016-05-16 14:26:00,2016-05-16,0.4932,0.0,0.0,1098.0,0.4932,0.4932,0.4932,10000470,2016-06-22,2016-06-22,P,2.55,2015-11-06
4766,2016-05-16 14:27:00,2016-05-16,0.4932,0.0,0.0,1098.0,0.4932,0.4932,0.4932,10000470,2016-06-22,2016-06-22,P,2.55,2015-11-06
4767,2016-05-16 14:28:00,2016-05-16,0.4932,0.0,0.0,1098.0,0.4932,0.4932,0.4932,10000470,2016-06-22,2016-06-22,P,2.55,2015-11-06
4768,2016-05-16 14:29:00,2016-05-16,0.4932,0.0,0.0,1098.0,0.4932,0.4932,0.4932,10000470,2016-06-22,2016-06-22,P,2.55,2015-11-06
4769,2016-05-16 14:30:00,2016-05-16,0.4932,0.0,0.0,1098.0,0.4932,0.4932,0.4932,10000470,2016-06-22,2016-06-22,P,2.55,2015-11-06
4770,2016-05-16 14:31:00,2016-05-16,0.4932,0.0,0.0,1098.0,0.4932,0.4932,0.4932,10000470,2016-06-22,2016-06-22,P,2.55,2015-11-06
4771,2016-05-16 14:32:00,2016-05-16,0.4932,0.0,0.0,1098.0,0.4932,0.4932,0.4932,10000470,2016-06-22,2016-06-22,P,2.55,2015-11-06
4772,2016-05-16 14:33:00,2016-05-16,0.4932,0.0,0.0,1098.0,0.4932,0.4932,0.4932,10000470,2016-06-22,2016-06-22,P,2.55,2015-11-06
4773,2016-05-16 14:34:00,2016-05-16,0.4932,0.0,0.0,1098.0,0.4932,0.4932,0.4932,10000470,2016-06-22,2016-06-22,P,2.55,2015-11-06
4774,2016-05-16 14:35:00,2016-05-16,0.4932,0.0,0.0,1098.0,0.4932,0.4932,0.4932,10000470,2016-06-22,2016-06-22,P,2.55,2015-11-06
4775,2016-05-16 14:36:00,2016-05-16,0.4932,0.0,0.0,1098.0,0.4932,0.4932,0.4932,10000470,2016-06-22,2016-06-22,P,2.55,2015-11-06
4776,2016-05-16 14:37:00,2016-05-16,0.4932,4842.0,1.0,1097.0,0.4932,0.4842,0.4842,10000470,2016-06-22,2016-06-22,P,2.55,2015-11-06
4777,2016-05-16 14:38:00,2016-05-16,0.4842,0.0,0.0,1097.0,0.4842,0.4842,0.4842,10000470,2016-06-22,2016-06-22,P,2.55,2015-11-06
4778,2016-05-16 14:39:00,2016-05-16,0.4842,0.0,0.0,1097.0,0.4842,0.4842,0.4842,10000470,2016-06-22,2016-06-22,P,2.55,2015-11-06
4779,2016-05-16 14:40:00,2016-05-16,0.4842,0.0,0.0,1097.0,0.4842,0.4842,0.4842,10000470,2016-06-22,2016-06-22,P,2.55,2015-11-06
4780,2016-05-16 14:41:00,2016-05-16,0.4842,0.0,0.0,1097.0,0.4842,0.4842,0.4842,10000470,2016-06-22,2016-06-22,P,2.55,2015-11-06
4781,2016-05-16 14:42:00,2016-05-16,0.4842,0.0,0.0,1097.0,0.4842,0.4842,0.4842,10000470,2016-06-22,2016-06-22,P,2.55,2015-11-06
4782,2016-05-16 14:43:00,2016-05-16,0.4842,0.0,0.0,1097.0,0.4842,0.4842,0.4842,10000470,2016-06-22,2016-06-22,P,2.55,2015-11-06
4783,2016-05-16 14:44:00,2016-05-16,0.4842,0.0,0.0,1097.0,0.4842,0.4842,0.4842,10000470,2016-06-22,2016-06-22,P,2.55,2015-11-06
4784,2016-05-16 14:45:00,2016-05-16,0.4842,0.0,0.0,1097.0,0.4842,0.4842,0.4842,10000470,2016-06-22,2016-06-22,P,2.55,2015-11-06
4785,2016-05-16 14:46:00,2016-05-16,0.4842,0.0,0.0,1097.0,0.4842,0.4842,0.4842,10000470,2016-06-22,2016-06-22,P,2.55,2015-11-06
4786,2016-05-16 14:47:00,2016-05-16,0.4842,0.0,0.0,1097.0,0.4842,0.4842,0.4842,10000470,2016-06-22,2016-06-22,P,2.55,2015-11-06
4787,2016-05-16 14:48:00,2016-05-16,0.4842,0.0,0.0,1097.0,0.4842,0.4842,0.4842,10000470,2016-06-22,2016-06-22,P,2.55,2015-11-06
4788,2016-05-16 14:49:00,2016-05-16,0.4842,0.0,0.0,1097.0,0.4842,0.4842,0.4842,10000470,2016-06-22,2016-06-22,P,2.55,2015-11-06
4789,2016-05-16 14:50:00,2016-05-16,0.4842,0.0,0.0,1097.0,0.4842,0.4842,0.4842,10000470,2016-06-22,2016-06-22,P,2.55,2015-11-06
4790,2016-05-16 14:51:00,2016-05-16,0.4842,0.0,0.0,1097.0,0.4842,0.4842,0.4842,10000470,2016-06-22,2016-06-22,P,2.55,2015-11-06
4791,2016-05-16 14:52:00,2016-05-16,0.4842,0.0,0.0,1097.0,0.4842,0.4842,0.4842,10000470,2016-06-22,2016-06-22,P,2.55,2015-11-06
4792,2016-05-16 14:53:00,2016-05-16,0.4842,0.0,0.0,1097.0,0.4842,0.4842,0.4842,10000470,2016-06-22,2016-06-22,P,2.55,2015-11-06
4793,2016-05-16 14:54:00,2016-05-16,0.4842,0.0,0.0,1097.0,0.4842,0.4842,0.4842,10000470,2016-06-22,2016-06-22,P,2.55,2015-11-06
4794,2016-05-16 14:55:00,2016-05-16,0.4842,0.0,0.0,1097.0,0.4842,0.4842,0.4842,10000470,2016-06-22,2016-06-22,P,2.55,2015-11-06
4795,2016-05-16 14:56:00,2016-05-16,0.4842,0.0,0.0,1097.0,0.4842,0.4842,0.4842,10000470,2016-06-22,2016-06-22,P,2.55,2015-11-06
4796,2016-05-16 14:57:00,2016-05-16,0.4842,0.0,0.0,1097.0,0.4842,0.4842,0.4842,10000470,2016-06-22,2016-06-22,P,2.55,2015-11-06
4797,2016-05-16 14:58:00,2016-05-16,0.4842,0.0,0.0,1097.0,0.4842,0.4842,0.4842,10000470,2016-06-22,2016-06-22,P,2.55,2015-11-06
4798,2016-05-16 14:59:00,2016-05-16,0.4842,0.0,0.0,1097.0,0.4842,0.4842,0.4842,10000470,2016-06-22,2016-06-22,P,2.55,2015-11-06
4799,2016-05-16 15:00:00,2016-05-16,0.4842,0.0,0.0,1097.0,0.4842,0.4842,0.4842,10000470,2016-06-22,2016-06-22,P,2.55,2015-11-06
4800,2016-05-16 09:31:00,2016-05-16,0.0531,19790.0,38.0,9099.0,0.0531,0.053,0.05,10000529,2016-06-22,2016-06-22,C,2.05,2016-01-12
4801,2016-05-16 09:32:00,2016-05-16,0.053,5760.0,11.0,9090.0,0.053,0.053,0.0523,10000529,2016-06-22,2016-06-22,C,2.05,2016-01-12
4802,2016-05-16 09:33:00,2016-05-16,0.053,8365.0,16.0,9103.0,0.053,0.0512,0.0511,10000529,2016-06-22,2016-06-22,C,2.05,2016-01-12
4803,2016-05-16 09:34:00,2016-05-16,0.0524,16984.0,33.0,9100.0,0.0512,0.0513,0.0512,10000529,2016-06-22,2016-06-22,C,2.05,2016-01-12
4804,2016-05-16 09:35:00,2016-05-16,0.0521,30400.0,59.0,9087.0,0.0513,0.0521,0.0513,10000529,2016-06-22,2016-06-22,C,2.05,2016-01-12
4805,2016-05-16 09:36:00,2016-05-16,0.0538,33433.0,63.0,9061.0,0.0524,0.052000000000000005,0.052000000000000005,10000529,2016-06-22,2016-06-22,C,2.05,2016-01-12
4806,2016-05-16 09:37:00,2016-05-16,0.0527,1050.0,2.0,9062.0,0.052000000000000005,0.0527,0.052000000000000005,10000529,2016-06-22,2016-06-22,C,2.05,2016-01-12
4807,2016-05-16 09:38:00,2016-05-16,0.0539,5831.0,11.0,9071.0,0.0539,0.053,0.0527,10000529,2016-06-22,2016-06-22,C,2.05,2016-01-12
4808,2016-05-16 09:39:00,2016-05-16,0.053,30918.0,59.0,9090.0,0.053,0.0523,0.0522,10000529,2016-06-22,2016-06-22,C,2.05,2016-01-12
4809,2016-05-16 09:40:00,2016-05-16,0.0528,8884.0,17.0,9092.0,0.0522,0.0522,0.0521,10000529,2016-06-22,2016-06-22,C,2.05,2016-01-12
4810,2016-05-16 09:41:00,2016-05-16,0.0522,20555.0,40.0,9114.0,0.0522,0.0511,0.0511,10000529,2016-06-22,2016-06-22,C,2.05,2016-01-12
4811,2016-05-16 09:42:00,2016-05-16,0.0518,48529.0,95.0,9096.0,0.0511,0.0506,0.0506,10000529,2016-06-22,2016-06-22,C,2.05,2016-01-12
4812,2016-05-16 09:43:00,2016-05-16,0.0526,4102.0,8.0,9097.0,0.0506,0.0508,0.0505,10000529,2016-06-22,2016-06-22,C,2.05,2016-01-12
4813,2016-05-16 09:44:00,2016-05-16,0.0508,9640.0,19.0,9102.0,0.0508,0.0507,0.0507,10000529,2016-06-22,2016-06-22,C,2.05,2016-01-12
4814,2016-05-16 09:45:00,2016-05-16,0.0513,13171.0,26.0,9097.0,0.0507,0.0508,0.0506,10000529,2016-06-22,2016-06-22,C,2.05,2016-01-12
4815,2016-05-16 09:46:00,2016-05-16,0.0509,17213.0,34.0,9089.0,0.0508,0.0505,0.0505,10000529,2016-06-22,2016-06-22,C,2.05,2016-01-12
4816,2016-05-16 09:47:00,2016-05-16,0.0505,0.0,0.0,9089.0,0.0505,0.0505,0.0505,10000529,2016-06-22,2016-06-22,C,2.05,2016-01-12
4817,2016-05-16 09:48:00,2016-05-16,0.0508,6042.0,12.0,9092.0,0.0508,0.0502,0.0502,10000529,2016-06-22,2016-06-22,C,2.05,2016-01-12
4818,2016-05-16 09:49:00,2016-05-16,0.0503,2515.0,5.0,9096.0,0.0502,0.0503,0.0502,10000529,2016-06-22,2016-06-22,C,2.05,2016-01-12
4819,2016-05-16 09:50:00,2016-05-16,0.0508,7054.0,14.0,9108.0,0.0503,0.0504,0.0503,10000529,2016-06-22,2016-06-22,C,2.05,2016-01-12
4820,2016-05-16 09:51:00,2016-05-16,0.0508,16221.0,32.0,9098.0,0.0504,0.0508,0.0503,10000529,2016-06-22,2016-06-22,C,2.05,2016-01-12
4821,2016-05-16 09:52:00,2016-05-16,0.0508,38326.0,76.0,9148.0,0.0508,0.05,0.05,10000529,2016-06-22,2016-06-22,C,2.05,2016-01-12
4822,2016-05-16 09:53:00,2016-05-16,0.05,49259.0,102.0,9215.0,0.05,0.0472,0.0472,10000529,2016-06-22,2016-06-22,C,2.05,2016-01-12
4823,2016-05-16 09:54:00,2016-05-16,0.0476,67085.0,142.0,9280.0,0.0472,0.0476,0.0462,10000529,2016-06-22,2016-06-22,C,2.05,2016-01-12
4824,2016-05-16 09:55:00,2016-05-16,0.0478,38878.0,83.0,9300.0,0.0476,0.0468,0.0462,10000529,2016-06-22,2016-06-22,C,2.05,2016-01-12
4825,2016-05-16 09:56:00,2016-05-16,0.0479,33075.0,70.0,9310.0,0.0478,0.0479,0.0463,10000529,2016-06-22,2016-06-22,C,2.05,2016-01-12
4826,2016-05-16 09:57:00,2016-05-16,0.0473,60230.0,129.0,9421.0,0.0473,0.0469,0.0462,10000529,2016-06-22,2016-06-22,C,2.05,2016-01-12
4827,2016-05-16 09:58:00,2016-05-16,0.0475,12682.0,27.0,9438.0,0.0469,0.0467,0.0467,10000529,2016-06-22,2016-06-22,C,2.05,2016-01-12
4828,2016-05-16 09:59:00,2016-05-16,0.0472,6126.0,13.0,9441.0,0.0467,0.0465,0.0465,10000529,2016-06-22,2016-06-22,C,2.05,2016-01-12
4829,2016-05-16 10:00:00,2016-05-16,0.0474,32620.0,70.0,9504.0,0.0474,0.0465,0.0463,10000529,2016-06-22,2016-06-22,C,2.05,2016-01-12
4830,2016-05-16 10:01:00,2016-05-16,0.0465,30163.0,65.0,9564.0,0.0465,0.0457,0.0457,10000529,2016-06-22,2016-06-22,C,2.05,2016-01-12
4831,2016-05-16 10:02:00,2016-05-16,0.0476,55049.0,118.0,9670.0,0.0457,0.0476,0.0457,10000529,2016-06-22,2016-06-22,C,2.05,2016-01-12
4832,2016-05-16 10:03:00,2016-05-16,0.0478,21433.0,45.0,9684.0,0.0476,0.0478,0.0475,10000529,2016-06-22,2016-06-22,C,2.05,2016-01-12
4833,2016-05-16 10:04:00,2016-05-16,0.048,27079.0,57.0,9718.0,0.0478,0.047,0.047,10000529,2016-06-22,2016-06-22,C,2.05,2016-01-12
4834,2016-05-16 10:05:00,2016-05-16,0.0479,9018.0,19.0,9725.0,0.047,0.0468,0.0468,10000529,2016-06-22,2016-06-22,C,2.05,2016-01-12
4835,2016-05-16 10:06:00,2016-05-16,0.0476,952.0,2.0,9725.0,0.0468,0.0476,0.0468,10000529,2016-06-22,2016-06-22,C,2.05,2016-01-12
4836,2016-05-16 10:07:00,2016-05-16,0.0478,9523.0,20.0,9745.0,0.0476,0.0478,0.0469,10000529,2016-06-22,2016-06-22,C,2.05,2016-01-12
4837,2016-05-16 10:08:00,2016-05-16,0.0485,970.0,2.0,9747.0,0.0478,0.0485,0.0478,10000529,2016-06-22,2016-06-22,C,2.05,2016-01-12
4838,2016-05-16 10:09:00,2016-05-16,0.0489,489.0,1.0,9748.0,0.0485,0.0489,0.0485,10000529,2016-06-22,2016-06-22,C,2.05,2016-01-12
4839,2016-05-16 10:10:00,2016-05-16,0.0488,2920.0,6.0,9749.0,0.0488,0.048,0.048,10000529,2016-06-22,2016-06-22,C,2.05,2016-01-12
4840,2016-05-16 10:11:00,2016-05-16,0.0485,4850.0,10.0,9759.0,0.048,0.0485,0.048,10000529,2016-06-22,2016-06-22,C,2.05,2016-01-12
4841,2016-05-16 10:12:00,2016-05-16,0.0489,8718.0,18.0,9777.0,0.0485,0.0481,0.0481,10000529,2016-06-22,2016-06-22,C,2.05,2016-01-12
4842,2016-05-16 10:13:00,2016-05-16,0.049,20467.0,42.0,9793.0,0.0481,0.049,0.0481,10000529,2016-06-22,2016-06-22,C,2.05,2016-01-12
4843,2016-05-16 10:14:00,2016-05-16,0.0494,14326.0,29.0,9813.0,0.049,0.0494,0.049,10000529,2016-06-22,2016-06-22,C,2.05,2016-01-12
4844,2016-05-16 10:15:00,2016-05-16,0.0496,18297.0,37.0,9841.0,0.0494,0.0494,0.0494,10000529,2016-06-22,2016-06-22,C,2.05,2016-01-12
4845,2016-05-16 10:16:00,2016-05-16,0.0494,0.0,0.0,9841.0,0.0494,0.0494,0.0494,10000529,2016-06-22,2016-06-22,C,2.05,2016-01-12
4846,2016-05-16 10:17:00,2016-05-16,0.0494,0.0,0.0,9841.0,0.0494,0.0494,0.0494,10000529,2016-06-22,2016-06-22,C,2.05,2016-01-12
4847,2016-05-16 10:18:00,2016-05-16,0.0498,17392.0,35.0,9863.0,0.0497,0.0498,0.0494,10000529,2016-06-22,2016-06-22,C,2.05,2016-01-12
4848,2016-05-16 10:19:00,2016-05-16,0.0498,12362.0,25.0,9872.0,0.0498,0.0498,0.0492,10000529,2016-06-22,2016-06-22,C,2.05,2016-01-12
4849,2016-05-16 10:20:00,2016-05-16,0.0498,11389.0,23.0,9889.0,0.0493,0.0493,0.0493,10000529,2016-06-22,2016-06-22,C,2.05,2016-01-12
4850,2016-05-16 10:21:00,2016-05-16,0.0493,34398.0,70.0,9913.0,0.0493,0.0489,0.0489,10000529,2016-06-22,2016-06-22,C,2.05,2016-01-12
4851,2016-05-16 10:22:00,2016-05-16,0.0489,0.0,0.0,9913.0,0.0489,0.0489,0.0489,10000529,2016-06-22,2016-06-22,C,2.05,2016-01-12
4852,2016-05-16 10:23:00,2016-05-16,0.0495,14780.0,30.0,9919.0,0.0489,0.049,0.0489,10000529,2016-06-22,2016-06-22,C,2.05,2016-01-12
4853,2016-05-16 10:24:00,2016-05-16,0.0493,22585.0,46.0,9937.0,0.049,0.049,0.0489,10000529,2016-06-22,2016-06-22,C,2.05,2016-01-12
4854,2016-05-16 10:25:00,2016-05-16,0.049,1467.0,3.0,9937.0,0.049,0.0489,0.0489,10000529,2016-06-22,2016-06-22,C,2.05,2016-01-12
4855,2016-05-16 10:26:00,2016-05-16,0.0496,15812.0,32.0,9969.0,0.0489,0.0496,0.0489,10000529,2016-06-22,2016-06-22,C,2.05,2016-01-12
4856,2016-05-16 10:27:00,2016-05-16,0.0497,14895.0,30.0,9999.0,0.0496,0.0496,0.0496,10000529,2016-06-22,2016-06-22,C,2.05,2016-01-12
4857,2016-05-16 10:28:00,2016-05-16,0.0498,20402.0,41.0,10011.0,0.0496,0.0498,0.0496,10000529,2016-06-22,2016-06-22,C,2.05,2016-01-12
4858,2016-05-16 10:29:00,2016-05-16,0.05,3500.0,7.0,10017.0,0.0498,0.05,0.0498,10000529,2016-06-22,2016-06-22,C,2.05,2016-01-12
4859,2016-05-16 10:30:00,2016-05-16,0.0505,5050.0,10.0,10019.0,0.05,0.0505,0.05,10000529,2016-06-22,2016-06-22,C,2.05,2016-01-12
4860,2016-05-16 10:31:00,2016-05-16,0.0505,0.0,0.0,10019.0,0.0505,0.0505,0.0505,10000529,2016-06-22,2016-06-22,C,2.05,2016-01-12
4861,2016-05-16 10:32:00,2016-05-16,0.0505,5050.0,10.0,10029.0,0.0505,0.0505,0.0505,10000529,2016-06-22,2016-06-22,C,2.05,2016-01-12
4862,2016-05-16 10:33:00,2016-05-16,0.0505,0.0,0.0,10029.0,0.0505,0.0505,0.0505,10000529,2016-06-22,2016-06-22,C,2.05,2016-01-12
4863,2016-05-16 10:34:00,2016-05-16,0.0505,0.0,0.0,10029.0,0.0505,0.0505,0.0505,10000529,2016-06-22,2016-06-22,C,2.05,2016-01-12
4864,2016-05-16 10:35:00,2016-05-16,0.0506,6017.0,12.0,10041.0,0.0505,0.0506,0.0501,10000529,2016-06-22,2016-06-22,C,2.05,2016-01-12
4865,2016-05-16 10:36:00,2016-05-16,0.0514,20003.0,39.0,10061.0,0.0506,0.0514,0.0506,10000529,2016-06-22,2016-06-22,C,2.05,2016-01-12
4866,2016-05-16 10:37:00,2016-05-16,0.0514,3036.0,6.0,10065.0,0.0514,0.0506,0.0506,10000529,2016-06-22,2016-06-22,C,2.05,2016-01-12
4867,2016-05-16 10:38:00,2016-05-16,0.0506,3004.0,6.0,10067.0,0.0506,0.05,0.05,10000529,2016-06-22,2016-06-22,C,2.05,2016-01-12
4868,2016-05-16 10:39:00,2016-05-16,0.05,0.0,0.0,10067.0,0.05,0.05,0.05,10000529,2016-06-22,2016-06-22,C,2.05,2016-01-12
4869,2016-05-16 10:40:00,2016-05-16,0.05,0.0,0.0,10067.0,0.05,0.05,0.05,10000529,2016-06-22,2016-06-22,C,2.05,2016-01-12
4870,2016-05-16 10:41:00,2016-05-16,0.05,1000.0,2.0,10067.0,0.05,0.05,0.05,10000529,2016-06-22,2016-06-22,C,2.05,2016-01-12
4871,2016-05-16 10:42:00,2016-05-16,0.05,0.0,0.0,10067.0,0.05,0.05,0.05,10000529,2016-06-22,2016-06-22,C,2.05,2016-01-12
4872,2016-05-16 10:43:00,2016-05-16,0.05,0.0,0.0,10067.0,0.05,0.05,0.05,10000529,2016-06-22,2016-06-22,C,2.05,2016-01-12
4873,2016-05-16 10:44:00,2016-05-16,0.05,496.0,1.0,10068.0,0.05,0.0496,0.0496,10000529,2016-06-22,2016-06-22,C,2.05,2016-01-12
4874,2016-05-16 10:45:00,2016-05-16,0.0496,1980.0,4.0,10072.0,0.0496,0.0494,0.0494,10000529,2016-06-22,2016-06-22,C,2.05,2016-01-12
4875,2016-05-16 10:46:00,2016-05-16,0.05,12476.0,25.0,10080.0,0.0494,0.05,0.0494,10000529,2016-06-22,2016-06-22,C,2.05,2016-01-12
4876,2016-05-16 10:47:00,2016-05-16,0.0508,2026.0,4.0,10082.0,0.05,0.0508,0.05,10000529,2016-06-22,2016-06-22,C,2.05,2016-01-12
4877,2016-05-16 10:48:00,2016-05-16,0.051,6109.0,12.0,10084.0,0.0508,0.0509,0.0508,10000529,2016-06-22,2016-06-22,C,2.05,2016-01-12
4878,2016-05-16 10:49:00,2016-05-16,0.0514,8175.0,16.0,10090.0,0.051,0.0511,0.0509,10000529,2016-06-22,2016-06-22,C,2.05,2016-01-12
4879,2016-05-16 10:50:00,2016-05-16,0.0517,7226.0,14.0,10104.0,0.0511,0.0517,0.0511,10000529,2016-06-22,2016-06-22,C,2.05,2016-01-12
4880,2016-05-16 10:51:00,2016-05-16,0.0535,63846.0,121.0,10132.0,0.0517,0.0532,0.0517,10000529,2016-06-22,2016-06-22,C,2.05,2016-01-12
4881,2016-05-16 10:52:00,2016-05-16,0.0532,7368.0,14.0,10128.0,0.0532,0.0526,0.0526,10000529,2016-06-22,2016-06-22,C,2.05,2016-01-12
4882,2016-05-16 10:53:00,2016-05-16,0.0534,11098.0,21.0,10129.0,0.0526,0.0524,0.0524,10000529,2016-06-22,2016-06-22,C,2.05,2016-01-12
4883,2016-05-16 10:54:00,2016-05-16,0.0529,5288.0,10.0,10139.0,0.0524,0.0529,0.0524,10000529,2016-06-22,2016-06-22,C,2.05,2016-01-12
4884,2016-05-16 10:55:00,2016-05-16,0.0532,6372.0,12.0,10139.0,0.0529,0.0532,0.0528,10000529,2016-06-22,2016-06-22,C,2.05,2016-01-12
4885,2016-05-16 10:56:00,2016-05-16,0.0539,18251.0,34.0,10145.0,0.0532,0.0539,0.0532,10000529,2016-06-22,2016-06-22,C,2.05,2016-01-12
4886,2016-05-16 10:57:00,2016-05-16,0.0539,5380.0,10.0,10155.0,0.0539,0.0538,0.0538,10000529,2016-06-22,2016-06-22,C,2.05,2016-01-12
4887,2016-05-16 10:58:00,2016-05-16,0.0545,45370.0,84.0,10211.0,0.0538,0.0544,0.0538,10000529,2016-06-22,2016-06-22,C,2.05,2016-01-12
4888,2016-05-16 10:59:00,2016-05-16,0.0556,40220.0,73.0,10262.0,0.0544,0.0556,0.0544,10000529,2016-06-22,2016-06-22,C,2.05,2016-01-12
4889,2016-05-16 11:00:00,2016-05-16,0.0561,28539.0,51.0,10284.0,0.0556,0.0559,0.0554,10000529,2016-06-22,2016-06-22,C,2.05,2016-01-12
4890,2016-05-16 11:01:00,2016-05-16,0.0565,20756.0,37.0,10278.0,0.0559,0.0561,0.0559,10000529,2016-06-22,2016-06-22,C,2.05,2016-01-12
4891,2016-05-16 11:02:00,2016-05-16,0.0561,8334.0,15.0,10266.0,0.0561,0.055,0.055,10000529,2016-06-22,2016-06-22,C,2.05,2016-01-12
4892,2016-05-16 11:03:00,2016-05-16,0.0559,48868.0,88.0,10306.0,0.055,0.0558,0.0547,10000529,2016-06-22,2016-06-22,C,2.05,2016-01-12
4893,2016-05-16 11:04:00,2016-05-16,0.0558,6618.0,12.0,10316.0,0.0558,0.055,0.055,10000529,2016-06-22,2016-06-22,C,2.05,2016-01-12
4894,2016-05-16 11:05:00,2016-05-16,0.0554,11620.0,21.0,10323.0,0.055,0.055,0.055,10000529,2016-06-22,2016-06-22,C,2.05,2016-01-12
4895,2016-05-16 11:06:00,2016-05-16,0.0553,7652.0,14.0,10315.0,0.055,0.0544,0.0544,10000529,2016-06-22,2016-06-22,C,2.05,2016-01-12
4896,2016-05-16 11:07:00,2016-05-16,0.0544,1088.0,2.0,10315.0,0.0544,0.0544,0.0544,10000529,2016-06-22,2016-06-22,C,2.05,2016-01-12
4897,2016-05-16 11:08:00,2016-05-16,0.0544,0.0,0.0,10315.0,0.0544,0.0544,0.0544,10000529,2016-06-22,2016-06-22,C,2.05,2016-01-12
4898,2016-05-16 11:09:00,2016-05-16,0.055,5500.0,10.0,10315.0,0.0544,0.055,0.0544,10000529,2016-06-22,2016-06-22,C,2.05,2016-01-12
4899,2016-05-16 11:10:00,2016-05-16,0.055,3850.0,7.0,10313.0,0.055,0.055,0.055,10000529,2016-06-22,2016-06-22,C,2.05,2016-01-12
4900,2016-05-16 11:11:00,2016-05-16,0.055,0.0,0.0,10313.0,0.055,0.055,0.055,10000529,2016-06-22,2016-06-22,C,2.05,2016-01-12
4901,2016-05-16 11:12:00,2016-05-16,0.055,2160.0,4.0,10313.0,0.055,0.054000000000000006,0.054000000000000006,10000529,2016-06-22,2016-06-22,C,2.05,2016-01-12
4902,2016-05-16 11:13:00,2016-05-16,0.054000000000000006,3236.0,6.0,10319.0,0.054000000000000006,0.054000000000000006,0.0536,10000529,2016-06-22,2016-06-22,C,2.05,2016-01-12
4903,2016-05-16 11:14:00,2016-05-16,0.0541,22112.0,41.0,10338.0,0.054000000000000006,0.0541,0.0538,10000529,2016-06-22,2016-06-22,C,2.05,2016-01-12
4904,2016-05-16 11:15:00,2016-05-16,0.055,5500.0,10.0,10338.0,0.0541,0.055,0.0541,10000529,2016-06-22,2016-06-22,C,2.05,2016-01-12
4905,2016-05-16 11:16:00,2016-05-16,0.0552,5518.0,10.0,10338.0,0.055,0.0552,0.055,10000529,2016-06-22,2016-06-22,C,2.05,2016-01-12
4906,2016-05-16 11:17:00,2016-05-16,0.0552,2720.0,5.0,10338.0,0.0552,0.0544,0.0544,10000529,2016-06-22,2016-06-22,C,2.05,2016-01-12
4907,2016-05-16 11:18:00,2016-05-16,0.0544,0.0,0.0,10338.0,0.0544,0.0544,0.0544,10000529,2016-06-22,2016-06-22,C,2.05,2016-01-12
4908,2016-05-16 11:19:00,2016-05-16,0.0544,542.0,1.0,10339.0,0.0544,0.0542,0.0542,10000529,2016-06-22,2016-06-22,C,2.05,2016-01-12
4909,2016-05-16 11:20:00,2016-05-16,0.0547,1093.0,2.0,10341.0,0.0542,0.0547,0.0542,10000529,2016-06-22,2016-06-22,C,2.05,2016-01-12
4910,2016-05-16 11:21:00,2016-05-16,0.0547,21790.0,40.0,10351.0,0.0547,0.0546,0.0544,10000529,2016-06-22,2016-06-22,C,2.05,2016-01-12
4911,2016-05-16 11:22:00,2016-05-16,0.0546,2704.0,5.0,10351.0,0.0546,0.054000000000000006,0.054000000000000006,10000529,2016-06-22,2016-06-22,C,2.05,2016-01-12
4912,2016-05-16 11:23:00,2016-05-16,0.054000000000000006,0.0,0.0,10351.0,0.054000000000000006,0.054000000000000006,0.054000000000000006,10000529,2016-06-22,2016-06-22,C,2.05,2016-01-12
4913,2016-05-16 11:24:00,2016-05-16,0.054000000000000006,7000.0,13.0,10351.0,0.054000000000000006,0.0538,0.0538,10000529,2016-06-22,2016-06-22,C,2.05,2016-01-12
4914,2016-05-16 11:25:00,2016-05-16,0.0538,0.0,0.0,10351.0,0.0538,0.0538,0.0538,10000529,2016-06-22,2016-06-22,C,2.05,2016-01-12
4915,2016-05-16 11:26:00,2016-05-16,0.0538,0.0,0.0,10351.0,0.0538,0.0538,0.0538,10000529,2016-06-22,2016-06-22,C,2.05,2016-01-12
4916,2016-05-16 11:27:00,2016-05-16,0.0541,2161.0,4.0,10351.0,0.0538,0.0541,0.0538,10000529,2016-06-22,2016-06-22,C,2.05,2016-01-12
4917,2016-05-16 11:28:00,2016-05-16,0.0541,2160.0,4.0,10355.0,0.0541,0.054000000000000006,0.054000000000000006,10000529,2016-06-22,2016-06-22,C,2.05,2016-01-12
4918,2016-05-16 11:29:00,2016-05-16,0.054000000000000006,0.0,0.0,10355.0,0.054000000000000006,0.054000000000000006,0.054000000000000006,10000529,2016-06-22,2016-06-22,C,2.05,2016-01-12
4919,2016-05-16 11:30:00,2016-05-16,0.0545,7610.0,14.0,10356.0,0.054000000000000006,0.054000000000000006,0.054000000000000006,10000529,2016-06-22,2016-06-22,C,2.05,2016-01-12
4920,2016-05-16 13:01:00,2016-05-16,0.0545,11335.0,21.0,10368.0,0.054000000000000006,0.0538,0.0538,10000529,2016-06-22,2016-06-22,C,2.05,2016-01-12
4921,2016-05-16 13:02:00,2016-05-16,0.0538,1584.0,3.0,10368.0,0.0538,0.0528,0.0528,10000529,2016-06-22,2016-06-22,C,2.05,2016-01-12
4922,2016-05-16 13:03:00,2016-05-16,0.0529,1057.0,2.0,10368.0,0.0528,0.0529,0.0528,10000529,2016-06-22,2016-06-22,C,2.05,2016-01-12
4923,2016-05-16 13:04:00,2016-05-16,0.0529,0.0,0.0,10368.0,0.0529,0.0529,0.0529,10000529,2016-06-22,2016-06-22,C,2.05,2016-01-12
4924,2016-05-16 13:05:00,2016-05-16,0.0531,5839.0,11.0,10373.0,0.0529,0.0529,0.0529,10000529,2016-06-22,2016-06-22,C,2.05,2016-01-12
4925,2016-05-16 13:06:00,2016-05-16,0.0529,4232.0,8.0,10379.0,0.0529,0.0529,0.0529,10000529,2016-06-22,2016-06-22,C,2.05,2016-01-12
4926,2016-05-16 13:07:00,2016-05-16,0.0533,2132.0,4.0,10379.0,0.0529,0.0533,0.0529,10000529,2016-06-22,2016-06-22,C,2.05,2016-01-12
4927,2016-05-16 13:08:00,2016-05-16,0.0533,10480.0,20.0,10399.0,0.0533,0.0523,0.0523,10000529,2016-06-22,2016-06-22,C,2.05,2016-01-12
4928,2016-05-16 13:09:00,2016-05-16,0.0523,0.0,0.0,10399.0,0.0523,0.0523,0.0523,10000529,2016-06-22,2016-06-22,C,2.05,2016-01-12
4929,2016-05-16 13:10:00,2016-05-16,0.0529,2637.0,5.0,10403.0,0.0523,0.0528,0.0522,10000529,2016-06-22,2016-06-22,C,2.05,2016-01-12
4930,2016-05-16 13:11:00,2016-05-16,0.0528,528.0,1.0,10404.0,0.0528,0.0528,0.0528,10000529,2016-06-22,2016-06-22,C,2.05,2016-01-12
4931,2016-05-16 13:12:00,2016-05-16,0.0528,7382.0,14.0,10416.0,0.0528,0.0527,0.0527,10000529,2016-06-22,2016-06-22,C,2.05,2016-01-12
4932,2016-05-16 13:13:00,2016-05-16,0.0528,2112.0,4.0,10416.0,0.0527,0.0528,0.0527,10000529,2016-06-22,2016-06-22,C,2.05,2016-01-12
4933,2016-05-16 13:14:00,2016-05-16,0.0528,2625.0,5.0,10416.0,0.0528,0.0525,0.0525,10000529,2016-06-22,2016-06-22,C,2.05,2016-01-12
4934,2016-05-16 13:15:00,2016-05-16,0.0525,0.0,0.0,10416.0,0.0525,0.0525,0.0525,10000529,2016-06-22,2016-06-22,C,2.05,2016-01-12
4935,2016-05-16 13:16:00,2016-05-16,0.0525,0.0,0.0,10416.0,0.0525,0.0525,0.0525,10000529,2016-06-22,2016-06-22,C,2.05,2016-01-12
4936,2016-05-16 13:17:00,2016-05-16,0.053,1580.0,3.0,10417.0,0.0525,0.0525,0.0525,10000529,2016-06-22,2016-06-22,C,2.05,2016-01-12
4937,2016-05-16 13:18:00,2016-05-16,0.0525,1050.0,2.0,10419.0,0.0525,0.0525,0.0525,10000529,2016-06-22,2016-06-22,C,2.05,2016-01-12
4938,2016-05-16 13:19:00,2016-05-16,0.0525,1050.0,2.0,10419.0,0.0525,0.0525,0.0525,10000529,2016-06-22,2016-06-22,C,2.05,2016-01-12
4939,2016-05-16 13:20:00,2016-05-16,0.0525,3146.0,6.0,10417.0,0.0525,0.0524,0.0524,10000529,2016-06-22,2016-06-22,C,2.05,2016-01-12
4940,2016-05-16 13:21:00,2016-05-16,0.0524,3122.0,6.0,10421.0,0.0524,0.0522,0.0522,10000529,2016-06-22,2016-06-22,C,2.05,2016-01-12
4941,2016-05-16 13:22:00,2016-05-16,0.0522,4635.0,9.0,10421.0,0.0522,0.0515,0.0515,10000529,2016-06-22,2016-06-22,C,2.05,2016-01-12
4942,2016-05-16 13:23:00,2016-05-16,0.0515,1030.0,2.0,10423.0,0.0515,0.0515,0.0515,10000529,2016-06-22,2016-06-22,C,2.05,2016-01-12
4943,2016-05-16 13:24:00,2016-05-16,0.0515,5150.0,10.0,10419.0,0.0515,0.0515,0.0515,10000529,2016-06-22,2016-06-22,C,2.05,2016-01-12
4944,2016-05-16 13:25:00,2016-05-16,0.0515,0.0,0.0,10419.0,0.0515,0.0515,0.0515,10000529,2016-06-22,2016-06-22,C,2.05,2016-01-12
4945,2016-05-16 13:26:00,2016-05-16,0.0515,515.0,1.0,10418.0,0.0515,0.0515,0.0515,10000529,2016-06-22,2016-06-22,C,2.05,2016-01-12
4946,2016-05-16 13:27:00,2016-05-16,0.0515,10110.0,20.0,10418.0,0.0515,0.0506,0.0505,10000529,2016-06-22,2016-06-22,C,2.05,2016-01-12
4947,2016-05-16 13:28:00,2016-05-16,0.0514,11214.0,22.0,10422.0,0.0506,0.0514,0.0505,10000529,2016-06-22,2016-06-22,C,2.05,2016-01-12
4948,2016-05-16 13:29:00,2016-05-16,0.0515,13337.0,26.0,10412.0,0.0514,0.0515,0.0508,10000529,2016-06-22,2016-06-22,C,2.05,2016-01-12
4949,2016-05-16 13:30:00,2016-05-16,0.0515,0.0,0.0,10412.0,0.0515,0.0515,0.0515,10000529,2016-06-22,2016-06-22,C,2.05,2016-01-12
4950,2016-05-16 13:31:00,2016-05-16,0.0518,2578.0,5.0,10413.0,0.0515,0.0518,0.0515,10000529,2016-06-22,2016-06-22,C,2.05,2016-01-12
4951,2016-05-16 13:32:00,2016-05-16,0.0518,516.0,1.0,10414.0,0.0518,0.0516,0.0516,10000529,2016-06-22,2016-06-22,C,2.05,2016-01-12
4952,2016-05-16 13:33:00,2016-05-16,0.0516,12384.0,24.0,10425.0,0.0516,0.0516,0.0516,10000529,2016-06-22,2016-06-22,C,2.05,2016-01-12
4953,2016-05-16 13:34:00,2016-05-16,0.0516,0.0,0.0,10425.0,0.0516,0.0516,0.0516,10000529,2016-06-22,2016-06-22,C,2.05,2016-01-12
4954,2016-05-16 13:35:00,2016-05-16,0.0522,1044.0,2.0,10427.0,0.0516,0.0522,0.0516,10000529,2016-06-22,2016-06-22,C,2.05,2016-01-12
4955,2016-05-16 13:36:00,2016-05-16,0.0522,516.0,1.0,10428.0,0.0522,0.0516,0.0516,10000529,2016-06-22,2016-06-22,C,2.05,2016-01-12
4956,2016-05-16 13:37:00,2016-05-16,0.0516,515.0,1.0,10429.0,0.0516,0.0515,0.0515,10000529,2016-06-22,2016-06-22,C,2.05,2016-01-12
4957,2016-05-16 13:38:00,2016-05-16,0.0515,2040.0,4.0,10433.0,0.0515,0.051,0.051,10000529,2016-06-22,2016-06-22,C,2.05,2016-01-12
4958,2016-05-16 13:39:00,2016-05-16,0.051,0.0,0.0,10433.0,0.051,0.051,0.051,10000529,2016-06-22,2016-06-22,C,2.05,2016-01-12
4959,2016-05-16 13:40:00,2016-05-16,0.0514,2056.0,4.0,10437.0,0.051,0.0514,0.051,10000529,2016-06-22,2016-06-22,C,2.05,2016-01-12
4960,2016-05-16 13:41:00,2016-05-16,0.0522,2610.0,5.0,10442.0,0.0514,0.0522,0.0514,10000529,2016-06-22,2016-06-22,C,2.05,2016-01-12
4961,2016-05-16 13:42:00,2016-05-16,0.0522,1042.0,2.0,10444.0,0.0522,0.0521,0.0521,10000529,2016-06-22,2016-06-22,C,2.05,2016-01-12
4962,2016-05-16 13:43:00,2016-05-16,0.0522,10421.0,20.0,10443.0,0.0521,0.0522,0.0514,10000529,2016-06-22,2016-06-22,C,2.05,2016-01-12
4963,2016-05-16 13:44:00,2016-05-16,0.053,11604.0,22.0,10452.0,0.0522,0.0529,0.0522,10000529,2016-06-22,2016-06-22,C,2.05,2016-01-12
4964,2016-05-16 13:45:00,2016-05-16,0.053,11626.0,22.0,10466.0,0.0529,0.0528,0.0521,10000529,2016-06-22,2016-06-22,C,2.05,2016-01-12
4965,2016-05-16 13:46:00,2016-05-16,0.053,15870.0,30.0,10481.0,0.0528,0.0528,0.0528,10000529,2016-06-22,2016-06-22,C,2.05,2016-01-12
4966,2016-05-16 13:47:00,2016-05-16,0.053,12178.0,23.0,10488.0,0.053,0.053,0.0528,10000529,2016-06-22,2016-06-22,C,2.05,2016-01-12
4967,2016-05-16 13:48:00,2016-05-16,0.053,0.0,0.0,10488.0,0.053,0.053,0.053,10000529,2016-06-22,2016-06-22,C,2.05,2016-01-12
4968,2016-05-16 13:49:00,2016-05-16,0.053,0.0,0.0,10488.0,0.053,0.053,0.053,10000529,2016-06-22,2016-06-22,C,2.05,2016-01-12
4969,2016-05-16 13:50:00,2016-05-16,0.053,26248.0,50.0,10476.0,0.053,0.0525,0.0525,10000529,2016-06-22,2016-06-22,C,2.05,2016-01-12
4970,2016-05-16 13:51:00,2016-05-16,0.0525,0.0,0.0,10476.0,0.0525,0.0525,0.0525,10000529,2016-06-22,2016-06-22,C,2.05,2016-01-12
4971,2016-05-16 13:52:00,2016-05-16,0.0525,7785.0,15.0,10491.0,0.0525,0.0517,0.0517,10000529,2016-06-22,2016-06-22,C,2.05,2016-01-12
4972,2016-05-16 13:53:00,2016-05-16,0.0525,3135.0,6.0,10497.0,0.0517,0.0525,0.0517,10000529,2016-06-22,2016-06-22,C,2.05,2016-01-12
4973,2016-05-16 13:54:00,2016-05-16,0.0525,5772.0,11.0,10508.0,0.0525,0.0524,0.0524,10000529,2016-06-22,2016-06-22,C,2.05,2016-01-12
4974,2016-05-16 13:55:00,2016-05-16,0.0529,17376.0,33.0,10525.0,0.0524,0.0529,0.0524,10000529,2016-06-22,2016-06-22,C,2.05,2016-01-12
4975,2016-05-16 13:56:00,2016-05-16,0.054000000000000006,20893.0,39.0,10521.0,0.053,0.054000000000000006,0.053,10000529,2016-06-22,2016-06-22,C,2.05,2016-01-12
4976,2016-05-16 13:57:00,2016-05-16,0.054000000000000006,6475.0,12.0,10530.0,0.054000000000000006,0.0539,0.0539,10000529,2016-06-22,2016-06-22,C,2.05,2016-01-12
4977,2016-05-16 13:58:00,2016-05-16,0.0539,9649.0,18.0,10521.0,0.0539,0.0535,0.0534,10000529,2016-06-22,2016-06-22,C,2.05,2016-01-12
4978,2016-05-16 13:59:00,2016-05-16,0.0535,535.0,1.0,10520.0,0.0535,0.0535,0.0535,10000529,2016-06-22,2016-06-22,C,2.05,2016-01-12
4979,2016-05-16 14:00:00,2016-05-16,0.0535,3745.0,7.0,10520.0,0.0535,0.0535,0.0535,10000529,2016-06-22,2016-06-22,C,2.05,2016-01-12
4980,2016-05-16 14:01:00,2016-05-16,0.0535,25081.0,47.0,10536.0,0.0531,0.0533,0.0531,10000529,2016-06-22,2016-06-22,C,2.05,2016-01-12
4981,2016-05-16 14:02:00,2016-05-16,0.0535,5350.0,10.0,10526.0,0.0533,0.0535,0.0533,10000529,2016-06-22,2016-06-22,C,2.05,2016-01-12
4982,2016-05-16 14:03:00,2016-05-16,0.0535,3180.0,6.0,10528.0,0.0535,0.053,0.053,10000529,2016-06-22,2016-06-22,C,2.05,2016-01-12
4983,2016-05-16 14:04:00,2016-05-16,0.053,0.0,0.0,10528.0,0.053,0.053,0.053,10000529,2016-06-22,2016-06-22,C,2.05,2016-01-12
4984,2016-05-16 14:05:00,2016-05-16,0.053,3138.0,6.0,10526.0,0.053,0.0523,0.0523,10000529,2016-06-22,2016-06-22,C,2.05,2016-01-12
4985,2016-05-16 14:06:00,2016-05-16,0.0523,2615.0,5.0,10526.0,0.0523,0.0523,0.0523,10000529,2016-06-22,2016-06-22,C,2.05,2016-01-12
4986,2016-05-16 14:07:00,2016-05-16,0.0523,3114.0,6.0,10531.0,0.0523,0.0519,0.0519,10000529,2016-06-22,2016-06-22,C,2.05,2016-01-12
4987,2016-05-16 14:08:00,2016-05-16,0.0524,524.0,1.0,10531.0,0.0519,0.0524,0.0519,10000529,2016-06-22,2016-06-22,C,2.05,2016-01-12
4988,2016-05-16 14:09:00,2016-05-16,0.0526,5781.0,11.0,10531.0,0.0524,0.0521,0.0521,10000529,2016-06-22,2016-06-22,C,2.05,2016-01-12
4989,2016-05-16 14:10:00,2016-05-16,0.0525,5230.0,10.0,10530.0,0.0521,0.0525,0.052000000000000005,10000529,2016-06-22,2016-06-22,C,2.05,2016-01-12
4990,2016-05-16 14:11:00,2016-05-16,0.0526,2104.0,4.0,10530.0,0.0525,0.0526,0.0525,10000529,2016-06-22,2016-06-22,C,2.05,2016-01-12
4991,2016-05-16 14:12:00,2016-05-16,0.0526,2104.0,4.0,10534.0,0.0526,0.0526,0.0526,10000529,2016-06-22,2016-06-22,C,2.05,2016-01-12
4992,2016-05-16 14:13:00,2016-05-16,0.0526,0.0,0.0,10534.0,0.0526,0.0526,0.0526,10000529,2016-06-22,2016-06-22,C,2.05,2016-01-12
4993,2016-05-16 14:14:00,2016-05-16,0.0526,1563.0,3.0,10535.0,0.0526,0.0521,0.0521,10000529,2016-06-22,2016-06-22,C,2.05,2016-01-12
4994,2016-05-16 14:15:00,2016-05-16,0.0521,16066.0,31.0,10557.0,0.0521,0.0516,0.0516,10000529,2016-06-22,2016-06-22,C,2.05,2016-01-12
4995,2016-05-16 14:16:00,2016-05-16,0.0516,29651.0,59.0,10589.0,0.0516,0.049,0.049,10000529,2016-06-22,2016-06-22,C,2.05,2016-01-12
4996,2016-05-16 14:17:00,2016-05-16,0.049,2940.0,6.0,10589.0,0.049,0.049,0.049,10000529,2016-06-22,2016-06-22,C,2.05,2016-01-12
4997,2016-05-16 14:18:00,2016-05-16,0.051,510.0,1.0,10590.0,0.049,0.051,0.049,10000529,2016-06-22,2016-06-22,C,2.05,2016-01-12
4998,2016-05-16 14:19:00,2016-05-16,0.051,20465.0,41.0,10571.0,0.051,0.0499,0.0497,10000529,2016-06-22,2016-06-22,C,2.05,2016-01-12
4999,2016-05-16 14:20:00,2016-05-16,0.0509,13055.0,26.0,10563.0,0.0509,0.05,0.05,10000529,2016-06-22,2016-06-22,C,2.05,2016-01-12
5000,2016-05-16 14:21:00,2016-05-16,0.0504,24095.0,48.0,10533.0,0.05,0.0499,0.0499,10000529,2016-06-22,2016-06-22,C,2.05,2016-01-12
5001,2016-05-16 14:22:00,2016-05-16,0.0501,24926.0,50.0,10510.0,0.0499,0.05,0.0491,10000529,2016-06-22,2016-06-22,C,2.05,2016-01-12
5002,2016-05-16 14:23:00,2016-05-16,0.05,11484.0,23.0,10511.0,0.05,0.0499,0.0499,10000529,2016-06-22,2016-06-22,C,2.05,2016-01-12
5003,2016-05-16 14:24:00,2016-05-16,0.0503,14544.0,29.0,10516.0,0.0499,0.0503,0.0499,10000529,2016-06-22,2016-06-22,C,2.05,2016-01-12
5004,2016-05-16 14:25:00,2016-05-16,0.0504,2520.0,5.0,10516.0,0.0503,0.0504,0.0503,10000529,2016-06-22,2016-06-22,C,2.05,2016-01-12
5005,2016-05-16 14:26:00,2016-05-16,0.0504,5030.0,10.0,10526.0,0.0504,0.0503,0.0503,10000529,2016-06-22,2016-06-22,C,2.05,2016-01-12
5006,2016-05-16 14:27:00,2016-05-16,0.0503,5030.0,10.0,10536.0,0.0503,0.0503,0.0503,10000529,2016-06-22,2016-06-22,C,2.05,2016-01-12
5007,2016-05-16 14:28:00,2016-05-16,0.0509,5090.0,10.0,10546.0,0.0509,0.0509,0.0509,10000529,2016-06-22,2016-06-22,C,2.05,2016-01-12
5008,2016-05-16 14:29:00,2016-05-16,0.051,8154.0,16.0,10562.0,0.0509,0.051,0.0509,10000529,2016-06-22,2016-06-22,C,2.05,2016-01-12
5009,2016-05-16 14:30:00,2016-05-16,0.0517,10330.0,20.0,10582.0,0.051,0.0517,0.051,10000529,2016-06-22,2016-06-22,C,2.05,2016-01-12
5010,2016-05-16 14:31:00,2016-05-16,0.052000000000000005,11900.0,23.0,10595.0,0.0517,0.052000000000000005,0.0517,10000529,2016-06-22,2016-06-22,C,2.05,2016-01-12
5011,2016-05-16 14:32:00,2016-05-16,0.0523,6256.0,12.0,10595.0,0.0521,0.0523,0.0521,10000529,2016-06-22,2016-06-22,C,2.05,2016-01-12
5012,2016-05-16 14:33:00,2016-05-16,0.0525,525.0,1.0,10596.0,0.0523,0.0525,0.0523,10000529,2016-06-22,2016-06-22,C,2.05,2016-01-12
5013,2016-05-16 14:34:00,2016-05-16,0.0525,1050.0,2.0,10598.0,0.0525,0.0525,0.0525,10000529,2016-06-22,2016-06-22,C,2.05,2016-01-12
5014,2016-05-16 14:35:00,2016-05-16,0.0525,0.0,0.0,10598.0,0.0525,0.0525,0.0525,10000529,2016-06-22,2016-06-22,C,2.05,2016-01-12
5015,2016-05-16 14:36:00,2016-05-16,0.0527,17846.0,34.0,10586.0,0.0525,0.0527,0.0517,10000529,2016-06-22,2016-06-22,C,2.05,2016-01-12
5016,2016-05-16 14:37:00,2016-05-16,0.0536,32977.0,62.0,10584.0,0.0527,0.053,0.0526,10000529,2016-06-22,2016-06-22,C,2.05,2016-01-12
5017,2016-05-16 14:38:00,2016-05-16,0.0537,21877.0,41.0,10592.0,0.053,0.0537,0.053,10000529,2016-06-22,2016-06-22,C,2.05,2016-01-12
5018,2016-05-16 14:39:00,2016-05-16,0.0537,2685.0,5.0,10594.0,0.0537,0.0537,0.0537,10000529,2016-06-22,2016-06-22,C,2.05,2016-01-12
5019,2016-05-16 14:40:00,2016-05-16,0.0537,11257.0,21.0,10599.0,0.0537,0.0535,0.0532,10000529,2016-06-22,2016-06-22,C,2.05,2016-01-12
5020,2016-05-16 14:41:00,2016-05-16,0.0535,1605.0,3.0,10602.0,0.0535,0.0535,0.0535,10000529,2016-06-22,2016-06-22,C,2.05,2016-01-12
5021,2016-05-16 14:42:00,2016-05-16,0.0534,2126.0,4.0,10604.0,0.0529,0.0534,0.0529,10000529,2016-06-22,2016-06-22,C,2.05,2016-01-12
5022,2016-05-16 14:43:00,2016-05-16,0.0534,7905.0,15.0,10603.0,0.0534,0.0526,0.0526,10000529,2016-06-22,2016-06-22,C,2.05,2016-01-12
5023,2016-05-16 14:44:00,2016-05-16,0.0528,5270.0,10.0,10613.0,0.0526,0.0528,0.0526,10000529,2016-06-22,2016-06-22,C,2.05,2016-01-12
5024,2016-05-16 14:45:00,2016-05-16,0.0529,6872.0,13.0,10626.0,0.0528,0.0529,0.0528,10000529,2016-06-22,2016-06-22,C,2.05,2016-01-12
5025,2016-05-16 14:46:00,2016-05-16,0.0529,5285.0,10.0,10635.0,0.0529,0.0528,0.0528,10000529,2016-06-22,2016-06-22,C,2.05,2016-01-12
5026,2016-05-16 14:47:00,2016-05-16,0.0532,20105.0,38.0,10636.0,0.0528,0.0532,0.0528,10000529,2016-06-22,2016-06-22,C,2.05,2016-01-12
5027,2016-05-16 14:48:00,2016-05-16,0.0532,2640.0,5.0,10636.0,0.0532,0.0528,0.0528,10000529,2016-06-22,2016-06-22,C,2.05,2016-01-12
5028,2016-05-16 14:49:00,2016-05-16,0.0536,12310.0,23.0,10647.0,0.0528,0.0536,0.0528,10000529,2016-06-22,2016-06-22,C,2.05,2016-01-12
5029,2016-05-16 14:50:00,2016-05-16,0.0538,26327.0,49.0,10609.0,0.0536,0.0538,0.0531,10000529,2016-06-22,2016-06-22,C,2.05,2016-01-12
5030,2016-05-16 14:51:00,2016-05-16,0.0539,50609.0,94.0,10557.0,0.0538,0.0539,0.0536,10000529,2016-06-22,2016-06-22,C,2.05,2016-01-12
5031,2016-05-16 14:52:00,2016-05-16,0.0539,6450.0,12.0,10556.0,0.0539,0.0536,0.0536,10000529,2016-06-22,2016-06-22,C,2.05,2016-01-12
5032,2016-05-16 14:53:00,2016-05-16,0.0536,1608.0,3.0,10553.0,0.0536,0.0536,0.0536,10000529,2016-06-22,2016-06-22,C,2.05,2016-01-12
5033,2016-05-16 14:54:00,2016-05-16,0.0536,5360.0,10.0,10545.0,0.0536,0.0536,0.0536,10000529,2016-06-22,2016-06-22,C,2.05,2016-01-12
5034,2016-05-16 14:55:00,2016-05-16,0.0536,0.0,0.0,10545.0,0.0536,0.0536,0.0536,10000529,2016-06-22,2016-06-22,C,2.05,2016-01-12
5035,2016-05-16 14:56:00,2016-05-16,0.0535,13365.0,25.0,10535.0,0.0535,0.0534,0.0534,10000529,2016-06-22,2016-06-22,C,2.05,2016-01-12
5036,2016-05-16 14:57:00,2016-05-16,0.0534,8000.0,15.0,10540.0,0.0534,0.0532,0.0532,10000529,2016-06-22,2016-06-22,C,2.05,2016-01-12
5037,2016-05-16 14:58:00,2016-05-16,0.0532,0.0,0.0,10540.0,0.0532,0.0532,0.0532,10000529,2016-06-22,2016-06-22,C,2.05,2016-01-12
5038,2016-05-16 14:59:00,2016-05-16,0.0532,0.0,0.0,10540.0,0.0532,0.0532,0.0532,10000529,2016-06-22,2016-06-22,C,2.05,2016-01-12
5039,2016-05-16 15:00:00,2016-05-16,0.0532,0.0,0.0,10540.0,0.0532,0.0532,0.0532,10000529,2016-06-22,2016-06-22,C,2.05,2016-01-12
5040,2016-05-16 09:31:00,2016-05-16,0.0015,163.0,11.0,8415.0,0.0013,0.0015,0.0013,10000628,2016-05-25,2016-05-25,P,1.95,2016-05-10
5041,2016-05-16 09:32:00,2016-05-16,0.0015,0.0,0.0,8415.0,0.0015,0.0015,0.0015,10000628,2016-05-25,2016-05-25,P,1.95,2016-05-10
5042,2016-05-16 09:33:00,2016-05-16,0.0015,0.0,0.0,8415.0,0.0015,0.0015,0.0015,10000628,2016-05-25,2016-05-25,P,1.95,2016-05-10
5043,2016-05-16 09:34:00,2016-05-16,0.0014,1432.0,105.0,8320.0,0.0014,0.0014,0.0013,10000628,2016-05-25,2016-05-25,P,1.95,2016-05-10
5044,2016-05-16 09:35:00,2016-05-16,0.0014,1185.0,87.0,8257.0,0.0014,0.0012,0.0012,10000628,2016-05-25,2016-05-25,P,1.95,2016-05-10
5045,2016-05-16 09:36:00,2016-05-16,0.0012,276.0,23.0,8257.0,0.0012,0.0012,0.0012,10000628,2016-05-25,2016-05-25,P,1.95,2016-05-10
5046,2016-05-16 09:37:00,2016-05-16,0.0012,1026.0,94.0,8309.0,0.0012,0.001,0.001,10000628,2016-05-25,2016-05-25,P,1.95,2016-05-10
5047,2016-05-16 09:38:00,2016-05-16,0.0011,1385.0,130.0,8349.0,0.001,0.0011,0.001,10000628,2016-05-25,2016-05-25,P,1.95,2016-05-10
5048,2016-05-16 09:39:00,2016-05-16,0.0011,1025.0,97.0,8361.0,0.0011,0.001,0.001,10000628,2016-05-25,2016-05-25,P,1.95,2016-05-10
5049,2016-05-16 09:40:00,2016-05-16,0.0011,1060.0,105.0,8361.0,0.0011,0.001,0.001,10000628,2016-05-25,2016-05-25,P,1.95,2016-05-10
5050,2016-05-16 09:41:00,2016-05-16,0.0012,114.0,10.0,8371.0,0.001,0.0011,0.001,10000628,2016-05-25,2016-05-25,P,1.95,2016-05-10
5051,2016-05-16 09:42:00,2016-05-16,0.0011,0.0,0.0,8371.0,0.0011,0.0011,0.0011,10000628,2016-05-25,2016-05-25,P,1.95,2016-05-10
5052,2016-05-16 09:43:00,2016-05-16,0.0011,0.0,0.0,8371.0,0.0011,0.0011,0.0011,10000628,2016-05-25,2016-05-25,P,1.95,2016-05-10
5053,2016-05-16 09:44:00,2016-05-16,0.0012,420.0,35.0,8406.0,0.0011,0.0012,0.0011,10000628,2016-05-25,2016-05-25,P,1.95,2016-05-10
5054,2016-05-16 09:45:00,2016-05-16,0.0012,408.0,34.0,8440.0,0.0012,0.0012,0.0012,10000628,2016-05-25,2016-05-25,P,1.95,2016-05-10
5055,2016-05-16 09:46:00,2016-05-16,0.0012,540.0,45.0,8440.0,0.0012,0.0012,0.0012,10000628,2016-05-25,2016-05-25,P,1.95,2016-05-10
5056,2016-05-16 09:47:00,2016-05-16,0.0012,0.0,0.0,8440.0,0.0012,0.0012,0.0012,10000628,2016-05-25,2016-05-25,P,1.95,2016-05-10
5057,2016-05-16 09:48:00,2016-05-16,0.0012,840.0,70.0,8440.0,0.0012,0.0012,0.0012,10000628,2016-05-25,2016-05-25,P,1.95,2016-05-10
5058,2016-05-16 09:49:00,2016-05-16,0.0012,420.0,35.0,8457.0,0.0012,0.0012,0.0012,10000628,2016-05-25,2016-05-25,P,1.95,2016-05-10
5059,2016-05-16 09:50:00,2016-05-16,0.0012,996.0,83.0,8540.0,0.0012,0.0012,0.0012,10000628,2016-05-25,2016-05-25,P,1.95,2016-05-10
5060,2016-05-16 09:51:00,2016-05-16,0.0012,120.0,10.0,8550.0,0.0012,0.0012,0.0012,10000628,2016-05-25,2016-05-25,P,1.95,2016-05-10
5061,2016-05-16 09:52:00,2016-05-16,0.0012,120.0,10.0,8550.0,0.0012,0.0012,0.0012,10000628,2016-05-25,2016-05-25,P,1.95,2016-05-10
5062,2016-05-16 09:53:00,2016-05-16,0.0017,2245.0,158.0,8653.0,0.0012,0.0016,0.0012,10000628,2016-05-25,2016-05-25,P,1.95,2016-05-10
5063,2016-05-16 09:54:00,2016-05-16,0.0016,238.0,15.0,8658.0,0.0016,0.0016,0.0015,10000628,2016-05-25,2016-05-25,P,1.95,2016-05-10
5064,2016-05-16 09:55:00,2016-05-16,0.0016,48.0,3.0,8661.0,0.0016,0.0016,0.0016,10000628,2016-05-25,2016-05-25,P,1.95,2016-05-10
5065,2016-05-16 09:56:00,2016-05-16,0.0016,0.0,0.0,8661.0,0.0016,0.0016,0.0016,10000628,2016-05-25,2016-05-25,P,1.95,2016-05-10
5066,2016-05-16 09:57:00,2016-05-16,0.0016,805.0,51.0,8682.0,0.0016,0.0015,0.0015,10000628,2016-05-25,2016-05-25,P,1.95,2016-05-10
5067,2016-05-16 09:58:00,2016-05-16,0.0017,1191.0,71.0,8711.0,0.0015,0.0017,0.0015,10000628,2016-05-25,2016-05-25,P,1.95,2016-05-10
5068,2016-05-16 09:59:00,2016-05-16,0.0017,595.0,35.0,8711.0,0.0017,0.0017,0.0017,10000628,2016-05-25,2016-05-25,P,1.95,2016-05-10
5069,2016-05-16 10:00:00,2016-05-16,0.0017,16.0,1.0,8712.0,0.0017,0.0016,0.0016,10000628,2016-05-25,2016-05-25,P,1.95,2016-05-10
5070,2016-05-16 10:01:00,2016-05-16,0.0018,616.0,35.0,8709.0,0.0016,0.0018,0.0016,10000628,2016-05-25,2016-05-25,P,1.95,2016-05-10
5071,2016-05-16 10:02:00,2016-05-16,0.0018,340.0,20.0,8709.0,0.0018,0.0017,0.0017,10000628,2016-05-25,2016-05-25,P,1.95,2016-05-10
5072,2016-05-16 10:03:00,2016-05-16,0.0017,160.0,10.0,8699.0,0.0017,0.0016,0.0016,10000628,2016-05-25,2016-05-25,P,1.95,2016-05-10
5073,2016-05-16 10:04:00,2016-05-16,0.0016,1070.0,70.0,8741.0,0.0016,0.0015,0.0015,10000628,2016-05-25,2016-05-25,P,1.95,2016-05-10
5074,2016-05-16 10:05:00,2016-05-16,0.0015,0.0,0.0,8741.0,0.0015,0.0015,0.0015,10000628,2016-05-25,2016-05-25,P,1.95,2016-05-10
5075,2016-05-16 10:06:00,2016-05-16,0.0015,360.0,24.0,8739.0,0.0015,0.0015,0.0015,10000628,2016-05-25,2016-05-25,P,1.95,2016-05-10
5076,2016-05-16 10:07:00,2016-05-16,0.0015,133.0,9.0,8739.0,0.0015,0.0014,0.0014,10000628,2016-05-25,2016-05-25,P,1.95,2016-05-10
5077,2016-05-16 10:08:00,2016-05-16,0.0015,150.0,10.0,8736.0,0.0014,0.0015,0.0014,10000628,2016-05-25,2016-05-25,P,1.95,2016-05-10
5078,2016-05-16 10:09:00,2016-05-16,0.0015,0.0,0.0,8736.0,0.0015,0.0015,0.0015,10000628,2016-05-25,2016-05-25,P,1.95,2016-05-10
5079,2016-05-16 10:10:00,2016-05-16,0.0015,0.0,0.0,8736.0,0.0015,0.0015,0.0015,10000628,2016-05-25,2016-05-25,P,1.95,2016-05-10
5080,2016-05-16 10:11:00,2016-05-16,0.0015,0.0,0.0,8736.0,0.0015,0.0015,0.0015,10000628,2016-05-25,2016-05-25,P,1.95,2016-05-10
5081,2016-05-16 10:12:00,2016-05-16,0.0015,140.0,10.0,8746.0,0.0015,0.0014,0.0014,10000628,2016-05-25,2016-05-25,P,1.95,2016-05-10
5082,2016-05-16 10:13:00,2016-05-16,0.0014,0.0,0.0,8746.0,0.0014,0.0014,0.0014,10000628,2016-05-25,2016-05-25,P,1.95,2016-05-10
5083,2016-05-16 10:14:00,2016-05-16,0.0014,0.0,0.0,8746.0,0.0014,0.0014,0.0014,10000628,2016-05-25,2016-05-25,P,1.95,2016-05-10
5084,2016-05-16 10:15:00,2016-05-16,0.0014,0.0,0.0,8746.0,0.0014,0.0014,0.0014,10000628,2016-05-25,2016-05-25,P,1.95,2016-05-10
5085,2016-05-16 10:16:00,2016-05-16,0.0014,14.0,1.0,8747.0,0.0014,0.0014,0.0014,10000628,2016-05-25,2016-05-25,P,1.95,2016-05-10
5086,2016-05-16 10:17:00,2016-05-16,0.0014,0.0,0.0,8747.0,0.0014,0.0014,0.0014,10000628,2016-05-25,2016-05-25,P,1.95,2016-05-10
5087,2016-05-16 10:18:00,2016-05-16,0.0014,0.0,0.0,8747.0,0.0014,0.0014,0.0014,10000628,2016-05-25,2016-05-25,P,1.95,2016-05-10
5088,2016-05-16 10:19:00,2016-05-16,0.0015,15.0,1.0,8748.0,0.0014,0.0015,0.0014,10000628,2016-05-25,2016-05-25,P,1.95,2016-05-10
5089,2016-05-16 10:20:00,2016-05-16,0.0015,0.0,0.0,8748.0,0.0015,0.0015,0.0015,10000628,2016-05-25,2016-05-25,P,1.95,2016-05-10
5090,2016-05-16 10:21:00,2016-05-16,0.0015,0.0,0.0,8748.0,0.0015,0.0015,0.0015,10000628,2016-05-25,2016-05-25,P,1.95,2016-05-10
5091,2016-05-16 10:22:00,2016-05-16,0.0015,0.0,0.0,8748.0,0.0015,0.0015,0.0015,10000628,2016-05-25,2016-05-25,P,1.95,2016-05-10
5092,2016-05-16 10:23:00,2016-05-16,0.0015,0.0,0.0,8748.0,0.0015,0.0015,0.0015,10000628,2016-05-25,2016-05-25,P,1.95,2016-05-10
5093,2016-05-16 10:24:00,2016-05-16,0.0015,262.0,18.0,8766.0,0.0015,0.0015,0.0014,10000628,2016-05-25,2016-05-25,P,1.95,2016-05-10
5094,2016-05-16 10:25:00,2016-05-16,0.0015,336.0,24.0,8790.0,0.0015,0.0014,0.0014,10000628,2016-05-25,2016-05-25,P,1.95,2016-05-10
5095,2016-05-16 10:26:00,2016-05-16,0.0015,206.0,14.0,8804.0,0.0014,0.0014,0.0014,10000628,2016-05-25,2016-05-25,P,1.95,2016-05-10
5096,2016-05-16 10:27:00,2016-05-16,0.0014,0.0,0.0,8804.0,0.0014,0.0014,0.0014,10000628,2016-05-25,2016-05-25,P,1.95,2016-05-10
5097,2016-05-16 10:28:00,2016-05-16,0.0014,84.0,6.0,8804.0,0.0014,0.0014,0.0014,10000628,2016-05-25,2016-05-25,P,1.95,2016-05-10
5098,2016-05-16 10:29:00,2016-05-16,0.0014,65.0,5.0,8804.0,0.0014,0.0013,0.0013,10000628,2016-05-25,2016-05-25,P,1.95,2016-05-10
5099,2016-05-16 10:30:00,2016-05-16,0.0014,140.0,10.0,8794.0,0.0013,0.0014,0.0013,10000628,2016-05-25,2016-05-25,P,1.95,2016-05-10
5100,2016-05-16 10:31:00,2016-05-16,0.0014,0.0,0.0,8794.0,0.0014,0.0014,0.0014,10000628,2016-05-25,2016-05-25,P,1.95,2016-05-10
5101,2016-05-16 10:32:00,2016-05-16,0.0014,0.0,0.0,8794.0,0.0014,0.0014,0.0014,10000628,2016-05-25,2016-05-25,P,1.95,2016-05-10
5102,2016-05-16 10:33:00,2016-05-16,0.0014,0.0,0.0,8794.0,0.0014,0.0014,0.0014,10000628,2016-05-25,2016-05-25,P,1.95,2016-05-10
5103,2016-05-16 10:34:00,2016-05-16,0.0014,0.0,0.0,8794.0,0.0014,0.0014,0.0014,10000628,2016-05-25,2016-05-25,P,1.95,2016-05-10
5104,2016-05-16 10:35:00,2016-05-16,0.0014,0.0,0.0,8794.0,0.0014,0.0014,0.0014,10000628,2016-05-25,2016-05-25,P,1.95,2016-05-10
5105,2016-05-16 10:36:00,2016-05-16,0.0014,0.0,0.0,8794.0,0.0014,0.0014,0.0014,10000628,2016-05-25,2016-05-25,P,1.95,2016-05-10
5106,2016-05-16 10:37:00,2016-05-16,0.0014,0.0,0.0,8794.0,0.0014,0.0014,0.0014,10000628,2016-05-25,2016-05-25,P,1.95,2016-05-10
5107,2016-05-16 10:38:00,2016-05-16,0.0014,1080.0,90.0,8794.0,0.0014,0.0012,0.0012,10000628,2016-05-25,2016-05-25,P,1.95,2016-05-10
5108,2016-05-16 10:39:00,2016-05-16,0.0012,720.0,60.0,8794.0,0.0012,0.0012,0.0012,10000628,2016-05-25,2016-05-25,P,1.95,2016-05-10
5109,2016-05-16 10:40:00,2016-05-16,0.0013,1590.0,140.0,8790.0,0.0012,0.0011,0.0011,10000628,2016-05-25,2016-05-25,P,1.95,2016-05-10
5110,2016-05-16 10:41:00,2016-05-16,0.0012,1676.0,148.0,8696.0,0.0011,0.0011,0.0011,10000628,2016-05-25,2016-05-25,P,1.95,2016-05-10
5111,2016-05-16 10:42:00,2016-05-16,0.0011,1001.0,91.0,8646.0,0.0011,0.0011,0.0011,10000628,2016-05-25,2016-05-25,P,1.95,2016-05-10
5112,2016-05-16 10:43:00,2016-05-16,0.0011,22.0,2.0,8648.0,0.0011,0.0011,0.0011,10000628,2016-05-25,2016-05-25,P,1.95,2016-05-10
5113,2016-05-16 10:44:00,2016-05-16,0.0011,0.0,0.0,8648.0,0.0011,0.0011,0.0011,10000628,2016-05-25,2016-05-25,P,1.95,2016-05-10
5114,2016-05-16 10:45:00,2016-05-16,0.0011,0.0,0.0,8648.0,0.0011,0.0011,0.0011,10000628,2016-05-25,2016-05-25,P,1.95,2016-05-10
5115,2016-05-16 10:46:00,2016-05-16,0.0011,0.0,0.0,8648.0,0.0011,0.0011,0.0011,10000628,2016-05-25,2016-05-25,P,1.95,2016-05-10
5116,2016-05-16 10:47:00,2016-05-16,0.0011,110.0,10.0,8648.0,0.0011,0.0011,0.0011,10000628,2016-05-25,2016-05-25,P,1.95,2016-05-10
5117,2016-05-16 10:48:00,2016-05-16,0.0011,0.0,0.0,8648.0,0.0011,0.0011,0.0011,10000628,2016-05-25,2016-05-25,P,1.95,2016-05-10
5118,2016-05-16 10:49:00,2016-05-16,0.0011,0.0,0.0,8648.0,0.0011,0.0011,0.0011,10000628,2016-05-25,2016-05-25,P,1.95,2016-05-10
5119,2016-05-16 10:50:00,2016-05-16,0.0011,110.0,10.0,8638.0,0.0011,0.0011,0.0011,10000628,2016-05-25,2016-05-25,P,1.95,2016-05-10
5120,2016-05-16 10:51:00,2016-05-16,0.0011,380.0,38.0,8642.0,0.0011,0.001,0.001,10000628,2016-05-25,2016-05-25,P,1.95,2016-05-10
5121,2016-05-16 10:52:00,2016-05-16,0.001,450.0,45.0,8642.0,0.001,0.001,0.001,10000628,2016-05-25,2016-05-25,P,1.95,2016-05-10
5122,2016-05-16 10:53:00,2016-05-16,0.001,1300.0,130.0,8638.0,0.001,0.001,0.001,10000628,2016-05-25,2016-05-25,P,1.95,2016-05-10
5123,2016-05-16 10:54:00,2016-05-16,0.001,0.0,0.0,8638.0,0.001,0.001,0.001,10000628,2016-05-25,2016-05-25,P,1.95,2016-05-10
5124,2016-05-16 10:55:00,2016-05-16,0.001,0.0,0.0,8638.0,0.001,0.001,0.001,10000628,2016-05-25,2016-05-25,P,1.95,2016-05-10
5125,2016-05-16 10:56:00,2016-05-16,0.001,1090.0,109.0,8638.0,0.001,0.001,0.001,10000628,2016-05-25,2016-05-25,P,1.95,2016-05-10
5126,2016-05-16 10:57:00,2016-05-16,0.001,0.0,0.0,8638.0,0.001,0.001,0.001,10000628,2016-05-25,2016-05-25,P,1.95,2016-05-10
5127,2016-05-16 10:58:00,2016-05-16,0.001,200.0,20.0,8638.0,0.001,0.001,0.001,10000628,2016-05-25,2016-05-25,P,1.95,2016-05-10
5128,2016-05-16 10:59:00,2016-05-16,0.001,200.0,20.0,8638.0,0.001,0.001,0.001,10000628,2016-05-25,2016-05-25,P,1.95,2016-05-10
5129,2016-05-16 11:00:00,2016-05-16,0.001,215.0,24.0,8638.0,0.001,0.0008,0.0008,10000628,2016-05-25,2016-05-25,P,1.95,2016-05-10
5130,2016-05-16 11:01:00,2016-05-16,0.0008,0.0,0.0,8638.0,0.0008,0.0008,0.0008,10000628,2016-05-25,2016-05-25,P,1.95,2016-05-10
5131,2016-05-16 11:02:00,2016-05-16,0.0008,0.0,0.0,8638.0,0.0008,0.0008,0.0008,10000628,2016-05-25,2016-05-25,P,1.95,2016-05-10
5132,2016-05-16 11:03:00,2016-05-16,0.0008,8.0,1.0,8639.0,0.0008,0.0008,0.0008,10000628,2016-05-25,2016-05-25,P,1.95,2016-05-10
5133,2016-05-16 11:04:00,2016-05-16,0.0008,0.0,0.0,8639.0,0.0008,0.0008,0.0008,10000628,2016-05-25,2016-05-25,P,1.95,2016-05-10
5134,2016-05-16 11:05:00,2016-05-16,0.0008,0.0,0.0,8639.0,0.0008,0.0008,0.0008,10000628,2016-05-25,2016-05-25,P,1.95,2016-05-10
5135,2016-05-16 11:06:00,2016-05-16,0.0009,9.0,1.0,8640.0,0.0008,0.0009,0.0008,10000628,2016-05-25,2016-05-25,P,1.95,2016-05-10
5136,2016-05-16 11:07:00,2016-05-16,0.0009,0.0,0.0,8640.0,0.0009,0.0009,0.0009,10000628,2016-05-25,2016-05-25,P,1.95,2016-05-10
5137,2016-05-16 11:08:00,2016-05-16,0.0009,0.0,0.0,8640.0,0.0009,0.0009,0.0009,10000628,2016-05-25,2016-05-25,P,1.95,2016-05-10
5138,2016-05-16 11:09:00,2016-05-16,0.001,30.0,3.0,8637.0,0.0009,0.001,0.0009,10000628,2016-05-25,2016-05-25,P,1.95,2016-05-10
5139,2016-05-16 11:10:00,2016-05-16,0.001,0.0,0.0,8637.0,0.001,0.001,0.001,10000628,2016-05-25,2016-05-25,P,1.95,2016-05-10
5140,2016-05-16 11:11:00,2016-05-16,0.001,220.0,24.0,8653.0,0.001,0.0009,0.0009,10000628,2016-05-25,2016-05-25,P,1.95,2016-05-10
5141,2016-05-16 11:12:00,2016-05-16,0.0009,0.0,0.0,8653.0,0.0009,0.0009,0.0009,10000628,2016-05-25,2016-05-25,P,1.95,2016-05-10
5142,2016-05-16 11:13:00,2016-05-16,0.0009,0.0,0.0,8653.0,0.0009,0.0009,0.0009,10000628,2016-05-25,2016-05-25,P,1.95,2016-05-10
5143,2016-05-16 11:14:00,2016-05-16,0.0009,180.0,20.0,8643.0,0.0009,0.0009,0.0009,10000628,2016-05-25,2016-05-25,P,1.95,2016-05-10
5144,2016-05-16 11:15:00,2016-05-16,0.0009,0.0,0.0,8643.0,0.0009,0.0009,0.0009,10000628,2016-05-25,2016-05-25,P,1.95,2016-05-10
5145,2016-05-16 11:16:00,2016-05-16,0.0009,0.0,0.0,8643.0,0.0009,0.0009,0.0009,10000628,2016-05-25,2016-05-25,P,1.95,2016-05-10
5146,2016-05-16 11:17:00,2016-05-16,0.0009,0.0,0.0,8643.0,0.0009,0.0009,0.0009,10000628,2016-05-25,2016-05-25,P,1.95,2016-05-10
5147,2016-05-16 11:18:00,2016-05-16,0.0009,0.0,0.0,8643.0,0.0009,0.0009,0.0009,10000628,2016-05-25,2016-05-25,P,1.95,2016-05-10
5148,2016-05-16 11:19:00,2016-05-16,0.0009,0.0,0.0,8643.0,0.0009,0.0009,0.0009,10000628,2016-05-25,2016-05-25,P,1.95,2016-05-10
5149,2016-05-16 11:20:00,2016-05-16,0.0009,0.0,0.0,8643.0,0.0009,0.0009,0.0009,10000628,2016-05-25,2016-05-25,P,1.95,2016-05-10
5150,2016-05-16 11:21:00,2016-05-16,0.0009,0.0,0.0,8643.0,0.0009,0.0009,0.0009,10000628,2016-05-25,2016-05-25,P,1.95,2016-05-10
5151,2016-05-16 11:22:00,2016-05-16,0.0009,0.0,0.0,8643.0,0.0009,0.0009,0.0009,10000628,2016-05-25,2016-05-25,P,1.95,2016-05-10
5152,2016-05-16 11:23:00,2016-05-16,0.0009,0.0,0.0,8643.0,0.0009,0.0009,0.0009,10000628,2016-05-25,2016-05-25,P,1.95,2016-05-10
5153,2016-05-16 11:24:00,2016-05-16,0.0009,0.0,0.0,8643.0,0.0009,0.0009,0.0009,10000628,2016-05-25,2016-05-25,P,1.95,2016-05-10
5154,2016-05-16 11:25:00,2016-05-16,0.0009,0.0,0.0,8643.0,0.0009,0.0009,0.0009,10000628,2016-05-25,2016-05-25,P,1.95,2016-05-10
5155,2016-05-16 11:26:00,2016-05-16,0.0009,0.0,0.0,8643.0,0.0009,0.0009,0.0009,10000628,2016-05-25,2016-05-25,P,1.95,2016-05-10
5156,2016-05-16 11:27:00,2016-05-16,0.0009,0.0,0.0,8643.0,0.0009,0.0009,0.0009,10000628,2016-05-25,2016-05-25,P,1.95,2016-05-10
5157,2016-05-16 11:28:00,2016-05-16,0.0009,0.0,0.0,8643.0,0.0009,0.0009,0.0009,10000628,2016-05-25,2016-05-25,P,1.95,2016-05-10
5158,2016-05-16 11:29:00,2016-05-16,0.0009,180.0,20.0,8663.0,0.0009,0.0009,0.0009,10000628,2016-05-25,2016-05-25,P,1.95,2016-05-10
5159,2016-05-16 11:30:00,2016-05-16,0.0009,180.0,20.0,8653.0,0.0009,0.0009,0.0009,10000628,2016-05-25,2016-05-25,P,1.95,2016-05-10
5160,2016-05-16 13:01:00,2016-05-16,0.001,569.0,61.0,8622.0,0.0009,0.0008,0.0008,10000628,2016-05-25,2016-05-25,P,1.95,2016-05-10
5161,2016-05-16 13:02:00,2016-05-16,0.0009,162.0,18.0,8625.0,0.0008,0.0009,0.0008,10000628,2016-05-25,2016-05-25,P,1.95,2016-05-10
5162,2016-05-16 13:03:00,2016-05-16,0.0009,0.0,0.0,8625.0,0.0009,0.0009,0.0009,10000628,2016-05-25,2016-05-25,P,1.95,2016-05-10
5163,2016-05-16 13:04:00,2016-05-16,0.0009,0.0,0.0,8625.0,0.0009,0.0009,0.0009,10000628,2016-05-25,2016-05-25,P,1.95,2016-05-10
5164,2016-05-16 13:05:00,2016-05-16,0.0009,0.0,0.0,8625.0,0.0009,0.0009,0.0009,10000628,2016-05-25,2016-05-25,P,1.95,2016-05-10
5165,2016-05-16 13:06:00,2016-05-16,0.0009,0.0,0.0,8625.0,0.0009,0.0009,0.0009,10000628,2016-05-25,2016-05-25,P,1.95,2016-05-10
5166,2016-05-16 13:07:00,2016-05-16,0.0009,0.0,0.0,8625.0,0.0009,0.0009,0.0009,10000628,2016-05-25,2016-05-25,P,1.95,2016-05-10
5167,2016-05-16 13:08:00,2016-05-16,0.0009,0.0,0.0,8625.0,0.0009,0.0009,0.0009,10000628,2016-05-25,2016-05-25,P,1.95,2016-05-10
5168,2016-05-16 13:09:00,2016-05-16,0.0009,0.0,0.0,8625.0,0.0009,0.0009,0.0009,10000628,2016-05-25,2016-05-25,P,1.95,2016-05-10
5169,2016-05-16 13:10:00,2016-05-16,0.0009,0.0,0.0,8625.0,0.0009,0.0009,0.0009,10000628,2016-05-25,2016-05-25,P,1.95,2016-05-10
5170,2016-05-16 13:11:00,2016-05-16,0.0009,0.0,0.0,8625.0,0.0009,0.0009,0.0009,10000628,2016-05-25,2016-05-25,P,1.95,2016-05-10
5171,2016-05-16 13:12:00,2016-05-16,0.0009,0.0,0.0,8625.0,0.0009,0.0009,0.0009,10000628,2016-05-25,2016-05-25,P,1.95,2016-05-10
5172,2016-05-16 13:13:00,2016-05-16,0.0009,0.0,0.0,8625.0,0.0009,0.0009,0.0009,10000628,2016-05-25,2016-05-25,P,1.95,2016-05-10
5173,2016-05-16 13:14:00,2016-05-16,0.0009,0.0,0.0,8625.0,0.0009,0.0009,0.0009,10000628,2016-05-25,2016-05-25,P,1.95,2016-05-10
5174,2016-05-16 13:15:00,2016-05-16,0.0009,0.0,0.0,8625.0,0.0009,0.0009,0.0009,10000628,2016-05-25,2016-05-25,P,1.95,2016-05-10
5175,2016-05-16 13:16:00,2016-05-16,0.0009,0.0,0.0,8625.0,0.0009,0.0009,0.0009,10000628,2016-05-25,2016-05-25,P,1.95,2016-05-10
5176,2016-05-16 13:17:00,2016-05-16,0.0009,0.0,0.0,8625.0,0.0009,0.0009,0.0009,10000628,2016-05-25,2016-05-25,P,1.95,2016-05-10
5177,2016-05-16 13:18:00,2016-05-16,0.0009,0.0,0.0,8625.0,0.0009,0.0009,0.0009,10000628,2016-05-25,2016-05-25,P,1.95,2016-05-10
5178,2016-05-16 13:19:00,2016-05-16,0.001,30.0,3.0,8625.0,0.0009,0.001,0.0009,10000628,2016-05-25,2016-05-25,P,1.95,2016-05-10
5179,2016-05-16 13:20:00,2016-05-16,0.001,20.0,2.0,8625.0,0.001,0.001,0.001,10000628,2016-05-25,2016-05-25,P,1.95,2016-05-10
5180,2016-05-16 13:21:00,2016-05-16,0.001,0.0,0.0,8625.0,0.001,0.001,0.001,10000628,2016-05-25,2016-05-25,P,1.95,2016-05-10
5181,2016-05-16 13:22:00,2016-05-16,0.001,0.0,0.0,8625.0,0.001,0.001,0.001,10000628,2016-05-25,2016-05-25,P,1.95,2016-05-10
5182,2016-05-16 13:23:00,2016-05-16,0.001,100.0,10.0,8635.0,0.001,0.001,0.001,10000628,2016-05-25,2016-05-25,P,1.95,2016-05-10
5183,2016-05-16 13:24:00,2016-05-16,0.001,0.0,0.0,8635.0,0.001,0.001,0.001,10000628,2016-05-25,2016-05-25,P,1.95,2016-05-10
5184,2016-05-16 13:25:00,2016-05-16,0.001,0.0,0.0,8635.0,0.001,0.001,0.001,10000628,2016-05-25,2016-05-25,P,1.95,2016-05-10
5185,2016-05-16 13:26:00,2016-05-16,0.0011,110.0,10.0,8645.0,0.001,0.0011,0.001,10000628,2016-05-25,2016-05-25,P,1.95,2016-05-10
5186,2016-05-16 13:27:00,2016-05-16,0.0011,0.0,0.0,8645.0,0.0011,0.0011,0.0011,10000628,2016-05-25,2016-05-25,P,1.95,2016-05-10
5187,2016-05-16 13:28:00,2016-05-16,0.0011,10.0,1.0,8646.0,0.0011,0.001,0.001,10000628,2016-05-25,2016-05-25,P,1.95,2016-05-10
5188,2016-05-16 13:29:00,2016-05-16,0.001,0.0,0.0,8646.0,0.001,0.001,0.001,10000628,2016-05-25,2016-05-25,P,1.95,2016-05-10
5189,2016-05-16 13:30:00,2016-05-16,0.001,0.0,0.0,8646.0,0.001,0.001,0.001,10000628,2016-05-25,2016-05-25,P,1.95,2016-05-10
5190,2016-05-16 13:31:00,2016-05-16,0.001,210.0,21.0,8647.0,0.001,0.001,0.001,10000628,2016-05-25,2016-05-25,P,1.95,2016-05-10
5191,2016-05-16 13:32:00,2016-05-16,0.001,100.0,10.0,8637.0,0.001,0.001,0.001,10000628,2016-05-25,2016-05-25,P,1.95,2016-05-10
5192,2016-05-16 13:33:00,2016-05-16,0.001,0.0,0.0,8637.0,0.001,0.001,0.001,10000628,2016-05-25,2016-05-25,P,1.95,2016-05-10
5193,2016-05-16 13:34:00,2016-05-16,0.001,0.0,0.0,8637.0,0.001,0.001,0.001,10000628,2016-05-25,2016-05-25,P,1.95,2016-05-10
5194,2016-05-16 13:35:00,2016-05-16,0.001,0.0,0.0,8637.0,0.001,0.001,0.001,10000628,2016-05-25,2016-05-25,P,1.95,2016-05-10
5195,2016-05-16 13:36:00,2016-05-16,0.001,0.0,0.0,8637.0,0.001,0.001,0.001,10000628,2016-05-25,2016-05-25,P,1.95,2016-05-10
5196,2016-05-16 13:37:00,2016-05-16,0.001,0.0,0.0,8637.0,0.001,0.001,0.001,10000628,2016-05-25,2016-05-25,P,1.95,2016-05-10
5197,2016-05-16 13:38:00,2016-05-16,0.001,0.0,0.0,8637.0,0.001,0.001,0.001,10000628,2016-05-25,2016-05-25,P,1.95,2016-05-10
5198,2016-05-16 13:39:00,2016-05-16,0.001,0.0,0.0,8637.0,0.001,0.001,0.001,10000628,2016-05-25,2016-05-25,P,1.95,2016-05-10
5199,2016-05-16 13:40:00,2016-05-16,0.001,270.0,30.0,8627.0,0.001,0.0009,0.0009,10000628,2016-05-25,2016-05-25,P,1.95,2016-05-10
5200,2016-05-16 13:41:00,2016-05-16,0.0009,90.0,10.0,8627.0,0.0009,0.0009,0.0009,10000628,2016-05-25,2016-05-25,P,1.95,2016-05-10
5201,2016-05-16 13:42:00,2016-05-16,0.0009,0.0,0.0,8627.0,0.0009,0.0009,0.0009,10000628,2016-05-25,2016-05-25,P,1.95,2016-05-10
5202,2016-05-16 13:43:00,2016-05-16,0.0009,280.0,35.0,8627.0,0.0009,0.0008,0.0008,10000628,2016-05-25,2016-05-25,P,1.95,2016-05-10
5203,2016-05-16 13:44:00,2016-05-16,0.0008,560.0,70.0,8627.0,0.0008,0.0008,0.0008,10000628,2016-05-25,2016-05-25,P,1.95,2016-05-10
5204,2016-05-16 13:45:00,2016-05-16,0.0008,0.0,0.0,8627.0,0.0008,0.0008,0.0008,10000628,2016-05-25,2016-05-25,P,1.95,2016-05-10
5205,2016-05-16 13:46:00,2016-05-16,0.0008,0.0,0.0,8627.0,0.0008,0.0008,0.0008,10000628,2016-05-25,2016-05-25,P,1.95,2016-05-10
5206,2016-05-16 13:47:00,2016-05-16,0.0008,0.0,0.0,8627.0,0.0008,0.0008,0.0008,10000628,2016-05-25,2016-05-25,P,1.95,2016-05-10
5207,2016-05-16 13:48:00,2016-05-16,0.0008,0.0,0.0,8627.0,0.0008,0.0008,0.0008,10000628,2016-05-25,2016-05-25,P,1.95,2016-05-10
5208,2016-05-16 13:49:00,2016-05-16,0.001,110.0,11.0,8638.0,0.0008,0.001,0.0008,10000628,2016-05-25,2016-05-25,P,1.95,2016-05-10
5209,2016-05-16 13:50:00,2016-05-16,0.001,0.0,0.0,8638.0,0.001,0.001,0.001,10000628,2016-05-25,2016-05-25,P,1.95,2016-05-10
5210,2016-05-16 13:51:00,2016-05-16,0.001,0.0,0.0,8638.0,0.001,0.001,0.001,10000628,2016-05-25,2016-05-25,P,1.95,2016-05-10
5211,2016-05-16 13:52:00,2016-05-16,0.001,0.0,0.0,8638.0,0.001,0.001,0.001,10000628,2016-05-25,2016-05-25,P,1.95,2016-05-10
5212,2016-05-16 13:53:00,2016-05-16,0.001,0.0,0.0,8638.0,0.001,0.001,0.001,10000628,2016-05-25,2016-05-25,P,1.95,2016-05-10
5213,2016-05-16 13:54:00,2016-05-16,0.001,0.0,0.0,8638.0,0.001,0.001,0.001,10000628,2016-05-25,2016-05-25,P,1.95,2016-05-10
5214,2016-05-16 13:55:00,2016-05-16,0.001,0.0,0.0,8638.0,0.001,0.001,0.001,10000628,2016-05-25,2016-05-25,P,1.95,2016-05-10
5215,2016-05-16 13:56:00,2016-05-16,0.001,226.0,27.0,8638.0,0.001,0.0008,0.0008,10000628,2016-05-25,2016-05-25,P,1.95,2016-05-10
5216,2016-05-16 13:57:00,2016-05-16,0.0008,0.0,0.0,8638.0,0.0008,0.0008,0.0008,10000628,2016-05-25,2016-05-25,P,1.95,2016-05-10
5217,2016-05-16 13:58:00,2016-05-16,0.0008,8.0,1.0,8638.0,0.0008,0.0008,0.0008,10000628,2016-05-25,2016-05-25,P,1.95,2016-05-10
5218,2016-05-16 13:59:00,2016-05-16,0.0008,0.0,0.0,8638.0,0.0008,0.0008,0.0008,10000628,2016-05-25,2016-05-25,P,1.95,2016-05-10
5219,2016-05-16 14:00:00,2016-05-16,0.0008,0.0,0.0,8638.0,0.0008,0.0008,0.0008,10000628,2016-05-25,2016-05-25,P,1.95,2016-05-10
5220,2016-05-16 14:01:00,2016-05-16,0.0009,90.0,10.0,8628.0,0.0008,0.0009,0.0008,10000628,2016-05-25,2016-05-25,P,1.95,2016-05-10
5221,2016-05-16 14:02:00,2016-05-16,0.0009,0.0,0.0,8628.0,0.0009,0.0009,0.0009,10000628,2016-05-25,2016-05-25,P,1.95,2016-05-10
5222,2016-05-16 14:03:00,2016-05-16,0.0009,0.0,0.0,8628.0,0.0009,0.0009,0.0009,10000628,2016-05-25,2016-05-25,P,1.95,2016-05-10
5223,2016-05-16 14:04:00,2016-05-16,0.0009,0.0,0.0,8628.0,0.0009,0.0009,0.0009,10000628,2016-05-25,2016-05-25,P,1.95,2016-05-10
5224,2016-05-16 14:05:00,2016-05-16,0.0009,0.0,0.0,8628.0,0.0009,0.0009,0.0009,10000628,2016-05-25,2016-05-25,P,1.95,2016-05-10
5225,2016-05-16 14:06:00,2016-05-16,0.0009,0.0,0.0,8628.0,0.0009,0.0009,0.0009,10000628,2016-05-25,2016-05-25,P,1.95,2016-05-10
5226,2016-05-16 14:07:00,2016-05-16,0.001,200.0,20.0,8638.0,0.0009,0.001,0.0009,10000628,2016-05-25,2016-05-25,P,1.95,2016-05-10
5227,2016-05-16 14:08:00,2016-05-16,0.001,0.0,0.0,8638.0,0.001,0.001,0.001,10000628,2016-05-25,2016-05-25,P,1.95,2016-05-10
5228,2016-05-16 14:09:00,2016-05-16,0.001,0.0,0.0,8638.0,0.001,0.001,0.001,10000628,2016-05-25,2016-05-25,P,1.95,2016-05-10
5229,2016-05-16 14:10:00,2016-05-16,0.001,0.0,0.0,8638.0,0.001,0.001,0.001,10000628,2016-05-25,2016-05-25,P,1.95,2016-05-10
5230,2016-05-16 14:11:00,2016-05-16,0.001,0.0,0.0,8638.0,0.001,0.001,0.001,10000628,2016-05-25,2016-05-25,P,1.95,2016-05-10
5231,2016-05-16 14:12:00,2016-05-16,0.001,45.0,5.0,8643.0,0.001,0.0009,0.0009,10000628,2016-05-25,2016-05-25,P,1.95,2016-05-10
5232,2016-05-16 14:13:00,2016-05-16,0.0009,0.0,0.0,8643.0,0.0009,0.0009,0.0009,10000628,2016-05-25,2016-05-25,P,1.95,2016-05-10
5233,2016-05-16 14:14:00,2016-05-16,0.0009,0.0,0.0,8643.0,0.0009,0.0009,0.0009,10000628,2016-05-25,2016-05-25,P,1.95,2016-05-10
5234,2016-05-16 14:15:00,2016-05-16,0.0009,0.0,0.0,8643.0,0.0009,0.0009,0.0009,10000628,2016-05-25,2016-05-25,P,1.95,2016-05-10
5235,2016-05-16 14:16:00,2016-05-16,0.0011,237.0,22.0,8647.0,0.0009,0.0011,0.0009,10000628,2016-05-25,2016-05-25,P,1.95,2016-05-10
5236,2016-05-16 14:17:00,2016-05-16,0.0011,143.0,13.0,8637.0,0.0011,0.0011,0.0011,10000628,2016-05-25,2016-05-25,P,1.95,2016-05-10
5237,2016-05-16 14:18:00,2016-05-16,0.0011,0.0,0.0,8637.0,0.0011,0.0011,0.0011,10000628,2016-05-25,2016-05-25,P,1.95,2016-05-10
5238,2016-05-16 14:19:00,2016-05-16,0.0011,0.0,0.0,8637.0,0.0011,0.0011,0.0011,10000628,2016-05-25,2016-05-25,P,1.95,2016-05-10
5239,2016-05-16 14:20:00,2016-05-16,0.0011,0.0,0.0,8637.0,0.0011,0.0011,0.0011,10000628,2016-05-25,2016-05-25,P,1.95,2016-05-10
5240,2016-05-16 14:21:00,2016-05-16,0.0011,0.0,0.0,8637.0,0.0011,0.0011,0.0011,10000628,2016-05-25,2016-05-25,P,1.95,2016-05-10
5241,2016-05-16 14:22:00,2016-05-16,0.0011,190.0,20.0,8637.0,0.0011,0.0009,0.0009,10000628,2016-05-25,2016-05-25,P,1.95,2016-05-10
5242,2016-05-16 14:23:00,2016-05-16,0.0011,160.0,15.0,8637.0,0.0009,0.0011,0.0009,10000628,2016-05-25,2016-05-25,P,1.95,2016-05-10
5243,2016-05-16 14:24:00,2016-05-16,0.0011,0.0,0.0,8637.0,0.0011,0.0011,0.0011,10000628,2016-05-25,2016-05-25,P,1.95,2016-05-10
5244,2016-05-16 14:25:00,2016-05-16,0.0011,0.0,0.0,8637.0,0.0011,0.0011,0.0011,10000628,2016-05-25,2016-05-25,P,1.95,2016-05-10
5245,2016-05-16 14:26:00,2016-05-16,0.0011,0.0,0.0,8637.0,0.0011,0.0011,0.0011,10000628,2016-05-25,2016-05-25,P,1.95,2016-05-10
5246,2016-05-16 14:27:00,2016-05-16,0.0011,550.0,50.0,8637.0,0.0011,0.0011,0.0011,10000628,2016-05-25,2016-05-25,P,1.95,2016-05-10
5247,2016-05-16 14:28:00,2016-05-16,0.0011,330.0,30.0,8607.0,0.0011,0.0011,0.0011,10000628,2016-05-25,2016-05-25,P,1.95,2016-05-10
5248,2016-05-16 14:29:00,2016-05-16,0.0011,0.0,0.0,8607.0,0.0011,0.0011,0.0011,10000628,2016-05-25,2016-05-25,P,1.95,2016-05-10
5249,2016-05-16 14:30:00,2016-05-16,0.0011,0.0,0.0,8607.0,0.0011,0.0011,0.0011,10000628,2016-05-25,2016-05-25,P,1.95,2016-05-10
5250,2016-05-16 14:31:00,2016-05-16,0.0011,0.0,0.0,8607.0,0.0011,0.0011,0.0011,10000628,2016-05-25,2016-05-25,P,1.95,2016-05-10
5251,2016-05-16 14:32:00,2016-05-16,0.0011,16.0,2.0,8609.0,0.0011,0.0008,0.0008,10000628,2016-05-25,2016-05-25,P,1.95,2016-05-10
5252,2016-05-16 14:33:00,2016-05-16,0.0008,600.0,75.0,8612.0,0.0008,0.0008,0.0008,10000628,2016-05-25,2016-05-25,P,1.95,2016-05-10
5253,2016-05-16 14:34:00,2016-05-16,0.0008,80.0,10.0,8612.0,0.0008,0.0008,0.0008,10000628,2016-05-25,2016-05-25,P,1.95,2016-05-10
5254,2016-05-16 14:35:00,2016-05-16,0.0008,80.0,10.0,8612.0,0.0008,0.0008,0.0008,10000628,2016-05-25,2016-05-25,P,1.95,2016-05-10
5255,2016-05-16 14:36:00,2016-05-16,0.0008,240.0,30.0,8612.0,0.0008,0.0008,0.0008,10000628,2016-05-25,2016-05-25,P,1.95,2016-05-10
5256,2016-05-16 14:37:00,2016-05-16,0.0008,7.0,1.0,8613.0,0.0008,0.0007,0.0007,10000628,2016-05-25,2016-05-25,P,1.95,2016-05-10
5257,2016-05-16 14:38:00,2016-05-16,0.0007,0.0,0.0,8613.0,0.0007,0.0007,0.0007,10000628,2016-05-25,2016-05-25,P,1.95,2016-05-10
5258,2016-05-16 14:39:00,2016-05-16,0.0007,0.0,0.0,8613.0,0.0007,0.0007,0.0007,10000628,2016-05-25,2016-05-25,P,1.95,2016-05-10
5259,2016-05-16 14:40:00,2016-05-16,0.0008,80.0,10.0,8613.0,0.0007,0.0008,0.0007,10000628,2016-05-25,2016-05-25,P,1.95,2016-05-10
5260,2016-05-16 14:41:00,2016-05-16,0.0008,16.0,2.0,8613.0,0.0008,0.0008,0.0008,10000628,2016-05-25,2016-05-25,P,1.95,2016-05-10
5261,2016-05-16 14:42:00,2016-05-16,0.0008,70.0,10.0,8623.0,0.0008,0.0007,0.0007,10000628,2016-05-25,2016-05-25,P,1.95,2016-05-10
5262,2016-05-16 14:43:00,2016-05-16,0.0007,0.0,0.0,8623.0,0.0007,0.0007,0.0007,10000628,2016-05-25,2016-05-25,P,1.95,2016-05-10
5263,2016-05-16 14:44:00,2016-05-16,0.0007,0.0,0.0,8623.0,0.0007,0.0007,0.0007,10000628,2016-05-25,2016-05-25,P,1.95,2016-05-10
5264,2016-05-16 14:45:00,2016-05-16,0.0007,0.0,0.0,8623.0,0.0007,0.0007,0.0007,10000628,2016-05-25,2016-05-25,P,1.95,2016-05-10
5265,2016-05-16 14:46:00,2016-05-16,0.0007,0.0,0.0,8623.0,0.0007,0.0007,0.0007,10000628,2016-05-25,2016-05-25,P,1.95,2016-05-10
5266,2016-05-16 14:47:00,2016-05-16,0.0007,0.0,0.0,8623.0,0.0007,0.0007,0.0007,10000628,2016-05-25,2016-05-25,P,1.95,2016-05-10
5267,2016-05-16 14:48:00,2016-05-16,0.0007,0.0,0.0,8623.0,0.0007,0.0007,0.0007,10000628,2016-05-25,2016-05-25,P,1.95,2016-05-10
5268,2016-05-16 14:49:00,2016-05-16,0.0007,14.0,2.0,8625.0,0.0007,0.0007,0.0007,10000628,2016-05-25,2016-05-25,P,1.95,2016-05-10
5269,2016-05-16 14:50:00,2016-05-16,0.0007,0.0,0.0,8625.0,0.0007,0.0007,0.0007,10000628,2016-05-25,2016-05-25,P,1.95,2016-05-10
5270,2016-05-16 14:51:00,2016-05-16,0.0007,0.0,0.0,8625.0,0.0007,0.0007,0.0007,10000628,2016-05-25,2016-05-25,P,1.95,2016-05-10
5271,2016-05-16 14:52:00,2016-05-16,0.0008,40.0,5.0,8620.0,0.0008,0.0008,0.0008,10000628,2016-05-25,2016-05-25,P,1.95,2016-05-10
5272,2016-05-16 14:53:00,2016-05-16,0.0007,70.0,10.0,8620.0,0.0007,0.0007,0.0007,10000628,2016-05-25,2016-05-25,P,1.95,2016-05-10
5273,2016-05-16 14:54:00,2016-05-16,0.0007,70.0,10.0,8620.0,0.0007,0.0007,0.0007,10000628,2016-05-25,2016-05-25,P,1.95,2016-05-10
5274,2016-05-16 14:55:00,2016-05-16,0.0008,120.0,15.0,8620.0,0.0007,0.0008,0.0007,10000628,2016-05-25,2016-05-25,P,1.95,2016-05-10
5275,2016-05-16 14:56:00,2016-05-16,0.0008,0.0,0.0,8620.0,0.0008,0.0008,0.0008,10000628,2016-05-25,2016-05-25,P,1.95,2016-05-10
5276,2016-05-16 14:57:00,2016-05-16,0.0008,80.0,10.0,8630.0,0.0008,0.0008,0.0008,10000628,2016-05-25,2016-05-25,P,1.95,2016-05-10
5277,2016-05-16 14:58:00,2016-05-16,0.0008,0.0,0.0,8630.0,0.0008,0.0008,0.0008,10000628,2016-05-25,2016-05-25,P,1.95,2016-05-10
5278,2016-05-16 14:59:00,2016-05-16,0.0008,0.0,0.0,8630.0,0.0008,0.0008,0.0008,10000628,2016-05-25,2016-05-25,P,1.95,2016-05-10
5279,2016-05-16 15:00:00,2016-05-16,0.0008,0.0,0.0,8630.0,0.0008,0.0008,0.0008,10000628,2016-05-25,2016-05-25,P,1.95,2016-05-10
5280,2016-05-16 09:31:00,2016-05-16,0.268,59843.0,23.0,7372.0,0.2588,0.2593,0.258,10000567,2016-06-22,2016-06-22,C,1.8,2016-01-29
5281,2016-05-16 09:32:00,2016-05-16,0.2599,10339.0,4.0,7373.0,0.2593,0.258,0.258,10000567,2016-06-22,2016-06-22,C,1.8,2016-01-29
5282,2016-05-16 09:33:00,2016-05-16,0.258,7701.0,3.0,7373.0,0.258,0.2567,0.2567,10000567,2016-06-22,2016-06-22,C,1.8,2016-01-29
5283,2016-05-16 09:34:00,2016-05-16,0.2567,0.0,0.0,7373.0,0.2567,0.2567,0.2567,10000567,2016-06-22,2016-06-22,C,1.8,2016-01-29
5284,2016-05-16 09:35:00,2016-05-16,0.2567,2560.0,1.0,7374.0,0.2567,0.256,0.256,10000567,2016-06-22,2016-06-22,C,1.8,2016-01-29
5285,2016-05-16 09:36:00,2016-05-16,0.26,10399.0,4.0,7374.0,0.2599,0.26,0.2599,10000567,2016-06-22,2016-06-22,C,1.8,2016-01-29
5286,2016-05-16 09:37:00,2016-05-16,0.262,31434.0,12.0,7373.0,0.26,0.262,0.26,10000567,2016-06-22,2016-06-22,C,1.8,2016-01-29
5287,2016-05-16 09:38:00,2016-05-16,0.262,0.0,0.0,7373.0,0.262,0.262,0.262,10000567,2016-06-22,2016-06-22,C,1.8,2016-01-29
5288,2016-05-16 09:39:00,2016-05-16,0.262,15672.0,6.0,7373.0,0.262,0.2612,0.2612,10000567,2016-06-22,2016-06-22,C,1.8,2016-01-29
5289,2016-05-16 09:40:00,2016-05-16,0.2612,0.0,0.0,7373.0,0.2612,0.2612,0.2612,10000567,2016-06-22,2016-06-22,C,1.8,2016-01-29
5290,2016-05-16 09:41:00,2016-05-16,0.2612,15564.0,6.0,7373.0,0.2612,0.2594,0.2594,10000567,2016-06-22,2016-06-22,C,1.8,2016-01-29
5291,2016-05-16 09:42:00,2016-05-16,0.2597,10298.0,4.0,7373.0,0.2594,0.2552,0.2552,10000567,2016-06-22,2016-06-22,C,1.8,2016-01-29
5292,2016-05-16 09:43:00,2016-05-16,0.2552,0.0,0.0,7373.0,0.2552,0.2552,0.2552,10000567,2016-06-22,2016-06-22,C,1.8,2016-01-29
5293,2016-05-16 09:44:00,2016-05-16,0.2552,0.0,0.0,7373.0,0.2552,0.2552,0.2552,10000567,2016-06-22,2016-06-22,C,1.8,2016-01-29
5294,2016-05-16 09:45:00,2016-05-16,0.2558,25580.0,10.0,7363.0,0.2552,0.2558,0.2552,10000567,2016-06-22,2016-06-22,C,1.8,2016-01-29
5295,2016-05-16 09:46:00,2016-05-16,0.2558,0.0,0.0,7363.0,0.2558,0.2558,0.2558,10000567,2016-06-22,2016-06-22,C,1.8,2016-01-29
5296,2016-05-16 09:47:00,2016-05-16,0.2558,20372.0,8.0,7357.0,0.2558,0.2545,0.2545,10000567,2016-06-22,2016-06-22,C,1.8,2016-01-29
5297,2016-05-16 09:48:00,2016-05-16,0.2545,0.0,0.0,7357.0,0.2545,0.2545,0.2545,10000567,2016-06-22,2016-06-22,C,1.8,2016-01-29
5298,2016-05-16 09:49:00,2016-05-16,0.2545,0.0,0.0,7357.0,0.2545,0.2545,0.2545,10000567,2016-06-22,2016-06-22,C,1.8,2016-01-29
5299,2016-05-16 09:50:00,2016-05-16,0.2545,0.0,0.0,7357.0,0.2545,0.2545,0.2545,10000567,2016-06-22,2016-06-22,C,1.8,2016-01-29
5300,2016-05-16 09:51:00,2016-05-16,0.2545,0.0,0.0,7357.0,0.2545,0.2545,0.2545,10000567,2016-06-22,2016-06-22,C,1.8,2016-01-29
5301,2016-05-16 09:52:00,2016-05-16,0.255,2550.0,1.0,7358.0,0.2545,0.255,0.2545,10000567,2016-06-22,2016-06-22,C,1.8,2016-01-29
5302,2016-05-16 09:53:00,2016-05-16,0.255,108322.0,43.0,7381.0,0.255,0.25,0.25,10000567,2016-06-22,2016-06-22,C,1.8,2016-01-29
5303,2016-05-16 09:54:00,2016-05-16,0.2509,69835.0,28.0,7379.0,0.25,0.2494,0.248,10000567,2016-06-22,2016-06-22,C,1.8,2016-01-29
5304,2016-05-16 09:55:00,2016-05-16,0.2494,7479.0,3.0,7382.0,0.2494,0.2493,0.2493,10000567,2016-06-22,2016-06-22,C,1.8,2016-01-29
5305,2016-05-16 09:56:00,2016-05-16,0.2493,0.0,0.0,7382.0,0.2493,0.2493,0.2493,10000567,2016-06-22,2016-06-22,C,1.8,2016-01-29
5306,2016-05-16 09:57:00,2016-05-16,0.2514,25140.0,10.0,7392.0,0.2493,0.2514,0.2493,10000567,2016-06-22,2016-06-22,C,1.8,2016-01-29
5307,2016-05-16 09:58:00,2016-05-16,0.2514,2507.0,1.0,7393.0,0.2514,0.2507,0.2507,10000567,2016-06-22,2016-06-22,C,1.8,2016-01-29
5308,2016-05-16 09:59:00,2016-05-16,0.2507,0.0,0.0,7393.0,0.2507,0.2507,0.2507,10000567,2016-06-22,2016-06-22,C,1.8,2016-01-29
5309,2016-05-16 10:00:00,2016-05-16,0.2507,0.0,0.0,7393.0,0.2507,0.2507,0.2507,10000567,2016-06-22,2016-06-22,C,1.8,2016-01-29
5310,2016-05-16 10:01:00,2016-05-16,0.2507,24972.0,10.0,7395.0,0.2507,0.2505,0.2482,10000567,2016-06-22,2016-06-22,C,1.8,2016-01-29
5311,2016-05-16 10:02:00,2016-05-16,0.2505,0.0,0.0,7395.0,0.2505,0.2505,0.2505,10000567,2016-06-22,2016-06-22,C,1.8,2016-01-29
5312,2016-05-16 10:03:00,2016-05-16,0.2505,0.0,0.0,7395.0,0.2505,0.2505,0.2505,10000567,2016-06-22,2016-06-22,C,1.8,2016-01-29
5313,2016-05-16 10:04:00,2016-05-16,0.2505,0.0,0.0,7395.0,0.2505,0.2505,0.2505,10000567,2016-06-22,2016-06-22,C,1.8,2016-01-29
5314,2016-05-16 10:05:00,2016-05-16,0.2505,0.0,0.0,7395.0,0.2505,0.2505,0.2505,10000567,2016-06-22,2016-06-22,C,1.8,2016-01-29
5315,2016-05-16 10:06:00,2016-05-16,0.2505,0.0,0.0,7395.0,0.2505,0.2505,0.2505,10000567,2016-06-22,2016-06-22,C,1.8,2016-01-29
5316,2016-05-16 10:07:00,2016-05-16,0.2505,0.0,0.0,7395.0,0.2505,0.2505,0.2505,10000567,2016-06-22,2016-06-22,C,1.8,2016-01-29
5317,2016-05-16 10:08:00,2016-05-16,0.2541,5082.0,2.0,7397.0,0.2505,0.2541,0.2505,10000567,2016-06-22,2016-06-22,C,1.8,2016-01-29
5318,2016-05-16 10:09:00,2016-05-16,0.2541,0.0,0.0,7397.0,0.2541,0.2541,0.2541,10000567,2016-06-22,2016-06-22,C,1.8,2016-01-29
5319,2016-05-16 10:10:00,2016-05-16,0.2541,0.0,0.0,7397.0,0.2541,0.2541,0.2541,10000567,2016-06-22,2016-06-22,C,1.8,2016-01-29
5320,2016-05-16 10:11:00,2016-05-16,0.2541,0.0,0.0,7397.0,0.2541,0.2541,0.2541,10000567,2016-06-22,2016-06-22,C,1.8,2016-01-29
5321,2016-05-16 10:12:00,2016-05-16,0.2541,15240.0,6.0,7397.0,0.2541,0.254,0.254,10000567,2016-06-22,2016-06-22,C,1.8,2016-01-29
5322,2016-05-16 10:13:00,2016-05-16,0.2547,30528.0,12.0,7403.0,0.254,0.2547,0.254,10000567,2016-06-22,2016-06-22,C,1.8,2016-01-29
5323,2016-05-16 10:14:00,2016-05-16,0.2547,0.0,0.0,7403.0,0.2547,0.2547,0.2547,10000567,2016-06-22,2016-06-22,C,1.8,2016-01-29
5324,2016-05-16 10:15:00,2016-05-16,0.2547,0.0,0.0,7403.0,0.2547,0.2547,0.2547,10000567,2016-06-22,2016-06-22,C,1.8,2016-01-29
5325,2016-05-16 10:16:00,2016-05-16,0.2547,0.0,0.0,7403.0,0.2547,0.2547,0.2547,10000567,2016-06-22,2016-06-22,C,1.8,2016-01-29
5326,2016-05-16 10:17:00,2016-05-16,0.2547,0.0,0.0,7403.0,0.2547,0.2547,0.2547,10000567,2016-06-22,2016-06-22,C,1.8,2016-01-29
5327,2016-05-16 10:18:00,2016-05-16,0.2547,0.0,0.0,7403.0,0.2547,0.2547,0.2547,10000567,2016-06-22,2016-06-22,C,1.8,2016-01-29
5328,2016-05-16 10:19:00,2016-05-16,0.2547,0.0,0.0,7403.0,0.2547,0.2547,0.2547,10000567,2016-06-22,2016-06-22,C,1.8,2016-01-29
5329,2016-05-16 10:20:00,2016-05-16,0.2547,0.0,0.0,7403.0,0.2547,0.2547,0.2547,10000567,2016-06-22,2016-06-22,C,1.8,2016-01-29
5330,2016-05-16 10:21:00,2016-05-16,0.2547,0.0,0.0,7403.0,0.2547,0.2547,0.2547,10000567,2016-06-22,2016-06-22,C,1.8,2016-01-29
5331,2016-05-16 10:22:00,2016-05-16,0.2547,0.0,0.0,7403.0,0.2547,0.2547,0.2547,10000567,2016-06-22,2016-06-22,C,1.8,2016-01-29
5332,2016-05-16 10:23:00,2016-05-16,0.2547,0.0,0.0,7403.0,0.2547,0.2547,0.2547,10000567,2016-06-22,2016-06-22,C,1.8,2016-01-29
5333,2016-05-16 10:24:00,2016-05-16,0.2547,0.0,0.0,7403.0,0.2547,0.2547,0.2547,10000567,2016-06-22,2016-06-22,C,1.8,2016-01-29
5334,2016-05-16 10:25:00,2016-05-16,0.2547,2528.0,1.0,7403.0,0.2547,0.2528,0.2528,10000567,2016-06-22,2016-06-22,C,1.8,2016-01-29
5335,2016-05-16 10:26:00,2016-05-16,0.2537,2537.0,1.0,7403.0,0.2528,0.2537,0.2528,10000567,2016-06-22,2016-06-22,C,1.8,2016-01-29
5336,2016-05-16 10:27:00,2016-05-16,0.2537,0.0,0.0,7403.0,0.2537,0.2537,0.2537,10000567,2016-06-22,2016-06-22,C,1.8,2016-01-29
5337,2016-05-16 10:28:00,2016-05-16,0.2555,25541.0,10.0,7412.0,0.2537,0.2555,0.2537,10000567,2016-06-22,2016-06-22,C,1.8,2016-01-29
5338,2016-05-16 10:29:00,2016-05-16,0.2555,0.0,0.0,7412.0,0.2555,0.2555,0.2555,10000567,2016-06-22,2016-06-22,C,1.8,2016-01-29
5339,2016-05-16 10:30:00,2016-05-16,0.2559,2559.0,1.0,7412.0,0.2555,0.2559,0.2555,10000567,2016-06-22,2016-06-22,C,1.8,2016-01-29
5340,2016-05-16 10:31:00,2016-05-16,0.257,25700.0,10.0,7422.0,0.2559,0.257,0.2559,10000567,2016-06-22,2016-06-22,C,1.8,2016-01-29
5341,2016-05-16 10:32:00,2016-05-16,0.257,0.0,0.0,7422.0,0.257,0.257,0.257,10000567,2016-06-22,2016-06-22,C,1.8,2016-01-29
5342,2016-05-16 10:33:00,2016-05-16,0.2571,12855.0,5.0,7427.0,0.257,0.2571,0.257,10000567,2016-06-22,2016-06-22,C,1.8,2016-01-29
5343,2016-05-16 10:34:00,2016-05-16,0.2571,0.0,0.0,7427.0,0.2571,0.2571,0.2571,10000567,2016-06-22,2016-06-22,C,1.8,2016-01-29
5344,2016-05-16 10:35:00,2016-05-16,0.2571,0.0,0.0,7427.0,0.2571,0.2571,0.2571,10000567,2016-06-22,2016-06-22,C,1.8,2016-01-29
5345,2016-05-16 10:36:00,2016-05-16,0.2571,2548.0,1.0,7428.0,0.2571,0.2548,0.2548,10000567,2016-06-22,2016-06-22,C,1.8,2016-01-29
5346,2016-05-16 10:37:00,2016-05-16,0.2548,0.0,0.0,7428.0,0.2548,0.2548,0.2548,10000567,2016-06-22,2016-06-22,C,1.8,2016-01-29
5347,2016-05-16 10:38:00,2016-05-16,0.2549,25490.0,10.0,7418.0,0.2548,0.2549,0.2548,10000567,2016-06-22,2016-06-22,C,1.8,2016-01-29
5348,2016-05-16 10:39:00,2016-05-16,0.2574,10274.0,4.0,7421.0,0.2549,0.2552,0.2549,10000567,2016-06-22,2016-06-22,C,1.8,2016-01-29
5349,2016-05-16 10:40:00,2016-05-16,0.2552,0.0,0.0,7421.0,0.2552,0.2552,0.2552,10000567,2016-06-22,2016-06-22,C,1.8,2016-01-29
5350,2016-05-16 10:41:00,2016-05-16,0.2552,0.0,0.0,7421.0,0.2552,0.2552,0.2552,10000567,2016-06-22,2016-06-22,C,1.8,2016-01-29
5351,2016-05-16 10:42:00,2016-05-16,0.2552,5096.0,2.0,7423.0,0.2552,0.2548,0.2548,10000567,2016-06-22,2016-06-22,C,1.8,2016-01-29
5352,2016-05-16 10:43:00,2016-05-16,0.2548,0.0,0.0,7423.0,0.2548,0.2548,0.2548,10000567,2016-06-22,2016-06-22,C,1.8,2016-01-29
5353,2016-05-16 10:44:00,2016-05-16,0.2548,0.0,0.0,7423.0,0.2548,0.2548,0.2548,10000567,2016-06-22,2016-06-22,C,1.8,2016-01-29
5354,2016-05-16 10:45:00,2016-05-16,0.2548,0.0,0.0,7423.0,0.2548,0.2548,0.2548,10000567,2016-06-22,2016-06-22,C,1.8,2016-01-29
5355,2016-05-16 10:46:00,2016-05-16,0.2559,2559.0,1.0,7423.0,0.2548,0.2559,0.2548,10000567,2016-06-22,2016-06-22,C,1.8,2016-01-29
5356,2016-05-16 10:47:00,2016-05-16,0.2561,10242.0,4.0,7423.0,0.2559,0.256,0.2559,10000567,2016-06-22,2016-06-22,C,1.8,2016-01-29
5357,2016-05-16 10:48:00,2016-05-16,0.2582,77382.0,30.0,7453.0,0.256,0.2582,0.256,10000567,2016-06-22,2016-06-22,C,1.8,2016-01-29
5358,2016-05-16 10:49:00,2016-05-16,0.2582,0.0,0.0,7453.0,0.2582,0.2582,0.2582,10000567,2016-06-22,2016-06-22,C,1.8,2016-01-29
5359,2016-05-16 10:50:00,2016-05-16,0.2589,28469.0,11.0,7464.0,0.2582,0.2589,0.2582,10000567,2016-06-22,2016-06-22,C,1.8,2016-01-29
5360,2016-05-16 10:51:00,2016-05-16,0.2602,20795.0,8.0,7466.0,0.2589,0.2602,0.2589,10000567,2016-06-22,2016-06-22,C,1.8,2016-01-29
5361,2016-05-16 10:52:00,2016-05-16,0.2602,0.0,0.0,7466.0,0.2602,0.2602,0.2602,10000567,2016-06-22,2016-06-22,C,1.8,2016-01-29
5362,2016-05-16 10:53:00,2016-05-16,0.2602,0.0,0.0,7466.0,0.2602,0.2602,0.2602,10000567,2016-06-22,2016-06-22,C,1.8,2016-01-29
5363,2016-05-16 10:54:00,2016-05-16,0.262,2620.0,1.0,7465.0,0.2602,0.262,0.2602,10000567,2016-06-22,2016-06-22,C,1.8,2016-01-29
5364,2016-05-16 10:55:00,2016-05-16,0.262,2620.0,1.0,7464.0,0.262,0.262,0.262,10000567,2016-06-22,2016-06-22,C,1.8,2016-01-29
5365,2016-05-16 10:56:00,2016-05-16,0.2625,28645.0,11.0,7454.0,0.262,0.2602,0.2602,10000567,2016-06-22,2016-06-22,C,1.8,2016-01-29
5366,2016-05-16 10:57:00,2016-05-16,0.2602,0.0,0.0,7454.0,0.2602,0.2602,0.2602,10000567,2016-06-22,2016-06-22,C,1.8,2016-01-29
5367,2016-05-16 10:58:00,2016-05-16,0.264,10551.0,4.0,7451.0,0.2602,0.264,0.2602,10000567,2016-06-22,2016-06-22,C,1.8,2016-01-29
5368,2016-05-16 10:59:00,2016-05-16,0.267,71922.0,27.0,7471.0,0.264,0.2666,0.264,10000567,2016-06-22,2016-06-22,C,1.8,2016-01-29
5369,2016-05-16 11:00:00,2016-05-16,0.2666,0.0,0.0,7471.0,0.2666,0.2666,0.2666,10000567,2016-06-22,2016-06-22,C,1.8,2016-01-29
5370,2016-05-16 11:01:00,2016-05-16,0.2666,0.0,0.0,7471.0,0.2666,0.2666,0.2666,10000567,2016-06-22,2016-06-22,C,1.8,2016-01-29
5371,2016-05-16 11:02:00,2016-05-16,0.2666,0.0,0.0,7471.0,0.2666,0.2666,0.2666,10000567,2016-06-22,2016-06-22,C,1.8,2016-01-29
5372,2016-05-16 11:03:00,2016-05-16,0.2666,0.0,0.0,7471.0,0.2666,0.2666,0.2666,10000567,2016-06-22,2016-06-22,C,1.8,2016-01-29
5373,2016-05-16 11:04:00,2016-05-16,0.2666,0.0,0.0,7471.0,0.2666,0.2666,0.2666,10000567,2016-06-22,2016-06-22,C,1.8,2016-01-29
5374,2016-05-16 11:05:00,2016-05-16,0.2666,0.0,0.0,7471.0,0.2666,0.2666,0.2666,10000567,2016-06-22,2016-06-22,C,1.8,2016-01-29
5375,2016-05-16 11:06:00,2016-05-16,0.2666,0.0,0.0,7471.0,0.2666,0.2666,0.2666,10000567,2016-06-22,2016-06-22,C,1.8,2016-01-29
5376,2016-05-16 11:07:00,2016-05-16,0.2666,0.0,0.0,7471.0,0.2666,0.2666,0.2666,10000567,2016-06-22,2016-06-22,C,1.8,2016-01-29
5377,2016-05-16 11:08:00,2016-05-16,0.2666,5280.0,2.0,7471.0,0.2666,0.264,0.264,10000567,2016-06-22,2016-06-22,C,1.8,2016-01-29
5378,2016-05-16 11:09:00,2016-05-16,0.264,0.0,0.0,7471.0,0.264,0.264,0.264,10000567,2016-06-22,2016-06-22,C,1.8,2016-01-29
5379,2016-05-16 11:10:00,2016-05-16,0.264,0.0,0.0,7471.0,0.264,0.264,0.264,10000567,2016-06-22,2016-06-22,C,1.8,2016-01-29
5380,2016-05-16 11:11:00,2016-05-16,0.2646,2646.0,1.0,7470.0,0.264,0.2646,0.264,10000567,2016-06-22,2016-06-22,C,1.8,2016-01-29
5381,2016-05-16 11:12:00,2016-05-16,0.2646,0.0,0.0,7470.0,0.2646,0.2646,0.2646,10000567,2016-06-22,2016-06-22,C,1.8,2016-01-29
5382,2016-05-16 11:13:00,2016-05-16,0.2646,0.0,0.0,7470.0,0.2646,0.2646,0.2646,10000567,2016-06-22,2016-06-22,C,1.8,2016-01-29
5383,2016-05-16 11:14:00,2016-05-16,0.2646,0.0,0.0,7470.0,0.2646,0.2646,0.2646,10000567,2016-06-22,2016-06-22,C,1.8,2016-01-29
5384,2016-05-16 11:15:00,2016-05-16,0.2646,0.0,0.0,7470.0,0.2646,0.2646,0.2646,10000567,2016-06-22,2016-06-22,C,1.8,2016-01-29
5385,2016-05-16 11:16:00,2016-05-16,0.2646,0.0,0.0,7470.0,0.2646,0.2646,0.2646,10000567,2016-06-22,2016-06-22,C,1.8,2016-01-29
5386,2016-05-16 11:17:00,2016-05-16,0.2646,0.0,0.0,7470.0,0.2646,0.2646,0.2646,10000567,2016-06-22,2016-06-22,C,1.8,2016-01-29
5387,2016-05-16 11:18:00,2016-05-16,0.2646,0.0,0.0,7470.0,0.2646,0.2646,0.2646,10000567,2016-06-22,2016-06-22,C,1.8,2016-01-29
5388,2016-05-16 11:19:00,2016-05-16,0.2646,0.0,0.0,7470.0,0.2646,0.2646,0.2646,10000567,2016-06-22,2016-06-22,C,1.8,2016-01-29
5389,2016-05-16 11:20:00,2016-05-16,0.2646,0.0,0.0,7470.0,0.2646,0.2646,0.2646,10000567,2016-06-22,2016-06-22,C,1.8,2016-01-29
5390,2016-05-16 11:21:00,2016-05-16,0.2646,0.0,0.0,7470.0,0.2646,0.2646,0.2646,10000567,2016-06-22,2016-06-22,C,1.8,2016-01-29
5391,2016-05-16 11:22:00,2016-05-16,0.2646,0.0,0.0,7470.0,0.2646,0.2646,0.2646,10000567,2016-06-22,2016-06-22,C,1.8,2016-01-29
5392,2016-05-16 11:23:00,2016-05-16,0.2646,0.0,0.0,7470.0,0.2646,0.2646,0.2646,10000567,2016-06-22,2016-06-22,C,1.8,2016-01-29
5393,2016-05-16 11:24:00,2016-05-16,0.2646,0.0,0.0,7470.0,0.2646,0.2646,0.2646,10000567,2016-06-22,2016-06-22,C,1.8,2016-01-29
5394,2016-05-16 11:25:00,2016-05-16,0.2646,0.0,0.0,7470.0,0.2646,0.2646,0.2646,10000567,2016-06-22,2016-06-22,C,1.8,2016-01-29
5395,2016-05-16 11:26:00,2016-05-16,0.2646,2636.0,1.0,7469.0,0.2646,0.2636,0.2636,10000567,2016-06-22,2016-06-22,C,1.8,2016-01-29
5396,2016-05-16 11:27:00,2016-05-16,0.2636,0.0,0.0,7469.0,0.2636,0.2636,0.2636,10000567,2016-06-22,2016-06-22,C,1.8,2016-01-29
5397,2016-05-16 11:28:00,2016-05-16,0.2636,0.0,0.0,7469.0,0.2636,0.2636,0.2636,10000567,2016-06-22,2016-06-22,C,1.8,2016-01-29
5398,2016-05-16 11:29:00,2016-05-16,0.2636,0.0,0.0,7469.0,0.2636,0.2636,0.2636,10000567,2016-06-22,2016-06-22,C,1.8,2016-01-29
5399,2016-05-16 11:30:00,2016-05-16,0.2636,0.0,0.0,7469.0,0.2636,0.2636,0.2636,10000567,2016-06-22,2016-06-22,C,1.8,2016-01-29
5400,2016-05-16 13:01:00,2016-05-16,0.2636,0.0,0.0,7469.0,0.2636,0.2636,0.2636,10000567,2016-06-22,2016-06-22,C,1.8,2016-01-29
5401,2016-05-16 13:02:00,2016-05-16,0.2636,13115.0,5.0,7469.0,0.2636,0.2623,0.2623,10000567,2016-06-22,2016-06-22,C,1.8,2016-01-29
5402,2016-05-16 13:03:00,2016-05-16,0.2623,2615.0,1.0,7469.0,0.2623,0.2615,0.2615,10000567,2016-06-22,2016-06-22,C,1.8,2016-01-29
5403,2016-05-16 13:04:00,2016-05-16,0.2615,2615.0,1.0,7469.0,0.2615,0.2615,0.2615,10000567,2016-06-22,2016-06-22,C,1.8,2016-01-29
5404,2016-05-16 13:05:00,2016-05-16,0.2615,0.0,0.0,7469.0,0.2615,0.2615,0.2615,10000567,2016-06-22,2016-06-22,C,1.8,2016-01-29
5405,2016-05-16 13:06:00,2016-05-16,0.2615,0.0,0.0,7469.0,0.2615,0.2615,0.2615,10000567,2016-06-22,2016-06-22,C,1.8,2016-01-29
5406,2016-05-16 13:07:00,2016-05-16,0.2615,0.0,0.0,7469.0,0.2615,0.2615,0.2615,10000567,2016-06-22,2016-06-22,C,1.8,2016-01-29
5407,2016-05-16 13:08:00,2016-05-16,0.2615,0.0,0.0,7469.0,0.2615,0.2615,0.2615,10000567,2016-06-22,2016-06-22,C,1.8,2016-01-29
5408,2016-05-16 13:09:00,2016-05-16,0.2615,0.0,0.0,7469.0,0.2615,0.2615,0.2615,10000567,2016-06-22,2016-06-22,C,1.8,2016-01-29
5409,2016-05-16 13:10:00,2016-05-16,0.2615,0.0,0.0,7469.0,0.2615,0.2615,0.2615,10000567,2016-06-22,2016-06-22,C,1.8,2016-01-29
5410,2016-05-16 13:11:00,2016-05-16,0.2615,0.0,0.0,7469.0,0.2615,0.2615,0.2615,10000567,2016-06-22,2016-06-22,C,1.8,2016-01-29
5411,2016-05-16 13:12:00,2016-05-16,0.2615,0.0,0.0,7469.0,0.2615,0.2615,0.2615,10000567,2016-06-22,2016-06-22,C,1.8,2016-01-29
5412,2016-05-16 13:13:00,2016-05-16,0.2615,0.0,0.0,7469.0,0.2615,0.2615,0.2615,10000567,2016-06-22,2016-06-22,C,1.8,2016-01-29
5413,2016-05-16 13:14:00,2016-05-16,0.2618,26180.0,10.0,7470.0,0.2615,0.2618,0.2615,10000567,2016-06-22,2016-06-22,C,1.8,2016-01-29
5414,2016-05-16 13:15:00,2016-05-16,0.2618,0.0,0.0,7470.0,0.2618,0.2618,0.2618,10000567,2016-06-22,2016-06-22,C,1.8,2016-01-29
5415,2016-05-16 13:16:00,2016-05-16,0.2618,0.0,0.0,7470.0,0.2618,0.2618,0.2618,10000567,2016-06-22,2016-06-22,C,1.8,2016-01-29
5416,2016-05-16 13:17:00,2016-05-16,0.2618,0.0,0.0,7470.0,0.2618,0.2618,0.2618,10000567,2016-06-22,2016-06-22,C,1.8,2016-01-29
5417,2016-05-16 13:18:00,2016-05-16,0.2618,0.0,0.0,7470.0,0.2618,0.2618,0.2618,10000567,2016-06-22,2016-06-22,C,1.8,2016-01-29
5418,2016-05-16 13:19:00,2016-05-16,0.2618,0.0,0.0,7470.0,0.2618,0.2618,0.2618,10000567,2016-06-22,2016-06-22,C,1.8,2016-01-29
5419,2016-05-16 13:20:00,2016-05-16,0.2618,28768.0,11.0,7479.0,0.2618,0.2615,0.2615,10000567,2016-06-22,2016-06-22,C,1.8,2016-01-29
5420,2016-05-16 13:21:00,2016-05-16,0.2615,26040.0,10.0,7479.0,0.2615,0.2604,0.2604,10000567,2016-06-22,2016-06-22,C,1.8,2016-01-29
5421,2016-05-16 13:22:00,2016-05-16,0.2604,0.0,0.0,7479.0,0.2604,0.2604,0.2604,10000567,2016-06-22,2016-06-22,C,1.8,2016-01-29
5422,2016-05-16 13:23:00,2016-05-16,0.2604,0.0,0.0,7479.0,0.2604,0.2604,0.2604,10000567,2016-06-22,2016-06-22,C,1.8,2016-01-29
5423,2016-05-16 13:24:00,2016-05-16,0.2604,0.0,0.0,7479.0,0.2604,0.2604,0.2604,10000567,2016-06-22,2016-06-22,C,1.8,2016-01-29
5424,2016-05-16 13:25:00,2016-05-16,0.2604,0.0,0.0,7479.0,0.2604,0.2604,0.2604,10000567,2016-06-22,2016-06-22,C,1.8,2016-01-29
5425,2016-05-16 13:26:00,2016-05-16,0.2604,0.0,0.0,7479.0,0.2604,0.2604,0.2604,10000567,2016-06-22,2016-06-22,C,1.8,2016-01-29
5426,2016-05-16 13:27:00,2016-05-16,0.2604,0.0,0.0,7479.0,0.2604,0.2604,0.2604,10000567,2016-06-22,2016-06-22,C,1.8,2016-01-29
5427,2016-05-16 13:28:00,2016-05-16,0.2604,0.0,0.0,7479.0,0.2604,0.2604,0.2604,10000567,2016-06-22,2016-06-22,C,1.8,2016-01-29
5428,2016-05-16 13:29:00,2016-05-16,0.2604,0.0,0.0,7479.0,0.2604,0.2604,0.2604,10000567,2016-06-22,2016-06-22,C,1.8,2016-01-29
5429,2016-05-16 13:30:00,2016-05-16,0.2604,0.0,0.0,7479.0,0.2604,0.2604,0.2604,10000567,2016-06-22,2016-06-22,C,1.8,2016-01-29
5430,2016-05-16 13:31:00,2016-05-16,0.2604,0.0,0.0,7479.0,0.2604,0.2604,0.2604,10000567,2016-06-22,2016-06-22,C,1.8,2016-01-29
5431,2016-05-16 13:32:00,2016-05-16,0.2604,0.0,0.0,7479.0,0.2604,0.2604,0.2604,10000567,2016-06-22,2016-06-22,C,1.8,2016-01-29
5432,2016-05-16 13:33:00,2016-05-16,0.2604,0.0,0.0,7479.0,0.2604,0.2604,0.2604,10000567,2016-06-22,2016-06-22,C,1.8,2016-01-29
5433,2016-05-16 13:34:00,2016-05-16,0.261,10440.0,4.0,7479.0,0.2604,0.261,0.2604,10000567,2016-06-22,2016-06-22,C,1.8,2016-01-29
5434,2016-05-16 13:35:00,2016-05-16,0.261,0.0,0.0,7479.0,0.261,0.261,0.261,10000567,2016-06-22,2016-06-22,C,1.8,2016-01-29
5435,2016-05-16 13:36:00,2016-05-16,0.261,0.0,0.0,7479.0,0.261,0.261,0.261,10000567,2016-06-22,2016-06-22,C,1.8,2016-01-29
5436,2016-05-16 13:37:00,2016-05-16,0.261,0.0,0.0,7479.0,0.261,0.261,0.261,10000567,2016-06-22,2016-06-22,C,1.8,2016-01-29
5437,2016-05-16 13:38:00,2016-05-16,0.261,0.0,0.0,7479.0,0.261,0.261,0.261,10000567,2016-06-22,2016-06-22,C,1.8,2016-01-29
5438,2016-05-16 13:39:00,2016-05-16,0.261,0.0,0.0,7479.0,0.261,0.261,0.261,10000567,2016-06-22,2016-06-22,C,1.8,2016-01-29
5439,2016-05-16 13:40:00,2016-05-16,0.261,0.0,0.0,7479.0,0.261,0.261,0.261,10000567,2016-06-22,2016-06-22,C,1.8,2016-01-29
5440,2016-05-16 13:41:00,2016-05-16,0.261,0.0,0.0,7479.0,0.261,0.261,0.261,10000567,2016-06-22,2016-06-22,C,1.8,2016-01-29
5441,2016-05-16 13:42:00,2016-05-16,0.261,0.0,0.0,7479.0,0.261,0.261,0.261,10000567,2016-06-22,2016-06-22,C,1.8,2016-01-29
5442,2016-05-16 13:43:00,2016-05-16,0.261,0.0,0.0,7479.0,0.261,0.261,0.261,10000567,2016-06-22,2016-06-22,C,1.8,2016-01-29
5443,2016-05-16 13:44:00,2016-05-16,0.2623,7869.0,3.0,7476.0,0.261,0.2623,0.261,10000567,2016-06-22,2016-06-22,C,1.8,2016-01-29
5444,2016-05-16 13:45:00,2016-05-16,0.2623,0.0,0.0,7476.0,0.2623,0.2623,0.2623,10000567,2016-06-22,2016-06-22,C,1.8,2016-01-29
5445,2016-05-16 13:46:00,2016-05-16,0.2623,0.0,0.0,7476.0,0.2623,0.2623,0.2623,10000567,2016-06-22,2016-06-22,C,1.8,2016-01-29
5446,2016-05-16 13:47:00,2016-05-16,0.2623,0.0,0.0,7476.0,0.2623,0.2623,0.2623,10000567,2016-06-22,2016-06-22,C,1.8,2016-01-29
5447,2016-05-16 13:48:00,2016-05-16,0.2623,0.0,0.0,7476.0,0.2623,0.2623,0.2623,10000567,2016-06-22,2016-06-22,C,1.8,2016-01-29
5448,2016-05-16 13:49:00,2016-05-16,0.2623,0.0,0.0,7476.0,0.2623,0.2623,0.2623,10000567,2016-06-22,2016-06-22,C,1.8,2016-01-29
5449,2016-05-16 13:50:00,2016-05-16,0.2623,0.0,0.0,7476.0,0.2623,0.2623,0.2623,10000567,2016-06-22,2016-06-22,C,1.8,2016-01-29
5450,2016-05-16 13:51:00,2016-05-16,0.2623,0.0,0.0,7476.0,0.2623,0.2623,0.2623,10000567,2016-06-22,2016-06-22,C,1.8,2016-01-29
5451,2016-05-16 13:52:00,2016-05-16,0.2623,5226.0,2.0,7477.0,0.2623,0.2613,0.2613,10000567,2016-06-22,2016-06-22,C,1.8,2016-01-29
5452,2016-05-16 13:53:00,2016-05-16,0.2613,0.0,0.0,7477.0,0.2613,0.2613,0.2613,10000567,2016-06-22,2016-06-22,C,1.8,2016-01-29
5453,2016-05-16 13:54:00,2016-05-16,0.2613,0.0,0.0,7477.0,0.2613,0.2613,0.2613,10000567,2016-06-22,2016-06-22,C,1.8,2016-01-29
5454,2016-05-16 13:55:00,2016-05-16,0.2639,42122.0,16.0,7489.0,0.2613,0.2639,0.2613,10000567,2016-06-22,2016-06-22,C,1.8,2016-01-29
5455,2016-05-16 13:56:00,2016-05-16,0.264,10560.0,4.0,7485.0,0.2639,0.264,0.2639,10000567,2016-06-22,2016-06-22,C,1.8,2016-01-29
5456,2016-05-16 13:57:00,2016-05-16,0.264,0.0,0.0,7485.0,0.264,0.264,0.264,10000567,2016-06-22,2016-06-22,C,1.8,2016-01-29
5457,2016-05-16 13:58:00,2016-05-16,0.264,7920.0,3.0,7488.0,0.264,0.264,0.264,10000567,2016-06-22,2016-06-22,C,1.8,2016-01-29
5458,2016-05-16 13:59:00,2016-05-16,0.264,2624.0,1.0,7488.0,0.264,0.2624,0.2624,10000567,2016-06-22,2016-06-22,C,1.8,2016-01-29
5459,2016-05-16 14:00:00,2016-05-16,0.2624,23615.0,9.0,7488.0,0.2624,0.2623,0.2623,10000567,2016-06-22,2016-06-22,C,1.8,2016-01-29
5460,2016-05-16 14:01:00,2016-05-16,0.2623,0.0,0.0,7488.0,0.2623,0.2623,0.2623,10000567,2016-06-22,2016-06-22,C,1.8,2016-01-29
5461,2016-05-16 14:02:00,2016-05-16,0.2623,0.0,0.0,7488.0,0.2623,0.2623,0.2623,10000567,2016-06-22,2016-06-22,C,1.8,2016-01-29
5462,2016-05-16 14:03:00,2016-05-16,0.2623,0.0,0.0,7488.0,0.2623,0.2623,0.2623,10000567,2016-06-22,2016-06-22,C,1.8,2016-01-29
5463,2016-05-16 14:04:00,2016-05-16,0.2623,0.0,0.0,7488.0,0.2623,0.2623,0.2623,10000567,2016-06-22,2016-06-22,C,1.8,2016-01-29
5464,2016-05-16 14:05:00,2016-05-16,0.2623,0.0,0.0,7488.0,0.2623,0.2623,0.2623,10000567,2016-06-22,2016-06-22,C,1.8,2016-01-29
5465,2016-05-16 14:06:00,2016-05-16,0.2623,0.0,0.0,7488.0,0.2623,0.2623,0.2623,10000567,2016-06-22,2016-06-22,C,1.8,2016-01-29
5466,2016-05-16 14:07:00,2016-05-16,0.2623,0.0,0.0,7488.0,0.2623,0.2623,0.2623,10000567,2016-06-22,2016-06-22,C,1.8,2016-01-29
5467,2016-05-16 14:08:00,2016-05-16,0.2623,0.0,0.0,7488.0,0.2623,0.2623,0.2623,10000567,2016-06-22,2016-06-22,C,1.8,2016-01-29
5468,2016-05-16 14:09:00,2016-05-16,0.2623,0.0,0.0,7488.0,0.2623,0.2623,0.2623,10000567,2016-06-22,2016-06-22,C,1.8,2016-01-29
5469,2016-05-16 14:10:00,2016-05-16,0.2623,0.0,0.0,7488.0,0.2623,0.2623,0.2623,10000567,2016-06-22,2016-06-22,C,1.8,2016-01-29
5470,2016-05-16 14:11:00,2016-05-16,0.2623,0.0,0.0,7488.0,0.2623,0.2623,0.2623,10000567,2016-06-22,2016-06-22,C,1.8,2016-01-29
5471,2016-05-16 14:12:00,2016-05-16,0.2623,0.0,0.0,7488.0,0.2623,0.2623,0.2623,10000567,2016-06-22,2016-06-22,C,1.8,2016-01-29
5472,2016-05-16 14:13:00,2016-05-16,0.2623,0.0,0.0,7488.0,0.2623,0.2623,0.2623,10000567,2016-06-22,2016-06-22,C,1.8,2016-01-29
5473,2016-05-16 14:14:00,2016-05-16,0.2623,0.0,0.0,7488.0,0.2623,0.2623,0.2623,10000567,2016-06-22,2016-06-22,C,1.8,2016-01-29
5474,2016-05-16 14:15:00,2016-05-16,0.2623,23475.0,9.0,7492.0,0.2623,0.2606,0.2606,10000567,2016-06-22,2016-06-22,C,1.8,2016-01-29
5475,2016-05-16 14:16:00,2016-05-16,0.2606,15559.0,6.0,7493.0,0.2606,0.258,0.258,10000567,2016-06-22,2016-06-22,C,1.8,2016-01-29
5476,2016-05-16 14:17:00,2016-05-16,0.258,0.0,0.0,7493.0,0.258,0.258,0.258,10000567,2016-06-22,2016-06-22,C,1.8,2016-01-29
5477,2016-05-16 14:18:00,2016-05-16,0.258,0.0,0.0,7493.0,0.258,0.258,0.258,10000567,2016-06-22,2016-06-22,C,1.8,2016-01-29
5478,2016-05-16 14:19:00,2016-05-16,0.258,0.0,0.0,7493.0,0.258,0.258,0.258,10000567,2016-06-22,2016-06-22,C,1.8,2016-01-29
5479,2016-05-16 14:20:00,2016-05-16,0.258,0.0,0.0,7493.0,0.258,0.258,0.258,10000567,2016-06-22,2016-06-22,C,1.8,2016-01-29
5480,2016-05-16 14:21:00,2016-05-16,0.2604,7786.0,3.0,7494.0,0.258,0.2578,0.2578,10000567,2016-06-22,2016-06-22,C,1.8,2016-01-29
5481,2016-05-16 14:22:00,2016-05-16,0.2584,25840.0,10.0,7494.0,0.2578,0.2584,0.2578,10000567,2016-06-22,2016-06-22,C,1.8,2016-01-29
5482,2016-05-16 14:23:00,2016-05-16,0.2584,0.0,0.0,7494.0,0.2584,0.2584,0.2584,10000567,2016-06-22,2016-06-22,C,1.8,2016-01-29
5483,2016-05-16 14:24:00,2016-05-16,0.26,2600.0,1.0,7494.0,0.2584,0.26,0.2584,10000567,2016-06-22,2016-06-22,C,1.8,2016-01-29
5484,2016-05-16 14:25:00,2016-05-16,0.26,0.0,0.0,7494.0,0.26,0.26,0.26,10000567,2016-06-22,2016-06-22,C,1.8,2016-01-29
5485,2016-05-16 14:26:00,2016-05-16,0.26,0.0,0.0,7494.0,0.26,0.26,0.26,10000567,2016-06-22,2016-06-22,C,1.8,2016-01-29
5486,2016-05-16 14:27:00,2016-05-16,0.26,0.0,0.0,7494.0,0.26,0.26,0.26,10000567,2016-06-22,2016-06-22,C,1.8,2016-01-29
5487,2016-05-16 14:28:00,2016-05-16,0.26,2600.0,1.0,7495.0,0.26,0.26,0.26,10000567,2016-06-22,2016-06-22,C,1.8,2016-01-29
5488,2016-05-16 14:29:00,2016-05-16,0.26,0.0,0.0,7495.0,0.26,0.26,0.26,10000567,2016-06-22,2016-06-22,C,1.8,2016-01-29
5489,2016-05-16 14:30:00,2016-05-16,0.26,0.0,0.0,7495.0,0.26,0.26,0.26,10000567,2016-06-22,2016-06-22,C,1.8,2016-01-29
5490,2016-05-16 14:31:00,2016-05-16,0.26,0.0,0.0,7495.0,0.26,0.26,0.26,10000567,2016-06-22,2016-06-22,C,1.8,2016-01-29
5491,2016-05-16 14:32:00,2016-05-16,0.2618,5236.0,2.0,7495.0,0.26,0.2618,0.26,10000567,2016-06-22,2016-06-22,C,1.8,2016-01-29
5492,2016-05-16 14:33:00,2016-05-16,0.2618,0.0,0.0,7495.0,0.2618,0.2618,0.2618,10000567,2016-06-22,2016-06-22,C,1.8,2016-01-29
5493,2016-05-16 14:34:00,2016-05-16,0.2618,0.0,0.0,7495.0,0.2618,0.2618,0.2618,10000567,2016-06-22,2016-06-22,C,1.8,2016-01-29
5494,2016-05-16 14:35:00,2016-05-16,0.2618,0.0,0.0,7495.0,0.2618,0.2618,0.2618,10000567,2016-06-22,2016-06-22,C,1.8,2016-01-29
5495,2016-05-16 14:36:00,2016-05-16,0.2618,0.0,0.0,7495.0,0.2618,0.2618,0.2618,10000567,2016-06-22,2016-06-22,C,1.8,2016-01-29
5496,2016-05-16 14:37:00,2016-05-16,0.2634,26340.0,10.0,7495.0,0.2618,0.2634,0.2618,10000567,2016-06-22,2016-06-22,C,1.8,2016-01-29
5497,2016-05-16 14:38:00,2016-05-16,0.2634,5261.0,2.0,7495.0,0.2634,0.263,0.263,10000567,2016-06-22,2016-06-22,C,1.8,2016-01-29
5498,2016-05-16 14:39:00,2016-05-16,0.2649,26490.0,10.0,7485.0,0.263,0.2649,0.263,10000567,2016-06-22,2016-06-22,C,1.8,2016-01-29
5499,2016-05-16 14:40:00,2016-05-16,0.2649,0.0,0.0,7485.0,0.2649,0.2649,0.2649,10000567,2016-06-22,2016-06-22,C,1.8,2016-01-29
5500,2016-05-16 14:41:00,2016-05-16,0.2649,0.0,0.0,7485.0,0.2649,0.2649,0.2649,10000567,2016-06-22,2016-06-22,C,1.8,2016-01-29
5501,2016-05-16 14:42:00,2016-05-16,0.2649,0.0,0.0,7485.0,0.2649,0.2649,0.2649,10000567,2016-06-22,2016-06-22,C,1.8,2016-01-29
5502,2016-05-16 14:43:00,2016-05-16,0.2649,0.0,0.0,7485.0,0.2649,0.2649,0.2649,10000567,2016-06-22,2016-06-22,C,1.8,2016-01-29
5503,2016-05-16 14:44:00,2016-05-16,0.2649,2625.0,1.0,7484.0,0.2649,0.2625,0.2625,10000567,2016-06-22,2016-06-22,C,1.8,2016-01-29
5504,2016-05-16 14:45:00,2016-05-16,0.2625,0.0,0.0,7484.0,0.2625,0.2625,0.2625,10000567,2016-06-22,2016-06-22,C,1.8,2016-01-29
5505,2016-05-16 14:46:00,2016-05-16,0.2625,0.0,0.0,7484.0,0.2625,0.2625,0.2625,10000567,2016-06-22,2016-06-22,C,1.8,2016-01-29
5506,2016-05-16 14:47:00,2016-05-16,0.2625,5250.0,2.0,7482.0,0.2625,0.2625,0.2625,10000567,2016-06-22,2016-06-22,C,1.8,2016-01-29
5507,2016-05-16 14:48:00,2016-05-16,0.2625,10500.0,4.0,7482.0,0.2625,0.2625,0.2625,10000567,2016-06-22,2016-06-22,C,1.8,2016-01-29
5508,2016-05-16 14:49:00,2016-05-16,0.2625,0.0,0.0,7482.0,0.2625,0.2625,0.2625,10000567,2016-06-22,2016-06-22,C,1.8,2016-01-29
5509,2016-05-16 14:50:00,2016-05-16,0.263,5260.0,2.0,7482.0,0.2625,0.263,0.2625,10000567,2016-06-22,2016-06-22,C,1.8,2016-01-29
5510,2016-05-16 14:51:00,2016-05-16,0.263,0.0,0.0,7482.0,0.263,0.263,0.263,10000567,2016-06-22,2016-06-22,C,1.8,2016-01-29
5511,2016-05-16 14:52:00,2016-05-16,0.263,0.0,0.0,7482.0,0.263,0.263,0.263,10000567,2016-06-22,2016-06-22,C,1.8,2016-01-29
5512,2016-05-16 14:53:00,2016-05-16,0.263,0.0,0.0,7482.0,0.263,0.263,0.263,10000567,2016-06-22,2016-06-22,C,1.8,2016-01-29
5513,2016-05-16 14:54:00,2016-05-16,0.2649,5298.0,2.0,7482.0,0.263,0.2649,0.263,10000567,2016-06-22,2016-06-22,C,1.8,2016-01-29
5514,2016-05-16 14:55:00,2016-05-16,0.2649,10500.0,4.0,7478.0,0.2649,0.2625,0.2625,10000567,2016-06-22,2016-06-22,C,1.8,2016-01-29
5515,2016-05-16 14:56:00,2016-05-16,0.2625,0.0,0.0,7478.0,0.2625,0.2625,0.2625,10000567,2016-06-22,2016-06-22,C,1.8,2016-01-29
5516,2016-05-16 14:57:00,2016-05-16,0.2627,26270.0,10.0,7468.0,0.2625,0.2627,0.2625,10000567,2016-06-22,2016-06-22,C,1.8,2016-01-29
5517,2016-05-16 14:58:00,2016-05-16,0.2627,0.0,0.0,7468.0,0.2627,0.2627,0.2627,10000567,2016-06-22,2016-06-22,C,1.8,2016-01-29
5518,2016-05-16 14:59:00,2016-05-16,0.2627,0.0,0.0,7468.0,0.2627,0.2627,0.2627,10000567,2016-06-22,2016-06-22,C,1.8,2016-01-29
5519,2016-05-16 15:00:00,2016-05-16,0.2627,0.0,0.0,7468.0,0.2627,0.2627,0.2627,10000567,2016-06-22,2016-06-22,C,1.8,2016-01-29
5520,2016-05-16 09:31:00,2016-05-16,0.0854,36234.0,44.0,5941.0,0.084,0.0813,0.0791,10000535,2016-06-22,2016-06-22,C,2.0,2016-01-14
5521,2016-05-16 09:32:00,2016-05-16,0.0841,8410.0,10.0,5931.0,0.0813,0.0841,0.0813,10000535,2016-06-22,2016-06-22,C,2.0,2016-01-14
5522,2016-05-16 09:33:00,2016-05-16,0.0833,2499.0,3.0,5929.0,0.0833,0.0833,0.0833,10000535,2016-06-22,2016-06-22,C,2.0,2016-01-14
5523,2016-05-16 09:34:00,2016-05-16,0.0833,0.0,0.0,5929.0,0.0833,0.0833,0.0833,10000535,2016-06-22,2016-06-22,C,2.0,2016-01-14
5524,2016-05-16 09:35:00,2016-05-16,0.0833,4165.0,5.0,5930.0,0.0833,0.0833,0.0833,10000535,2016-06-22,2016-06-22,C,2.0,2016-01-14
5525,2016-05-16 09:36:00,2016-05-16,0.0853,32130.0,38.0,5937.0,0.0833,0.0837,0.0833,10000535,2016-06-22,2016-06-22,C,2.0,2016-01-14
5526,2016-05-16 09:37:00,2016-05-16,0.0853,853.0,1.0,5937.0,0.0837,0.0853,0.0837,10000535,2016-06-22,2016-06-22,C,2.0,2016-01-14
5527,2016-05-16 09:38:00,2016-05-16,0.0853,3360.0,4.0,5938.0,0.0853,0.0834,0.0834,10000535,2016-06-22,2016-06-22,C,2.0,2016-01-14
5528,2016-05-16 09:39:00,2016-05-16,0.0834,0.0,0.0,5938.0,0.0834,0.0834,0.0834,10000535,2016-06-22,2016-06-22,C,2.0,2016-01-14
5529,2016-05-16 09:40:00,2016-05-16,0.0839,2515.0,3.0,5941.0,0.0834,0.0839,0.0834,10000535,2016-06-22,2016-06-22,C,2.0,2016-01-14
5530,2016-05-16 09:41:00,2016-05-16,0.0839,0.0,0.0,5941.0,0.0839,0.0839,0.0839,10000535,2016-06-22,2016-06-22,C,2.0,2016-01-14
5531,2016-05-16 09:42:00,2016-05-16,0.0839,0.0,0.0,5941.0,0.0839,0.0839,0.0839,10000535,2016-06-22,2016-06-22,C,2.0,2016-01-14
5532,2016-05-16 09:43:00,2016-05-16,0.0839,0.0,0.0,5941.0,0.0839,0.0839,0.0839,10000535,2016-06-22,2016-06-22,C,2.0,2016-01-14
5533,2016-05-16 09:44:00,2016-05-16,0.0839,838.0,1.0,5942.0,0.0839,0.0838,0.0838,10000535,2016-06-22,2016-06-22,C,2.0,2016-01-14
5534,2016-05-16 09:45:00,2016-05-16,0.0838,11558.0,14.0,5944.0,0.0838,0.0823,0.0823,10000535,2016-06-22,2016-06-22,C,2.0,2016-01-14
5535,2016-05-16 09:46:00,2016-05-16,0.0823,818.0,1.0,5945.0,0.0823,0.0818,0.0818,10000535,2016-06-22,2016-06-22,C,2.0,2016-01-14
5536,2016-05-16 09:47:00,2016-05-16,0.0818,3255.0,4.0,5946.0,0.0818,0.0813,0.0813,10000535,2016-06-22,2016-06-22,C,2.0,2016-01-14
5537,2016-05-16 09:48:00,2016-05-16,0.0817,6536.0,8.0,5954.0,0.0813,0.0817,0.0813,10000535,2016-06-22,2016-06-22,C,2.0,2016-01-14
5538,2016-05-16 09:49:00,2016-05-16,0.0817,11378.0,14.0,5966.0,0.0817,0.0811,0.0811,10000535,2016-06-22,2016-06-22,C,2.0,2016-01-14
5539,2016-05-16 09:50:00,2016-05-16,0.0811,8080.0,10.0,5966.0,0.0811,0.0808,0.0808,10000535,2016-06-22,2016-06-22,C,2.0,2016-01-14
5540,2016-05-16 09:51:00,2016-05-16,0.0816,26840.0,33.0,5962.0,0.0808,0.081,0.0808,10000535,2016-06-22,2016-06-22,C,2.0,2016-01-14
5541,2016-05-16 09:52:00,2016-05-16,0.0815,7322.0,9.0,5967.0,0.081,0.0807,0.0807,10000535,2016-06-22,2016-06-22,C,2.0,2016-01-14
5542,2016-05-16 09:53:00,2016-05-16,0.0807,30033.0,38.0,5992.0,0.0807,0.0772,0.0772,10000535,2016-06-22,2016-06-22,C,2.0,2016-01-14
5543,2016-05-16 09:54:00,2016-05-16,0.0774,93834.0,122.0,6056.0,0.0772,0.0774,0.0761,10000535,2016-06-22,2016-06-22,C,2.0,2016-01-14
5544,2016-05-16 09:55:00,2016-05-16,0.0775,35984.0,47.0,6061.0,0.0774,0.0767,0.076,10000535,2016-06-22,2016-06-22,C,2.0,2016-01-14
5545,2016-05-16 09:56:00,2016-05-16,0.0776,22422.0,29.0,6056.0,0.0767,0.0776,0.0767,10000535,2016-06-22,2016-06-22,C,2.0,2016-01-14
5546,2016-05-16 09:57:00,2016-05-16,0.0776,0.0,0.0,6056.0,0.0776,0.0776,0.0776,10000535,2016-06-22,2016-06-22,C,2.0,2016-01-14
5547,2016-05-16 09:58:00,2016-05-16,0.0778,14654.0,19.0,6062.0,0.0776,0.0767,0.0767,10000535,2016-06-22,2016-06-22,C,2.0,2016-01-14
5548,2016-05-16 09:59:00,2016-05-16,0.0778,1548.0,2.0,6063.0,0.0767,0.0778,0.0767,10000535,2016-06-22,2016-06-22,C,2.0,2016-01-14
5549,2016-05-16 10:00:00,2016-05-16,0.0778,767.0,1.0,6063.0,0.0778,0.0767,0.0767,10000535,2016-06-22,2016-06-22,C,2.0,2016-01-14
5550,2016-05-16 10:01:00,2016-05-16,0.0773,25830.0,34.0,6073.0,0.0767,0.0751,0.0751,10000535,2016-06-22,2016-06-22,C,2.0,2016-01-14
5551,2016-05-16 10:02:00,2016-05-16,0.0771,28142.0,37.0,6078.0,0.0751,0.0757,0.0751,10000535,2016-06-22,2016-06-22,C,2.0,2016-01-14
5552,2016-05-16 10:03:00,2016-05-16,0.0771,1542.0,2.0,6078.0,0.0757,0.0771,0.0757,10000535,2016-06-22,2016-06-22,C,2.0,2016-01-14
5553,2016-05-16 10:04:00,2016-05-16,0.0771,3072.0,4.0,6078.0,0.0771,0.0759,0.0759,10000535,2016-06-22,2016-06-22,C,2.0,2016-01-14
5554,2016-05-16 10:05:00,2016-05-16,0.0759,0.0,0.0,6078.0,0.0759,0.0759,0.0759,10000535,2016-06-22,2016-06-22,C,2.0,2016-01-14
5555,2016-05-16 10:06:00,2016-05-16,0.0759,0.0,0.0,6078.0,0.0759,0.0759,0.0759,10000535,2016-06-22,2016-06-22,C,2.0,2016-01-14
5556,2016-05-16 10:07:00,2016-05-16,0.0797,19790.0,25.0,6082.0,0.0759,0.0797,0.0759,10000535,2016-06-22,2016-06-22,C,2.0,2016-01-14
5557,2016-05-16 10:08:00,2016-05-16,0.0797,8731.0,11.0,6082.0,0.0797,0.0795,0.0781,10000535,2016-06-22,2016-06-22,C,2.0,2016-01-14
5558,2016-05-16 10:09:00,2016-05-16,0.0795,0.0,0.0,6082.0,0.0795,0.0795,0.0795,10000535,2016-06-22,2016-06-22,C,2.0,2016-01-14
5559,2016-05-16 10:10:00,2016-05-16,0.0795,0.0,0.0,6082.0,0.0795,0.0795,0.0795,10000535,2016-06-22,2016-06-22,C,2.0,2016-01-14
5560,2016-05-16 10:11:00,2016-05-16,0.0795,0.0,0.0,6082.0,0.0795,0.0795,0.0795,10000535,2016-06-22,2016-06-22,C,2.0,2016-01-14
5561,2016-05-16 10:12:00,2016-05-16,0.0795,6346.0,8.0,6090.0,0.0795,0.0795,0.0795,10000535,2016-06-22,2016-06-22,C,2.0,2016-01-14
5562,2016-05-16 10:13:00,2016-05-16,0.0799,6388.0,8.0,6098.0,0.0795,0.0799,0.0795,10000535,2016-06-22,2016-06-22,C,2.0,2016-01-14
5563,2016-05-16 10:14:00,2016-05-16,0.0803,803.0,1.0,6098.0,0.0803,0.0803,0.0803,10000535,2016-06-22,2016-06-22,C,2.0,2016-01-14
5564,2016-05-16 10:15:00,2016-05-16,0.0803,0.0,0.0,6098.0,0.0803,0.0803,0.0803,10000535,2016-06-22,2016-06-22,C,2.0,2016-01-14
5565,2016-05-16 10:16:00,2016-05-16,0.0803,0.0,0.0,6098.0,0.0803,0.0803,0.0803,10000535,2016-06-22,2016-06-22,C,2.0,2016-01-14
5566,2016-05-16 10:17:00,2016-05-16,0.0803,0.0,0.0,6098.0,0.0803,0.0803,0.0803,10000535,2016-06-22,2016-06-22,C,2.0,2016-01-14
5567,2016-05-16 10:18:00,2016-05-16,0.0803,0.0,0.0,6098.0,0.0803,0.0803,0.0803,10000535,2016-06-22,2016-06-22,C,2.0,2016-01-14
5568,2016-05-16 10:19:00,2016-05-16,0.0803,0.0,0.0,6098.0,0.0803,0.0803,0.0803,10000535,2016-06-22,2016-06-22,C,2.0,2016-01-14
5569,2016-05-16 10:20:00,2016-05-16,0.0803,0.0,0.0,6098.0,0.0803,0.0803,0.0803,10000535,2016-06-22,2016-06-22,C,2.0,2016-01-14
5570,2016-05-16 10:21:00,2016-05-16,0.0803,0.0,0.0,6098.0,0.0803,0.0803,0.0803,10000535,2016-06-22,2016-06-22,C,2.0,2016-01-14
5571,2016-05-16 10:22:00,2016-05-16,0.0803,0.0,0.0,6098.0,0.0803,0.0803,0.0803,10000535,2016-06-22,2016-06-22,C,2.0,2016-01-14
5572,2016-05-16 10:23:00,2016-05-16,0.0803,0.0,0.0,6098.0,0.0803,0.0803,0.0803,10000535,2016-06-22,2016-06-22,C,2.0,2016-01-14
5573,2016-05-16 10:24:00,2016-05-16,0.0803,26199.0,33.0,6112.0,0.0803,0.0783,0.0783,10000535,2016-06-22,2016-06-22,C,2.0,2016-01-14
5574,2016-05-16 10:25:00,2016-05-16,0.0783,0.0,0.0,6112.0,0.0783,0.0783,0.0783,10000535,2016-06-22,2016-06-22,C,2.0,2016-01-14
5575,2016-05-16 10:26:00,2016-05-16,0.0793,3172.0,4.0,6108.0,0.0783,0.0793,0.0783,10000535,2016-06-22,2016-06-22,C,2.0,2016-01-14
5576,2016-05-16 10:27:00,2016-05-16,0.0793,0.0,0.0,6108.0,0.0793,0.0793,0.0793,10000535,2016-06-22,2016-06-22,C,2.0,2016-01-14
5577,2016-05-16 10:28:00,2016-05-16,0.0807,12087.0,15.0,6100.0,0.0793,0.0807,0.0793,10000535,2016-06-22,2016-06-22,C,2.0,2016-01-14
5578,2016-05-16 10:29:00,2016-05-16,0.081,16186.0,20.0,6117.0,0.0807,0.081,0.0807,10000535,2016-06-22,2016-06-22,C,2.0,2016-01-14
5579,2016-05-16 10:30:00,2016-05-16,0.0813,20229.0,25.0,6135.0,0.081,0.0813,0.0808,10000535,2016-06-22,2016-06-22,C,2.0,2016-01-14
5580,2016-05-16 10:31:00,2016-05-16,0.0813,0.0,0.0,6135.0,0.0813,0.0813,0.0813,10000535,2016-06-22,2016-06-22,C,2.0,2016-01-14
5581,2016-05-16 10:32:00,2016-05-16,0.0813,0.0,0.0,6135.0,0.0813,0.0813,0.0813,10000535,2016-06-22,2016-06-22,C,2.0,2016-01-14
5582,2016-05-16 10:33:00,2016-05-16,0.0813,0.0,0.0,6135.0,0.0813,0.0813,0.0813,10000535,2016-06-22,2016-06-22,C,2.0,2016-01-14
5583,2016-05-16 10:34:00,2016-05-16,0.0813,0.0,0.0,6135.0,0.0813,0.0813,0.0813,10000535,2016-06-22,2016-06-22,C,2.0,2016-01-14
5584,2016-05-16 10:35:00,2016-05-16,0.08199999999999999,24556.0,30.0,6165.0,0.0813,0.08199999999999999,0.0813,10000535,2016-06-22,2016-06-22,C,2.0,2016-01-14
5585,2016-05-16 10:36:00,2016-05-16,0.08199999999999999,0.0,0.0,6165.0,0.08199999999999999,0.08199999999999999,0.08199999999999999,10000535,2016-06-22,2016-06-22,C,2.0,2016-01-14
5586,2016-05-16 10:37:00,2016-05-16,0.08199999999999999,0.0,0.0,6165.0,0.08199999999999999,0.08199999999999999,0.08199999999999999,10000535,2016-06-22,2016-06-22,C,2.0,2016-01-14
5587,2016-05-16 10:38:00,2016-05-16,0.08199999999999999,11298.0,14.0,6177.0,0.08199999999999999,0.0807,0.0807,10000535,2016-06-22,2016-06-22,C,2.0,2016-01-14
5588,2016-05-16 10:39:00,2016-05-16,0.0807,0.0,0.0,6177.0,0.0807,0.0807,0.0807,10000535,2016-06-22,2016-06-22,C,2.0,2016-01-14
5589,2016-05-16 10:40:00,2016-05-16,0.0808,8889.0,11.0,6188.0,0.0807,0.0808,0.0807,10000535,2016-06-22,2016-06-22,C,2.0,2016-01-14
5590,2016-05-16 10:41:00,2016-05-16,0.0808,0.0,0.0,6188.0,0.0808,0.0808,0.0808,10000535,2016-06-22,2016-06-22,C,2.0,2016-01-14
5591,2016-05-16 10:42:00,2016-05-16,0.0808,0.0,0.0,6188.0,0.0808,0.0808,0.0808,10000535,2016-06-22,2016-06-22,C,2.0,2016-01-14
5592,2016-05-16 10:43:00,2016-05-16,0.0808,0.0,0.0,6188.0,0.0808,0.0808,0.0808,10000535,2016-06-22,2016-06-22,C,2.0,2016-01-14
5593,2016-05-16 10:44:00,2016-05-16,0.0808,806.0,1.0,6189.0,0.0808,0.0806,0.0806,10000535,2016-06-22,2016-06-22,C,2.0,2016-01-14
5594,2016-05-16 10:45:00,2016-05-16,0.0806,5622.0,7.0,6195.0,0.0806,0.0803,0.0803,10000535,2016-06-22,2016-06-22,C,2.0,2016-01-14
5595,2016-05-16 10:46:00,2016-05-16,0.0803,1606.0,2.0,6195.0,0.0803,0.0803,0.0803,10000535,2016-06-22,2016-06-22,C,2.0,2016-01-14
5596,2016-05-16 10:47:00,2016-05-16,0.0818,3263.0,4.0,6196.0,0.0803,0.0818,0.0803,10000535,2016-06-22,2016-06-22,C,2.0,2016-01-14
5597,2016-05-16 10:48:00,2016-05-16,0.0818,818.0,1.0,6196.0,0.0818,0.0818,0.0818,10000535,2016-06-22,2016-06-22,C,2.0,2016-01-14
5598,2016-05-16 10:49:00,2016-05-16,0.08199999999999999,8200.0,10.0,6196.0,0.0818,0.08199999999999999,0.0818,10000535,2016-06-22,2016-06-22,C,2.0,2016-01-14
5599,2016-05-16 10:50:00,2016-05-16,0.0828,11532.0,14.0,6203.0,0.08199999999999999,0.0828,0.08199999999999999,10000535,2016-06-22,2016-06-22,C,2.0,2016-01-14
5600,2016-05-16 10:51:00,2016-05-16,0.0843,50359.0,60.0,6167.0,0.0828,0.0843,0.0828,10000535,2016-06-22,2016-06-22,C,2.0,2016-01-14
5601,2016-05-16 10:52:00,2016-05-16,0.0844,18558.0,22.0,6152.0,0.0843,0.0843,0.0843,10000535,2016-06-22,2016-06-22,C,2.0,2016-01-14
5602,2016-05-16 10:53:00,2016-05-16,0.0843,838.0,1.0,6152.0,0.0843,0.0838,0.0838,10000535,2016-06-22,2016-06-22,C,2.0,2016-01-14
5603,2016-05-16 10:54:00,2016-05-16,0.0838,0.0,0.0,6152.0,0.0838,0.0838,0.0838,10000535,2016-06-22,2016-06-22,C,2.0,2016-01-14
5604,2016-05-16 10:55:00,2016-05-16,0.0842,842.0,1.0,6152.0,0.0838,0.0842,0.0838,10000535,2016-06-22,2016-06-22,C,2.0,2016-01-14
5605,2016-05-16 10:56:00,2016-05-16,0.087,17179.0,20.0,6158.0,0.0842,0.0862,0.0842,10000535,2016-06-22,2016-06-22,C,2.0,2016-01-14
5606,2016-05-16 10:57:00,2016-05-16,0.0862,850.0,1.0,6158.0,0.0862,0.085,0.085,10000535,2016-06-22,2016-06-22,C,2.0,2016-01-14
5607,2016-05-16 10:58:00,2016-05-16,0.0863,14636.0,17.0,6146.0,0.085,0.0863,0.085,10000535,2016-06-22,2016-06-22,C,2.0,2016-01-14
5608,2016-05-16 10:59:00,2016-05-16,0.0866,1731.0,2.0,6145.0,0.0863,0.0866,0.0863,10000535,2016-06-22,2016-06-22,C,2.0,2016-01-14
5609,2016-05-16 11:00:00,2016-05-16,0.08800000000000001,7040.0,8.0,6153.0,0.0866,0.08800000000000001,0.0866,10000535,2016-06-22,2016-06-22,C,2.0,2016-01-14
5610,2016-05-16 11:01:00,2016-05-16,0.0885,29969.0,34.0,6149.0,0.08800000000000001,0.0885,0.0879,10000535,2016-06-22,2016-06-22,C,2.0,2016-01-14
5611,2016-05-16 11:02:00,2016-05-16,0.0885,0.0,0.0,6149.0,0.0885,0.0885,0.0885,10000535,2016-06-22,2016-06-22,C,2.0,2016-01-14
5612,2016-05-16 11:03:00,2016-05-16,0.0885,880.0,1.0,6150.0,0.0885,0.08800000000000001,0.08800000000000001,10000535,2016-06-22,2016-06-22,C,2.0,2016-01-14
5613,2016-05-16 11:04:00,2016-05-16,0.08800000000000001,0.0,0.0,6150.0,0.08800000000000001,0.08800000000000001,0.08800000000000001,10000535,2016-06-22,2016-06-22,C,2.0,2016-01-14
5614,2016-05-16 11:05:00,2016-05-16,0.08800000000000001,4315.0,5.0,6155.0,0.08800000000000001,0.0863,0.0863,10000535,2016-06-22,2016-06-22,C,2.0,2016-01-14
5615,2016-05-16 11:06:00,2016-05-16,0.0867,1734.0,2.0,6153.0,0.0863,0.0867,0.0863,10000535,2016-06-22,2016-06-22,C,2.0,2016-01-14
5616,2016-05-16 11:07:00,2016-05-16,0.0867,0.0,0.0,6153.0,0.0867,0.0867,0.0867,10000535,2016-06-22,2016-06-22,C,2.0,2016-01-14
5617,2016-05-16 11:08:00,2016-05-16,0.0867,0.0,0.0,6153.0,0.0867,0.0867,0.0867,10000535,2016-06-22,2016-06-22,C,2.0,2016-01-14
5618,2016-05-16 11:09:00,2016-05-16,0.0875,5190.0,6.0,6158.0,0.0867,0.0875,0.0863,10000535,2016-06-22,2016-06-22,C,2.0,2016-01-14
5619,2016-05-16 11:10:00,2016-05-16,0.0875,0.0,0.0,6158.0,0.0875,0.0875,0.0875,10000535,2016-06-22,2016-06-22,C,2.0,2016-01-14
5620,2016-05-16 11:11:00,2016-05-16,0.0875,5240.0,6.0,6159.0,0.0875,0.0875,0.0873,10000535,2016-06-22,2016-06-22,C,2.0,2016-01-14
5621,2016-05-16 11:12:00,2016-05-16,0.0875,2577.0,3.0,6160.0,0.0875,0.0859,0.0859,10000535,2016-06-22,2016-06-22,C,2.0,2016-01-14
5622,2016-05-16 11:13:00,2016-05-16,0.0859,4279.0,5.0,6160.0,0.0859,0.0855,0.0855,10000535,2016-06-22,2016-06-22,C,2.0,2016-01-14
5623,2016-05-16 11:14:00,2016-05-16,0.0866,866.0,1.0,6159.0,0.0855,0.0866,0.0855,10000535,2016-06-22,2016-06-22,C,2.0,2016-01-14
5624,2016-05-16 11:15:00,2016-05-16,0.0877,877.0,1.0,6160.0,0.0866,0.0877,0.0866,10000535,2016-06-22,2016-06-22,C,2.0,2016-01-14
5625,2016-05-16 11:16:00,2016-05-16,0.0877,868.0,1.0,6161.0,0.0877,0.0868,0.0868,10000535,2016-06-22,2016-06-22,C,2.0,2016-01-14
5626,2016-05-16 11:17:00,2016-05-16,0.0868,0.0,0.0,6161.0,0.0868,0.0868,0.0868,10000535,2016-06-22,2016-06-22,C,2.0,2016-01-14
5627,2016-05-16 11:18:00,2016-05-16,0.087,870.0,1.0,6161.0,0.0868,0.087,0.0868,10000535,2016-06-22,2016-06-22,C,2.0,2016-01-14
5628,2016-05-16 11:19:00,2016-05-16,0.087,858.0,1.0,6161.0,0.087,0.0858,0.0858,10000535,2016-06-22,2016-06-22,C,2.0,2016-01-14
5629,2016-05-16 11:20:00,2016-05-16,0.0876,6075.0,7.0,6160.0,0.0858,0.0876,0.0858,10000535,2016-06-22,2016-06-22,C,2.0,2016-01-14
5630,2016-05-16 11:21:00,2016-05-16,0.0876,6064.0,7.0,6160.0,0.0876,0.0862,0.0862,10000535,2016-06-22,2016-06-22,C,2.0,2016-01-14
5631,2016-05-16 11:22:00,2016-05-16,0.0862,2582.0,3.0,6158.0,0.0862,0.086,0.086,10000535,2016-06-22,2016-06-22,C,2.0,2016-01-14
5632,2016-05-16 11:23:00,2016-05-16,0.086,0.0,0.0,6158.0,0.086,0.086,0.086,10000535,2016-06-22,2016-06-22,C,2.0,2016-01-14
5633,2016-05-16 11:24:00,2016-05-16,0.086,0.0,0.0,6158.0,0.086,0.086,0.086,10000535,2016-06-22,2016-06-22,C,2.0,2016-01-14
5634,2016-05-16 11:25:00,2016-05-16,0.086,0.0,0.0,6158.0,0.086,0.086,0.086,10000535,2016-06-22,2016-06-22,C,2.0,2016-01-14
5635,2016-05-16 11:26:00,2016-05-16,0.086,8560.0,10.0,6158.0,0.086,0.0856,0.0856,10000535,2016-06-22,2016-06-22,C,2.0,2016-01-14
5636,2016-05-16 11:27:00,2016-05-16,0.0856,0.0,0.0,6158.0,0.0856,0.0856,0.0856,10000535,2016-06-22,2016-06-22,C,2.0,2016-01-14
5637,2016-05-16 11:28:00,2016-05-16,0.0856,0.0,0.0,6158.0,0.0856,0.0856,0.0856,10000535,2016-06-22,2016-06-22,C,2.0,2016-01-14
5638,2016-05-16 11:29:00,2016-05-16,0.0856,0.0,0.0,6158.0,0.0856,0.0856,0.0856,10000535,2016-06-22,2016-06-22,C,2.0,2016-01-14
5639,2016-05-16 11:30:00,2016-05-16,0.0864,864.0,1.0,6157.0,0.0856,0.0864,0.0856,10000535,2016-06-22,2016-06-22,C,2.0,2016-01-14
5640,2016-05-16 13:01:00,2016-05-16,0.0864,1719.0,2.0,6157.0,0.0864,0.0855,0.0855,10000535,2016-06-22,2016-06-22,C,2.0,2016-01-14
5641,2016-05-16 13:02:00,2016-05-16,0.085,1696.0,2.0,6158.0,0.085,0.0846,0.0846,10000535,2016-06-22,2016-06-22,C,2.0,2016-01-14
5642,2016-05-16 13:03:00,2016-05-16,0.0846,0.0,0.0,6158.0,0.0846,0.0846,0.0846,10000535,2016-06-22,2016-06-22,C,2.0,2016-01-14
5643,2016-05-16 13:04:00,2016-05-16,0.0846,0.0,0.0,6158.0,0.0846,0.0846,0.0846,10000535,2016-06-22,2016-06-22,C,2.0,2016-01-14
5644,2016-05-16 13:05:00,2016-05-16,0.0846,0.0,0.0,6158.0,0.0846,0.0846,0.0846,10000535,2016-06-22,2016-06-22,C,2.0,2016-01-14
5645,2016-05-16 13:06:00,2016-05-16,0.0846,0.0,0.0,6158.0,0.0846,0.0846,0.0846,10000535,2016-06-22,2016-06-22,C,2.0,2016-01-14
5646,2016-05-16 13:07:00,2016-05-16,0.0846,0.0,0.0,6158.0,0.0846,0.0846,0.0846,10000535,2016-06-22,2016-06-22,C,2.0,2016-01-14
5647,2016-05-16 13:08:00,2016-05-16,0.0846,0.0,0.0,6158.0,0.0846,0.0846,0.0846,10000535,2016-06-22,2016-06-22,C,2.0,2016-01-14
5648,2016-05-16 13:09:00,2016-05-16,0.0846,8390.0,10.0,6168.0,0.0846,0.0839,0.0839,10000535,2016-06-22,2016-06-22,C,2.0,2016-01-14
5649,2016-05-16 13:10:00,2016-05-16,0.0839,0.0,0.0,6168.0,0.0839,0.0839,0.0839,10000535,2016-06-22,2016-06-22,C,2.0,2016-01-14
5650,2016-05-16 13:11:00,2016-05-16,0.0839,0.0,0.0,6168.0,0.0839,0.0839,0.0839,10000535,2016-06-22,2016-06-22,C,2.0,2016-01-14
5651,2016-05-16 13:12:00,2016-05-16,0.0839,838.0,1.0,6167.0,0.0839,0.0838,0.0838,10000535,2016-06-22,2016-06-22,C,2.0,2016-01-14
5652,2016-05-16 13:13:00,2016-05-16,0.0844,844.0,1.0,6166.0,0.0838,0.0844,0.0838,10000535,2016-06-22,2016-06-22,C,2.0,2016-01-14
5653,2016-05-16 13:14:00,2016-05-16,0.0844,0.0,0.0,6166.0,0.0844,0.0844,0.0844,10000535,2016-06-22,2016-06-22,C,2.0,2016-01-14
5654,2016-05-16 13:15:00,2016-05-16,0.0844,0.0,0.0,6166.0,0.0844,0.0844,0.0844,10000535,2016-06-22,2016-06-22,C,2.0,2016-01-14
5655,2016-05-16 13:16:00,2016-05-16,0.0844,0.0,0.0,6166.0,0.0844,0.0844,0.0844,10000535,2016-06-22,2016-06-22,C,2.0,2016-01-14
5656,2016-05-16 13:17:00,2016-05-16,0.0844,0.0,0.0,6166.0,0.0844,0.0844,0.0844,10000535,2016-06-22,2016-06-22,C,2.0,2016-01-14
5657,2016-05-16 13:18:00,2016-05-16,0.0844,0.0,0.0,6166.0,0.0844,0.0844,0.0844,10000535,2016-06-22,2016-06-22,C,2.0,2016-01-14
5658,2016-05-16 13:19:00,2016-05-16,0.0844,0.0,0.0,6166.0,0.0844,0.0844,0.0844,10000535,2016-06-22,2016-06-22,C,2.0,2016-01-14
5659,2016-05-16 13:20:00,2016-05-16,0.0844,8350.0,10.0,6176.0,0.0844,0.0835,0.0835,10000535,2016-06-22,2016-06-22,C,2.0,2016-01-14
5660,2016-05-16 13:21:00,2016-05-16,0.0835,0.0,0.0,6176.0,0.0835,0.0835,0.0835,10000535,2016-06-22,2016-06-22,C,2.0,2016-01-14
5661,2016-05-16 13:22:00,2016-05-16,0.0835,834.0,1.0,6176.0,0.0835,0.0834,0.0834,10000535,2016-06-22,2016-06-22,C,2.0,2016-01-14
5662,2016-05-16 13:23:00,2016-05-16,0.0834,0.0,0.0,6176.0,0.0834,0.0834,0.0834,10000535,2016-06-22,2016-06-22,C,2.0,2016-01-14
5663,2016-05-16 13:24:00,2016-05-16,0.0834,0.0,0.0,6176.0,0.0834,0.0834,0.0834,10000535,2016-06-22,2016-06-22,C,2.0,2016-01-14
5664,2016-05-16 13:25:00,2016-05-16,0.0834,0.0,0.0,6176.0,0.0834,0.0834,0.0834,10000535,2016-06-22,2016-06-22,C,2.0,2016-01-14
5665,2016-05-16 13:26:00,2016-05-16,0.0834,0.0,0.0,6176.0,0.0834,0.0834,0.0834,10000535,2016-06-22,2016-06-22,C,2.0,2016-01-14
5666,2016-05-16 13:27:00,2016-05-16,0.0834,0.0,0.0,6176.0,0.0834,0.0834,0.0834,10000535,2016-06-22,2016-06-22,C,2.0,2016-01-14
5667,2016-05-16 13:28:00,2016-05-16,0.0834,8290.0,10.0,6184.0,0.0834,0.0829,0.0829,10000535,2016-06-22,2016-06-22,C,2.0,2016-01-14
5668,2016-05-16 13:29:00,2016-05-16,0.0834,9134.0,11.0,6175.0,0.0829,0.0834,0.0829,10000535,2016-06-22,2016-06-22,C,2.0,2016-01-14
5669,2016-05-16 13:30:00,2016-05-16,0.0834,0.0,0.0,6175.0,0.0834,0.0834,0.0834,10000535,2016-06-22,2016-06-22,C,2.0,2016-01-14
5670,2016-05-16 13:31:00,2016-05-16,0.0834,8300.0,10.0,6177.0,0.0834,0.083,0.083,10000535,2016-06-22,2016-06-22,C,2.0,2016-01-14
5671,2016-05-16 13:32:00,2016-05-16,0.0834,8340.0,10.0,6175.0,0.083,0.0834,0.083,10000535,2016-06-22,2016-06-22,C,2.0,2016-01-14
5672,2016-05-16 13:33:00,2016-05-16,0.0834,0.0,0.0,6175.0,0.0834,0.0834,0.0834,10000535,2016-06-22,2016-06-22,C,2.0,2016-01-14
5673,2016-05-16 13:34:00,2016-05-16,0.0834,0.0,0.0,6175.0,0.0834,0.0834,0.0834,10000535,2016-06-22,2016-06-22,C,2.0,2016-01-14
5674,2016-05-16 13:35:00,2016-05-16,0.0835,835.0,1.0,6176.0,0.0834,0.0835,0.0834,10000535,2016-06-22,2016-06-22,C,2.0,2016-01-14
5675,2016-05-16 13:36:00,2016-05-16,0.0835,0.0,0.0,6176.0,0.0835,0.0835,0.0835,10000535,2016-06-22,2016-06-22,C,2.0,2016-01-14
5676,2016-05-16 13:37:00,2016-05-16,0.0835,821.0,1.0,6177.0,0.0835,0.0821,0.0821,10000535,2016-06-22,2016-06-22,C,2.0,2016-01-14
5677,2016-05-16 13:38:00,2016-05-16,0.0821,0.0,0.0,6177.0,0.0821,0.0821,0.0821,10000535,2016-06-22,2016-06-22,C,2.0,2016-01-14
5678,2016-05-16 13:39:00,2016-05-16,0.0821,0.0,0.0,6177.0,0.0821,0.0821,0.0821,10000535,2016-06-22,2016-06-22,C,2.0,2016-01-14
5679,2016-05-16 13:40:00,2016-05-16,0.0821,0.0,0.0,6177.0,0.0821,0.0821,0.0821,10000535,2016-06-22,2016-06-22,C,2.0,2016-01-14
5680,2016-05-16 13:41:00,2016-05-16,0.0821,0.0,0.0,6177.0,0.0821,0.0821,0.0821,10000535,2016-06-22,2016-06-22,C,2.0,2016-01-14
5681,2016-05-16 13:42:00,2016-05-16,0.0821,0.0,0.0,6177.0,0.0821,0.0821,0.0821,10000535,2016-06-22,2016-06-22,C,2.0,2016-01-14
5682,2016-05-16 13:43:00,2016-05-16,0.0835,21700.0,26.0,6179.0,0.0821,0.0835,0.0821,10000535,2016-06-22,2016-06-22,C,2.0,2016-01-14
5683,2016-05-16 13:44:00,2016-05-16,0.0835,0.0,0.0,6179.0,0.0835,0.0835,0.0835,10000535,2016-06-22,2016-06-22,C,2.0,2016-01-14
5684,2016-05-16 13:45:00,2016-05-16,0.0835,0.0,0.0,6179.0,0.0835,0.0835,0.0835,10000535,2016-06-22,2016-06-22,C,2.0,2016-01-14
5685,2016-05-16 13:46:00,2016-05-16,0.0846,16920.0,20.0,6189.0,0.0846,0.0846,0.0846,10000535,2016-06-22,2016-06-22,C,2.0,2016-01-14
5686,2016-05-16 13:47:00,2016-05-16,0.0846,0.0,0.0,6189.0,0.0846,0.0846,0.0846,10000535,2016-06-22,2016-06-22,C,2.0,2016-01-14
5687,2016-05-16 13:48:00,2016-05-16,0.0847,8470.0,10.0,6199.0,0.0846,0.0847,0.0846,10000535,2016-06-22,2016-06-22,C,2.0,2016-01-14
5688,2016-05-16 13:49:00,2016-05-16,0.0847,0.0,0.0,6199.0,0.0847,0.0847,0.0847,10000535,2016-06-22,2016-06-22,C,2.0,2016-01-14
5689,2016-05-16 13:50:00,2016-05-16,0.0847,2526.0,3.0,6199.0,0.0847,0.0842,0.0842,10000535,2016-06-22,2016-06-22,C,2.0,2016-01-14
5690,2016-05-16 13:51:00,2016-05-16,0.0842,0.0,0.0,6199.0,0.0842,0.0842,0.0842,10000535,2016-06-22,2016-06-22,C,2.0,2016-01-14
5691,2016-05-16 13:52:00,2016-05-16,0.0842,0.0,0.0,6199.0,0.0842,0.0842,0.0842,10000535,2016-06-22,2016-06-22,C,2.0,2016-01-14
5692,2016-05-16 13:53:00,2016-05-16,0.0842,0.0,0.0,6199.0,0.0842,0.0842,0.0842,10000535,2016-06-22,2016-06-22,C,2.0,2016-01-14
5693,2016-05-16 13:54:00,2016-05-16,0.0844,6738.0,8.0,6207.0,0.0842,0.0844,0.0842,10000535,2016-06-22,2016-06-22,C,2.0,2016-01-14
5694,2016-05-16 13:55:00,2016-05-16,0.085,18606.0,22.0,6227.0,0.0844,0.085,0.0842,10000535,2016-06-22,2016-06-22,C,2.0,2016-01-14
5695,2016-05-16 13:56:00,2016-05-16,0.085,10200.0,12.0,6227.0,0.085,0.085,0.085,10000535,2016-06-22,2016-06-22,C,2.0,2016-01-14
5696,2016-05-16 13:57:00,2016-05-16,0.0864,23273.0,27.0,6237.0,0.085,0.0859,0.085,10000535,2016-06-22,2016-06-22,C,2.0,2016-01-14
5697,2016-05-16 13:58:00,2016-05-16,0.0865,12955.0,15.0,6250.0,0.0859,0.0864,0.0855,10000535,2016-06-22,2016-06-22,C,2.0,2016-01-14
5698,2016-05-16 13:59:00,2016-05-16,0.0864,0.0,0.0,6250.0,0.0864,0.0864,0.0864,10000535,2016-06-22,2016-06-22,C,2.0,2016-01-14
5699,2016-05-16 14:00:00,2016-05-16,0.0864,0.0,0.0,6250.0,0.0864,0.0864,0.0864,10000535,2016-06-22,2016-06-22,C,2.0,2016-01-14
5700,2016-05-16 14:01:00,2016-05-16,0.0864,0.0,0.0,6250.0,0.0864,0.0864,0.0864,10000535,2016-06-22,2016-06-22,C,2.0,2016-01-14
5701,2016-05-16 14:02:00,2016-05-16,0.0864,0.0,0.0,6250.0,0.0864,0.0864,0.0864,10000535,2016-06-22,2016-06-22,C,2.0,2016-01-14
5702,2016-05-16 14:03:00,2016-05-16,0.0864,0.0,0.0,6250.0,0.0864,0.0864,0.0864,10000535,2016-06-22,2016-06-22,C,2.0,2016-01-14
5703,2016-05-16 14:04:00,2016-05-16,0.0864,0.0,0.0,6250.0,0.0864,0.0864,0.0864,10000535,2016-06-22,2016-06-22,C,2.0,2016-01-14
5704,2016-05-16 14:05:00,2016-05-16,0.0841,1682.0,2.0,6248.0,0.0841,0.0841,0.0841,10000535,2016-06-22,2016-06-22,C,2.0,2016-01-14
5705,2016-05-16 14:06:00,2016-05-16,0.0841,0.0,0.0,6248.0,0.0841,0.0841,0.0841,10000535,2016-06-22,2016-06-22,C,2.0,2016-01-14
5706,2016-05-16 14:07:00,2016-05-16,0.0841,5851.0,7.0,6254.0,0.0841,0.0835,0.0835,10000535,2016-06-22,2016-06-22,C,2.0,2016-01-14
5707,2016-05-16 14:08:00,2016-05-16,0.0835,0.0,0.0,6254.0,0.0835,0.0835,0.0835,10000535,2016-06-22,2016-06-22,C,2.0,2016-01-14
5708,2016-05-16 14:09:00,2016-05-16,0.0835,0.0,0.0,6254.0,0.0835,0.0835,0.0835,10000535,2016-06-22,2016-06-22,C,2.0,2016-01-14
5709,2016-05-16 14:10:00,2016-05-16,0.0835,0.0,0.0,6254.0,0.0835,0.0835,0.0835,10000535,2016-06-22,2016-06-22,C,2.0,2016-01-14
5710,2016-05-16 14:11:00,2016-05-16,0.0835,0.0,0.0,6254.0,0.0835,0.0835,0.0835,10000535,2016-06-22,2016-06-22,C,2.0,2016-01-14
5711,2016-05-16 14:12:00,2016-05-16,0.0845,10125.0,12.0,6266.0,0.0833,0.0845,0.0833,10000535,2016-06-22,2016-06-22,C,2.0,2016-01-14
5712,2016-05-16 14:13:00,2016-05-16,0.0846,846.0,1.0,6266.0,0.0845,0.0846,0.0845,10000535,2016-06-22,2016-06-22,C,2.0,2016-01-14
5713,2016-05-16 14:14:00,2016-05-16,0.0846,1692.0,2.0,6266.0,0.0846,0.0846,0.0846,10000535,2016-06-22,2016-06-22,C,2.0,2016-01-14
5714,2016-05-16 14:15:00,2016-05-16,0.0846,13352.0,16.0,6262.0,0.0846,0.0832,0.0832,10000535,2016-06-22,2016-06-22,C,2.0,2016-01-14
5715,2016-05-16 14:16:00,2016-05-16,0.0832,36664.0,45.0,6273.0,0.0832,0.0806,0.0806,10000535,2016-06-22,2016-06-22,C,2.0,2016-01-14
5716,2016-05-16 14:17:00,2016-05-16,0.0822,2463.0,3.0,6271.0,0.0806,0.0822,0.0806,10000535,2016-06-22,2016-06-22,C,2.0,2016-01-14
5717,2016-05-16 14:18:00,2016-05-16,0.0822,0.0,0.0,6271.0,0.0822,0.0822,0.0822,10000535,2016-06-22,2016-06-22,C,2.0,2016-01-14
5718,2016-05-16 14:19:00,2016-05-16,0.0822,0.0,0.0,6271.0,0.0822,0.0822,0.0822,10000535,2016-06-22,2016-06-22,C,2.0,2016-01-14
5719,2016-05-16 14:20:00,2016-05-16,0.0822,819.0,1.0,6271.0,0.0822,0.0819,0.0819,10000535,2016-06-22,2016-06-22,C,2.0,2016-01-14
5720,2016-05-16 14:21:00,2016-05-16,0.08199999999999999,8200.0,10.0,6279.0,0.0819,0.08199999999999999,0.0819,10000535,2016-06-22,2016-06-22,C,2.0,2016-01-14
5721,2016-05-16 14:22:00,2016-05-16,0.08199999999999999,1622.0,2.0,6281.0,0.08199999999999999,0.0811,0.0811,10000535,2016-06-22,2016-06-22,C,2.0,2016-01-14
5722,2016-05-16 14:23:00,2016-05-16,0.0811,0.0,0.0,6281.0,0.0811,0.0811,0.0811,10000535,2016-06-22,2016-06-22,C,2.0,2016-01-14
5723,2016-05-16 14:24:00,2016-05-16,0.0815,815.0,1.0,6281.0,0.0811,0.0815,0.0811,10000535,2016-06-22,2016-06-22,C,2.0,2016-01-14
5724,2016-05-16 14:25:00,2016-05-16,0.0815,0.0,0.0,6281.0,0.0815,0.0815,0.0815,10000535,2016-06-22,2016-06-22,C,2.0,2016-01-14
5725,2016-05-16 14:26:00,2016-05-16,0.0822,9022.0,11.0,6280.0,0.0815,0.08199999999999999,0.0815,10000535,2016-06-22,2016-06-22,C,2.0,2016-01-14
5726,2016-05-16 14:27:00,2016-05-16,0.08199999999999999,3275.0,4.0,6284.0,0.08199999999999999,0.0818,0.0818,10000535,2016-06-22,2016-06-22,C,2.0,2016-01-14
5727,2016-05-16 14:28:00,2016-05-16,0.0818,0.0,0.0,6284.0,0.0818,0.0818,0.0818,10000535,2016-06-22,2016-06-22,C,2.0,2016-01-14
5728,2016-05-16 14:29:00,2016-05-16,0.0824,16440.0,20.0,6297.0,0.0818,0.0824,0.0818,10000535,2016-06-22,2016-06-22,C,2.0,2016-01-14
5729,2016-05-16 14:30:00,2016-05-16,0.083,12425.0,15.0,6307.0,0.0824,0.083,0.0824,10000535,2016-06-22,2016-06-22,C,2.0,2016-01-14
5730,2016-05-16 14:31:00,2016-05-16,0.083,0.0,0.0,6307.0,0.083,0.083,0.083,10000535,2016-06-22,2016-06-22,C,2.0,2016-01-14
5731,2016-05-16 14:32:00,2016-05-16,0.083,0.0,0.0,6307.0,0.083,0.083,0.083,10000535,2016-06-22,2016-06-22,C,2.0,2016-01-14
5732,2016-05-16 14:33:00,2016-05-16,0.0835,835.0,1.0,6307.0,0.083,0.0835,0.083,10000535,2016-06-22,2016-06-22,C,2.0,2016-01-14
5733,2016-05-16 14:34:00,2016-05-16,0.0835,0.0,0.0,6307.0,0.0835,0.0835,0.0835,10000535,2016-06-22,2016-06-22,C,2.0,2016-01-14
5734,2016-05-16 14:35:00,2016-05-16,0.0835,0.0,0.0,6307.0,0.0835,0.0835,0.0835,10000535,2016-06-22,2016-06-22,C,2.0,2016-01-14
5735,2016-05-16 14:36:00,2016-05-16,0.0847,3357.0,4.0,6307.0,0.0835,0.0836,0.0835,10000535,2016-06-22,2016-06-22,C,2.0,2016-01-14
5736,2016-05-16 14:37:00,2016-05-16,0.0861,17961.0,21.0,6302.0,0.0836,0.0851,0.0836,10000535,2016-06-22,2016-06-22,C,2.0,2016-01-14
5737,2016-05-16 14:38:00,2016-05-16,0.0851,0.0,0.0,6302.0,0.0851,0.0851,0.0851,10000535,2016-06-22,2016-06-22,C,2.0,2016-01-14
5738,2016-05-16 14:39:00,2016-05-16,0.0854,1708.0,2.0,6300.0,0.0851,0.0854,0.0851,10000535,2016-06-22,2016-06-22,C,2.0,2016-01-14
5739,2016-05-16 14:40:00,2016-05-16,0.0854,850.0,1.0,6301.0,0.0854,0.085,0.085,10000535,2016-06-22,2016-06-22,C,2.0,2016-01-14
5740,2016-05-16 14:41:00,2016-05-16,0.085,0.0,0.0,6301.0,0.085,0.085,0.085,10000535,2016-06-22,2016-06-22,C,2.0,2016-01-14
5741,2016-05-16 14:42:00,2016-05-16,0.0858,8580.0,10.0,6301.0,0.085,0.0858,0.085,10000535,2016-06-22,2016-06-22,C,2.0,2016-01-14
5742,2016-05-16 14:43:00,2016-05-16,0.0858,12790.0,15.0,6314.0,0.0858,0.0852,0.0852,10000535,2016-06-22,2016-06-22,C,2.0,2016-01-14
5743,2016-05-16 14:44:00,2016-05-16,0.0852,0.0,0.0,6314.0,0.0852,0.0852,0.0852,10000535,2016-06-22,2016-06-22,C,2.0,2016-01-14
5744,2016-05-16 14:45:00,2016-05-16,0.0852,0.0,0.0,6314.0,0.0852,0.0852,0.0852,10000535,2016-06-22,2016-06-22,C,2.0,2016-01-14
5745,2016-05-16 14:46:00,2016-05-16,0.0852,0.0,0.0,6314.0,0.0852,0.0852,0.0852,10000535,2016-06-22,2016-06-22,C,2.0,2016-01-14
5746,2016-05-16 14:47:00,2016-05-16,0.0852,0.0,0.0,6314.0,0.0852,0.0852,0.0852,10000535,2016-06-22,2016-06-22,C,2.0,2016-01-14
5747,2016-05-16 14:48:00,2016-05-16,0.0854,8540.0,10.0,6314.0,0.0852,0.0854,0.0852,10000535,2016-06-22,2016-06-22,C,2.0,2016-01-14
5748,2016-05-16 14:49:00,2016-05-16,0.0855,4271.0,5.0,6309.0,0.0854,0.0855,0.0853,10000535,2016-06-22,2016-06-22,C,2.0,2016-01-14
5749,2016-05-16 14:50:00,2016-05-16,0.0855,4259.0,5.0,6308.0,0.0855,0.0847,0.0847,10000535,2016-06-22,2016-06-22,C,2.0,2016-01-14
5750,2016-05-16 14:51:00,2016-05-16,0.0855,9405.0,11.0,6297.0,0.0847,0.0855,0.0847,10000535,2016-06-22,2016-06-22,C,2.0,2016-01-14
5751,2016-05-16 14:52:00,2016-05-16,0.0867,17250.0,20.0,6285.0,0.0855,0.0867,0.0855,10000535,2016-06-22,2016-06-22,C,2.0,2016-01-14
5752,2016-05-16 14:53:00,2016-05-16,0.0867,8610.0,10.0,6285.0,0.0867,0.0861,0.0861,10000535,2016-06-22,2016-06-22,C,2.0,2016-01-14
5753,2016-05-16 14:54:00,2016-05-16,0.0864,8640.0,10.0,6285.0,0.0861,0.0864,0.0861,10000535,2016-06-22,2016-06-22,C,2.0,2016-01-14
5754,2016-05-16 14:55:00,2016-05-16,0.0864,0.0,0.0,6285.0,0.0864,0.0864,0.0864,10000535,2016-06-22,2016-06-22,C,2.0,2016-01-14
5755,2016-05-16 14:56:00,2016-05-16,0.0864,0.0,0.0,6285.0,0.0864,0.0864,0.0864,10000535,2016-06-22,2016-06-22,C,2.0,2016-01-14
5756,2016-05-16 14:57:00,2016-05-16,0.0864,860.0,1.0,6286.0,0.0864,0.086,0.086,10000535,2016-06-22,2016-06-22,C,2.0,2016-01-14
5757,2016-05-16 14:58:00,2016-05-16,0.086,0.0,0.0,6286.0,0.086,0.086,0.086,10000535,2016-06-22,2016-06-22,C,2.0,2016-01-14
5758,2016-05-16 14:59:00,2016-05-16,0.086,0.0,0.0,6286.0,0.086,0.086,0.086,10000535,2016-06-22,2016-06-22,C,2.0,2016-01-14
5759,2016-05-16 15:00:00,2016-05-16,0.086,0.0,0.0,6286.0,0.086,0.086,0.086,10000535,2016-06-22,2016-06-22,C,2.0,2016-01-14
5760,2016-05-16 09:31:00,2016-05-16,0.0299,38259.0,132.0,15262.0,0.03,0.0299,0.0284,10000523,2016-06-22,2016-06-22,C,2.1,2016-01-08
5761,2016-05-16 09:32:00,2016-05-16,0.03,35012.0,117.0,15299.0,0.0299,0.0299,0.0299,10000523,2016-06-22,2016-06-22,C,2.1,2016-01-08
5762,2016-05-16 09:33:00,2016-05-16,0.0302,1504.0,5.0,15299.0,0.0299,0.03,0.0299,10000523,2016-06-22,2016-06-22,C,2.1,2016-01-08
5763,2016-05-16 09:34:00,2016-05-16,0.03,14070.0,47.0,15296.0,0.03,0.0299,0.0299,10000523,2016-06-22,2016-06-22,C,2.1,2016-01-08
5764,2016-05-16 09:35:00,2016-05-16,0.0301,6251.0,21.0,15290.0,0.0299,0.0299,0.0296,10000523,2016-06-22,2016-06-22,C,2.1,2016-01-08
5765,2016-05-16 09:36:00,2016-05-16,0.031,21747.0,71.0,15309.0,0.0299,0.0307,0.0298,10000523,2016-06-22,2016-06-22,C,2.1,2016-01-08
5766,2016-05-16 09:37:00,2016-05-16,0.031,10479.0,34.0,15326.0,0.0307,0.0309,0.0307,10000523,2016-06-22,2016-06-22,C,2.1,2016-01-08
5767,2016-05-16 09:38:00,2016-05-16,0.031,11371.0,37.0,15351.0,0.031,0.0305,0.0305,10000523,2016-06-22,2016-06-22,C,2.1,2016-01-08
5768,2016-05-16 09:39:00,2016-05-16,0.0305,16972.0,56.0,15339.0,0.0305,0.0304,0.0301,10000523,2016-06-22,2016-06-22,C,2.1,2016-01-08
5769,2016-05-16 09:40:00,2016-05-16,0.0305,9414.0,31.0,15334.0,0.0304,0.0302,0.0302,10000523,2016-06-22,2016-06-22,C,2.1,2016-01-08
5770,2016-05-16 09:41:00,2016-05-16,0.0302,6848.0,23.0,15320.0,0.0302,0.0294,0.0294,10000523,2016-06-22,2016-06-22,C,2.1,2016-01-08
5771,2016-05-16 09:42:00,2016-05-16,0.0299,9049.0,31.0,15300.0,0.0294,0.0292,0.029,10000523,2016-06-22,2016-06-22,C,2.1,2016-01-08
5772,2016-05-16 09:43:00,2016-05-16,0.0297,21458.0,73.0,15252.0,0.0292,0.0296,0.0291,10000523,2016-06-22,2016-06-22,C,2.1,2016-01-08
5773,2016-05-16 09:44:00,2016-05-16,0.0296,19120.0,65.0,15257.0,0.0296,0.0292,0.0292,10000523,2016-06-22,2016-06-22,C,2.1,2016-01-08
5774,2016-05-16 09:45:00,2016-05-16,0.0292,11012.0,38.0,15263.0,0.0292,0.0289,0.0289,10000523,2016-06-22,2016-06-22,C,2.1,2016-01-08
5775,2016-05-16 09:46:00,2016-05-16,0.0289,19174.0,67.0,15242.0,0.0289,0.0285,0.0284,10000523,2016-06-22,2016-06-22,C,2.1,2016-01-08
5776,2016-05-16 09:47:00,2016-05-16,0.0285,40631.0,145.0,15223.0,0.0285,0.0279,0.0279,10000523,2016-06-22,2016-06-22,C,2.1,2016-01-08
5777,2016-05-16 09:48:00,2016-05-16,0.0282,8924.0,32.0,15213.0,0.0278,0.0282,0.0278,10000523,2016-06-22,2016-06-22,C,2.1,2016-01-08
5778,2016-05-16 09:49:00,2016-05-16,0.0288,3727.0,13.0,15226.0,0.0282,0.0283,0.0282,10000523,2016-06-22,2016-06-22,C,2.1,2016-01-08
5779,2016-05-16 09:50:00,2016-05-16,0.0289,5413.0,19.0,15230.0,0.0283,0.0283,0.0283,10000523,2016-06-22,2016-06-22,C,2.1,2016-01-08
5780,2016-05-16 09:51:00,2016-05-16,0.0285,6270.0,22.0,15232.0,0.0283,0.0285,0.0283,10000523,2016-06-22,2016-06-22,C,2.1,2016-01-08
5781,2016-05-16 09:52:00,2016-05-16,0.029,19939.0,70.0,15282.0,0.0285,0.0282,0.0282,10000523,2016-06-22,2016-06-22,C,2.1,2016-01-08
5782,2016-05-16 09:53:00,2016-05-16,0.0282,17965.0,66.0,15290.0,0.0282,0.0266,0.0265,10000523,2016-06-22,2016-06-22,C,2.1,2016-01-08
5783,2016-05-16 09:54:00,2016-05-16,0.0267,50874.0,194.0,15381.0,0.0266,0.0262,0.026,10000523,2016-06-22,2016-06-22,C,2.1,2016-01-08
5784,2016-05-16 09:55:00,2016-05-16,0.0268,43721.0,167.0,15379.0,0.0262,0.0263,0.0256,10000523,2016-06-22,2016-06-22,C,2.1,2016-01-08
5785,2016-05-16 09:56:00,2016-05-16,0.0266,35419.0,135.0,15372.0,0.0263,0.0263,0.0261,10000523,2016-06-22,2016-06-22,C,2.1,2016-01-08
5786,2016-05-16 09:57:00,2016-05-16,0.0271,22018.0,82.0,15402.0,0.0263,0.0265,0.0263,10000523,2016-06-22,2016-06-22,C,2.1,2016-01-08
5787,2016-05-16 09:58:00,2016-05-16,0.027000000000000003,20040.0,75.0,15433.0,0.0265,0.0267,0.0265,10000523,2016-06-22,2016-06-22,C,2.1,2016-01-08
5788,2016-05-16 09:59:00,2016-05-16,0.0267,11800.0,45.0,15415.0,0.0267,0.0265,0.026,10000523,2016-06-22,2016-06-22,C,2.1,2016-01-08
5789,2016-05-16 10:00:00,2016-05-16,0.0267,36957.0,140.0,15473.0,0.0265,0.0265,0.0263,10000523,2016-06-22,2016-06-22,C,2.1,2016-01-08
5790,2016-05-16 10:01:00,2016-05-16,0.0265,22866.0,87.0,15483.0,0.0265,0.026,0.026,10000523,2016-06-22,2016-06-22,C,2.1,2016-01-08
5791,2016-05-16 10:02:00,2016-05-16,0.0264,35063.0,135.0,15492.0,0.026,0.0264,0.0256,10000523,2016-06-22,2016-06-22,C,2.1,2016-01-08
5792,2016-05-16 10:03:00,2016-05-16,0.0269,5370.0,20.0,15482.0,0.0264,0.0269,0.0264,10000523,2016-06-22,2016-06-22,C,2.1,2016-01-08
5793,2016-05-16 10:04:00,2016-05-16,0.0269,264.0,1.0,15482.0,0.0269,0.0264,0.0264,10000523,2016-06-22,2016-06-22,C,2.1,2016-01-08
5794,2016-05-16 10:05:00,2016-05-16,0.0269,11118.0,42.0,15484.0,0.0264,0.0265,0.0263,10000523,2016-06-22,2016-06-22,C,2.1,2016-01-08
5795,2016-05-16 10:06:00,2016-05-16,0.0269,7263.0,27.0,15504.0,0.0265,0.0269,0.0265,10000523,2016-06-22,2016-06-22,C,2.1,2016-01-08
5796,2016-05-16 10:07:00,2016-05-16,0.0269,13679.0,51.0,15494.0,0.0269,0.0269,0.0266,10000523,2016-06-22,2016-06-22,C,2.1,2016-01-08
5797,2016-05-16 10:08:00,2016-05-16,0.0271,16726.0,62.0,15501.0,0.0269,0.0269,0.0269,10000523,2016-06-22,2016-06-22,C,2.1,2016-01-08
5798,2016-05-16 10:09:00,2016-05-16,0.0271,17225.0,64.0,15520.0,0.0269,0.0268,0.0266,10000523,2016-06-22,2016-06-22,C,2.1,2016-01-08
5799,2016-05-16 10:10:00,2016-05-16,0.0268,0.0,0.0,15520.0,0.0268,0.0268,0.0268,10000523,2016-06-22,2016-06-22,C,2.1,2016-01-08
5800,2016-05-16 10:11:00,2016-05-16,0.0274,18930.0,70.0,15546.0,0.0272,0.0267,0.0267,10000523,2016-06-22,2016-06-22,C,2.1,2016-01-08
5801,2016-05-16 10:12:00,2016-05-16,0.027000000000000003,18961.0,71.0,15578.0,0.0267,0.0266,0.0266,10000523,2016-06-22,2016-06-22,C,2.1,2016-01-08
5802,2016-05-16 10:13:00,2016-05-16,0.0276,27754.0,102.0,15657.0,0.0267,0.0276,0.0267,10000523,2016-06-22,2016-06-22,C,2.1,2016-01-08
5803,2016-05-16 10:14:00,2016-05-16,0.0279,30550.0,110.0,15637.0,0.0276,0.0278,0.0276,10000523,2016-06-22,2016-06-22,C,2.1,2016-01-08
5804,2016-05-16 10:15:00,2016-05-16,0.0278,7501.0,27.0,15642.0,0.0278,0.0277,0.0277,10000523,2016-06-22,2016-06-22,C,2.1,2016-01-08
5805,2016-05-16 10:16:00,2016-05-16,0.028,20606.0,74.0,15692.0,0.0277,0.028,0.0277,10000523,2016-06-22,2016-06-22,C,2.1,2016-01-08
5806,2016-05-16 10:17:00,2016-05-16,0.028,6140.0,22.0,15704.0,0.028,0.0278,0.0278,10000523,2016-06-22,2016-06-22,C,2.1,2016-01-08
5807,2016-05-16 10:18:00,2016-05-16,0.028,14260.0,51.0,15727.0,0.0278,0.028,0.0278,10000523,2016-06-22,2016-06-22,C,2.1,2016-01-08
5808,2016-05-16 10:19:00,2016-05-16,0.0281,7274.0,26.0,15737.0,0.028,0.0279,0.0279,10000523,2016-06-22,2016-06-22,C,2.1,2016-01-08
5809,2016-05-16 10:20:00,2016-05-16,0.0279,554.0,2.0,15739.0,0.0279,0.0277,0.0277,10000523,2016-06-22,2016-06-22,C,2.1,2016-01-08
5810,2016-05-16 10:21:00,2016-05-16,0.0278,4996.0,18.0,15747.0,0.0277,0.0277,0.0277,10000523,2016-06-22,2016-06-22,C,2.1,2016-01-08
5811,2016-05-16 10:22:00,2016-05-16,0.0277,29808.0,108.0,15747.0,0.0277,0.0276,0.0276,10000523,2016-06-22,2016-06-22,C,2.1,2016-01-08
5812,2016-05-16 10:23:00,2016-05-16,0.0277,4420.0,16.0,15763.0,0.0276,0.0277,0.0275,10000523,2016-06-22,2016-06-22,C,2.1,2016-01-08
5813,2016-05-16 10:24:00,2016-05-16,0.0277,5220.0,19.0,15767.0,0.0277,0.0274,0.027000000000000003,10000523,2016-06-22,2016-06-22,C,2.1,2016-01-08
5814,2016-05-16 10:25:00,2016-05-16,0.0274,1628.0,6.0,15773.0,0.0274,0.0271,0.0271,10000523,2016-06-22,2016-06-22,C,2.1,2016-01-08
5815,2016-05-16 10:26:00,2016-05-16,0.0274,23379.0,86.0,15859.0,0.0271,0.0274,0.0271,10000523,2016-06-22,2016-06-22,C,2.1,2016-01-08
5816,2016-05-16 10:27:00,2016-05-16,0.028,10244.0,37.0,15896.0,0.0274,0.0276,0.0274,10000523,2016-06-22,2016-06-22,C,2.1,2016-01-08
5817,2016-05-16 10:28:00,2016-05-16,0.0284,7913.0,28.0,15903.0,0.0276,0.0283,0.0276,10000523,2016-06-22,2016-06-22,C,2.1,2016-01-08
5818,2016-05-16 10:29:00,2016-05-16,0.0283,2547.0,9.0,15912.0,0.0283,0.0283,0.0283,10000523,2016-06-22,2016-06-22,C,2.1,2016-01-08
5819,2016-05-16 10:30:00,2016-05-16,0.0285,1710.0,6.0,15918.0,0.0283,0.0285,0.0283,10000523,2016-06-22,2016-06-22,C,2.1,2016-01-08
5820,2016-05-16 10:31:00,2016-05-16,0.0285,283.0,1.0,15919.0,0.0285,0.0283,0.0283,10000523,2016-06-22,2016-06-22,C,2.1,2016-01-08
5821,2016-05-16 10:32:00,2016-05-16,0.0289,2870.0,10.0,15929.0,0.0283,0.0289,0.0283,10000523,2016-06-22,2016-06-22,C,2.1,2016-01-08
5822,2016-05-16 10:33:00,2016-05-16,0.0289,3166.0,11.0,15940.0,0.0289,0.0288,0.0287,10000523,2016-06-22,2016-06-22,C,2.1,2016-01-08
5823,2016-05-16 10:34:00,2016-05-16,0.0288,2830.0,10.0,15950.0,0.0288,0.0283,0.0283,10000523,2016-06-22,2016-06-22,C,2.1,2016-01-08
5824,2016-05-16 10:35:00,2016-05-16,0.0288,1725.0,6.0,15956.0,0.0283,0.0288,0.0283,10000523,2016-06-22,2016-06-22,C,2.1,2016-01-08
5825,2016-05-16 10:36:00,2016-05-16,0.029,5510.0,19.0,15969.0,0.0288,0.029,0.0288,10000523,2016-06-22,2016-06-22,C,2.1,2016-01-08
5826,2016-05-16 10:37:00,2016-05-16,0.029,3770.0,13.0,15966.0,0.029,0.029,0.029,10000523,2016-06-22,2016-06-22,C,2.1,2016-01-08
5827,2016-05-16 10:38:00,2016-05-16,0.029,14250.0,50.0,15962.0,0.029,0.0285,0.0285,10000523,2016-06-22,2016-06-22,C,2.1,2016-01-08
5828,2016-05-16 10:39:00,2016-05-16,0.0285,6527.0,23.0,15979.0,0.0285,0.0283,0.0283,10000523,2016-06-22,2016-06-22,C,2.1,2016-01-08
5829,2016-05-16 10:40:00,2016-05-16,0.0283,566.0,2.0,15980.0,0.0283,0.0283,0.0283,10000523,2016-06-22,2016-06-22,C,2.1,2016-01-08
5830,2016-05-16 10:41:00,2016-05-16,0.0284,3408.0,12.0,15992.0,0.0283,0.0284,0.0283,10000523,2016-06-22,2016-06-22,C,2.1,2016-01-08
5831,2016-05-16 10:42:00,2016-05-16,0.0284,0.0,0.0,15992.0,0.0284,0.0284,0.0284,10000523,2016-06-22,2016-06-22,C,2.1,2016-01-08
5832,2016-05-16 10:43:00,2016-05-16,0.0284,4530.0,16.0,16006.0,0.0284,0.0283,0.0283,10000523,2016-06-22,2016-06-22,C,2.1,2016-01-08
5833,2016-05-16 10:44:00,2016-05-16,0.0283,1415.0,5.0,16011.0,0.0283,0.0283,0.0283,10000523,2016-06-22,2016-06-22,C,2.1,2016-01-08
5834,2016-05-16 10:45:00,2016-05-16,0.0283,565.0,2.0,16013.0,0.0283,0.0283,0.0282,10000523,2016-06-22,2016-06-22,C,2.1,2016-01-08
5835,2016-05-16 10:46:00,2016-05-16,0.0283,2830.0,10.0,16023.0,0.0283,0.0283,0.0283,10000523,2016-06-22,2016-06-22,C,2.1,2016-01-08
5836,2016-05-16 10:47:00,2016-05-16,0.0286,8793.0,31.0,16032.0,0.0282,0.0285,0.0282,10000523,2016-06-22,2016-06-22,C,2.1,2016-01-08
5837,2016-05-16 10:48:00,2016-05-16,0.0287,8590.0,30.0,16047.0,0.0285,0.0287,0.0285,10000523,2016-06-22,2016-06-22,C,2.1,2016-01-08
5838,2016-05-16 10:49:00,2016-05-16,0.0289,2886.0,10.0,16051.0,0.0287,0.0289,0.0287,10000523,2016-06-22,2016-06-22,C,2.1,2016-01-08
5839,2016-05-16 10:50:00,2016-05-16,0.0296,15888.0,54.0,16035.0,0.0289,0.0296,0.0289,10000523,2016-06-22,2016-06-22,C,2.1,2016-01-08
5840,2016-05-16 10:51:00,2016-05-16,0.0302,25192.0,84.0,16074.0,0.0296,0.0301,0.0296,10000523,2016-06-22,2016-06-22,C,2.1,2016-01-08
5841,2016-05-16 10:52:00,2016-05-16,0.0302,6331.0,21.0,16082.0,0.0301,0.0301,0.0301,10000523,2016-06-22,2016-06-22,C,2.1,2016-01-08
5842,2016-05-16 10:53:00,2016-05-16,0.0306,18748.0,62.0,16087.0,0.0305,0.03,0.03,10000523,2016-06-22,2016-06-22,C,2.1,2016-01-08
5843,2016-05-16 10:54:00,2016-05-16,0.03,3000.0,10.0,16097.0,0.03,0.03,0.03,10000523,2016-06-22,2016-06-22,C,2.1,2016-01-08
5844,2016-05-16 10:55:00,2016-05-16,0.03,16769.0,56.0,16118.0,0.03,0.03,0.0299,10000523,2016-06-22,2016-06-22,C,2.1,2016-01-08
5845,2016-05-16 10:56:00,2016-05-16,0.0306,16045.0,53.0,16149.0,0.03,0.0306,0.03,10000523,2016-06-22,2016-06-22,C,2.1,2016-01-08
5846,2016-05-16 10:57:00,2016-05-16,0.0306,304.0,1.0,16150.0,0.0306,0.0304,0.0304,10000523,2016-06-22,2016-06-22,C,2.1,2016-01-08
5847,2016-05-16 10:58:00,2016-05-16,0.0312,28399.0,92.0,16176.0,0.0304,0.0312,0.0303,10000523,2016-06-22,2016-06-22,C,2.1,2016-01-08
5848,2016-05-16 10:59:00,2016-05-16,0.0317,25060.0,80.0,16208.0,0.0312,0.0317,0.0311,10000523,2016-06-22,2016-06-22,C,2.1,2016-01-08
5849,2016-05-16 11:00:00,2016-05-16,0.0322,15345.0,48.0,16235.0,0.0317,0.0322,0.0317,10000523,2016-06-22,2016-06-22,C,2.1,2016-01-08
5850,2016-05-16 11:01:00,2016-05-16,0.0325,6470.0,20.0,16245.0,0.0322,0.0322,0.0322,10000523,2016-06-22,2016-06-22,C,2.1,2016-01-08
5851,2016-05-16 11:02:00,2016-05-16,0.0322,8872.0,28.0,16258.0,0.0322,0.0315,0.0315,10000523,2016-06-22,2016-06-22,C,2.1,2016-01-08
5852,2016-05-16 11:03:00,2016-05-16,0.0315,4049.0,13.0,16261.0,0.0315,0.0313,0.0311,10000523,2016-06-22,2016-06-22,C,2.1,2016-01-08
5853,2016-05-16 11:04:00,2016-05-16,0.0313,12508.0,40.0,16283.0,0.0313,0.0312,0.0312,10000523,2016-06-22,2016-06-22,C,2.1,2016-01-08
5854,2016-05-16 11:05:00,2016-05-16,0.0313,5947.0,19.0,16302.0,0.0312,0.0313,0.0312,10000523,2016-06-22,2016-06-22,C,2.1,2016-01-08
5855,2016-05-16 11:06:00,2016-05-16,0.0313,7508.0,24.0,16324.0,0.0313,0.0312,0.0312,10000523,2016-06-22,2016-06-22,C,2.1,2016-01-08
5856,2016-05-16 11:07:00,2016-05-16,0.0313,8758.0,28.0,16344.0,0.0312,0.0313,0.0312,10000523,2016-06-22,2016-06-22,C,2.1,2016-01-08
5857,2016-05-16 11:08:00,2016-05-16,0.0313,16496.0,53.0,16392.0,0.0313,0.0309,0.0309,10000523,2016-06-22,2016-06-22,C,2.1,2016-01-08
5858,2016-05-16 11:09:00,2016-05-16,0.0309,21605.0,70.0,16462.0,0.0309,0.0308,0.0308,10000523,2016-06-22,2016-06-22,C,2.1,2016-01-08
5859,2016-05-16 11:10:00,2016-05-16,0.0312,3704.0,12.0,16472.0,0.0308,0.0308,0.0308,10000523,2016-06-22,2016-06-22,C,2.1,2016-01-08
5860,2016-05-16 11:11:00,2016-05-16,0.0314,1256.0,4.0,16476.0,0.0308,0.0314,0.0308,10000523,2016-06-22,2016-06-22,C,2.1,2016-01-08
5861,2016-05-16 11:12:00,2016-05-16,0.0314,1224.0,4.0,16474.0,0.0314,0.0306,0.0306,10000523,2016-06-22,2016-06-22,C,2.1,2016-01-08
5862,2016-05-16 11:13:00,2016-05-16,0.0306,0.0,0.0,16474.0,0.0306,0.0306,0.0306,10000523,2016-06-22,2016-06-22,C,2.1,2016-01-08
5863,2016-05-16 11:14:00,2016-05-16,0.0311,7731.0,25.0,16471.0,0.0306,0.0311,0.0306,10000523,2016-06-22,2016-06-22,C,2.1,2016-01-08
5864,2016-05-16 11:15:00,2016-05-16,0.0312,935.0,3.0,16471.0,0.0311,0.0312,0.0311,10000523,2016-06-22,2016-06-22,C,2.1,2016-01-08
5865,2016-05-16 11:16:00,2016-05-16,0.0312,936.0,3.0,16471.0,0.0312,0.0312,0.0312,10000523,2016-06-22,2016-06-22,C,2.1,2016-01-08
5866,2016-05-16 11:17:00,2016-05-16,0.0312,310.0,1.0,16471.0,0.0312,0.031,0.031,10000523,2016-06-22,2016-06-22,C,2.1,2016-01-08
5867,2016-05-16 11:18:00,2016-05-16,0.031,0.0,0.0,16471.0,0.031,0.031,0.031,10000523,2016-06-22,2016-06-22,C,2.1,2016-01-08
5868,2016-05-16 11:19:00,2016-05-16,0.031,3407.0,11.0,16481.0,0.031,0.031,0.0307,10000523,2016-06-22,2016-06-22,C,2.1,2016-01-08
5869,2016-05-16 11:20:00,2016-05-16,0.0313,1863.0,6.0,16481.0,0.031,0.0313,0.031,10000523,2016-06-22,2016-06-22,C,2.1,2016-01-08
5870,2016-05-16 11:21:00,2016-05-16,0.0313,5947.0,19.0,16490.0,0.0313,0.0313,0.0313,10000523,2016-06-22,2016-06-22,C,2.1,2016-01-08
5871,2016-05-16 11:22:00,2016-05-16,0.0313,2170.0,7.0,16492.0,0.0313,0.031,0.031,10000523,2016-06-22,2016-06-22,C,2.1,2016-01-08
5872,2016-05-16 11:23:00,2016-05-16,0.031,1860.0,6.0,16493.0,0.031,0.031,0.031,10000523,2016-06-22,2016-06-22,C,2.1,2016-01-08
5873,2016-05-16 11:24:00,2016-05-16,0.031,0.0,0.0,16493.0,0.031,0.031,0.031,10000523,2016-06-22,2016-06-22,C,2.1,2016-01-08
5874,2016-05-16 11:25:00,2016-05-16,0.031,0.0,0.0,16493.0,0.031,0.031,0.031,10000523,2016-06-22,2016-06-22,C,2.1,2016-01-08
5875,2016-05-16 11:26:00,2016-05-16,0.031,309.0,1.0,16493.0,0.031,0.0309,0.0309,10000523,2016-06-22,2016-06-22,C,2.1,2016-01-08
5876,2016-05-16 11:27:00,2016-05-16,0.0309,3377.0,11.0,16502.0,0.0309,0.0307,0.0307,10000523,2016-06-22,2016-06-22,C,2.1,2016-01-08
5877,2016-05-16 11:28:00,2016-05-16,0.0309,3090.0,10.0,16502.0,0.0307,0.0309,0.0307,10000523,2016-06-22,2016-06-22,C,2.1,2016-01-08
5878,2016-05-16 11:29:00,2016-05-16,0.0309,1530.0,5.0,16507.0,0.0309,0.0306,0.0306,10000523,2016-06-22,2016-06-22,C,2.1,2016-01-08
5879,2016-05-16 11:30:00,2016-05-16,0.0306,1525.0,5.0,16512.0,0.0306,0.0305,0.0305,10000523,2016-06-22,2016-06-22,C,2.1,2016-01-08
5880,2016-05-16 13:01:00,2016-05-16,0.0309,8253.0,27.0,16526.0,0.0309,0.0303,0.0303,10000523,2016-06-22,2016-06-22,C,2.1,2016-01-08
5881,2016-05-16 13:02:00,2016-05-16,0.0303,0.0,0.0,16526.0,0.0303,0.0303,0.0303,10000523,2016-06-22,2016-06-22,C,2.1,2016-01-08
5882,2016-05-16 13:03:00,2016-05-16,0.0303,1500.0,5.0,16531.0,0.0303,0.03,0.03,10000523,2016-06-22,2016-06-22,C,2.1,2016-01-08
5883,2016-05-16 13:04:00,2016-05-16,0.03,0.0,0.0,16531.0,0.03,0.03,0.03,10000523,2016-06-22,2016-06-22,C,2.1,2016-01-08
5884,2016-05-16 13:05:00,2016-05-16,0.03,0.0,0.0,16531.0,0.03,0.03,0.03,10000523,2016-06-22,2016-06-22,C,2.1,2016-01-08
5885,2016-05-16 13:06:00,2016-05-16,0.0303,8727.0,29.0,16554.0,0.03,0.0303,0.03,10000523,2016-06-22,2016-06-22,C,2.1,2016-01-08
5886,2016-05-16 13:07:00,2016-05-16,0.0303,0.0,0.0,16554.0,0.0303,0.0303,0.0303,10000523,2016-06-22,2016-06-22,C,2.1,2016-01-08
5887,2016-05-16 13:08:00,2016-05-16,0.0296,2960.0,10.0,16562.0,0.0296,0.0296,0.0296,10000523,2016-06-22,2016-06-22,C,2.1,2016-01-08
5888,2016-05-16 13:09:00,2016-05-16,0.0299,2990.0,10.0,16572.0,0.0296,0.0299,0.0296,10000523,2016-06-22,2016-06-22,C,2.1,2016-01-08
5889,2016-05-16 13:10:00,2016-05-16,0.03,2100.0,7.0,16577.0,0.0299,0.03,0.0299,10000523,2016-06-22,2016-06-22,C,2.1,2016-01-08
5890,2016-05-16 13:11:00,2016-05-16,0.03,1797.0,6.0,16577.0,0.03,0.0297,0.0297,10000523,2016-06-22,2016-06-22,C,2.1,2016-01-08
5891,2016-05-16 13:12:00,2016-05-16,0.03,1200.0,4.0,16575.0,0.03,0.03,0.03,10000523,2016-06-22,2016-06-22,C,2.1,2016-01-08
5892,2016-05-16 13:13:00,2016-05-16,0.03,6000.0,20.0,16585.0,0.03,0.03,0.03,10000523,2016-06-22,2016-06-22,C,2.1,2016-01-08
5893,2016-05-16 13:14:00,2016-05-16,0.0301,6020.0,20.0,16595.0,0.03,0.0301,0.03,10000523,2016-06-22,2016-06-22,C,2.1,2016-01-08
5894,2016-05-16 13:15:00,2016-05-16,0.0301,3596.0,12.0,16603.0,0.0301,0.0298,0.0298,10000523,2016-06-22,2016-06-22,C,2.1,2016-01-08
5895,2016-05-16 13:16:00,2016-05-16,0.0299,2990.0,10.0,16613.0,0.0298,0.0299,0.0298,10000523,2016-06-22,2016-06-22,C,2.1,2016-01-08
5896,2016-05-16 13:17:00,2016-05-16,0.0299,2976.0,10.0,16616.0,0.0299,0.0297,0.0297,10000523,2016-06-22,2016-06-22,C,2.1,2016-01-08
5897,2016-05-16 13:18:00,2016-05-16,0.0297,0.0,0.0,16616.0,0.0297,0.0297,0.0297,10000523,2016-06-22,2016-06-22,C,2.1,2016-01-08
5898,2016-05-16 13:19:00,2016-05-16,0.0297,1485.0,5.0,16616.0,0.0297,0.0297,0.0297,10000523,2016-06-22,2016-06-22,C,2.1,2016-01-08
5899,2016-05-16 13:20:00,2016-05-16,0.0297,12055.0,41.0,16642.0,0.0297,0.0292,0.0292,10000523,2016-06-22,2016-06-22,C,2.1,2016-01-08
5900,2016-05-16 13:21:00,2016-05-16,0.0292,4073.0,14.0,16647.0,0.0292,0.0289,0.0289,10000523,2016-06-22,2016-06-22,C,2.1,2016-01-08
5901,2016-05-16 13:22:00,2016-05-16,0.0289,2890.0,10.0,16657.0,0.0289,0.0289,0.0289,10000523,2016-06-22,2016-06-22,C,2.1,2016-01-08
5902,2016-05-16 13:23:00,2016-05-16,0.0289,0.0,0.0,16657.0,0.0289,0.0289,0.0289,10000523,2016-06-22,2016-06-22,C,2.1,2016-01-08
5903,2016-05-16 13:24:00,2016-05-16,0.0289,0.0,0.0,16657.0,0.0289,0.0289,0.0289,10000523,2016-06-22,2016-06-22,C,2.1,2016-01-08
5904,2016-05-16 13:25:00,2016-05-16,0.0289,0.0,0.0,16657.0,0.0289,0.0289,0.0289,10000523,2016-06-22,2016-06-22,C,2.1,2016-01-08
5905,2016-05-16 13:26:00,2016-05-16,0.0289,2890.0,10.0,16667.0,0.0289,0.0289,0.0289,10000523,2016-06-22,2016-06-22,C,2.1,2016-01-08
5906,2016-05-16 13:27:00,2016-05-16,0.029,5493.0,19.0,16667.0,0.0289,0.029,0.0288,10000523,2016-06-22,2016-06-22,C,2.1,2016-01-08
5907,2016-05-16 13:28:00,2016-05-16,0.0291,6081.0,21.0,16669.0,0.029,0.0291,0.0288,10000523,2016-06-22,2016-06-22,C,2.1,2016-01-08
5908,2016-05-16 13:29:00,2016-05-16,0.0293,10839.0,37.0,16647.0,0.0291,0.0293,0.0291,10000523,2016-06-22,2016-06-22,C,2.1,2016-01-08
5909,2016-05-16 13:30:00,2016-05-16,0.0294,9379.0,32.0,16618.0,0.0293,0.0294,0.0292,10000523,2016-06-22,2016-06-22,C,2.1,2016-01-08
5910,2016-05-16 13:31:00,2016-05-16,0.0294,5860.0,20.0,16628.0,0.0294,0.0294,0.0292,10000523,2016-06-22,2016-06-22,C,2.1,2016-01-08
5911,2016-05-16 13:32:00,2016-05-16,0.0295,5870.0,20.0,16646.0,0.0294,0.0292,0.0292,10000523,2016-06-22,2016-06-22,C,2.1,2016-01-08
5912,2016-05-16 13:33:00,2016-05-16,0.0293,7300.0,25.0,16651.0,0.0292,0.0293,0.0291,10000523,2016-06-22,2016-06-22,C,2.1,2016-01-08
5913,2016-05-16 13:34:00,2016-05-16,0.0295,7375.0,25.0,16663.0,0.0293,0.0295,0.0293,10000523,2016-06-22,2016-06-22,C,2.1,2016-01-08
5914,2016-05-16 13:35:00,2016-05-16,0.0295,2360.0,8.0,16671.0,0.0295,0.0295,0.0295,10000523,2016-06-22,2016-06-22,C,2.1,2016-01-08
5915,2016-05-16 13:36:00,2016-05-16,0.0294,2940.0,10.0,16671.0,0.0294,0.0294,0.0294,10000523,2016-06-22,2016-06-22,C,2.1,2016-01-08
5916,2016-05-16 13:37:00,2016-05-16,0.0294,8785.0,30.0,16666.0,0.0294,0.0292,0.0292,10000523,2016-06-22,2016-06-22,C,2.1,2016-01-08
5917,2016-05-16 13:38:00,2016-05-16,0.0292,2915.0,10.0,16671.0,0.0292,0.0291,0.0291,10000523,2016-06-22,2016-06-22,C,2.1,2016-01-08
5918,2016-05-16 13:39:00,2016-05-16,0.0291,6111.0,21.0,16687.0,0.0291,0.0291,0.0291,10000523,2016-06-22,2016-06-22,C,2.1,2016-01-08
5919,2016-05-16 13:40:00,2016-05-16,0.0291,0.0,0.0,16687.0,0.0291,0.0291,0.0291,10000523,2016-06-22,2016-06-22,C,2.1,2016-01-08
5920,2016-05-16 13:41:00,2016-05-16,0.0291,0.0,0.0,16687.0,0.0291,0.0291,0.0291,10000523,2016-06-22,2016-06-22,C,2.1,2016-01-08
5921,2016-05-16 13:42:00,2016-05-16,0.0291,0.0,0.0,16687.0,0.0291,0.0291,0.0291,10000523,2016-06-22,2016-06-22,C,2.1,2016-01-08
5922,2016-05-16 13:43:00,2016-05-16,0.0295,10290.0,35.0,16709.0,0.0291,0.0295,0.0291,10000523,2016-06-22,2016-06-22,C,2.1,2016-01-08
5923,2016-05-16 13:44:00,2016-05-16,0.0295,0.0,0.0,16709.0,0.0295,0.0295,0.0295,10000523,2016-06-22,2016-06-22,C,2.1,2016-01-08
5924,2016-05-16 13:45:00,2016-05-16,0.03,23328.0,78.0,16749.0,0.0295,0.03,0.0295,10000523,2016-06-22,2016-06-22,C,2.1,2016-01-08
5925,2016-05-16 13:46:00,2016-05-16,0.0302,11730.0,39.0,16774.0,0.03,0.03,0.03,10000523,2016-06-22,2016-06-22,C,2.1,2016-01-08
5926,2016-05-16 13:47:00,2016-05-16,0.0302,5120.0,17.0,16781.0,0.03,0.03,0.03,10000523,2016-06-22,2016-06-22,C,2.1,2016-01-08
5927,2016-05-16 13:48:00,2016-05-16,0.03,9000.0,30.0,16794.0,0.03,0.03,0.03,10000523,2016-06-22,2016-06-22,C,2.1,2016-01-08
5928,2016-05-16 13:49:00,2016-05-16,0.03,3570.0,12.0,16796.0,0.03,0.0298,0.0295,10000523,2016-06-22,2016-06-22,C,2.1,2016-01-08
5929,2016-05-16 13:50:00,2016-05-16,0.0298,0.0,0.0,16796.0,0.0298,0.0298,0.0298,10000523,2016-06-22,2016-06-22,C,2.1,2016-01-08
5930,2016-05-16 13:51:00,2016-05-16,0.0298,8860.0,30.0,16806.0,0.0298,0.0295,0.0295,10000523,2016-06-22,2016-06-22,C,2.1,2016-01-08
5931,2016-05-16 13:52:00,2016-05-16,0.0296,14476.0,49.0,16844.0,0.0296,0.0296,0.0295,10000523,2016-06-22,2016-06-22,C,2.1,2016-01-08
5932,2016-05-16 13:53:00,2016-05-16,0.0296,4430.0,15.0,16854.0,0.0296,0.0296,0.0296,10000523,2016-06-22,2016-06-22,C,2.1,2016-01-08
5933,2016-05-16 13:54:00,2016-05-16,0.0296,4144.0,14.0,16862.0,0.0296,0.0296,0.0296,10000523,2016-06-22,2016-06-22,C,2.1,2016-01-08
5934,2016-05-16 13:55:00,2016-05-16,0.0301,13502.0,45.0,16897.0,0.0296,0.0301,0.0296,10000523,2016-06-22,2016-06-22,C,2.1,2016-01-08
5935,2016-05-16 13:56:00,2016-05-16,0.0304,18783.0,62.0,16939.0,0.0301,0.0304,0.0301,10000523,2016-06-22,2016-06-22,C,2.1,2016-01-08
5936,2016-05-16 13:57:00,2016-05-16,0.0304,304.0,1.0,16940.0,0.0304,0.0304,0.0304,10000523,2016-06-22,2016-06-22,C,2.1,2016-01-08
5937,2016-05-16 13:58:00,2016-05-16,0.0305,13386.0,44.0,16921.0,0.0304,0.0304,0.0304,10000523,2016-06-22,2016-06-22,C,2.1,2016-01-08
5938,2016-05-16 13:59:00,2016-05-16,0.0304,3940.0,13.0,16931.0,0.0304,0.03,0.03,10000523,2016-06-22,2016-06-22,C,2.1,2016-01-08
5939,2016-05-16 14:00:00,2016-05-16,0.03,4200.0,14.0,16931.0,0.03,0.03,0.03,10000523,2016-06-22,2016-06-22,C,2.1,2016-01-08
5940,2016-05-16 14:01:00,2016-05-16,0.0303,3030.0,10.0,16931.0,0.0303,0.0303,0.0303,10000523,2016-06-22,2016-06-22,C,2.1,2016-01-08
5941,2016-05-16 14:02:00,2016-05-16,0.0303,0.0,0.0,16931.0,0.0303,0.0303,0.0303,10000523,2016-06-22,2016-06-22,C,2.1,2016-01-08
5942,2016-05-16 14:03:00,2016-05-16,0.0303,3595.0,12.0,16931.0,0.0303,0.0296,0.0296,10000523,2016-06-22,2016-06-22,C,2.1,2016-01-08
5943,2016-05-16 14:04:00,2016-05-16,0.0296,1182.0,4.0,16929.0,0.0296,0.0294,0.0294,10000523,2016-06-22,2016-06-22,C,2.1,2016-01-08
5944,2016-05-16 14:05:00,2016-05-16,0.0294,0.0,0.0,16929.0,0.0294,0.0294,0.0294,10000523,2016-06-22,2016-06-22,C,2.1,2016-01-08
5945,2016-05-16 14:06:00,2016-05-16,0.0294,5880.0,20.0,16940.0,0.0294,0.0294,0.0294,10000523,2016-06-22,2016-06-22,C,2.1,2016-01-08
5946,2016-05-16 14:07:00,2016-05-16,0.0294,2637.0,9.0,16940.0,0.0294,0.0293,0.0293,10000523,2016-06-22,2016-06-22,C,2.1,2016-01-08
5947,2016-05-16 14:08:00,2016-05-16,0.0293,5860.0,20.0,16929.0,0.0293,0.0293,0.0293,10000523,2016-06-22,2016-06-22,C,2.1,2016-01-08
5948,2016-05-16 14:09:00,2016-05-16,0.0294,6154.0,21.0,16930.0,0.0293,0.0294,0.0293,10000523,2016-06-22,2016-06-22,C,2.1,2016-01-08
5949,2016-05-16 14:10:00,2016-05-16,0.0294,2940.0,10.0,16930.0,0.0294,0.0294,0.0294,10000523,2016-06-22,2016-06-22,C,2.1,2016-01-08
5950,2016-05-16 14:11:00,2016-05-16,0.0295,6750.0,23.0,16940.0,0.0294,0.0295,0.0293,10000523,2016-06-22,2016-06-22,C,2.1,2016-01-08
5951,2016-05-16 14:12:00,2016-05-16,0.0295,1770.0,6.0,16942.0,0.0295,0.0295,0.0295,10000523,2016-06-22,2016-06-22,C,2.1,2016-01-08
5952,2016-05-16 14:13:00,2016-05-16,0.0295,9656.0,33.0,16966.0,0.0295,0.0293,0.0292,10000523,2016-06-22,2016-06-22,C,2.1,2016-01-08
5953,2016-05-16 14:14:00,2016-05-16,0.0293,2632.0,9.0,16970.0,0.0293,0.0292,0.0292,10000523,2016-06-22,2016-06-22,C,2.1,2016-01-08
5954,2016-05-16 14:15:00,2016-05-16,0.0293,16846.0,58.0,16995.0,0.0292,0.0288,0.0288,10000523,2016-06-22,2016-06-22,C,2.1,2016-01-08
5955,2016-05-16 14:16:00,2016-05-16,0.0288,25704.0,91.0,17014.0,0.0288,0.0277,0.0277,10000523,2016-06-22,2016-06-22,C,2.1,2016-01-08
5956,2016-05-16 14:17:00,2016-05-16,0.0285,9878.0,35.0,16993.0,0.0277,0.028,0.0277,10000523,2016-06-22,2016-06-22,C,2.1,2016-01-08
5957,2016-05-16 14:18:00,2016-05-16,0.028,10901.0,39.0,17002.0,0.028,0.028,0.0279,10000523,2016-06-22,2016-06-22,C,2.1,2016-01-08
5958,2016-05-16 14:19:00,2016-05-16,0.0284,284.0,1.0,17001.0,0.028,0.0284,0.028,10000523,2016-06-22,2016-06-22,C,2.1,2016-01-08
5959,2016-05-16 14:20:00,2016-05-16,0.0284,3090.0,11.0,17012.0,0.0284,0.028,0.028,10000523,2016-06-22,2016-06-22,C,2.1,2016-01-08
5960,2016-05-16 14:21:00,2016-05-16,0.0284,4541.0,16.0,17013.0,0.028,0.0281,0.028,10000523,2016-06-22,2016-06-22,C,2.1,2016-01-08
5961,2016-05-16 14:22:00,2016-05-16,0.0281,8430.0,30.0,17013.0,0.0281,0.0281,0.0281,10000523,2016-06-22,2016-06-22,C,2.1,2016-01-08
5962,2016-05-16 14:23:00,2016-05-16,0.0281,3360.0,12.0,17025.0,0.0281,0.028,0.028,10000523,2016-06-22,2016-06-22,C,2.1,2016-01-08
5963,2016-05-16 14:24:00,2016-05-16,0.0281,8710.0,31.0,17054.0,0.028,0.0281,0.028,10000523,2016-06-22,2016-06-22,C,2.1,2016-01-08
5964,2016-05-16 14:25:00,2016-05-16,0.0281,0.0,0.0,17054.0,0.0281,0.0281,0.0281,10000523,2016-06-22,2016-06-22,C,2.1,2016-01-08
5965,2016-05-16 14:26:00,2016-05-16,0.0283,2830.0,10.0,17055.0,0.0281,0.0283,0.0281,10000523,2016-06-22,2016-06-22,C,2.1,2016-01-08
5966,2016-05-16 14:27:00,2016-05-16,0.0283,0.0,0.0,17055.0,0.0283,0.0283,0.0283,10000523,2016-06-22,2016-06-22,C,2.1,2016-01-08
5967,2016-05-16 14:28:00,2016-05-16,0.0284,5087.0,18.0,17073.0,0.0283,0.0284,0.0279,10000523,2016-06-22,2016-06-22,C,2.1,2016-01-08
5968,2016-05-16 14:29:00,2016-05-16,0.0285,8808.0,31.0,17104.0,0.0284,0.0285,0.0283,10000523,2016-06-22,2016-06-22,C,2.1,2016-01-08
5969,2016-05-16 14:30:00,2016-05-16,0.0285,8825.0,31.0,17134.0,0.0285,0.0285,0.0284,10000523,2016-06-22,2016-06-22,C,2.1,2016-01-08
5970,2016-05-16 14:31:00,2016-05-16,0.0291,17085.0,59.0,17179.0,0.0285,0.0291,0.0285,10000523,2016-06-22,2016-06-22,C,2.1,2016-01-08
5971,2016-05-16 14:32:00,2016-05-16,0.0291,0.0,0.0,17179.0,0.0291,0.0291,0.0291,10000523,2016-06-22,2016-06-22,C,2.1,2016-01-08
5972,2016-05-16 14:33:00,2016-05-16,0.0294,1764.0,6.0,17185.0,0.0291,0.0294,0.0291,10000523,2016-06-22,2016-06-22,C,2.1,2016-01-08
5973,2016-05-16 14:34:00,2016-05-16,0.0294,2352.0,8.0,17189.0,0.0294,0.0294,0.0294,10000523,2016-06-22,2016-06-22,C,2.1,2016-01-08
5974,2016-05-16 14:35:00,2016-05-16,0.0294,1450.0,5.0,17194.0,0.0294,0.029,0.029,10000523,2016-06-22,2016-06-22,C,2.1,2016-01-08
5975,2016-05-16 14:36:00,2016-05-16,0.0294,8217.0,28.0,17196.0,0.029,0.0294,0.029,10000523,2016-06-22,2016-06-22,C,2.1,2016-01-08
5976,2016-05-16 14:37:00,2016-05-16,0.0301,27426.0,92.0,17192.0,0.0294,0.03,0.0294,10000523,2016-06-22,2016-06-22,C,2.1,2016-01-08
5977,2016-05-16 14:38:00,2016-05-16,0.0302,16263.0,54.0,17196.0,0.03,0.0302,0.03,10000523,2016-06-22,2016-06-22,C,2.1,2016-01-08
5978,2016-05-16 14:39:00,2016-05-16,0.0302,14400.0,48.0,17201.0,0.0302,0.03,0.03,10000523,2016-06-22,2016-06-22,C,2.1,2016-01-08
5979,2016-05-16 14:40:00,2016-05-16,0.0302,11431.0,38.0,17224.0,0.03,0.03,0.03,10000523,2016-06-22,2016-06-22,C,2.1,2016-01-08
5980,2016-05-16 14:41:00,2016-05-16,0.0303,17843.0,59.0,17255.0,0.03,0.0301,0.03,10000523,2016-06-22,2016-06-22,C,2.1,2016-01-08
5981,2016-05-16 14:42:00,2016-05-16,0.0304,14848.0,49.0,17284.0,0.0301,0.0302,0.0301,10000523,2016-06-22,2016-06-22,C,2.1,2016-01-08
5982,2016-05-16 14:43:00,2016-05-16,0.0302,12986.0,43.0,17296.0,0.0302,0.0302,0.0302,10000523,2016-06-22,2016-06-22,C,2.1,2016-01-08
5983,2016-05-16 14:44:00,2016-05-16,0.0302,0.0,0.0,17296.0,0.0302,0.0302,0.0302,10000523,2016-06-22,2016-06-22,C,2.1,2016-01-08
5984,2016-05-16 14:45:00,2016-05-16,0.0302,6030.0,20.0,17286.0,0.0302,0.0301,0.0301,10000523,2016-06-22,2016-06-22,C,2.1,2016-01-08
5985,2016-05-16 14:46:00,2016-05-16,0.0302,6341.0,21.0,17297.0,0.0301,0.0301,0.0301,10000523,2016-06-22,2016-06-22,C,2.1,2016-01-08
5986,2016-05-16 14:47:00,2016-05-16,0.0302,18969.0,63.0,17334.0,0.0301,0.0301,0.0301,10000523,2016-06-22,2016-06-22,C,2.1,2016-01-08
5987,2016-05-16 14:48:00,2016-05-16,0.0301,12338.0,41.0,17356.0,0.0301,0.03,0.03,10000523,2016-06-22,2016-06-22,C,2.1,2016-01-08
5988,2016-05-16 14:49:00,2016-05-16,0.0302,6603.0,22.0,17375.0,0.03,0.0302,0.03,10000523,2016-06-22,2016-06-22,C,2.1,2016-01-08
5989,2016-05-16 14:50:00,2016-05-16,0.0302,602.0,2.0,17377.0,0.0302,0.0301,0.0301,10000523,2016-06-22,2016-06-22,C,2.1,2016-01-08
5990,2016-05-16 14:51:00,2016-05-16,0.0303,6046.0,20.0,17394.0,0.0302,0.0303,0.0302,10000523,2016-06-22,2016-06-22,C,2.1,2016-01-08
5991,2016-05-16 14:52:00,2016-05-16,0.0303,0.0,0.0,17394.0,0.0303,0.0303,0.0303,10000523,2016-06-22,2016-06-22,C,2.1,2016-01-08
5992,2016-05-16 14:53:00,2016-05-16,0.0303,10260.0,34.0,17428.0,0.03,0.0302,0.03,10000523,2016-06-22,2016-06-22,C,2.1,2016-01-08
5993,2016-05-16 14:54:00,2016-05-16,0.0304,8485.0,28.0,17436.0,0.0302,0.0301,0.0301,10000523,2016-06-22,2016-06-22,C,2.1,2016-01-08
5994,2016-05-16 14:55:00,2016-05-16,0.0303,3916.0,13.0,17438.0,0.0301,0.0303,0.0301,10000523,2016-06-22,2016-06-22,C,2.1,2016-01-08
5995,2016-05-16 14:56:00,2016-05-16,0.0304,7840.0,26.0,17447.0,0.0303,0.03,0.03,10000523,2016-06-22,2016-06-22,C,2.1,2016-01-08
5996,2016-05-16 14:57:00,2016-05-16,0.0303,7253.0,24.0,17451.0,0.0303,0.03,0.03,10000523,2016-06-22,2016-06-22,C,2.1,2016-01-08
5997,2016-05-16 14:58:00,2016-05-16,0.03,0.0,0.0,17451.0,0.03,0.03,0.03,10000523,2016-06-22,2016-06-22,C,2.1,2016-01-08
5998,2016-05-16 14:59:00,2016-05-16,0.03,0.0,0.0,17451.0,0.03,0.03,0.03,10000523,2016-06-22,2016-06-22,C,2.1,2016-01-08
5999,2016-05-16 15:00:00,2016-05-16,0.03,0.0,0.0,17451.0,0.03,0.03,0.03,10000523,2016-06-22,2016-06-22,C,2.1,2016-01-08
6000,2016-05-16 09:31:00,2016-05-16,0.0164,45289.0,285.0,31651.0,0.0158,0.015,0.015,10000606,2016-05-25,2016-05-25,P,2.05,2016-03-24
6001,2016-05-16 09:32:00,2016-05-16,0.0162,34694.0,222.0,31622.0,0.015,0.0159,0.015,10000606,2016-05-25,2016-05-25,P,2.05,2016-03-24
6002,2016-05-16 09:33:00,2016-05-16,0.0162,18616.0,117.0,31692.0,0.0159,0.0158,0.0158,10000606,2016-05-25,2016-05-25,P,2.05,2016-03-24
6003,2016-05-16 09:34:00,2016-05-16,0.016,9150.0,58.0,31693.0,0.0158,0.016,0.0156,10000606,2016-05-25,2016-05-25,P,2.05,2016-03-24
6004,2016-05-16 09:35:00,2016-05-16,0.0162,18242.0,115.0,31737.0,0.016,0.0154,0.0154,10000606,2016-05-25,2016-05-25,P,2.05,2016-03-24
6005,2016-05-16 09:36:00,2016-05-16,0.0156,55721.0,386.0,31732.0,0.0154,0.014,0.0138,10000606,2016-05-25,2016-05-25,P,2.05,2016-03-24
6006,2016-05-16 09:37:00,2016-05-16,0.0146,17175.0,120.0,31752.0,0.014,0.0146,0.014,10000606,2016-05-25,2016-05-25,P,2.05,2016-03-24
6007,2016-05-16 09:38:00,2016-05-16,0.0149,7577.0,52.0,31731.0,0.0146,0.0149,0.0145,10000606,2016-05-25,2016-05-25,P,2.05,2016-03-24
6008,2016-05-16 09:39:00,2016-05-16,0.0151,33988.0,234.0,31815.0,0.0149,0.0141,0.0141,10000606,2016-05-25,2016-05-25,P,2.05,2016-03-24
6009,2016-05-16 09:40:00,2016-05-16,0.0146,436.0,3.0,31814.0,0.0141,0.0146,0.0141,10000606,2016-05-25,2016-05-25,P,2.05,2016-03-24
6010,2016-05-16 09:41:00,2016-05-16,0.0149,11602.0,78.0,31813.0,0.0146,0.0149,0.0146,10000606,2016-05-25,2016-05-25,P,2.05,2016-03-24
6011,2016-05-16 09:42:00,2016-05-16,0.0149,0.0,0.0,31813.0,0.0149,0.0149,0.0149,10000606,2016-05-25,2016-05-25,P,2.05,2016-03-24
6012,2016-05-16 09:43:00,2016-05-16,0.0149,4470.0,30.0,31792.0,0.0149,0.0149,0.0149,10000606,2016-05-25,2016-05-25,P,2.05,2016-03-24
6013,2016-05-16 09:44:00,2016-05-16,0.015,8018.0,54.0,31802.0,0.0149,0.015,0.0147,10000606,2016-05-25,2016-05-25,P,2.05,2016-03-24
6014,2016-05-16 09:45:00,2016-05-16,0.0153,2572.0,17.0,31809.0,0.015,0.015,0.0148,10000606,2016-05-25,2016-05-25,P,2.05,2016-03-24
6015,2016-05-16 09:46:00,2016-05-16,0.0156,9521.0,62.0,31792.0,0.0153,0.0156,0.0151,10000606,2016-05-25,2016-05-25,P,2.05,2016-03-24
6016,2016-05-16 09:47:00,2016-05-16,0.0159,10428.0,66.0,31830.0,0.0156,0.0158,0.0156,10000606,2016-05-25,2016-05-25,P,2.05,2016-03-24
6017,2016-05-16 09:48:00,2016-05-16,0.016,10964.0,69.0,31875.0,0.0158,0.0158,0.0158,10000606,2016-05-25,2016-05-25,P,2.05,2016-03-24
6018,2016-05-16 09:49:00,2016-05-16,0.0159,4591.0,29.0,31899.0,0.0159,0.0159,0.0157,10000606,2016-05-25,2016-05-25,P,2.05,2016-03-24
6019,2016-05-16 09:50:00,2016-05-16,0.016,8440.0,53.0,31918.0,0.0159,0.0159,0.0157,10000606,2016-05-25,2016-05-25,P,2.05,2016-03-24
6020,2016-05-16 09:51:00,2016-05-16,0.016,17498.0,111.0,31960.0,0.016,0.0156,0.0156,10000606,2016-05-25,2016-05-25,P,2.05,2016-03-24
6021,2016-05-16 09:52:00,2016-05-16,0.0161,18438.0,116.0,31929.0,0.0156,0.0161,0.0155,10000606,2016-05-25,2016-05-25,P,2.05,2016-03-24
6022,2016-05-16 09:53:00,2016-05-16,0.0185,58145.0,341.0,31891.0,0.0161,0.018000000000000002,0.0161,10000606,2016-05-25,2016-05-25,P,2.05,2016-03-24
6023,2016-05-16 09:54:00,2016-05-16,0.0188,56731.0,308.0,31904.0,0.0184,0.0187,0.018000000000000002,10000606,2016-05-25,2016-05-25,P,2.05,2016-03-24
6024,2016-05-16 09:55:00,2016-05-16,0.0191,53075.0,283.0,32015.0,0.0182,0.0188,0.0182,10000606,2016-05-25,2016-05-25,P,2.05,2016-03-24
6025,2016-05-16 09:56:00,2016-05-16,0.0189,32476.0,175.0,32111.0,0.0188,0.0185,0.0182,10000606,2016-05-25,2016-05-25,P,2.05,2016-03-24
6026,2016-05-16 09:57:00,2016-05-16,0.0186,14210.0,77.0,32142.0,0.0185,0.0184,0.0182,10000606,2016-05-25,2016-05-25,P,2.05,2016-03-24
6027,2016-05-16 09:58:00,2016-05-16,0.0184,27628.0,153.0,32137.0,0.0184,0.018000000000000002,0.0178,10000606,2016-05-25,2016-05-25,P,2.05,2016-03-24
6028,2016-05-16 09:59:00,2016-05-16,0.0184,2924.0,16.0,32133.0,0.018000000000000002,0.0182,0.018000000000000002,10000606,2016-05-25,2016-05-25,P,2.05,2016-03-24
6029,2016-05-16 10:00:00,2016-05-16,0.0184,6416.0,35.0,32156.0,0.0182,0.0183,0.0182,10000606,2016-05-25,2016-05-25,P,2.05,2016-03-24
6030,2016-05-16 10:01:00,2016-05-16,0.0191,25667.0,137.0,32216.0,0.0183,0.019,0.0183,10000606,2016-05-25,2016-05-25,P,2.05,2016-03-24
6031,2016-05-16 10:02:00,2016-05-16,0.0193,14624.0,78.0,32233.0,0.019,0.0183,0.0183,10000606,2016-05-25,2016-05-25,P,2.05,2016-03-24
6032,2016-05-16 10:03:00,2016-05-16,0.0183,15462.0,85.0,32259.0,0.0183,0.0181,0.0181,10000606,2016-05-25,2016-05-25,P,2.05,2016-03-24
6033,2016-05-16 10:04:00,2016-05-16,0.0182,7610.0,42.0,32262.0,0.0181,0.0178,0.0178,10000606,2016-05-25,2016-05-25,P,2.05,2016-03-24
6034,2016-05-16 10:05:00,2016-05-16,0.0177,19994.0,114.0,32228.0,0.0177,0.0176,0.0174,10000606,2016-05-25,2016-05-25,P,2.05,2016-03-24
6035,2016-05-16 10:06:00,2016-05-16,0.0179,19607.0,112.0,32233.0,0.0176,0.0171,0.0171,10000606,2016-05-25,2016-05-25,P,2.05,2016-03-24
6036,2016-05-16 10:07:00,2016-05-16,0.0174,21193.0,125.0,32251.0,0.0171,0.0168,0.0168,10000606,2016-05-25,2016-05-25,P,2.05,2016-03-24
6037,2016-05-16 10:08:00,2016-05-16,0.0169,4034.0,24.0,32254.0,0.0168,0.0166,0.0166,10000606,2016-05-25,2016-05-25,P,2.05,2016-03-24
6038,2016-05-16 10:09:00,2016-05-16,0.0168,4140.0,25.0,32269.0,0.0166,0.0168,0.0164,10000606,2016-05-25,2016-05-25,P,2.05,2016-03-24
6039,2016-05-16 10:10:00,2016-05-16,0.0169,676.0,4.0,32269.0,0.0169,0.0169,0.0169,10000606,2016-05-25,2016-05-25,P,2.05,2016-03-24
6040,2016-05-16 10:11:00,2016-05-16,0.0171,8838.0,52.0,32294.0,0.0169,0.0169,0.0169,10000606,2016-05-25,2016-05-25,P,2.05,2016-03-24
6041,2016-05-16 10:12:00,2016-05-16,0.0171,5796.0,34.0,32323.0,0.0169,0.0171,0.0169,10000606,2016-05-25,2016-05-25,P,2.05,2016-03-24
6042,2016-05-16 10:13:00,2016-05-16,0.0171,12065.0,73.0,32356.0,0.0171,0.0164,0.0164,10000606,2016-05-25,2016-05-25,P,2.05,2016-03-24
6043,2016-05-16 10:14:00,2016-05-16,0.0165,15065.0,92.0,32401.0,0.0164,0.0164,0.016,10000606,2016-05-25,2016-05-25,P,2.05,2016-03-24
6044,2016-05-16 10:15:00,2016-05-16,0.0164,8672.0,53.0,32441.0,0.0164,0.0163,0.0163,10000606,2016-05-25,2016-05-25,P,2.05,2016-03-24
6045,2016-05-16 10:16:00,2016-05-16,0.0163,6683.0,41.0,32442.0,0.0163,0.0163,0.0163,10000606,2016-05-25,2016-05-25,P,2.05,2016-03-24
6046,2016-05-16 10:17:00,2016-05-16,0.0163,7634.0,47.0,32452.0,0.0163,0.0162,0.0162,10000606,2016-05-25,2016-05-25,P,2.05,2016-03-24
6047,2016-05-16 10:18:00,2016-05-16,0.0164,10472.0,64.0,32506.0,0.0164,0.0163,0.0163,10000606,2016-05-25,2016-05-25,P,2.05,2016-03-24
6048,2016-05-16 10:19:00,2016-05-16,0.0164,1967.0,12.0,32513.0,0.0163,0.0164,0.0163,10000606,2016-05-25,2016-05-25,P,2.05,2016-03-24
6049,2016-05-16 10:20:00,2016-05-16,0.0164,2614.0,16.0,32528.0,0.0164,0.0163,0.0163,10000606,2016-05-25,2016-05-25,P,2.05,2016-03-24
6050,2016-05-16 10:21:00,2016-05-16,0.0164,4090.0,25.0,32535.0,0.0163,0.0164,0.0163,10000606,2016-05-25,2016-05-25,P,2.05,2016-03-24
6051,2016-05-16 10:22:00,2016-05-16,0.0165,3618.0,22.0,32545.0,0.0165,0.0164,0.0164,10000606,2016-05-25,2016-05-25,P,2.05,2016-03-24
6052,2016-05-16 10:23:00,2016-05-16,0.0167,8604.0,52.0,32552.0,0.0164,0.0167,0.0163,10000606,2016-05-25,2016-05-25,P,2.05,2016-03-24
6053,2016-05-16 10:24:00,2016-05-16,0.0173,8489.0,50.0,32562.0,0.0167,0.017,0.0167,10000606,2016-05-25,2016-05-25,P,2.05,2016-03-24
6054,2016-05-16 10:25:00,2016-05-16,0.0174,9804.0,57.0,32610.0,0.017,0.0173,0.017,10000606,2016-05-25,2016-05-25,P,2.05,2016-03-24
6055,2016-05-16 10:26:00,2016-05-16,0.0173,3740.0,22.0,32628.0,0.0173,0.017,0.017,10000606,2016-05-25,2016-05-25,P,2.05,2016-03-24
6056,2016-05-16 10:27:00,2016-05-16,0.017,334.0,2.0,32628.0,0.017,0.0167,0.0167,10000606,2016-05-25,2016-05-25,P,2.05,2016-03-24
6057,2016-05-16 10:28:00,2016-05-16,0.0167,8392.0,51.0,32631.0,0.0167,0.0162,0.0162,10000606,2016-05-25,2016-05-25,P,2.05,2016-03-24
6058,2016-05-16 10:29:00,2016-05-16,0.016,3664.0,23.0,32643.0,0.016,0.0159,0.0159,10000606,2016-05-25,2016-05-25,P,2.05,2016-03-24
6059,2016-05-16 10:30:00,2016-05-16,0.0161,644.0,4.0,32639.0,0.0159,0.0161,0.0159,10000606,2016-05-25,2016-05-25,P,2.05,2016-03-24
6060,2016-05-16 10:31:00,2016-05-16,0.0161,7870.0,50.0,32619.0,0.0161,0.0157,0.0156,10000606,2016-05-25,2016-05-25,P,2.05,2016-03-24
6061,2016-05-16 10:32:00,2016-05-16,0.0157,4690.0,30.0,32614.0,0.0157,0.0156,0.0156,10000606,2016-05-25,2016-05-25,P,2.05,2016-03-24
6062,2016-05-16 10:33:00,2016-05-16,0.0157,628.0,4.0,32614.0,0.0156,0.0157,0.0156,10000606,2016-05-25,2016-05-25,P,2.05,2016-03-24
6063,2016-05-16 10:34:00,2016-05-16,0.0157,4524.0,29.0,32614.0,0.0157,0.0155,0.0154,10000606,2016-05-25,2016-05-25,P,2.05,2016-03-24
6064,2016-05-16 10:35:00,2016-05-16,0.0155,3233.0,21.0,32622.0,0.0155,0.0153,0.0153,10000606,2016-05-25,2016-05-25,P,2.05,2016-03-24
6065,2016-05-16 10:36:00,2016-05-16,0.0153,16898.0,111.0,32650.0,0.0153,0.0151,0.0151,10000606,2016-05-25,2016-05-25,P,2.05,2016-03-24
6066,2016-05-16 10:37:00,2016-05-16,0.0156,12594.0,82.0,32684.0,0.0151,0.0156,0.0151,10000606,2016-05-25,2016-05-25,P,2.05,2016-03-24
6067,2016-05-16 10:38:00,2016-05-16,0.0158,1894.0,12.0,32695.0,0.0156,0.0156,0.0156,10000606,2016-05-25,2016-05-25,P,2.05,2016-03-24
6068,2016-05-16 10:39:00,2016-05-16,0.0157,5587.0,36.0,32685.0,0.0156,0.0154,0.0154,10000606,2016-05-25,2016-05-25,P,2.05,2016-03-24
6069,2016-05-16 10:40:00,2016-05-16,0.0154,0.0,0.0,32685.0,0.0154,0.0154,0.0154,10000606,2016-05-25,2016-05-25,P,2.05,2016-03-24
6070,2016-05-16 10:41:00,2016-05-16,0.0159,318.0,2.0,32685.0,0.0154,0.0159,0.0154,10000606,2016-05-25,2016-05-25,P,2.05,2016-03-24
6071,2016-05-16 10:42:00,2016-05-16,0.016,1909.0,12.0,32686.0,0.0159,0.016,0.0159,10000606,2016-05-25,2016-05-25,P,2.05,2016-03-24
6072,2016-05-16 10:43:00,2016-05-16,0.016,0.0,0.0,32686.0,0.016,0.016,0.016,10000606,2016-05-25,2016-05-25,P,2.05,2016-03-24
6073,2016-05-16 10:44:00,2016-05-16,0.016,1600.0,10.0,32685.0,0.016,0.016,0.016,10000606,2016-05-25,2016-05-25,P,2.05,2016-03-24
6074,2016-05-16 10:45:00,2016-05-16,0.0159,317.0,2.0,32687.0,0.0159,0.0158,0.0158,10000606,2016-05-25,2016-05-25,P,2.05,2016-03-24
6075,2016-05-16 10:46:00,2016-05-16,0.0158,4796.0,31.0,32707.0,0.0158,0.0154,0.0154,10000606,2016-05-25,2016-05-25,P,2.05,2016-03-24
6076,2016-05-16 10:47:00,2016-05-16,0.0157,13939.0,92.0,32715.0,0.0154,0.015,0.015,10000606,2016-05-25,2016-05-25,P,2.05,2016-03-24
6077,2016-05-16 10:48:00,2016-05-16,0.015,15527.0,105.0,32727.0,0.015,0.0145,0.0145,10000606,2016-05-25,2016-05-25,P,2.05,2016-03-24
6078,2016-05-16 10:49:00,2016-05-16,0.0145,8795.0,61.0,32708.0,0.0145,0.0143,0.0142,10000606,2016-05-25,2016-05-25,P,2.05,2016-03-24
6079,2016-05-16 10:50:00,2016-05-16,0.0143,5772.0,41.0,32728.0,0.0143,0.014,0.014,10000606,2016-05-25,2016-05-25,P,2.05,2016-03-24
6080,2016-05-16 10:51:00,2016-05-16,0.014,14478.0,107.0,32790.0,0.014,0.0133,0.0132,10000606,2016-05-25,2016-05-25,P,2.05,2016-03-24
6081,2016-05-16 10:52:00,2016-05-16,0.0135,1350.0,10.0,32800.0,0.0133,0.0135,0.0133,10000606,2016-05-25,2016-05-25,P,2.05,2016-03-24
6082,2016-05-16 10:53:00,2016-05-16,0.0135,9670.0,73.0,32801.0,0.0135,0.0133,0.013,10000606,2016-05-25,2016-05-25,P,2.05,2016-03-24
6083,2016-05-16 10:54:00,2016-05-16,0.0133,3661.0,28.0,32809.0,0.0133,0.013,0.013,10000606,2016-05-25,2016-05-25,P,2.05,2016-03-24
6084,2016-05-16 10:55:00,2016-05-16,0.0132,20086.0,155.0,32712.0,0.013,0.013,0.0128,10000606,2016-05-25,2016-05-25,P,2.05,2016-03-24
6085,2016-05-16 10:56:00,2016-05-16,0.013,22302.0,178.0,32619.0,0.013,0.0126,0.0122,10000606,2016-05-25,2016-05-25,P,2.05,2016-03-24
6086,2016-05-16 10:57:00,2016-05-16,0.0127,7819.0,63.0,32572.0,0.0126,0.0123,0.0123,10000606,2016-05-25,2016-05-25,P,2.05,2016-03-24
6087,2016-05-16 10:58:00,2016-05-16,0.0125,15139.0,123.0,32483.0,0.0123,0.012,0.012,10000606,2016-05-25,2016-05-25,P,2.05,2016-03-24
6088,2016-05-16 10:59:00,2016-05-16,0.0121,13921.0,117.0,32424.0,0.012,0.0119,0.0116,10000606,2016-05-25,2016-05-25,P,2.05,2016-03-24
6089,2016-05-16 11:00:00,2016-05-16,0.0119,4149.0,36.0,32409.0,0.0119,0.0114,0.0114,10000606,2016-05-25,2016-05-25,P,2.05,2016-03-24
6090,2016-05-16 11:01:00,2016-05-16,0.0114,18240.0,165.0,32267.0,0.0114,0.0107,0.0107,10000606,2016-05-25,2016-05-25,P,2.05,2016-03-24
6091,2016-05-16 11:02:00,2016-05-16,0.0114,17609.0,159.0,32184.0,0.0107,0.0114,0.0107,10000606,2016-05-25,2016-05-25,P,2.05,2016-03-24
6092,2016-05-16 11:03:00,2016-05-16,0.0117,7420.0,65.0,32171.0,0.0114,0.0111,0.0111,10000606,2016-05-25,2016-05-25,P,2.05,2016-03-24
6093,2016-05-16 11:04:00,2016-05-16,0.0115,2176.0,19.0,32159.0,0.0111,0.0114,0.0111,10000606,2016-05-25,2016-05-25,P,2.05,2016-03-24
6094,2016-05-16 11:05:00,2016-05-16,0.0115,230.0,2.0,32157.0,0.0114,0.0115,0.0114,10000606,2016-05-25,2016-05-25,P,2.05,2016-03-24
6095,2016-05-16 11:06:00,2016-05-16,0.0115,115.0,1.0,32156.0,0.0115,0.0115,0.0115,10000606,2016-05-25,2016-05-25,P,2.05,2016-03-24
6096,2016-05-16 11:07:00,2016-05-16,0.0115,5740.0,50.0,32172.0,0.0115,0.0115,0.0114,10000606,2016-05-25,2016-05-25,P,2.05,2016-03-24
6097,2016-05-16 11:08:00,2016-05-16,0.0117,9524.0,82.0,32144.0,0.0115,0.0115,0.0115,10000606,2016-05-25,2016-05-25,P,2.05,2016-03-24
6098,2016-05-16 11:09:00,2016-05-16,0.0117,5769.0,50.0,32154.0,0.0115,0.0116,0.0113,10000606,2016-05-25,2016-05-25,P,2.05,2016-03-24
6099,2016-05-16 11:10:00,2016-05-16,0.0116,115.0,1.0,32153.0,0.0116,0.0115,0.0115,10000606,2016-05-25,2016-05-25,P,2.05,2016-03-24
6100,2016-05-16 11:11:00,2016-05-16,0.0113,9248.0,83.0,32139.0,0.0113,0.0111,0.011,10000606,2016-05-25,2016-05-25,P,2.05,2016-03-24
6101,2016-05-16 11:12:00,2016-05-16,0.0115,4069.0,36.0,32126.0,0.0111,0.0115,0.0111,10000606,2016-05-25,2016-05-25,P,2.05,2016-03-24
6102,2016-05-16 11:13:00,2016-05-16,0.0119,9310.0,80.0,32076.0,0.0115,0.0118,0.0115,10000606,2016-05-25,2016-05-25,P,2.05,2016-03-24
6103,2016-05-16 11:14:00,2016-05-16,0.0118,5162.0,45.0,32080.0,0.0118,0.0114,0.0114,10000606,2016-05-25,2016-05-25,P,2.05,2016-03-24
6104,2016-05-16 11:15:00,2016-05-16,0.0114,3370.0,30.0,32090.0,0.0114,0.0112,0.0112,10000606,2016-05-25,2016-05-25,P,2.05,2016-03-24
6105,2016-05-16 11:16:00,2016-05-16,0.0112,1120.0,10.0,32084.0,0.0112,0.0112,0.0112,10000606,2016-05-25,2016-05-25,P,2.05,2016-03-24
6106,2016-05-16 11:17:00,2016-05-16,0.0113,3483.0,31.0,32094.0,0.0112,0.0113,0.0112,10000606,2016-05-25,2016-05-25,P,2.05,2016-03-24
6107,2016-05-16 11:18:00,2016-05-16,0.0114,1248.0,11.0,32096.0,0.0113,0.0114,0.0113,10000606,2016-05-25,2016-05-25,P,2.05,2016-03-24
6108,2016-05-16 11:19:00,2016-05-16,0.0114,3958.0,35.0,32114.0,0.0114,0.0114,0.0112,10000606,2016-05-25,2016-05-25,P,2.05,2016-03-24
6109,2016-05-16 11:20:00,2016-05-16,0.0114,2666.0,24.0,32111.0,0.0114,0.011,0.011,10000606,2016-05-25,2016-05-25,P,2.05,2016-03-24
6110,2016-05-16 11:21:00,2016-05-16,0.0111,6491.0,59.0,32089.0,0.011,0.0109,0.0108,10000606,2016-05-25,2016-05-25,P,2.05,2016-03-24
6111,2016-05-16 11:22:00,2016-05-16,0.011,7156.0,66.0,32040.0,0.0109,0.011,0.0108,10000606,2016-05-25,2016-05-25,P,2.05,2016-03-24
6112,2016-05-16 11:23:00,2016-05-16,0.0114,6270.0,55.0,31995.0,0.011,0.0114,0.011,10000606,2016-05-25,2016-05-25,P,2.05,2016-03-24
6113,2016-05-16 11:24:00,2016-05-16,0.0117,9123.0,79.0,31992.0,0.0114,0.0117,0.0114,10000606,2016-05-25,2016-05-25,P,2.05,2016-03-24
6114,2016-05-16 11:25:00,2016-05-16,0.0117,351.0,3.0,31989.0,0.0117,0.0117,0.0117,10000606,2016-05-25,2016-05-25,P,2.05,2016-03-24
6115,2016-05-16 11:26:00,2016-05-16,0.0117,3689.0,32.0,31973.0,0.0117,0.0114,0.0114,10000606,2016-05-25,2016-05-25,P,2.05,2016-03-24
6116,2016-05-16 11:27:00,2016-05-16,0.0117,2405.0,21.0,31963.0,0.0114,0.0114,0.0111,10000606,2016-05-25,2016-05-25,P,2.05,2016-03-24
6117,2016-05-16 11:28:00,2016-05-16,0.0115,9921.0,89.0,31953.0,0.0114,0.0111,0.0111,10000606,2016-05-25,2016-05-25,P,2.05,2016-03-24
6118,2016-05-16 11:29:00,2016-05-16,0.0111,13849.0,125.0,31963.0,0.0111,0.0111,0.011,10000606,2016-05-25,2016-05-25,P,2.05,2016-03-24
6119,2016-05-16 11:30:00,2016-05-16,0.0112,2226.0,20.0,31966.0,0.0111,0.0111,0.0111,10000606,2016-05-25,2016-05-25,P,2.05,2016-03-24
6120,2016-05-16 13:01:00,2016-05-16,0.0116,1044.0,9.0,31965.0,0.0111,0.0116,0.0111,10000606,2016-05-25,2016-05-25,P,2.05,2016-03-24
6121,2016-05-16 13:02:00,2016-05-16,0.0125,16552.0,137.0,31989.0,0.0117,0.0125,0.0117,10000606,2016-05-25,2016-05-25,P,2.05,2016-03-24
6122,2016-05-16 13:03:00,2016-05-16,0.0125,3700.0,30.0,31999.0,0.0125,0.0122,0.0122,10000606,2016-05-25,2016-05-25,P,2.05,2016-03-24
6123,2016-05-16 13:04:00,2016-05-16,0.0123,6740.0,55.0,32000.0,0.0122,0.0123,0.0122,10000606,2016-05-25,2016-05-25,P,2.05,2016-03-24
6124,2016-05-16 13:05:00,2016-05-16,0.0125,9879.0,80.0,32030.0,0.0123,0.0123,0.0123,10000606,2016-05-25,2016-05-25,P,2.05,2016-03-24
6125,2016-05-16 13:06:00,2016-05-16,0.0123,15202.0,126.0,32076.0,0.0123,0.0122,0.0118,10000606,2016-05-25,2016-05-25,P,2.05,2016-03-24
6126,2016-05-16 13:07:00,2016-05-16,0.0123,6339.0,52.0,32041.0,0.0121,0.0123,0.0121,10000606,2016-05-25,2016-05-25,P,2.05,2016-03-24
6127,2016-05-16 13:08:00,2016-05-16,0.0125,4470.0,36.0,32012.0,0.0123,0.0124,0.0123,10000606,2016-05-25,2016-05-25,P,2.05,2016-03-24
6128,2016-05-16 13:09:00,2016-05-16,0.0124,7594.0,62.0,32016.0,0.0124,0.0122,0.0122,10000606,2016-05-25,2016-05-25,P,2.05,2016-03-24
6129,2016-05-16 13:10:00,2016-05-16,0.0122,8593.0,71.0,32003.0,0.0122,0.0121,0.0121,10000606,2016-05-25,2016-05-25,P,2.05,2016-03-24
6130,2016-05-16 13:11:00,2016-05-16,0.0121,238.0,2.0,32003.0,0.0121,0.0119,0.0119,10000606,2016-05-25,2016-05-25,P,2.05,2016-03-24
6131,2016-05-16 13:12:00,2016-05-16,0.0119,2007.0,17.0,32015.0,0.0118,0.0118,0.0118,10000606,2016-05-25,2016-05-25,P,2.05,2016-03-24
6132,2016-05-16 13:13:00,2016-05-16,0.0119,6766.0,57.0,32031.0,0.0118,0.0117,0.0117,10000606,2016-05-25,2016-05-25,P,2.05,2016-03-24
6133,2016-05-16 13:14:00,2016-05-16,0.0117,0.0,0.0,32031.0,0.0117,0.0117,0.0117,10000606,2016-05-25,2016-05-25,P,2.05,2016-03-24
6134,2016-05-16 13:15:00,2016-05-16,0.0118,236.0,2.0,32032.0,0.0117,0.0118,0.0117,10000606,2016-05-25,2016-05-25,P,2.05,2016-03-24
6135,2016-05-16 13:16:00,2016-05-16,0.0119,119.0,1.0,32033.0,0.0118,0.0119,0.0118,10000606,2016-05-25,2016-05-25,P,2.05,2016-03-24
6136,2016-05-16 13:17:00,2016-05-16,0.0119,5547.0,47.0,32006.0,0.0119,0.0119,0.0118,10000606,2016-05-25,2016-05-25,P,2.05,2016-03-24
6137,2016-05-16 13:18:00,2016-05-16,0.012,959.0,8.0,32006.0,0.0119,0.012,0.0119,10000606,2016-05-25,2016-05-25,P,2.05,2016-03-24
6138,2016-05-16 13:19:00,2016-05-16,0.012,3094.0,26.0,32017.0,0.012,0.0119,0.0119,10000606,2016-05-25,2016-05-25,P,2.05,2016-03-24
6139,2016-05-16 13:20:00,2016-05-16,0.0123,1968.0,16.0,32017.0,0.0119,0.0123,0.0119,10000606,2016-05-25,2016-05-25,P,2.05,2016-03-24
6140,2016-05-16 13:21:00,2016-05-16,0.0125,2495.0,20.0,32004.0,0.0123,0.0125,0.0123,10000606,2016-05-25,2016-05-25,P,2.05,2016-03-24
6141,2016-05-16 13:22:00,2016-05-16,0.0125,7912.0,64.0,32014.0,0.0125,0.0122,0.0122,10000606,2016-05-25,2016-05-25,P,2.05,2016-03-24
6142,2016-05-16 13:23:00,2016-05-16,0.0124,6034.0,49.0,32010.0,0.0122,0.0123,0.0122,10000606,2016-05-25,2016-05-25,P,2.05,2016-03-24
6143,2016-05-16 13:24:00,2016-05-16,0.0124,496.0,4.0,32008.0,0.0123,0.0124,0.0123,10000606,2016-05-25,2016-05-25,P,2.05,2016-03-24
6144,2016-05-16 13:25:00,2016-05-16,0.0124,3223.0,26.0,32023.0,0.0124,0.0124,0.0123,10000606,2016-05-25,2016-05-25,P,2.05,2016-03-24
6145,2016-05-16 13:26:00,2016-05-16,0.013,1928.0,15.0,32025.0,0.0124,0.013,0.0124,10000606,2016-05-25,2016-05-25,P,2.05,2016-03-24
6146,2016-05-16 13:27:00,2016-05-16,0.0133,1185.0,9.0,32024.0,0.013,0.013,0.013,10000606,2016-05-25,2016-05-25,P,2.05,2016-03-24
6147,2016-05-16 13:28:00,2016-05-16,0.0131,7550.0,58.0,32031.0,0.013,0.0128,0.0128,10000606,2016-05-25,2016-05-25,P,2.05,2016-03-24
6148,2016-05-16 13:29:00,2016-05-16,0.0128,4568.0,36.0,32048.0,0.0128,0.0128,0.0126,10000606,2016-05-25,2016-05-25,P,2.05,2016-03-24
6149,2016-05-16 13:30:00,2016-05-16,0.013,5229.0,41.0,32060.0,0.0127,0.013,0.0127,10000606,2016-05-25,2016-05-25,P,2.05,2016-03-24
6150,2016-05-16 13:31:00,2016-05-16,0.013,4779.0,38.0,32082.0,0.013,0.0123,0.0123,10000606,2016-05-25,2016-05-25,P,2.05,2016-03-24
6151,2016-05-16 13:32:00,2016-05-16,0.0125,2250.0,18.0,32088.0,0.0123,0.0125,0.0123,10000606,2016-05-25,2016-05-25,P,2.05,2016-03-24
6152,2016-05-16 13:33:00,2016-05-16,0.0126,6380.0,51.0,32110.0,0.0125,0.0125,0.0125,10000606,2016-05-25,2016-05-25,P,2.05,2016-03-24
6153,2016-05-16 13:34:00,2016-05-16,0.0125,4448.0,36.0,32133.0,0.0125,0.0124,0.0123,10000606,2016-05-25,2016-05-25,P,2.05,2016-03-24
6154,2016-05-16 13:35:00,2016-05-16,0.0124,5559.0,45.0,32127.0,0.0124,0.0124,0.0122,10000606,2016-05-25,2016-05-25,P,2.05,2016-03-24
6155,2016-05-16 13:36:00,2016-05-16,0.0124,8556.0,69.0,32110.0,0.0124,0.0124,0.0124,10000606,2016-05-25,2016-05-25,P,2.05,2016-03-24
6156,2016-05-16 13:37:00,2016-05-16,0.0126,16258.0,131.0,32142.0,0.0124,0.0124,0.0123,10000606,2016-05-25,2016-05-25,P,2.05,2016-03-24
6157,2016-05-16 13:38:00,2016-05-16,0.0127,11245.0,91.0,32093.0,0.0127,0.0123,0.0122,10000606,2016-05-25,2016-05-25,P,2.05,2016-03-24
6158,2016-05-16 13:39:00,2016-05-16,0.0124,19322.0,158.0,32090.0,0.012,0.0124,0.0119,10000606,2016-05-25,2016-05-25,P,2.05,2016-03-24
6159,2016-05-16 13:40:00,2016-05-16,0.0125,7895.0,65.0,32056.0,0.0121,0.0121,0.0121,10000606,2016-05-25,2016-05-25,P,2.05,2016-03-24
6160,2016-05-16 13:41:00,2016-05-16,0.0124,2460.0,20.0,32046.0,0.0121,0.0122,0.0121,10000606,2016-05-25,2016-05-25,P,2.05,2016-03-24
6161,2016-05-16 13:42:00,2016-05-16,0.0125,5227.0,42.0,32031.0,0.0122,0.0124,0.0122,10000606,2016-05-25,2016-05-25,P,2.05,2016-03-24
6162,2016-05-16 13:43:00,2016-05-16,0.0124,13247.0,109.0,32020.0,0.0124,0.0118,0.0118,10000606,2016-05-25,2016-05-25,P,2.05,2016-03-24
6163,2016-05-16 13:44:00,2016-05-16,0.0118,4471.0,38.0,32007.0,0.0118,0.0118,0.0117,10000606,2016-05-25,2016-05-25,P,2.05,2016-03-24
6164,2016-05-16 13:45:00,2016-05-16,0.0118,6274.0,54.0,32009.0,0.0118,0.0117,0.0115,10000606,2016-05-25,2016-05-25,P,2.05,2016-03-24
6165,2016-05-16 13:46:00,2016-05-16,0.0117,4279.0,37.0,32015.0,0.0117,0.0116,0.0115,10000606,2016-05-25,2016-05-25,P,2.05,2016-03-24
6166,2016-05-16 13:47:00,2016-05-16,0.0116,10321.0,89.0,32018.0,0.0116,0.0116,0.0115,10000606,2016-05-25,2016-05-25,P,2.05,2016-03-24
6167,2016-05-16 13:48:00,2016-05-16,0.0117,1170.0,10.0,32009.0,0.0116,0.0117,0.0116,10000606,2016-05-25,2016-05-25,P,2.05,2016-03-24
6168,2016-05-16 13:49:00,2016-05-16,0.0121,4970.0,42.0,32011.0,0.0117,0.0121,0.0115,10000606,2016-05-25,2016-05-25,P,2.05,2016-03-24
6169,2016-05-16 13:50:00,2016-05-16,0.0122,6499.0,54.0,32010.0,0.0121,0.0119,0.0119,10000606,2016-05-25,2016-05-25,P,2.05,2016-03-24
6170,2016-05-16 13:51:00,2016-05-16,0.0124,744.0,6.0,32016.0,0.0119,0.0124,0.0119,10000606,2016-05-25,2016-05-25,P,2.05,2016-03-24
6171,2016-05-16 13:52:00,2016-05-16,0.0124,2480.0,20.0,32026.0,0.0124,0.0124,0.0124,10000606,2016-05-25,2016-05-25,P,2.05,2016-03-24
6172,2016-05-16 13:53:00,2016-05-16,0.0123,7350.0,60.0,32020.0,0.0123,0.0122,0.0122,10000606,2016-05-25,2016-05-25,P,2.05,2016-03-24
6173,2016-05-16 13:54:00,2016-05-16,0.0122,2829.0,24.0,32010.0,0.0122,0.0117,0.0117,10000606,2016-05-25,2016-05-25,P,2.05,2016-03-24
6174,2016-05-16 13:55:00,2016-05-16,0.0117,10545.0,91.0,32026.0,0.0117,0.0115,0.0115,10000606,2016-05-25,2016-05-25,P,2.05,2016-03-24
6175,2016-05-16 13:56:00,2016-05-16,0.0114,4964.0,45.0,32034.0,0.0114,0.011,0.0109,10000606,2016-05-25,2016-05-25,P,2.05,2016-03-24
6176,2016-05-16 13:57:00,2016-05-16,0.011,12110.0,110.0,32054.0,0.011,0.011,0.011,10000606,2016-05-25,2016-05-25,P,2.05,2016-03-24
6177,2016-05-16 13:58:00,2016-05-16,0.0114,3236.0,29.0,32068.0,0.011,0.0114,0.0109,10000606,2016-05-25,2016-05-25,P,2.05,2016-03-24
6178,2016-05-16 13:59:00,2016-05-16,0.0114,0.0,0.0,32068.0,0.0114,0.0114,0.0114,10000606,2016-05-25,2016-05-25,P,2.05,2016-03-24
6179,2016-05-16 14:00:00,2016-05-16,0.0114,224.0,2.0,32068.0,0.0114,0.0112,0.0112,10000606,2016-05-25,2016-05-25,P,2.05,2016-03-24
6180,2016-05-16 14:01:00,2016-05-16,0.0115,2948.0,26.0,32057.0,0.0112,0.0113,0.0112,10000606,2016-05-25,2016-05-25,P,2.05,2016-03-24
6181,2016-05-16 14:02:00,2016-05-16,0.0113,2362.0,21.0,32044.0,0.0113,0.0113,0.0112,10000606,2016-05-25,2016-05-25,P,2.05,2016-03-24
6182,2016-05-16 14:03:00,2016-05-16,0.0113,1695.0,15.0,32044.0,0.0113,0.0113,0.0113,10000606,2016-05-25,2016-05-25,P,2.05,2016-03-24
6183,2016-05-16 14:04:00,2016-05-16,0.0113,2938.0,26.0,32054.0,0.0113,0.0113,0.0113,10000606,2016-05-25,2016-05-25,P,2.05,2016-03-24
6184,2016-05-16 14:05:00,2016-05-16,0.0115,2300.0,20.0,32064.0,0.0113,0.0115,0.0113,10000606,2016-05-25,2016-05-25,P,2.05,2016-03-24
6185,2016-05-16 14:06:00,2016-05-16,0.0118,2458.0,21.0,32073.0,0.0115,0.0118,0.0115,10000606,2016-05-25,2016-05-25,P,2.05,2016-03-24
6186,2016-05-16 14:07:00,2016-05-16,0.0118,3039.0,26.0,32085.0,0.0116,0.0116,0.0116,10000606,2016-05-25,2016-05-25,P,2.05,2016-03-24
6187,2016-05-16 14:08:00,2016-05-16,0.0118,4125.0,35.0,32110.0,0.0116,0.0118,0.0116,10000606,2016-05-25,2016-05-25,P,2.05,2016-03-24
6188,2016-05-16 14:09:00,2016-05-16,0.0118,0.0,0.0,32110.0,0.0118,0.0118,0.0118,10000606,2016-05-25,2016-05-25,P,2.05,2016-03-24
6189,2016-05-16 14:10:00,2016-05-16,0.0118,936.0,8.0,32110.0,0.0118,0.0117,0.0117,10000606,2016-05-25,2016-05-25,P,2.05,2016-03-24
6190,2016-05-16 14:11:00,2016-05-16,0.0117,0.0,0.0,32110.0,0.0117,0.0117,0.0117,10000606,2016-05-25,2016-05-25,P,2.05,2016-03-24
6191,2016-05-16 14:12:00,2016-05-16,0.0117,2106.0,18.0,32113.0,0.0117,0.0117,0.0117,10000606,2016-05-25,2016-05-25,P,2.05,2016-03-24
6192,2016-05-16 14:13:00,2016-05-16,0.0118,3404.0,29.0,32101.0,0.0117,0.0117,0.0117,10000606,2016-05-25,2016-05-25,P,2.05,2016-03-24
6193,2016-05-16 14:14:00,2016-05-16,0.0117,1394.0,12.0,32102.0,0.0117,0.0117,0.0116,10000606,2016-05-25,2016-05-25,P,2.05,2016-03-24
6194,2016-05-16 14:15:00,2016-05-16,0.0123,6441.0,54.0,32084.0,0.0117,0.0123,0.0115,10000606,2016-05-25,2016-05-25,P,2.05,2016-03-24
6195,2016-05-16 14:16:00,2016-05-16,0.0138,44737.0,342.0,32145.0,0.0123,0.0137,0.0123,10000606,2016-05-25,2016-05-25,P,2.05,2016-03-24
6196,2016-05-16 14:17:00,2016-05-16,0.0137,13178.0,99.0,32155.0,0.0137,0.0129,0.0129,10000606,2016-05-25,2016-05-25,P,2.05,2016-03-24
6197,2016-05-16 14:18:00,2016-05-16,0.0135,33307.0,254.0,32218.0,0.013,0.0127,0.0126,10000606,2016-05-25,2016-05-25,P,2.05,2016-03-24
6198,2016-05-16 14:19:00,2016-05-16,0.0132,10608.0,82.0,32260.0,0.0127,0.0129,0.0126,10000606,2016-05-25,2016-05-25,P,2.05,2016-03-24
6199,2016-05-16 14:20:00,2016-05-16,0.0137,29203.0,220.0,32345.0,0.0129,0.0127,0.0127,10000606,2016-05-25,2016-05-25,P,2.05,2016-03-24
6200,2016-05-16 14:21:00,2016-05-16,0.0136,36292.0,273.0,32476.0,0.0132,0.013,0.0129,10000606,2016-05-25,2016-05-25,P,2.05,2016-03-24
6201,2016-05-16 14:22:00,2016-05-16,0.0135,6146.0,46.0,32461.0,0.013,0.0134,0.013,10000606,2016-05-25,2016-05-25,P,2.05,2016-03-24
6202,2016-05-16 14:23:00,2016-05-16,0.0137,4970.0,37.0,32457.0,0.0134,0.0133,0.0133,10000606,2016-05-25,2016-05-25,P,2.05,2016-03-24
6203,2016-05-16 14:24:00,2016-05-16,0.0133,7767.0,59.0,32516.0,0.0133,0.013,0.013,10000606,2016-05-25,2016-05-25,P,2.05,2016-03-24
6204,2016-05-16 14:25:00,2016-05-16,0.0133,1948.0,15.0,32529.0,0.013,0.0128,0.0128,10000606,2016-05-25,2016-05-25,P,2.05,2016-03-24
6205,2016-05-16 14:26:00,2016-05-16,0.013,2070.0,16.0,32533.0,0.0128,0.013,0.0128,10000606,2016-05-25,2016-05-25,P,2.05,2016-03-24
6206,2016-05-16 14:27:00,2016-05-16,0.0132,6671.0,51.0,32544.0,0.013,0.013,0.013,10000606,2016-05-25,2016-05-25,P,2.05,2016-03-24
6207,2016-05-16 14:28:00,2016-05-16,0.0131,8348.0,64.0,32520.0,0.013,0.013,0.013,10000606,2016-05-25,2016-05-25,P,2.05,2016-03-24
6208,2016-05-16 14:29:00,2016-05-16,0.0131,11060.0,85.0,32500.0,0.013,0.013,0.013,10000606,2016-05-25,2016-05-25,P,2.05,2016-03-24
6209,2016-05-16 14:30:00,2016-05-16,0.013,46920.0,361.0,32415.0,0.013,0.0128,0.0128,10000606,2016-05-25,2016-05-25,P,2.05,2016-03-24
6210,2016-05-16 14:31:00,2016-05-16,0.0128,7412.0,60.0,32386.0,0.0128,0.0122,0.0122,10000606,2016-05-25,2016-05-25,P,2.05,2016-03-24
6211,2016-05-16 14:32:00,2016-05-16,0.0124,8688.0,73.0,32363.0,0.0122,0.0116,0.0116,10000606,2016-05-25,2016-05-25,P,2.05,2016-03-24
6212,2016-05-16 14:33:00,2016-05-16,0.0119,13803.0,120.0,32323.0,0.0116,0.0114,0.0114,10000606,2016-05-25,2016-05-25,P,2.05,2016-03-24
6213,2016-05-16 14:34:00,2016-05-16,0.0117,13816.0,122.0,32268.0,0.0114,0.0113,0.0112,10000606,2016-05-25,2016-05-25,P,2.05,2016-03-24
6214,2016-05-16 14:35:00,2016-05-16,0.0115,10210.0,90.0,32213.0,0.0113,0.0113,0.0113,10000606,2016-05-25,2016-05-25,P,2.05,2016-03-24
6215,2016-05-16 14:36:00,2016-05-16,0.0114,28668.0,254.0,32079.0,0.0113,0.0113,0.0108,10000606,2016-05-25,2016-05-25,P,2.05,2016-03-24
6216,2016-05-16 14:37:00,2016-05-16,0.0113,9675.0,92.0,32081.0,0.0113,0.0103,0.0103,10000606,2016-05-25,2016-05-25,P,2.05,2016-03-24
6217,2016-05-16 14:38:00,2016-05-16,0.0108,13050.0,123.0,32094.0,0.0103,0.0108,0.0103,10000606,2016-05-25,2016-05-25,P,2.05,2016-03-24
6218,2016-05-16 14:39:00,2016-05-16,0.0112,4952.0,45.0,32074.0,0.0108,0.011,0.0108,10000606,2016-05-25,2016-05-25,P,2.05,2016-03-24
6219,2016-05-16 14:40:00,2016-05-16,0.011,216.0,2.0,32074.0,0.011,0.0108,0.0108,10000606,2016-05-25,2016-05-25,P,2.05,2016-03-24
6220,2016-05-16 14:41:00,2016-05-16,0.0112,6854.0,62.0,32092.0,0.0108,0.0111,0.0108,10000606,2016-05-25,2016-05-25,P,2.05,2016-03-24
6221,2016-05-16 14:42:00,2016-05-16,0.0117,15756.0,138.0,32105.0,0.0111,0.0117,0.0108,10000606,2016-05-25,2016-05-25,P,2.05,2016-03-24
6222,2016-05-16 14:43:00,2016-05-16,0.0118,11872.0,102.0,32074.0,0.0116,0.0115,0.0114,10000606,2016-05-25,2016-05-25,P,2.05,2016-03-24
6223,2016-05-16 14:44:00,2016-05-16,0.0116,7148.0,62.0,32081.0,0.0115,0.0114,0.0114,10000606,2016-05-25,2016-05-25,P,2.05,2016-03-24
6224,2016-05-16 14:45:00,2016-05-16,0.0114,12144.0,108.0,32151.0,0.0114,0.0112,0.0111,10000606,2016-05-25,2016-05-25,P,2.05,2016-03-24
6225,2016-05-16 14:46:00,2016-05-16,0.0114,9719.0,87.0,32222.0,0.0112,0.0114,0.011,10000606,2016-05-25,2016-05-25,P,2.05,2016-03-24
6226,2016-05-16 14:47:00,2016-05-16,0.0116,4601.0,40.0,32235.0,0.0114,0.0115,0.0112,10000606,2016-05-25,2016-05-25,P,2.05,2016-03-24
6227,2016-05-16 14:48:00,2016-05-16,0.0118,6989.0,60.0,32192.0,0.0115,0.0115,0.0115,10000606,2016-05-25,2016-05-25,P,2.05,2016-03-24
6228,2016-05-16 14:49:00,2016-05-16,0.0115,15110.0,136.0,32184.0,0.0115,0.011,0.0109,10000606,2016-05-25,2016-05-25,P,2.05,2016-03-24
6229,2016-05-16 14:50:00,2016-05-16,0.0112,9656.0,87.0,32218.0,0.011,0.011,0.0106,10000606,2016-05-25,2016-05-25,P,2.05,2016-03-24
6230,2016-05-16 14:51:00,2016-05-16,0.0112,17874.0,164.0,32357.0,0.011,0.011,0.0107,10000606,2016-05-25,2016-05-25,P,2.05,2016-03-24
6231,2016-05-16 14:52:00,2016-05-16,0.011,12287.0,113.0,32397.0,0.011,0.0109,0.0107,10000606,2016-05-25,2016-05-25,P,2.05,2016-03-24
6232,2016-05-16 14:53:00,2016-05-16,0.011,4146.0,38.0,32406.0,0.0109,0.0109,0.0109,10000606,2016-05-25,2016-05-25,P,2.05,2016-03-24
6233,2016-05-16 14:54:00,2016-05-16,0.011,3139.0,29.0,32418.0,0.0109,0.011,0.0107,10000606,2016-05-25,2016-05-25,P,2.05,2016-03-24
6234,2016-05-16 14:55:00,2016-05-16,0.011,2378.0,22.0,32407.0,0.011,0.0108,0.0108,10000606,2016-05-25,2016-05-25,P,2.05,2016-03-24
6235,2016-05-16 14:56:00,2016-05-16,0.011,14210.0,131.0,32370.0,0.0108,0.011,0.0108,10000606,2016-05-25,2016-05-25,P,2.05,2016-03-24
6236,2016-05-16 14:57:00,2016-05-16,0.011,30240.0,275.0,32319.0,0.011,0.011,0.0109,10000606,2016-05-25,2016-05-25,P,2.05,2016-03-24
6237,2016-05-16 14:58:00,2016-05-16,0.011,0.0,0.0,32319.0,0.011,0.011,0.011,10000606,2016-05-25,2016-05-25,P,2.05,2016-03-24
6238,2016-05-16 14:59:00,2016-05-16,0.011,0.0,0.0,32319.0,0.011,0.011,0.011,10000606,2016-05-25,2016-05-25,P,2.05,2016-03-24
6239,2016-05-16 15:00:00,2016-05-16,0.011,0.0,0.0,32319.0,0.011,0.011,0.011,10000606,2016-05-25,2016-05-25,P,2.05,2016-03-24
6240,2016-05-16 09:31:00,2016-05-16,0.08,10357.0,13.0,3212.0,0.0797,0.08,0.0797,10000630,2016-12-28,2016-12-28,P,1.9080000000000001,2016-05-10
6241,2016-05-16 09:32:00,2016-05-16,0.08,0.0,0.0,3212.0,0.08,0.08,0.08,10000630,2016-12-28,2016-12-28,P,1.9080000000000001,2016-05-10
6242,2016-05-16 09:33:00,2016-05-16,0.08,0.0,0.0,3212.0,0.08,0.08,0.08,10000630,2016-12-28,2016-12-28,P,1.9080000000000001,2016-05-10
6243,2016-05-16 09:34:00,2016-05-16,0.08,0.0,0.0,3212.0,0.08,0.08,0.08,10000630,2016-12-28,2016-12-28,P,1.9080000000000001,2016-05-10
6244,2016-05-16 09:35:00,2016-05-16,0.0802,4010.0,5.0,3217.0,0.08,0.0802,0.08,10000630,2016-12-28,2016-12-28,P,1.9080000000000001,2016-05-10
6245,2016-05-16 09:36:00,2016-05-16,0.0802,7945.0,10.0,3222.0,0.0802,0.0794,0.0794,10000630,2016-12-28,2016-12-28,P,1.9080000000000001,2016-05-10
6246,2016-05-16 09:37:00,2016-05-16,0.0794,0.0,0.0,3222.0,0.0794,0.0794,0.0794,10000630,2016-12-28,2016-12-28,P,1.9080000000000001,2016-05-10
6247,2016-05-16 09:38:00,2016-05-16,0.0816,6422.0,8.0,3227.0,0.0795,0.0816,0.0795,10000630,2016-12-28,2016-12-28,P,1.9080000000000001,2016-05-10
6248,2016-05-16 09:39:00,2016-05-16,0.0816,0.0,0.0,3227.0,0.0816,0.0816,0.0816,10000630,2016-12-28,2016-12-28,P,1.9080000000000001,2016-05-10
6249,2016-05-16 09:40:00,2016-05-16,0.081,3192.0,4.0,3230.0,0.0794,0.081,0.0794,10000630,2016-12-28,2016-12-28,P,1.9080000000000001,2016-05-10
6250,2016-05-16 09:41:00,2016-05-16,0.081,7940.0,10.0,3237.0,0.081,0.0794,0.0794,10000630,2016-12-28,2016-12-28,P,1.9080000000000001,2016-05-10
6251,2016-05-16 09:42:00,2016-05-16,0.0794,0.0,0.0,3237.0,0.0794,0.0794,0.0794,10000630,2016-12-28,2016-12-28,P,1.9080000000000001,2016-05-10
6252,2016-05-16 09:43:00,2016-05-16,0.08,1600.0,2.0,3239.0,0.0794,0.08,0.0794,10000630,2016-12-28,2016-12-28,P,1.9080000000000001,2016-05-10
6253,2016-05-16 09:44:00,2016-05-16,0.08,4782.0,6.0,3245.0,0.08,0.0797,0.0797,10000630,2016-12-28,2016-12-28,P,1.9080000000000001,2016-05-10
6254,2016-05-16 09:45:00,2016-05-16,0.0797,0.0,0.0,3245.0,0.0797,0.0797,0.0797,10000630,2016-12-28,2016-12-28,P,1.9080000000000001,2016-05-10
6255,2016-05-16 09:46:00,2016-05-16,0.0797,0.0,0.0,3245.0,0.0797,0.0797,0.0797,10000630,2016-12-28,2016-12-28,P,1.9080000000000001,2016-05-10
6256,2016-05-16 09:47:00,2016-05-16,0.0797,0.0,0.0,3245.0,0.0797,0.0797,0.0797,10000630,2016-12-28,2016-12-28,P,1.9080000000000001,2016-05-10
6257,2016-05-16 09:48:00,2016-05-16,0.0797,0.0,0.0,3245.0,0.0797,0.0797,0.0797,10000630,2016-12-28,2016-12-28,P,1.9080000000000001,2016-05-10
6258,2016-05-16 09:49:00,2016-05-16,0.0805,1610.0,2.0,3247.0,0.0797,0.0805,0.0797,10000630,2016-12-28,2016-12-28,P,1.9080000000000001,2016-05-10
6259,2016-05-16 09:50:00,2016-05-16,0.0805,0.0,0.0,3247.0,0.0805,0.0805,0.0805,10000630,2016-12-28,2016-12-28,P,1.9080000000000001,2016-05-10
6260,2016-05-16 09:51:00,2016-05-16,0.0805,0.0,0.0,3247.0,0.0805,0.0805,0.0805,10000630,2016-12-28,2016-12-28,P,1.9080000000000001,2016-05-10
6261,2016-05-16 09:52:00,2016-05-16,0.0808,808.0,1.0,3248.0,0.0805,0.0808,0.0805,10000630,2016-12-28,2016-12-28,P,1.9080000000000001,2016-05-10
6262,2016-05-16 09:53:00,2016-05-16,0.0819,51309.0,63.0,3310.0,0.0808,0.0819,0.0808,10000630,2016-12-28,2016-12-28,P,1.9080000000000001,2016-05-10
6263,2016-05-16 09:54:00,2016-05-16,0.0826,8222.0,10.0,3319.0,0.0819,0.0826,0.0819,10000630,2016-12-28,2016-12-28,P,1.9080000000000001,2016-05-10
6264,2016-05-16 09:55:00,2016-05-16,0.0827,7429.0,9.0,3328.0,0.0826,0.0823,0.0823,10000630,2016-12-28,2016-12-28,P,1.9080000000000001,2016-05-10
6265,2016-05-16 09:56:00,2016-05-16,0.0828,17367.0,21.0,3345.0,0.0823,0.0828,0.0823,10000630,2016-12-28,2016-12-28,P,1.9080000000000001,2016-05-10
6266,2016-05-16 09:57:00,2016-05-16,0.0828,3311.0,4.0,3349.0,0.0828,0.0827,0.0827,10000630,2016-12-28,2016-12-28,P,1.9080000000000001,2016-05-10
6267,2016-05-16 09:58:00,2016-05-16,0.0828,9105.0,11.0,3360.0,0.0827,0.0828,0.0826,10000630,2016-12-28,2016-12-28,P,1.9080000000000001,2016-05-10
6268,2016-05-16 09:59:00,2016-05-16,0.0828,35193.0,43.0,3402.0,0.0817,0.0828,0.0817,10000630,2016-12-28,2016-12-28,P,1.9080000000000001,2016-05-10
6269,2016-05-16 10:00:00,2016-05-16,0.0818,818.0,1.0,3403.0,0.0818,0.0818,0.0818,10000630,2016-12-28,2016-12-28,P,1.9080000000000001,2016-05-10
6270,2016-05-16 10:01:00,2016-05-16,0.0828,24840.0,30.0,3428.0,0.0828,0.0828,0.0828,10000630,2016-12-28,2016-12-28,P,1.9080000000000001,2016-05-10
6271,2016-05-16 10:02:00,2016-05-16,0.0828,3312.0,4.0,3432.0,0.0828,0.0828,0.0828,10000630,2016-12-28,2016-12-28,P,1.9080000000000001,2016-05-10
6272,2016-05-16 10:03:00,2016-05-16,0.0828,15676.0,19.0,3451.0,0.0825,0.0823,0.0823,10000630,2016-12-28,2016-12-28,P,1.9080000000000001,2016-05-10
6273,2016-05-16 10:04:00,2016-05-16,0.083,9060.0,11.0,3462.0,0.0823,0.083,0.0823,10000630,2016-12-28,2016-12-28,P,1.9080000000000001,2016-05-10
6274,2016-05-16 10:05:00,2016-05-16,0.083,2468.0,3.0,3463.0,0.083,0.0819,0.0819,10000630,2016-12-28,2016-12-28,P,1.9080000000000001,2016-05-10
6275,2016-05-16 10:06:00,2016-05-16,0.083,3320.0,4.0,3467.0,0.083,0.083,0.083,10000630,2016-12-28,2016-12-28,P,1.9080000000000001,2016-05-10
6276,2016-05-16 10:07:00,2016-05-16,0.083,0.0,0.0,3467.0,0.083,0.083,0.083,10000630,2016-12-28,2016-12-28,P,1.9080000000000001,2016-05-10
6277,2016-05-16 10:08:00,2016-05-16,0.083,2489.0,3.0,3470.0,0.083,0.0829,0.0829,10000630,2016-12-28,2016-12-28,P,1.9080000000000001,2016-05-10
6278,2016-05-16 10:09:00,2016-05-16,0.083,2489.0,3.0,3473.0,0.0829,0.083,0.0829,10000630,2016-12-28,2016-12-28,P,1.9080000000000001,2016-05-10
6279,2016-05-16 10:10:00,2016-05-16,0.083,0.0,0.0,3473.0,0.083,0.083,0.083,10000630,2016-12-28,2016-12-28,P,1.9080000000000001,2016-05-10
6280,2016-05-16 10:11:00,2016-05-16,0.083,830.0,1.0,3474.0,0.083,0.083,0.083,10000630,2016-12-28,2016-12-28,P,1.9080000000000001,2016-05-10
6281,2016-05-16 10:12:00,2016-05-16,0.083,0.0,0.0,3474.0,0.083,0.083,0.083,10000630,2016-12-28,2016-12-28,P,1.9080000000000001,2016-05-10
6282,2016-05-16 10:13:00,2016-05-16,0.083,0.0,0.0,3474.0,0.083,0.083,0.083,10000630,2016-12-28,2016-12-28,P,1.9080000000000001,2016-05-10
6283,2016-05-16 10:14:00,2016-05-16,0.083,824.0,1.0,3475.0,0.083,0.0824,0.0824,10000630,2016-12-28,2016-12-28,P,1.9080000000000001,2016-05-10
6284,2016-05-16 10:15:00,2016-05-16,0.0824,0.0,0.0,3475.0,0.0824,0.0824,0.0824,10000630,2016-12-28,2016-12-28,P,1.9080000000000001,2016-05-10
6285,2016-05-16 10:16:00,2016-05-16,0.0824,821.0,1.0,3476.0,0.0824,0.0821,0.0821,10000630,2016-12-28,2016-12-28,P,1.9080000000000001,2016-05-10
6286,2016-05-16 10:17:00,2016-05-16,0.0821,0.0,0.0,3476.0,0.0821,0.0821,0.0821,10000630,2016-12-28,2016-12-28,P,1.9080000000000001,2016-05-10
6287,2016-05-16 10:18:00,2016-05-16,0.0821,6544.0,8.0,3484.0,0.0821,0.0818,0.0818,10000630,2016-12-28,2016-12-28,P,1.9080000000000001,2016-05-10
6288,2016-05-16 10:19:00,2016-05-16,0.0818,0.0,0.0,3484.0,0.0818,0.0818,0.0818,10000630,2016-12-28,2016-12-28,P,1.9080000000000001,2016-05-10
6289,2016-05-16 10:20:00,2016-05-16,0.0818,0.0,0.0,3484.0,0.0818,0.0818,0.0818,10000630,2016-12-28,2016-12-28,P,1.9080000000000001,2016-05-10
6290,2016-05-16 10:21:00,2016-05-16,0.0818,0.0,0.0,3484.0,0.0818,0.0818,0.0818,10000630,2016-12-28,2016-12-28,P,1.9080000000000001,2016-05-10
6291,2016-05-16 10:22:00,2016-05-16,0.0827,3304.0,4.0,3488.0,0.0818,0.0827,0.0818,10000630,2016-12-28,2016-12-28,P,1.9080000000000001,2016-05-10
6292,2016-05-16 10:23:00,2016-05-16,0.0829,4973.0,6.0,3494.0,0.0827,0.0829,0.0827,10000630,2016-12-28,2016-12-28,P,1.9080000000000001,2016-05-10
6293,2016-05-16 10:24:00,2016-05-16,0.0829,7457.0,9.0,3502.0,0.0829,0.0829,0.0828,10000630,2016-12-28,2016-12-28,P,1.9080000000000001,2016-05-10
6294,2016-05-16 10:25:00,2016-05-16,0.0829,0.0,0.0,3502.0,0.0829,0.0829,0.0829,10000630,2016-12-28,2016-12-28,P,1.9080000000000001,2016-05-10
6295,2016-05-16 10:26:00,2016-05-16,0.0829,0.0,0.0,3502.0,0.0829,0.0829,0.0829,10000630,2016-12-28,2016-12-28,P,1.9080000000000001,2016-05-10
6296,2016-05-16 10:27:00,2016-05-16,0.083,10760.0,13.0,3515.0,0.083,0.08199999999999999,0.08199999999999999,10000630,2016-12-28,2016-12-28,P,1.9080000000000001,2016-05-10
6297,2016-05-16 10:28:00,2016-05-16,0.0832,8320.0,10.0,3516.0,0.08199999999999999,0.0832,0.08199999999999999,10000630,2016-12-28,2016-12-28,P,1.9080000000000001,2016-05-10
6298,2016-05-16 10:29:00,2016-05-16,0.0832,9152.0,11.0,3517.0,0.0832,0.0832,0.0832,10000630,2016-12-28,2016-12-28,P,1.9080000000000001,2016-05-10
6299,2016-05-16 10:30:00,2016-05-16,0.0833,14148.0,17.0,3531.0,0.0833,0.0832,0.0832,10000630,2016-12-28,2016-12-28,P,1.9080000000000001,2016-05-10
6300,2016-05-16 10:31:00,2016-05-16,0.0831,55136.0,67.0,3594.0,0.08199999999999999,0.0826,0.08199999999999999,10000630,2016-12-28,2016-12-28,P,1.9080000000000001,2016-05-10
6301,2016-05-16 10:32:00,2016-05-16,0.0826,7434.0,9.0,3603.0,0.0826,0.0826,0.0826,10000630,2016-12-28,2016-12-28,P,1.9080000000000001,2016-05-10
6302,2016-05-16 10:33:00,2016-05-16,0.0826,0.0,0.0,3603.0,0.0826,0.0826,0.0826,10000630,2016-12-28,2016-12-28,P,1.9080000000000001,2016-05-10
6303,2016-05-16 10:34:00,2016-05-16,0.0826,0.0,0.0,3603.0,0.0826,0.0826,0.0826,10000630,2016-12-28,2016-12-28,P,1.9080000000000001,2016-05-10
6304,2016-05-16 10:35:00,2016-05-16,0.0826,0.0,0.0,3603.0,0.0826,0.0826,0.0826,10000630,2016-12-28,2016-12-28,P,1.9080000000000001,2016-05-10
6305,2016-05-16 10:36:00,2016-05-16,0.0826,8260.0,10.0,3613.0,0.0826,0.0826,0.0826,10000630,2016-12-28,2016-12-28,P,1.9080000000000001,2016-05-10
6306,2016-05-16 10:37:00,2016-05-16,0.0826,12390.0,15.0,3628.0,0.0826,0.0826,0.0826,10000630,2016-12-28,2016-12-28,P,1.9080000000000001,2016-05-10
6307,2016-05-16 10:38:00,2016-05-16,0.083,21480.0,26.0,3654.0,0.0826,0.083,0.0826,10000630,2016-12-28,2016-12-28,P,1.9080000000000001,2016-05-10
6308,2016-05-16 10:39:00,2016-05-16,0.0831,3324.0,4.0,3658.0,0.0831,0.0831,0.0831,10000630,2016-12-28,2016-12-28,P,1.9080000000000001,2016-05-10
6309,2016-05-16 10:40:00,2016-05-16,0.0843,50871.0,61.0,3709.0,0.0832,0.0843,0.0832,10000630,2016-12-28,2016-12-28,P,1.9080000000000001,2016-05-10
6310,2016-05-16 10:41:00,2016-05-16,0.0846,51360.0,61.0,3760.0,0.0843,0.084,0.084,10000630,2016-12-28,2016-12-28,P,1.9080000000000001,2016-05-10
6311,2016-05-16 10:42:00,2016-05-16,0.084,58800.0,70.0,3830.0,0.084,0.084,0.084,10000630,2016-12-28,2016-12-28,P,1.9080000000000001,2016-05-10
6312,2016-05-16 10:43:00,2016-05-16,0.0848,40656.0,48.0,3848.0,0.084,0.0848,0.084,10000630,2016-12-28,2016-12-28,P,1.9080000000000001,2016-05-10
6313,2016-05-16 10:44:00,2016-05-16,0.0849,12729.0,15.0,3853.0,0.0847,0.0848,0.0847,10000630,2016-12-28,2016-12-28,P,1.9080000000000001,2016-05-10
6314,2016-05-16 10:45:00,2016-05-16,0.0849,25450.0,30.0,3864.0,0.0847,0.0849,0.0847,10000630,2016-12-28,2016-12-28,P,1.9080000000000001,2016-05-10
6315,2016-05-16 10:46:00,2016-05-16,0.0849,8490.0,10.0,3864.0,0.0849,0.0849,0.0849,10000630,2016-12-28,2016-12-28,P,1.9080000000000001,2016-05-10
6316,2016-05-16 10:47:00,2016-05-16,0.085,3399.0,4.0,3867.0,0.0849,0.085,0.0849,10000630,2016-12-28,2016-12-28,P,1.9080000000000001,2016-05-10
6317,2016-05-16 10:48:00,2016-05-16,0.0859,29958.0,35.0,3893.0,0.085,0.0859,0.085,10000630,2016-12-28,2016-12-28,P,1.9080000000000001,2016-05-10
6318,2016-05-16 10:49:00,2016-05-16,0.0859,858.0,1.0,3894.0,0.0859,0.0858,0.0858,10000630,2016-12-28,2016-12-28,P,1.9080000000000001,2016-05-10
6319,2016-05-16 10:50:00,2016-05-16,0.086,22332.0,26.0,3913.0,0.0858,0.086,0.0858,10000630,2016-12-28,2016-12-28,P,1.9080000000000001,2016-05-10
6320,2016-05-16 10:51:00,2016-05-16,0.086,27378.0,32.0,3932.0,0.086,0.085,0.085,10000630,2016-12-28,2016-12-28,P,1.9080000000000001,2016-05-10
6321,2016-05-16 10:52:00,2016-05-16,0.0855,6815.0,8.0,3940.0,0.085,0.0855,0.085,10000630,2016-12-28,2016-12-28,P,1.9080000000000001,2016-05-10
6322,2016-05-16 10:53:00,2016-05-16,0.0855,38394.0,45.0,3985.0,0.0855,0.085,0.0849,10000630,2016-12-28,2016-12-28,P,1.9080000000000001,2016-05-10
6323,2016-05-16 10:54:00,2016-05-16,0.085,26070.0,31.0,4016.0,0.085,0.084,0.084,10000630,2016-12-28,2016-12-28,P,1.9080000000000001,2016-05-10
6324,2016-05-16 10:55:00,2016-05-16,0.084,63789.0,76.0,4091.0,0.084,0.0839,0.0839,10000630,2016-12-28,2016-12-28,P,1.9080000000000001,2016-05-10
6325,2016-05-16 10:56:00,2016-05-16,0.084,16800.0,20.0,4111.0,0.084,0.084,0.084,10000630,2016-12-28,2016-12-28,P,1.9080000000000001,2016-05-10
6326,2016-05-16 10:57:00,2016-05-16,0.084,0.0,0.0,4111.0,0.084,0.084,0.084,10000630,2016-12-28,2016-12-28,P,1.9080000000000001,2016-05-10
6327,2016-05-16 10:58:00,2016-05-16,0.084,1680.0,2.0,4113.0,0.084,0.084,0.084,10000630,2016-12-28,2016-12-28,P,1.9080000000000001,2016-05-10
6328,2016-05-16 10:59:00,2016-05-16,0.084,12540.0,15.0,4121.0,0.084,0.0839,0.0833,10000630,2016-12-28,2016-12-28,P,1.9080000000000001,2016-05-10
6329,2016-05-16 11:00:00,2016-05-16,0.0839,30748.0,37.0,4158.0,0.0839,0.0835,0.083,10000630,2016-12-28,2016-12-28,P,1.9080000000000001,2016-05-10
6330,2016-05-16 11:01:00,2016-05-16,0.0835,4150.0,5.0,4163.0,0.0835,0.083,0.083,10000630,2016-12-28,2016-12-28,P,1.9080000000000001,2016-05-10
6331,2016-05-16 11:02:00,2016-05-16,0.0833,9154.0,11.0,4170.0,0.083,0.0832,0.083,10000630,2016-12-28,2016-12-28,P,1.9080000000000001,2016-05-10
6332,2016-05-16 11:03:00,2016-05-16,0.0832,4160.0,5.0,4170.0,0.0832,0.0832,0.0832,10000630,2016-12-28,2016-12-28,P,1.9080000000000001,2016-05-10
6333,2016-05-16 11:04:00,2016-05-16,0.0832,0.0,0.0,4170.0,0.0832,0.0832,0.0832,10000630,2016-12-28,2016-12-28,P,1.9080000000000001,2016-05-10
6334,2016-05-16 11:05:00,2016-05-16,0.0833,1666.0,2.0,4170.0,0.0832,0.0833,0.0832,10000630,2016-12-28,2016-12-28,P,1.9080000000000001,2016-05-10
6335,2016-05-16 11:06:00,2016-05-16,0.0834,25817.0,31.0,4190.0,0.0833,0.0834,0.0827,10000630,2016-12-28,2016-12-28,P,1.9080000000000001,2016-05-10
6336,2016-05-16 11:07:00,2016-05-16,0.0834,7506.0,9.0,4195.0,0.0834,0.0834,0.0834,10000630,2016-12-28,2016-12-28,P,1.9080000000000001,2016-05-10
6337,2016-05-16 11:08:00,2016-05-16,0.0834,9174.0,11.0,4205.0,0.0834,0.0834,0.0834,10000630,2016-12-28,2016-12-28,P,1.9080000000000001,2016-05-10
6338,2016-05-16 11:09:00,2016-05-16,0.0835,10018.0,12.0,4217.0,0.0834,0.0835,0.0834,10000630,2016-12-28,2016-12-28,P,1.9080000000000001,2016-05-10
6339,2016-05-16 11:10:00,2016-05-16,0.0835,3340.0,4.0,4221.0,0.0835,0.0835,0.0835,10000630,2016-12-28,2016-12-28,P,1.9080000000000001,2016-05-10
6340,2016-05-16 11:11:00,2016-05-16,0.0835,835.0,1.0,4222.0,0.0835,0.0835,0.0835,10000630,2016-12-28,2016-12-28,P,1.9080000000000001,2016-05-10
6341,2016-05-16 11:12:00,2016-05-16,0.0839,5034.0,6.0,4222.0,0.0839,0.0839,0.0839,10000630,2016-12-28,2016-12-28,P,1.9080000000000001,2016-05-10
6342,2016-05-16 11:13:00,2016-05-16,0.0839,16780.0,20.0,4242.0,0.0839,0.0839,0.0839,10000630,2016-12-28,2016-12-28,P,1.9080000000000001,2016-05-10
6343,2016-05-16 11:14:00,2016-05-16,0.084,17639.0,21.0,4263.0,0.0839,0.084,0.0839,10000630,2016-12-28,2016-12-28,P,1.9080000000000001,2016-05-10
6344,2016-05-16 11:15:00,2016-05-16,0.0845,16850.0,20.0,4266.0,0.084,0.0845,0.084,10000630,2016-12-28,2016-12-28,P,1.9080000000000001,2016-05-10
6345,2016-05-16 11:16:00,2016-05-16,0.0845,16800.0,20.0,4286.0,0.0845,0.084,0.084,10000630,2016-12-28,2016-12-28,P,1.9080000000000001,2016-05-10
6346,2016-05-16 11:17:00,2016-05-16,0.084,6720.0,8.0,4294.0,0.084,0.084,0.084,10000630,2016-12-28,2016-12-28,P,1.9080000000000001,2016-05-10
6347,2016-05-16 11:18:00,2016-05-16,0.084,18480.0,22.0,4308.0,0.084,0.084,0.084,10000630,2016-12-28,2016-12-28,P,1.9080000000000001,2016-05-10
6348,2016-05-16 11:19:00,2016-05-16,0.0845,34490.0,41.0,4349.0,0.084,0.084,0.084,10000630,2016-12-28,2016-12-28,P,1.9080000000000001,2016-05-10
6349,2016-05-16 11:20:00,2016-05-16,0.084,2520.0,3.0,4352.0,0.084,0.084,0.084,10000630,2016-12-28,2016-12-28,P,1.9080000000000001,2016-05-10
6350,2016-05-16 11:21:00,2016-05-16,0.0845,21890.0,26.0,4368.0,0.084,0.0845,0.084,10000630,2016-12-28,2016-12-28,P,1.9080000000000001,2016-05-10
6351,2016-05-16 11:22:00,2016-05-16,0.0846,16860.0,20.0,4388.0,0.0846,0.084,0.084,10000630,2016-12-28,2016-12-28,P,1.9080000000000001,2016-05-10
6352,2016-05-16 11:23:00,2016-05-16,0.084,19299.0,23.0,4411.0,0.0836,0.084,0.0836,10000630,2016-12-28,2016-12-28,P,1.9080000000000001,2016-05-10
6353,2016-05-16 11:24:00,2016-05-16,0.0847,847.0,1.0,4412.0,0.084,0.0847,0.084,10000630,2016-12-28,2016-12-28,P,1.9080000000000001,2016-05-10
6354,2016-05-16 11:25:00,2016-05-16,0.0835,8355.0,10.0,4422.0,0.0835,0.0835,0.0835,10000630,2016-12-28,2016-12-28,P,1.9080000000000001,2016-05-10
6355,2016-05-16 11:26:00,2016-05-16,0.0849,26035.0,31.0,4443.0,0.0835,0.0849,0.0835,10000630,2016-12-28,2016-12-28,P,1.9080000000000001,2016-05-10
6356,2016-05-16 11:27:00,2016-05-16,0.0852,26370.0,31.0,4474.0,0.0849,0.0852,0.0849,10000630,2016-12-28,2016-12-28,P,1.9080000000000001,2016-05-10
6357,2016-05-16 11:28:00,2016-05-16,0.0854,9394.0,11.0,4483.0,0.0852,0.0854,0.0852,10000630,2016-12-28,2016-12-28,P,1.9080000000000001,2016-05-10
6358,2016-05-16 11:29:00,2016-05-16,0.0854,0.0,0.0,4483.0,0.0854,0.0854,0.0854,10000630,2016-12-28,2016-12-28,P,1.9080000000000001,2016-05-10
6359,2016-05-16 11:30:00,2016-05-16,0.0855,22144.0,26.0,4509.0,0.0851,0.0855,0.0851,10000630,2016-12-28,2016-12-28,P,1.9080000000000001,2016-05-10
6360,2016-05-16 13:01:00,2016-05-16,0.0851,5956.0,7.0,4516.0,0.0851,0.085,0.085,10000630,2016-12-28,2016-12-28,P,1.9080000000000001,2016-05-10
6361,2016-05-16 13:02:00,2016-05-16,0.085,7650.0,9.0,4525.0,0.085,0.085,0.085,10000630,2016-12-28,2016-12-28,P,1.9080000000000001,2016-05-10
6362,2016-05-16 13:03:00,2016-05-16,0.085,0.0,0.0,4525.0,0.085,0.085,0.085,10000630,2016-12-28,2016-12-28,P,1.9080000000000001,2016-05-10
6363,2016-05-16 13:04:00,2016-05-16,0.0849,8490.0,10.0,4535.0,0.0849,0.0849,0.0849,10000630,2016-12-28,2016-12-28,P,1.9080000000000001,2016-05-10
6364,2016-05-16 13:05:00,2016-05-16,0.0849,0.0,0.0,4535.0,0.0849,0.0849,0.0849,10000630,2016-12-28,2016-12-28,P,1.9080000000000001,2016-05-10
6365,2016-05-16 13:06:00,2016-05-16,0.0849,0.0,0.0,4535.0,0.0849,0.0849,0.0849,10000630,2016-12-28,2016-12-28,P,1.9080000000000001,2016-05-10
6366,2016-05-16 13:07:00,2016-05-16,0.0849,0.0,0.0,4535.0,0.0849,0.0849,0.0849,10000630,2016-12-28,2016-12-28,P,1.9080000000000001,2016-05-10
6367,2016-05-16 13:08:00,2016-05-16,0.0849,0.0,0.0,4535.0,0.0849,0.0849,0.0849,10000630,2016-12-28,2016-12-28,P,1.9080000000000001,2016-05-10
6368,2016-05-16 13:09:00,2016-05-16,0.0849,0.0,0.0,4535.0,0.0849,0.0849,0.0849,10000630,2016-12-28,2016-12-28,P,1.9080000000000001,2016-05-10
6369,2016-05-16 13:10:00,2016-05-16,0.0849,0.0,0.0,4535.0,0.0849,0.0849,0.0849,10000630,2016-12-28,2016-12-28,P,1.9080000000000001,2016-05-10
6370,2016-05-16 13:11:00,2016-05-16,0.0849,0.0,0.0,4535.0,0.0849,0.0849,0.0849,10000630,2016-12-28,2016-12-28,P,1.9080000000000001,2016-05-10
6371,2016-05-16 13:12:00,2016-05-16,0.0849,0.0,0.0,4535.0,0.0849,0.0849,0.0849,10000630,2016-12-28,2016-12-28,P,1.9080000000000001,2016-05-10
6372,2016-05-16 13:13:00,2016-05-16,0.085,8500.0,10.0,4545.0,0.0849,0.085,0.0849,10000630,2016-12-28,2016-12-28,P,1.9080000000000001,2016-05-10
6373,2016-05-16 13:14:00,2016-05-16,0.0855,25590.0,30.0,4575.0,0.085,0.0855,0.085,10000630,2016-12-28,2016-12-28,P,1.9080000000000001,2016-05-10
6374,2016-05-16 13:15:00,2016-05-16,0.0855,9375.0,11.0,4583.0,0.0845,0.0855,0.0845,10000630,2016-12-28,2016-12-28,P,1.9080000000000001,2016-05-10
6375,2016-05-16 13:16:00,2016-05-16,0.0858,22286.0,26.0,4607.0,0.0856,0.0856,0.0856,10000630,2016-12-28,2016-12-28,P,1.9080000000000001,2016-05-10
6376,2016-05-16 13:17:00,2016-05-16,0.0859,14603.0,17.0,4619.0,0.0859,0.0859,0.0859,10000630,2016-12-28,2016-12-28,P,1.9080000000000001,2016-05-10
6377,2016-05-16 13:18:00,2016-05-16,0.0859,7711.0,9.0,4628.0,0.0859,0.0855,0.0855,10000630,2016-12-28,2016-12-28,P,1.9080000000000001,2016-05-10
6378,2016-05-16 13:19:00,2016-05-16,0.0855,5985.0,7.0,4635.0,0.0855,0.0855,0.0855,10000630,2016-12-28,2016-12-28,P,1.9080000000000001,2016-05-10
6379,2016-05-16 13:20:00,2016-05-16,0.0855,0.0,0.0,4635.0,0.0855,0.0855,0.0855,10000630,2016-12-28,2016-12-28,P,1.9080000000000001,2016-05-10
6380,2016-05-16 13:21:00,2016-05-16,0.086,8600.0,10.0,4645.0,0.086,0.086,0.086,10000630,2016-12-28,2016-12-28,P,1.9080000000000001,2016-05-10
6381,2016-05-16 13:22:00,2016-05-16,0.0863,1726.0,2.0,4646.0,0.086,0.0863,0.086,10000630,2016-12-28,2016-12-28,P,1.9080000000000001,2016-05-10
6382,2016-05-16 13:23:00,2016-05-16,0.0865,22468.0,26.0,4664.0,0.0863,0.0865,0.0863,10000630,2016-12-28,2016-12-28,P,1.9080000000000001,2016-05-10
6383,2016-05-16 13:24:00,2016-05-16,0.0874,8740.0,10.0,4664.0,0.0865,0.0874,0.0865,10000630,2016-12-28,2016-12-28,P,1.9080000000000001,2016-05-10
6384,2016-05-16 13:25:00,2016-05-16,0.0874,0.0,0.0,4664.0,0.0874,0.0874,0.0874,10000630,2016-12-28,2016-12-28,P,1.9080000000000001,2016-05-10
6385,2016-05-16 13:26:00,2016-05-16,0.0874,34720.0,40.0,4696.0,0.0874,0.0873,0.0863,10000630,2016-12-28,2016-12-28,P,1.9080000000000001,2016-05-10
6386,2016-05-16 13:27:00,2016-05-16,0.0873,8600.0,10.0,4706.0,0.0873,0.086,0.086,10000630,2016-12-28,2016-12-28,P,1.9080000000000001,2016-05-10
6387,2016-05-16 13:28:00,2016-05-16,0.0873,26190.0,30.0,4736.0,0.0873,0.0873,0.0873,10000630,2016-12-28,2016-12-28,P,1.9080000000000001,2016-05-10
6388,2016-05-16 13:29:00,2016-05-16,0.0873,53023.0,61.0,4797.0,0.0873,0.0869,0.0861,10000630,2016-12-28,2016-12-28,P,1.9080000000000001,2016-05-10
6389,2016-05-16 13:30:00,2016-05-16,0.087,16529.0,19.0,4816.0,0.0869,0.087,0.0869,10000630,2016-12-28,2016-12-28,P,1.9080000000000001,2016-05-10
6390,2016-05-16 13:31:00,2016-05-16,0.087,9570.0,11.0,4827.0,0.087,0.087,0.087,10000630,2016-12-28,2016-12-28,P,1.9080000000000001,2016-05-10
6391,2016-05-16 13:32:00,2016-05-16,0.087,20808.0,24.0,4851.0,0.087,0.0867,0.0867,10000630,2016-12-28,2016-12-28,P,1.9080000000000001,2016-05-10
6392,2016-05-16 13:33:00,2016-05-16,0.0869,2605.0,3.0,4854.0,0.0867,0.0869,0.0867,10000630,2016-12-28,2016-12-28,P,1.9080000000000001,2016-05-10
6393,2016-05-16 13:34:00,2016-05-16,0.0869,17360.0,20.0,4874.0,0.0869,0.0867,0.0867,10000630,2016-12-28,2016-12-28,P,1.9080000000000001,2016-05-10
6394,2016-05-16 13:35:00,2016-05-16,0.087,55601.0,64.0,4938.0,0.0867,0.087,0.0867,10000630,2016-12-28,2016-12-28,P,1.9080000000000001,2016-05-10
6395,2016-05-16 13:36:00,2016-05-16,0.087,0.0,0.0,4938.0,0.087,0.087,0.087,10000630,2016-12-28,2016-12-28,P,1.9080000000000001,2016-05-10
6396,2016-05-16 13:37:00,2016-05-16,0.087,0.0,0.0,4938.0,0.087,0.087,0.087,10000630,2016-12-28,2016-12-28,P,1.9080000000000001,2016-05-10
6397,2016-05-16 13:38:00,2016-05-16,0.087,0.0,0.0,4938.0,0.087,0.087,0.087,10000630,2016-12-28,2016-12-28,P,1.9080000000000001,2016-05-10
6398,2016-05-16 13:39:00,2016-05-16,0.087,11287.0,13.0,4951.0,0.087,0.0869,0.0868,10000630,2016-12-28,2016-12-28,P,1.9080000000000001,2016-05-10
6399,2016-05-16 13:40:00,2016-05-16,0.086,9459.0,11.0,4962.0,0.0859,0.086,0.0859,10000630,2016-12-28,2016-12-28,P,1.9080000000000001,2016-05-10
6400,2016-05-16 13:41:00,2016-05-16,0.086,0.0,0.0,4962.0,0.086,0.086,0.086,10000630,2016-12-28,2016-12-28,P,1.9080000000000001,2016-05-10
6401,2016-05-16 13:42:00,2016-05-16,0.086,3440.0,4.0,4966.0,0.086,0.086,0.086,10000630,2016-12-28,2016-12-28,P,1.9080000000000001,2016-05-10
6402,2016-05-16 13:43:00,2016-05-16,0.086,24911.0,29.0,4995.0,0.086,0.0859,0.0859,10000630,2016-12-28,2016-12-28,P,1.9080000000000001,2016-05-10
6403,2016-05-16 13:44:00,2016-05-16,0.0859,0.0,0.0,4995.0,0.0859,0.0859,0.0859,10000630,2016-12-28,2016-12-28,P,1.9080000000000001,2016-05-10
6404,2016-05-16 13:45:00,2016-05-16,0.0859,8510.0,10.0,5005.0,0.0859,0.0851,0.0851,10000630,2016-12-28,2016-12-28,P,1.9080000000000001,2016-05-10
6405,2016-05-16 13:46:00,2016-05-16,0.0851,0.0,0.0,5005.0,0.0851,0.0851,0.0851,10000630,2016-12-28,2016-12-28,P,1.9080000000000001,2016-05-10
6406,2016-05-16 13:47:00,2016-05-16,0.0851,0.0,0.0,5005.0,0.0851,0.0851,0.0851,10000630,2016-12-28,2016-12-28,P,1.9080000000000001,2016-05-10
6407,2016-05-16 13:48:00,2016-05-16,0.0851,25530.0,30.0,5035.0,0.0851,0.0851,0.0851,10000630,2016-12-28,2016-12-28,P,1.9080000000000001,2016-05-10
6408,2016-05-16 13:49:00,2016-05-16,0.0851,0.0,0.0,5035.0,0.0851,0.0851,0.0851,10000630,2016-12-28,2016-12-28,P,1.9080000000000001,2016-05-10
6409,2016-05-16 13:50:00,2016-05-16,0.0855,8550.0,10.0,5035.0,0.0851,0.0855,0.0851,10000630,2016-12-28,2016-12-28,P,1.9080000000000001,2016-05-10
6410,2016-05-16 13:51:00,2016-05-16,0.0857,1708.0,2.0,5037.0,0.0855,0.0857,0.0851,10000630,2016-12-28,2016-12-28,P,1.9080000000000001,2016-05-10
6411,2016-05-16 13:52:00,2016-05-16,0.0854,3416.0,4.0,5037.0,0.0854,0.0854,0.0854,10000630,2016-12-28,2016-12-28,P,1.9080000000000001,2016-05-10
6412,2016-05-16 13:53:00,2016-05-16,0.0854,22124.0,26.0,5053.0,0.0854,0.085,0.085,10000630,2016-12-28,2016-12-28,P,1.9080000000000001,2016-05-10
6413,2016-05-16 13:54:00,2016-05-16,0.085,0.0,0.0,5053.0,0.085,0.085,0.085,10000630,2016-12-28,2016-12-28,P,1.9080000000000001,2016-05-10
6414,2016-05-16 13:55:00,2016-05-16,0.085,842.0,1.0,5054.0,0.085,0.0842,0.0842,10000630,2016-12-28,2016-12-28,P,1.9080000000000001,2016-05-10
6415,2016-05-16 13:56:00,2016-05-16,0.0842,47894.0,57.0,5104.0,0.0842,0.084,0.084,10000630,2016-12-28,2016-12-28,P,1.9080000000000001,2016-05-10
6416,2016-05-16 13:57:00,2016-05-16,0.084,16630.0,20.0,5114.0,0.084,0.0831,0.0831,10000630,2016-12-28,2016-12-28,P,1.9080000000000001,2016-05-10
6417,2016-05-16 13:58:00,2016-05-16,0.0831,16620.0,20.0,5134.0,0.0831,0.0831,0.0831,10000630,2016-12-28,2016-12-28,P,1.9080000000000001,2016-05-10
6418,2016-05-16 13:59:00,2016-05-16,0.0835,17535.0,21.0,5155.0,0.0831,0.0835,0.0831,10000630,2016-12-28,2016-12-28,P,1.9080000000000001,2016-05-10
6419,2016-05-16 14:00:00,2016-05-16,0.0835,8340.0,10.0,5165.0,0.0835,0.0834,0.0834,10000630,2016-12-28,2016-12-28,P,1.9080000000000001,2016-05-10
6420,2016-05-16 14:01:00,2016-05-16,0.0834,24940.0,30.0,5195.0,0.0834,0.0832,0.0831,10000630,2016-12-28,2016-12-28,P,1.9080000000000001,2016-05-10
6421,2016-05-16 14:02:00,2016-05-16,0.0832,9142.0,11.0,5206.0,0.0832,0.0832,0.0831,10000630,2016-12-28,2016-12-28,P,1.9080000000000001,2016-05-10
6422,2016-05-16 14:03:00,2016-05-16,0.0835,17534.0,21.0,5206.0,0.0832,0.0835,0.0832,10000630,2016-12-28,2016-12-28,P,1.9080000000000001,2016-05-10
6423,2016-05-16 14:04:00,2016-05-16,0.0835,8350.0,10.0,5216.0,0.0835,0.0835,0.0835,10000630,2016-12-28,2016-12-28,P,1.9080000000000001,2016-05-10
6424,2016-05-16 14:05:00,2016-05-16,0.0837,27567.0,33.0,5249.0,0.0836,0.0834,0.0834,10000630,2016-12-28,2016-12-28,P,1.9080000000000001,2016-05-10
6425,2016-05-16 14:06:00,2016-05-16,0.0835,15855.0,19.0,5249.0,0.0834,0.0835,0.0834,10000630,2016-12-28,2016-12-28,P,1.9080000000000001,2016-05-10
6426,2016-05-16 14:07:00,2016-05-16,0.0835,835.0,1.0,5250.0,0.0835,0.0835,0.0835,10000630,2016-12-28,2016-12-28,P,1.9080000000000001,2016-05-10
6427,2016-05-16 14:08:00,2016-05-16,0.0835,7515.0,9.0,5258.0,0.0835,0.0835,0.0835,10000630,2016-12-28,2016-12-28,P,1.9080000000000001,2016-05-10
6428,2016-05-16 14:09:00,2016-05-16,0.0835,1670.0,2.0,5258.0,0.0835,0.0835,0.0835,10000630,2016-12-28,2016-12-28,P,1.9080000000000001,2016-05-10
6429,2016-05-16 14:10:00,2016-05-16,0.0835,16690.0,20.0,5269.0,0.0835,0.0834,0.0834,10000630,2016-12-28,2016-12-28,P,1.9080000000000001,2016-05-10
6430,2016-05-16 14:11:00,2016-05-16,0.0834,0.0,0.0,5269.0,0.0834,0.0834,0.0834,10000630,2016-12-28,2016-12-28,P,1.9080000000000001,2016-05-10
6431,2016-05-16 14:12:00,2016-05-16,0.0834,0.0,0.0,5269.0,0.0834,0.0834,0.0834,10000630,2016-12-28,2016-12-28,P,1.9080000000000001,2016-05-10
6432,2016-05-16 14:13:00,2016-05-16,0.0834,0.0,0.0,5269.0,0.0834,0.0834,0.0834,10000630,2016-12-28,2016-12-28,P,1.9080000000000001,2016-05-10
6433,2016-05-16 14:14:00,2016-05-16,0.0834,8290.0,10.0,5269.0,0.0834,0.0829,0.0829,10000630,2016-12-28,2016-12-28,P,1.9080000000000001,2016-05-10
6434,2016-05-16 14:15:00,2016-05-16,0.0838,12526.0,15.0,5284.0,0.0829,0.0838,0.0829,10000630,2016-12-28,2016-12-28,P,1.9080000000000001,2016-05-10
6435,2016-05-16 14:16:00,2016-05-16,0.0845,16879.0,20.0,5304.0,0.0838,0.0845,0.0838,10000630,2016-12-28,2016-12-28,P,1.9080000000000001,2016-05-10
6436,2016-05-16 14:17:00,2016-05-16,0.0845,0.0,0.0,5304.0,0.0845,0.0845,0.0845,10000630,2016-12-28,2016-12-28,P,1.9080000000000001,2016-05-10
6437,2016-05-16 14:18:00,2016-05-16,0.0845,0.0,0.0,5304.0,0.0845,0.0845,0.0845,10000630,2016-12-28,2016-12-28,P,1.9080000000000001,2016-05-10
6438,2016-05-16 14:19:00,2016-05-16,0.0849,9339.0,11.0,5314.0,0.0845,0.0849,0.0845,10000630,2016-12-28,2016-12-28,P,1.9080000000000001,2016-05-10
6439,2016-05-16 14:20:00,2016-05-16,0.0849,25470.0,30.0,5344.0,0.0849,0.0849,0.0849,10000630,2016-12-28,2016-12-28,P,1.9080000000000001,2016-05-10
6440,2016-05-16 14:21:00,2016-05-16,0.0849,1690.0,2.0,5346.0,0.0849,0.0845,0.0845,10000630,2016-12-28,2016-12-28,P,1.9080000000000001,2016-05-10
6441,2016-05-16 14:22:00,2016-05-16,0.085,50860.0,60.0,5406.0,0.0845,0.085,0.0843,10000630,2016-12-28,2016-12-28,P,1.9080000000000001,2016-05-10
6442,2016-05-16 14:23:00,2016-05-16,0.0852,4260.0,5.0,5411.0,0.085,0.0852,0.085,10000630,2016-12-28,2016-12-28,P,1.9080000000000001,2016-05-10
6443,2016-05-16 14:24:00,2016-05-16,0.0857,19701.0,23.0,5434.0,0.0852,0.0857,0.0852,10000630,2016-12-28,2016-12-28,P,1.9080000000000001,2016-05-10
6444,2016-05-16 14:25:00,2016-05-16,0.0857,10284.0,12.0,5446.0,0.0857,0.0857,0.0857,10000630,2016-12-28,2016-12-28,P,1.9080000000000001,2016-05-10
6445,2016-05-16 14:26:00,2016-05-16,0.0857,15426.0,18.0,5464.0,0.0857,0.0857,0.0857,10000630,2016-12-28,2016-12-28,P,1.9080000000000001,2016-05-10
6446,2016-05-16 14:27:00,2016-05-16,0.0859,36866.0,43.0,5507.0,0.0857,0.0859,0.0857,10000630,2016-12-28,2016-12-28,P,1.9080000000000001,2016-05-10
6447,2016-05-16 14:28:00,2016-05-16,0.0857,17140.0,20.0,5527.0,0.0857,0.0857,0.0857,10000630,2016-12-28,2016-12-28,P,1.9080000000000001,2016-05-10
6448,2016-05-16 14:29:00,2016-05-16,0.0858,5143.0,6.0,5533.0,0.0857,0.0857,0.0857,10000630,2016-12-28,2016-12-28,P,1.9080000000000001,2016-05-10
6449,2016-05-16 14:30:00,2016-05-16,0.0857,9427.0,11.0,5544.0,0.0857,0.0857,0.0857,10000630,2016-12-28,2016-12-28,P,1.9080000000000001,2016-05-10
6450,2016-05-16 14:31:00,2016-05-16,0.0857,46028.0,54.0,5598.0,0.0857,0.0857,0.0849,10000630,2016-12-28,2016-12-28,P,1.9080000000000001,2016-05-10
6451,2016-05-16 14:32:00,2016-05-16,0.0858,26568.0,31.0,5629.0,0.0857,0.0857,0.0857,10000630,2016-12-28,2016-12-28,P,1.9080000000000001,2016-05-10
6452,2016-05-16 14:33:00,2016-05-16,0.0857,8460.0,10.0,5638.0,0.0857,0.0846,0.0846,10000630,2016-12-28,2016-12-28,P,1.9080000000000001,2016-05-10
6453,2016-05-16 14:34:00,2016-05-16,0.0856,8560.0,10.0,5648.0,0.0846,0.0856,0.0846,10000630,2016-12-28,2016-12-28,P,1.9080000000000001,2016-05-10
6454,2016-05-16 14:35:00,2016-05-16,0.0856,0.0,0.0,5648.0,0.0856,0.0856,0.0856,10000630,2016-12-28,2016-12-28,P,1.9080000000000001,2016-05-10
6455,2016-05-16 14:36:00,2016-05-16,0.0856,8410.0,10.0,5658.0,0.0856,0.0841,0.0841,10000630,2016-12-28,2016-12-28,P,1.9080000000000001,2016-05-10
6456,2016-05-16 14:37:00,2016-05-16,0.085,42680.0,51.0,5709.0,0.0841,0.085,0.0835,10000630,2016-12-28,2016-12-28,P,1.9080000000000001,2016-05-10
6457,2016-05-16 14:38:00,2016-05-16,0.085,17840.0,21.0,5730.0,0.085,0.085,0.0849,10000630,2016-12-28,2016-12-28,P,1.9080000000000001,2016-05-10
6458,2016-05-16 14:39:00,2016-05-16,0.085,0.0,0.0,5730.0,0.085,0.085,0.085,10000630,2016-12-28,2016-12-28,P,1.9080000000000001,2016-05-10
6459,2016-05-16 14:40:00,2016-05-16,0.0857,26526.0,31.0,5760.0,0.085,0.0856,0.085,10000630,2016-12-28,2016-12-28,P,1.9080000000000001,2016-05-10
6460,2016-05-16 14:41:00,2016-05-16,0.0858,5148.0,6.0,5765.0,0.0856,0.0858,0.0856,10000630,2016-12-28,2016-12-28,P,1.9080000000000001,2016-05-10
6461,2016-05-16 14:42:00,2016-05-16,0.0859,8590.0,10.0,5775.0,0.0858,0.0859,0.0858,10000630,2016-12-28,2016-12-28,P,1.9080000000000001,2016-05-10
6462,2016-05-16 14:43:00,2016-05-16,0.0867,12138.0,14.0,5786.0,0.0859,0.0867,0.0859,10000630,2016-12-28,2016-12-28,P,1.9080000000000001,2016-05-10
6463,2016-05-16 14:44:00,2016-05-16,0.0867,0.0,0.0,5786.0,0.0867,0.0867,0.0867,10000630,2016-12-28,2016-12-28,P,1.9080000000000001,2016-05-10
6464,2016-05-16 14:45:00,2016-05-16,0.0867,0.0,0.0,5786.0,0.0867,0.0867,0.0867,10000630,2016-12-28,2016-12-28,P,1.9080000000000001,2016-05-10
6465,2016-05-16 14:46:00,2016-05-16,0.087,24313.0,28.0,5812.0,0.0867,0.087,0.0866,10000630,2016-12-28,2016-12-28,P,1.9080000000000001,2016-05-10
6466,2016-05-16 14:47:00,2016-05-16,0.087,51480.0,60.0,5861.0,0.087,0.0866,0.0854,10000630,2016-12-28,2016-12-28,P,1.9080000000000001,2016-05-10
6467,2016-05-16 14:48:00,2016-05-16,0.087,17348.0,20.0,5877.0,0.0866,0.0866,0.0866,10000630,2016-12-28,2016-12-28,P,1.9080000000000001,2016-05-10
6468,2016-05-16 14:49:00,2016-05-16,0.0866,0.0,0.0,5877.0,0.0866,0.0866,0.0866,10000630,2016-12-28,2016-12-28,P,1.9080000000000001,2016-05-10
6469,2016-05-16 14:50:00,2016-05-16,0.0871,19105.0,22.0,5899.0,0.0866,0.0871,0.0854,10000630,2016-12-28,2016-12-28,P,1.9080000000000001,2016-05-10
6470,2016-05-16 14:51:00,2016-05-16,0.0874,28798.0,33.0,5911.0,0.0871,0.0866,0.0866,10000630,2016-12-28,2016-12-28,P,1.9080000000000001,2016-05-10
6471,2016-05-16 14:52:00,2016-05-16,0.0874,22579.0,26.0,5916.0,0.0874,0.0872,0.0856,10000630,2016-12-28,2016-12-28,P,1.9080000000000001,2016-05-10
6472,2016-05-16 14:53:00,2016-05-16,0.0875,56157.0,65.0,5965.0,0.0875,0.0873,0.0856,10000630,2016-12-28,2016-12-28,P,1.9080000000000001,2016-05-10
6473,2016-05-16 14:54:00,2016-05-16,0.0874,25312.0,29.0,5989.0,0.0873,0.0874,0.0858,10000630,2016-12-28,2016-12-28,P,1.9080000000000001,2016-05-10
6474,2016-05-16 14:55:00,2016-05-16,0.0874,0.0,0.0,5989.0,0.0874,0.0874,0.0874,10000630,2016-12-28,2016-12-28,P,1.9080000000000001,2016-05-10
6475,2016-05-16 14:56:00,2016-05-16,0.0874,57454.0,67.0,6046.0,0.0874,0.0861,0.0853,10000630,2016-12-28,2016-12-28,P,1.9080000000000001,2016-05-10
6476,2016-05-16 14:57:00,2016-05-16,0.0862,28366.0,33.0,6079.0,0.0861,0.0858,0.0858,10000630,2016-12-28,2016-12-28,P,1.9080000000000001,2016-05-10
6477,2016-05-16 14:58:00,2016-05-16,0.0858,0.0,0.0,6079.0,0.0858,0.0858,0.0858,10000630,2016-12-28,2016-12-28,P,1.9080000000000001,2016-05-10
6478,2016-05-16 14:59:00,2016-05-16,0.0858,0.0,0.0,6079.0,0.0858,0.0858,0.0858,10000630,2016-12-28,2016-12-28,P,1.9080000000000001,2016-05-10
6479,2016-05-16 15:00:00,2016-05-16,0.0858,0.0,0.0,6079.0,0.0858,0.0858,0.0858,10000630,2016-12-28,2016-12-28,P,1.9080000000000001,2016-05-10
6480,2016-05-16 09:31:00,2016-05-16,0.0369,110962.0,320.0,19939.0,0.0344,0.0353,0.0339,10000601,2016-05-25,2016-05-25,C,2.05,2016-03-24
6481,2016-05-16 09:32:00,2016-05-16,0.0358,32269.0,92.0,19967.0,0.0353,0.0346,0.0346,10000601,2016-05-25,2016-05-25,C,2.05,2016-03-24
6482,2016-05-16 09:33:00,2016-05-16,0.0354,32200.0,92.0,19965.0,0.0346,0.0351,0.0344,10000601,2016-05-25,2016-05-25,C,2.05,2016-03-24
6483,2016-05-16 09:34:00,2016-05-16,0.0356,40463.0,115.0,19949.0,0.0351,0.035,0.035,10000601,2016-05-25,2016-05-25,C,2.05,2016-03-24
6484,2016-05-16 09:35:00,2016-05-16,0.0354,50332.0,144.0,19997.0,0.035,0.0354,0.0345,10000601,2016-05-25,2016-05-25,C,2.05,2016-03-24
6485,2016-05-16 09:36:00,2016-05-16,0.0379,98275.0,268.0,20037.0,0.0354,0.0366,0.0354,10000601,2016-05-25,2016-05-25,C,2.05,2016-03-24
6486,2016-05-16 09:37:00,2016-05-16,0.0374,33677.0,91.0,20096.0,0.0366,0.0374,0.0365,10000601,2016-05-25,2016-05-25,C,2.05,2016-03-24
6487,2016-05-16 09:38:00,2016-05-16,0.0374,47882.0,130.0,20128.0,0.0374,0.0364,0.0364,10000601,2016-05-25,2016-05-25,C,2.05,2016-03-24
6488,2016-05-16 09:39:00,2016-05-16,0.037000000000000005,22748.0,62.0,20142.0,0.0364,0.037000000000000005,0.0364,10000601,2016-05-25,2016-05-25,C,2.05,2016-03-24
6489,2016-05-16 09:40:00,2016-05-16,0.0373,32152.0,87.0,20139.0,0.037000000000000005,0.0365,0.0365,10000601,2016-05-25,2016-05-25,C,2.05,2016-03-24
6490,2016-05-16 09:41:00,2016-05-16,0.0366,21452.0,59.0,20148.0,0.0366,0.036000000000000004,0.036000000000000004,10000601,2016-05-25,2016-05-25,C,2.05,2016-03-24
6491,2016-05-16 09:42:00,2016-05-16,0.0364,34432.0,96.0,20221.0,0.036000000000000004,0.0352,0.0352,10000601,2016-05-25,2016-05-25,C,2.05,2016-03-24
6492,2016-05-16 09:43:00,2016-05-16,0.0364,14534.0,40.0,20214.0,0.0352,0.0363,0.0352,10000601,2016-05-25,2016-05-25,C,2.05,2016-03-24
6493,2016-05-16 09:44:00,2016-05-16,0.0363,17199.0,48.0,20221.0,0.0363,0.0356,0.0356,10000601,2016-05-25,2016-05-25,C,2.05,2016-03-24
6494,2016-05-16 09:45:00,2016-05-16,0.0359,40759.0,115.0,20267.0,0.0356,0.0349,0.0349,10000601,2016-05-25,2016-05-25,C,2.05,2016-03-24
6495,2016-05-16 09:46:00,2016-05-16,0.035,26762.0,77.0,20259.0,0.0349,0.0343,0.0343,10000601,2016-05-25,2016-05-25,C,2.05,2016-03-24
6496,2016-05-16 09:47:00,2016-05-16,0.0349,27344.0,79.0,20252.0,0.0343,0.0346,0.0343,10000601,2016-05-25,2016-05-25,C,2.05,2016-03-24
6497,2016-05-16 09:48:00,2016-05-16,0.0348,15579.0,45.0,20257.0,0.0346,0.0345,0.0345,10000601,2016-05-25,2016-05-25,C,2.05,2016-03-24
6498,2016-05-16 09:49:00,2016-05-16,0.0349,14917.0,43.0,20255.0,0.0345,0.0345,0.0345,10000601,2016-05-25,2016-05-25,C,2.05,2016-03-24
6499,2016-05-16 09:50:00,2016-05-16,0.0349,81920.0,237.0,20360.0,0.0345,0.0347,0.034,10000601,2016-05-25,2016-05-25,C,2.05,2016-03-24
6500,2016-05-16 09:51:00,2016-05-16,0.0348,35087.0,102.0,20388.0,0.0347,0.0344,0.034,10000601,2016-05-25,2016-05-25,C,2.05,2016-03-24
6501,2016-05-16 09:52:00,2016-05-16,0.0347,59098.0,173.0,20435.0,0.0344,0.0338,0.0338,10000601,2016-05-25,2016-05-25,C,2.05,2016-03-24
6502,2016-05-16 09:53:00,2016-05-16,0.0338,214484.0,670.0,20411.0,0.0338,0.0305,0.03,10000601,2016-05-25,2016-05-25,C,2.05,2016-03-24
6503,2016-05-16 09:54:00,2016-05-16,0.0308,137176.0,456.0,20543.0,0.0305,0.0301,0.0295,10000601,2016-05-25,2016-05-25,C,2.05,2016-03-24
6504,2016-05-16 09:55:00,2016-05-16,0.0303,80010.0,269.0,20659.0,0.0303,0.0302,0.0291,10000601,2016-05-25,2016-05-25,C,2.05,2016-03-24
6505,2016-05-16 09:56:00,2016-05-16,0.031,68883.0,225.0,20753.0,0.0302,0.0304,0.0302,10000601,2016-05-25,2016-05-25,C,2.05,2016-03-24
6506,2016-05-16 09:57:00,2016-05-16,0.0315,59437.0,194.0,20882.0,0.0304,0.0315,0.0301,10000601,2016-05-25,2016-05-25,C,2.05,2016-03-24
6507,2016-05-16 09:58:00,2016-05-16,0.0315,53692.0,172.0,20947.0,0.0315,0.0309,0.0309,10000601,2016-05-25,2016-05-25,C,2.05,2016-03-24
6508,2016-05-16 09:59:00,2016-05-16,0.0308,45110.0,148.0,20966.0,0.0308,0.0307,0.0302,10000601,2016-05-25,2016-05-25,C,2.05,2016-03-24
6509,2016-05-16 10:00:00,2016-05-16,0.031,39372.0,128.0,21000.0,0.0307,0.0307,0.0303,10000601,2016-05-25,2016-05-25,C,2.05,2016-03-24
6510,2016-05-16 10:01:00,2016-05-16,0.0307,80447.0,271.0,21080.0,0.0307,0.0292,0.0291,10000601,2016-05-25,2016-05-25,C,2.05,2016-03-24
6511,2016-05-16 10:02:00,2016-05-16,0.0305,50831.0,169.0,21106.0,0.0292,0.0305,0.0292,10000601,2016-05-25,2016-05-25,C,2.05,2016-03-24
6512,2016-05-16 10:03:00,2016-05-16,0.0308,20211.0,66.0,21109.0,0.0305,0.0305,0.0304,10000601,2016-05-25,2016-05-25,C,2.05,2016-03-24
6513,2016-05-16 10:04:00,2016-05-16,0.0312,29616.0,96.0,21155.0,0.0305,0.031,0.0305,10000601,2016-05-25,2016-05-25,C,2.05,2016-03-24
6514,2016-05-16 10:05:00,2016-05-16,0.0314,18963.0,61.0,21190.0,0.031,0.0314,0.0308,10000601,2016-05-25,2016-05-25,C,2.05,2016-03-24
6515,2016-05-16 10:06:00,2016-05-16,0.0317,39572.0,126.0,21196.0,0.0314,0.0313,0.0311,10000601,2016-05-25,2016-05-25,C,2.05,2016-03-24
6516,2016-05-16 10:07:00,2016-05-16,0.0327,28450.0,89.0,21191.0,0.0313,0.0327,0.0313,10000601,2016-05-25,2016-05-25,C,2.05,2016-03-24
6517,2016-05-16 10:08:00,2016-05-16,0.0327,14001.0,43.0,21161.0,0.0327,0.0323,0.0323,10000601,2016-05-25,2016-05-25,C,2.05,2016-03-24
6518,2016-05-16 10:09:00,2016-05-16,0.0325,28768.0,89.0,21128.0,0.0323,0.0322,0.0322,10000601,2016-05-25,2016-05-25,C,2.05,2016-03-24
6519,2016-05-16 10:10:00,2016-05-16,0.0322,11878.0,37.0,21157.0,0.0322,0.0321,0.0321,10000601,2016-05-25,2016-05-25,C,2.05,2016-03-24
6520,2016-05-16 10:11:00,2016-05-16,0.0321,14648.0,46.0,21176.0,0.0321,0.0318,0.0318,10000601,2016-05-25,2016-05-25,C,2.05,2016-03-24
6521,2016-05-16 10:12:00,2016-05-16,0.032,7638.0,24.0,21176.0,0.0318,0.0318,0.0318,10000601,2016-05-25,2016-05-25,C,2.05,2016-03-24
6522,2016-05-16 10:13:00,2016-05-16,0.0331,44676.0,137.0,21166.0,0.0318,0.0331,0.0318,10000601,2016-05-25,2016-05-25,C,2.05,2016-03-24
6523,2016-05-16 10:14:00,2016-05-16,0.0331,8470.0,26.0,21168.0,0.0331,0.0324,0.0324,10000601,2016-05-25,2016-05-25,C,2.05,2016-03-24
6524,2016-05-16 10:15:00,2016-05-16,0.0325,19133.0,59.0,21171.0,0.0324,0.0325,0.0324,10000601,2016-05-25,2016-05-25,C,2.05,2016-03-24
6525,2016-05-16 10:16:00,2016-05-16,0.033,25526.0,78.0,21171.0,0.0325,0.0328,0.0325,10000601,2016-05-25,2016-05-25,C,2.05,2016-03-24
6526,2016-05-16 10:17:00,2016-05-16,0.0332,8600.0,26.0,21167.0,0.0328,0.0332,0.0328,10000601,2016-05-25,2016-05-25,C,2.05,2016-03-24
6527,2016-05-16 10:18:00,2016-05-16,0.0332,13870.0,42.0,21168.0,0.0332,0.0328,0.0328,10000601,2016-05-25,2016-05-25,C,2.05,2016-03-24
6528,2016-05-16 10:19:00,2016-05-16,0.0329,10140.0,31.0,21160.0,0.0328,0.0326,0.0326,10000601,2016-05-25,2016-05-25,C,2.05,2016-03-24
6529,2016-05-16 10:20:00,2016-05-16,0.0329,19365.0,59.0,21179.0,0.0326,0.0327,0.0326,10000601,2016-05-25,2016-05-25,C,2.05,2016-03-24
6530,2016-05-16 10:21:00,2016-05-16,0.0329,5900.0,18.0,21178.0,0.0327,0.0327,0.0327,10000601,2016-05-25,2016-05-25,C,2.05,2016-03-24
6531,2016-05-16 10:22:00,2016-05-16,0.0327,23811.0,73.0,21215.0,0.0327,0.0325,0.0325,10000601,2016-05-25,2016-05-25,C,2.05,2016-03-24
6532,2016-05-16 10:23:00,2016-05-16,0.0328,18132.0,56.0,21226.0,0.0324,0.0324,0.0323,10000601,2016-05-25,2016-05-25,C,2.05,2016-03-24
6533,2016-05-16 10:24:00,2016-05-16,0.0324,26185.0,82.0,21248.0,0.0324,0.0317,0.0316,10000601,2016-05-25,2016-05-25,C,2.05,2016-03-24
6534,2016-05-16 10:25:00,2016-05-16,0.0319,12395.0,39.0,21223.0,0.0317,0.0319,0.0316,10000601,2016-05-25,2016-05-25,C,2.05,2016-03-24
6535,2016-05-16 10:26:00,2016-05-16,0.0326,26035.0,81.0,21220.0,0.0319,0.0326,0.0319,10000601,2016-05-25,2016-05-25,C,2.05,2016-03-24
6536,2016-05-16 10:27:00,2016-05-16,0.0326,3250.0,10.0,21220.0,0.0326,0.0325,0.0325,10000601,2016-05-25,2016-05-25,C,2.05,2016-03-24
6537,2016-05-16 10:28:00,2016-05-16,0.0329,25205.0,77.0,21226.0,0.0325,0.0328,0.0324,10000601,2016-05-25,2016-05-25,C,2.05,2016-03-24
6538,2016-05-16 10:29:00,2016-05-16,0.0333,46036.0,139.0,21313.0,0.0331,0.0333,0.033,10000601,2016-05-25,2016-05-25,C,2.05,2016-03-24
6539,2016-05-16 10:30:00,2016-05-16,0.0335,26958.0,81.0,21330.0,0.0333,0.0333,0.033,10000601,2016-05-25,2016-05-25,C,2.05,2016-03-24
6540,2016-05-16 10:31:00,2016-05-16,0.0335,17380.0,52.0,21359.0,0.0334,0.0334,0.0333,10000601,2016-05-25,2016-05-25,C,2.05,2016-03-24
6541,2016-05-16 10:32:00,2016-05-16,0.0339,17826.0,53.0,21364.0,0.0334,0.0339,0.0333,10000601,2016-05-25,2016-05-25,C,2.05,2016-03-24
6542,2016-05-16 10:33:00,2016-05-16,0.0339,21283.0,63.0,21354.0,0.0339,0.0336,0.0336,10000601,2016-05-25,2016-05-25,C,2.05,2016-03-24
6543,2016-05-16 10:34:00,2016-05-16,0.0339,9751.0,29.0,21346.0,0.0336,0.0339,0.0335,10000601,2016-05-25,2016-05-25,C,2.05,2016-03-24
6544,2016-05-16 10:35:00,2016-05-16,0.0339,9831.0,29.0,21360.0,0.0339,0.0339,0.0339,10000601,2016-05-25,2016-05-25,C,2.05,2016-03-24
6545,2016-05-16 10:36:00,2016-05-16,0.0341,20045.0,59.0,21352.0,0.0339,0.0341,0.0337,10000601,2016-05-25,2016-05-25,C,2.05,2016-03-24
6546,2016-05-16 10:37:00,2016-05-16,0.0342,16630.0,49.0,21358.0,0.0341,0.033,0.033,10000601,2016-05-25,2016-05-25,C,2.05,2016-03-24
6547,2016-05-16 10:38:00,2016-05-16,0.0333,22151.0,67.0,21400.0,0.033,0.033,0.033,10000601,2016-05-25,2016-05-25,C,2.05,2016-03-24
6548,2016-05-16 10:39:00,2016-05-16,0.0337,15702.0,47.0,21410.0,0.033,0.0336,0.033,10000601,2016-05-25,2016-05-25,C,2.05,2016-03-24
6549,2016-05-16 10:40:00,2016-05-16,0.0336,5336.0,16.0,21413.0,0.0336,0.0332,0.0332,10000601,2016-05-25,2016-05-25,C,2.05,2016-03-24
6550,2016-05-16 10:41:00,2016-05-16,0.0332,7940.0,24.0,21423.0,0.0332,0.0328,0.0328,10000601,2016-05-25,2016-05-25,C,2.05,2016-03-24
6551,2016-05-16 10:42:00,2016-05-16,0.0332,11806.0,36.0,21447.0,0.0328,0.0332,0.0327,10000601,2016-05-25,2016-05-25,C,2.05,2016-03-24
6552,2016-05-16 10:43:00,2016-05-16,0.0332,996.0,3.0,21447.0,0.0332,0.0332,0.0332,10000601,2016-05-25,2016-05-25,C,2.05,2016-03-24
6553,2016-05-16 10:44:00,2016-05-16,0.0332,3280.0,10.0,21457.0,0.0332,0.0328,0.0328,10000601,2016-05-25,2016-05-25,C,2.05,2016-03-24
6554,2016-05-16 10:45:00,2016-05-16,0.0329,24141.0,74.0,21447.0,0.0328,0.0326,0.0326,10000601,2016-05-25,2016-05-25,C,2.05,2016-03-24
6555,2016-05-16 10:46:00,2016-05-16,0.0327,9467.0,29.0,21454.0,0.0326,0.0325,0.0325,10000601,2016-05-25,2016-05-25,C,2.05,2016-03-24
6556,2016-05-16 10:47:00,2016-05-16,0.034,24876.0,74.0,21461.0,0.0325,0.034,0.0325,10000601,2016-05-25,2016-05-25,C,2.05,2016-03-24
6557,2016-05-16 10:48:00,2016-05-16,0.0343,18733.0,55.0,21478.0,0.034,0.0339,0.0339,10000601,2016-05-25,2016-05-25,C,2.05,2016-03-24
6558,2016-05-16 10:49:00,2016-05-16,0.0346,12358.0,36.0,21490.0,0.0339,0.0346,0.0339,10000601,2016-05-25,2016-05-25,C,2.05,2016-03-24
6559,2016-05-16 10:50:00,2016-05-16,0.035,16707.0,48.0,21501.0,0.0349,0.035,0.0347,10000601,2016-05-25,2016-05-25,C,2.05,2016-03-24
6560,2016-05-16 10:51:00,2016-05-16,0.0365,50270.0,140.0,21550.0,0.035,0.0362,0.035,10000601,2016-05-25,2016-05-25,C,2.05,2016-03-24
6561,2016-05-16 10:52:00,2016-05-16,0.0368,54956.0,151.0,21520.0,0.0365,0.0363,0.0361,10000601,2016-05-25,2016-05-25,C,2.05,2016-03-24
6562,2016-05-16 10:53:00,2016-05-16,0.0363,25244.0,70.0,21563.0,0.0361,0.0361,0.0358,10000601,2016-05-25,2016-05-25,C,2.05,2016-03-24
6563,2016-05-16 10:54:00,2016-05-16,0.0363,21685.0,60.0,21586.0,0.0361,0.0362,0.036000000000000004,10000601,2016-05-25,2016-05-25,C,2.05,2016-03-24
6564,2016-05-16 10:55:00,2016-05-16,0.0368,44809.0,123.0,21606.0,0.0362,0.0366,0.0362,10000601,2016-05-25,2016-05-25,C,2.05,2016-03-24
6565,2016-05-16 10:56:00,2016-05-16,0.038,76434.0,204.0,21594.0,0.0366,0.0374,0.0366,10000601,2016-05-25,2016-05-25,C,2.05,2016-03-24
6566,2016-05-16 10:57:00,2016-05-16,0.0379,29443.0,79.0,21638.0,0.0374,0.037000000000000005,0.037000000000000005,10000601,2016-05-25,2016-05-25,C,2.05,2016-03-24
6567,2016-05-16 10:58:00,2016-05-16,0.0385,96031.0,254.0,21661.0,0.037000000000000005,0.0384,0.0368,10000601,2016-05-25,2016-05-25,C,2.05,2016-03-24
6568,2016-05-16 10:59:00,2016-05-16,0.04,97902.0,250.0,21709.0,0.0384,0.0396,0.0384,10000601,2016-05-25,2016-05-25,C,2.05,2016-03-24
6569,2016-05-16 11:00:00,2016-05-16,0.0406,66705.0,166.0,21673.0,0.0399,0.0405,0.0399,10000601,2016-05-25,2016-05-25,C,2.05,2016-03-24
6570,2016-05-16 11:01:00,2016-05-16,0.0414,101168.0,247.0,21622.0,0.0405,0.0412,0.0403,10000601,2016-05-25,2016-05-25,C,2.05,2016-03-24
6571,2016-05-16 11:02:00,2016-05-16,0.0412,92168.0,228.0,21602.0,0.0412,0.0399,0.0399,10000601,2016-05-25,2016-05-25,C,2.05,2016-03-24
6572,2016-05-16 11:03:00,2016-05-16,0.0403,56364.0,141.0,21619.0,0.0403,0.0396,0.0395,10000601,2016-05-25,2016-05-25,C,2.05,2016-03-24
6573,2016-05-16 11:04:00,2016-05-16,0.04,39832.0,100.0,21577.0,0.0396,0.0399,0.0394,10000601,2016-05-25,2016-05-25,C,2.05,2016-03-24
6574,2016-05-16 11:05:00,2016-05-16,0.04,28642.0,72.0,21592.0,0.04,0.0395,0.0395,10000601,2016-05-25,2016-05-25,C,2.05,2016-03-24
6575,2016-05-16 11:06:00,2016-05-16,0.0399,32645.0,82.0,21551.0,0.0395,0.0399,0.0395,10000601,2016-05-25,2016-05-25,C,2.05,2016-03-24
6576,2016-05-16 11:07:00,2016-05-16,0.0399,54192.0,137.0,21564.0,0.0399,0.0389,0.0389,10000601,2016-05-25,2016-05-25,C,2.05,2016-03-24
6577,2016-05-16 11:08:00,2016-05-16,0.0395,28358.0,73.0,21571.0,0.0389,0.0395,0.0386,10000601,2016-05-25,2016-05-25,C,2.05,2016-03-24
6578,2016-05-16 11:09:00,2016-05-16,0.0396,29167.0,74.0,21579.0,0.0395,0.0396,0.0392,10000601,2016-05-25,2016-05-25,C,2.05,2016-03-24
6579,2016-05-16 11:10:00,2016-05-16,0.0396,22020.0,56.0,21593.0,0.0396,0.0394,0.039,10000601,2016-05-25,2016-05-25,C,2.05,2016-03-24
6580,2016-05-16 11:11:00,2016-05-16,0.0397,25455.0,65.0,21604.0,0.0394,0.0387,0.0387,10000601,2016-05-25,2016-05-25,C,2.05,2016-03-24
6581,2016-05-16 11:12:00,2016-05-16,0.0387,33788.0,89.0,21590.0,0.0387,0.0376,0.0376,10000601,2016-05-25,2016-05-25,C,2.05,2016-03-24
6582,2016-05-16 11:13:00,2016-05-16,0.0383,24672.0,65.0,21597.0,0.0376,0.038,0.0376,10000601,2016-05-25,2016-05-25,C,2.05,2016-03-24
6583,2016-05-16 11:14:00,2016-05-16,0.0394,30168.0,78.0,21590.0,0.038,0.0391,0.038,10000601,2016-05-25,2016-05-25,C,2.05,2016-03-24
6584,2016-05-16 11:15:00,2016-05-16,0.0392,14458.0,37.0,21609.0,0.0391,0.0392,0.039,10000601,2016-05-25,2016-05-25,C,2.05,2016-03-24
6585,2016-05-16 11:16:00,2016-05-16,0.0392,8604.0,22.0,21604.0,0.0392,0.0388,0.0388,10000601,2016-05-25,2016-05-25,C,2.05,2016-03-24
6586,2016-05-16 11:17:00,2016-05-16,0.0388,9307.0,24.0,21622.0,0.0388,0.0387,0.0387,10000601,2016-05-25,2016-05-25,C,2.05,2016-03-24
6587,2016-05-16 11:18:00,2016-05-16,0.0387,10050.0,26.0,21641.0,0.0387,0.0385,0.0385,10000601,2016-05-25,2016-05-25,C,2.05,2016-03-24
6588,2016-05-16 11:19:00,2016-05-16,0.039,29788.0,77.0,21663.0,0.0385,0.0387,0.0384,10000601,2016-05-25,2016-05-25,C,2.05,2016-03-24
6589,2016-05-16 11:20:00,2016-05-16,0.0398,35715.0,91.0,21624.0,0.0387,0.0398,0.0387,10000601,2016-05-25,2016-05-25,C,2.05,2016-03-24
6590,2016-05-16 11:21:00,2016-05-16,0.04,32932.0,83.0,21614.0,0.0398,0.0395,0.0395,10000601,2016-05-25,2016-05-25,C,2.05,2016-03-24
6591,2016-05-16 11:22:00,2016-05-16,0.0398,50448.0,129.0,21612.0,0.0395,0.0385,0.0384,10000601,2016-05-25,2016-05-25,C,2.05,2016-03-24
6592,2016-05-16 11:23:00,2016-05-16,0.0393,28372.0,73.0,21628.0,0.039,0.0388,0.0385,10000601,2016-05-25,2016-05-25,C,2.05,2016-03-24
6593,2016-05-16 11:24:00,2016-05-16,0.0387,17335.0,45.0,21628.0,0.0387,0.0387,0.0384,10000601,2016-05-25,2016-05-25,C,2.05,2016-03-24
6594,2016-05-16 11:25:00,2016-05-16,0.0388,5790.0,15.0,21638.0,0.0387,0.0388,0.0385,10000601,2016-05-25,2016-05-25,C,2.05,2016-03-24
6595,2016-05-16 11:26:00,2016-05-16,0.0388,24023.0,62.0,21610.0,0.0388,0.0385,0.0385,10000601,2016-05-25,2016-05-25,C,2.05,2016-03-24
6596,2016-05-16 11:27:00,2016-05-16,0.0388,13132.0,34.0,21625.0,0.0385,0.0387,0.0385,10000601,2016-05-25,2016-05-25,C,2.05,2016-03-24
6597,2016-05-16 11:28:00,2016-05-16,0.039,22916.0,59.0,21617.0,0.0387,0.0388,0.0387,10000601,2016-05-25,2016-05-25,C,2.05,2016-03-24
6598,2016-05-16 11:29:00,2016-05-16,0.039,12052.0,31.0,21637.0,0.0388,0.0388,0.0388,10000601,2016-05-25,2016-05-25,C,2.05,2016-03-24
6599,2016-05-16 11:30:00,2016-05-16,0.0392,8570.0,22.0,21637.0,0.0388,0.0392,0.0388,10000601,2016-05-25,2016-05-25,C,2.05,2016-03-24
6600,2016-05-16 13:01:00,2016-05-16,0.0393,46501.0,119.0,21695.0,0.0392,0.0385,0.0383,10000601,2016-05-25,2016-05-25,C,2.05,2016-03-24
6601,2016-05-16 13:02:00,2016-05-16,0.0385,64632.0,174.0,21737.0,0.0385,0.0365,0.0363,10000601,2016-05-25,2016-05-25,C,2.05,2016-03-24
6602,2016-05-16 13:03:00,2016-05-16,0.0369,25279.0,69.0,21747.0,0.0363,0.0367,0.0362,10000601,2016-05-25,2016-05-25,C,2.05,2016-03-24
6603,2016-05-16 13:04:00,2016-05-16,0.0369,28300.0,77.0,21744.0,0.0368,0.0367,0.0366,10000601,2016-05-25,2016-05-25,C,2.05,2016-03-24
6604,2016-05-16 13:05:00,2016-05-16,0.0371,7790.0,21.0,21745.0,0.0367,0.0371,0.0367,10000601,2016-05-25,2016-05-25,C,2.05,2016-03-24
6605,2016-05-16 13:06:00,2016-05-16,0.0374,8951.0,24.0,21752.0,0.0371,0.0374,0.0371,10000601,2016-05-25,2016-05-25,C,2.05,2016-03-24
6606,2016-05-16 13:07:00,2016-05-16,0.0375,18288.0,49.0,21759.0,0.0374,0.0372,0.0372,10000601,2016-05-25,2016-05-25,C,2.05,2016-03-24
6607,2016-05-16 13:08:00,2016-05-16,0.0373,26704.0,72.0,21780.0,0.0372,0.0373,0.037000000000000005,10000601,2016-05-25,2016-05-25,C,2.05,2016-03-24
6608,2016-05-16 13:09:00,2016-05-16,0.0373,0.0,0.0,21780.0,0.0373,0.0373,0.0373,10000601,2016-05-25,2016-05-25,C,2.05,2016-03-24
6609,2016-05-16 13:10:00,2016-05-16,0.0375,1500.0,4.0,21781.0,0.0375,0.0375,0.0375,10000601,2016-05-25,2016-05-25,C,2.05,2016-03-24
6610,2016-05-16 13:11:00,2016-05-16,0.0375,7875.0,21.0,21771.0,0.0375,0.0375,0.0375,10000601,2016-05-25,2016-05-25,C,2.05,2016-03-24
6611,2016-05-16 13:12:00,2016-05-16,0.0377,14254.0,38.0,21782.0,0.0375,0.0374,0.0374,10000601,2016-05-25,2016-05-25,C,2.05,2016-03-24
6612,2016-05-16 13:13:00,2016-05-16,0.0377,10886.0,29.0,21795.0,0.0374,0.0374,0.0374,10000601,2016-05-25,2016-05-25,C,2.05,2016-03-24
6613,2016-05-16 13:14:00,2016-05-16,0.0374,3740.0,10.0,21805.0,0.0374,0.0374,0.0374,10000601,2016-05-25,2016-05-25,C,2.05,2016-03-24
6614,2016-05-16 13:15:00,2016-05-16,0.0375,5990.0,16.0,21819.0,0.0375,0.0374,0.0374,10000601,2016-05-25,2016-05-25,C,2.05,2016-03-24
6615,2016-05-16 13:16:00,2016-05-16,0.0374,10352.0,28.0,21841.0,0.0374,0.0371,0.0368,10000601,2016-05-25,2016-05-25,C,2.05,2016-03-24
6616,2016-05-16 13:17:00,2016-05-16,0.0374,33214.0,89.0,21803.0,0.0371,0.0373,0.0371,10000601,2016-05-25,2016-05-25,C,2.05,2016-03-24
6617,2016-05-16 13:18:00,2016-05-16,0.0375,20940.0,56.0,21808.0,0.0373,0.0372,0.0372,10000601,2016-05-25,2016-05-25,C,2.05,2016-03-24
6618,2016-05-16 13:19:00,2016-05-16,0.0372,37399.0,101.0,21835.0,0.0372,0.0369,0.0369,10000601,2016-05-25,2016-05-25,C,2.05,2016-03-24
6619,2016-05-16 13:20:00,2016-05-16,0.037000000000000005,38679.0,106.0,21886.0,0.0369,0.0366,0.0361,10000601,2016-05-25,2016-05-25,C,2.05,2016-03-24
6620,2016-05-16 13:21:00,2016-05-16,0.0366,23554.0,65.0,21905.0,0.0366,0.0361,0.036000000000000004,10000601,2016-05-25,2016-05-25,C,2.05,2016-03-24
6621,2016-05-16 13:22:00,2016-05-16,0.0364,11273.0,31.0,21907.0,0.0361,0.0364,0.0361,10000601,2016-05-25,2016-05-25,C,2.05,2016-03-24
6622,2016-05-16 13:23:00,2016-05-16,0.0366,23003.0,63.0,21900.0,0.0364,0.0362,0.0362,10000601,2016-05-25,2016-05-25,C,2.05,2016-03-24
6623,2016-05-16 13:24:00,2016-05-16,0.0365,16700.0,46.0,21910.0,0.0362,0.0362,0.0362,10000601,2016-05-25,2016-05-25,C,2.05,2016-03-24
6624,2016-05-16 13:25:00,2016-05-16,0.0362,20414.0,57.0,21926.0,0.0362,0.0355,0.0355,10000601,2016-05-25,2016-05-25,C,2.05,2016-03-24
6625,2016-05-16 13:26:00,2016-05-16,0.0357,27324.0,77.0,21939.0,0.0355,0.0354,0.0353,10000601,2016-05-25,2016-05-25,C,2.05,2016-03-24
6626,2016-05-16 13:27:00,2016-05-16,0.0356,12440.0,35.0,21909.0,0.0354,0.0356,0.0354,10000601,2016-05-25,2016-05-25,C,2.05,2016-03-24
6627,2016-05-16 13:28:00,2016-05-16,0.0366,33964.0,94.0,21860.0,0.0357,0.0366,0.0356,10000601,2016-05-25,2016-05-25,C,2.05,2016-03-24
6628,2016-05-16 13:29:00,2016-05-16,0.0366,11581.0,32.0,21853.0,0.0366,0.0361,0.0361,10000601,2016-05-25,2016-05-25,C,2.05,2016-03-24
6629,2016-05-16 13:30:00,2016-05-16,0.0363,37751.0,105.0,21909.0,0.0361,0.036000000000000004,0.0357,10000601,2016-05-25,2016-05-25,C,2.05,2016-03-24
6630,2016-05-16 13:31:00,2016-05-16,0.0368,18400.0,51.0,21913.0,0.036000000000000004,0.0368,0.0357,10000601,2016-05-25,2016-05-25,C,2.05,2016-03-24
6631,2016-05-16 13:32:00,2016-05-16,0.0368,20537.0,56.0,21932.0,0.0368,0.0366,0.0364,10000601,2016-05-25,2016-05-25,C,2.05,2016-03-24
6632,2016-05-16 13:33:00,2016-05-16,0.0368,10250.0,28.0,21936.0,0.0366,0.0368,0.0366,10000601,2016-05-25,2016-05-25,C,2.05,2016-03-24
6633,2016-05-16 13:34:00,2016-05-16,0.037000000000000005,4438.0,12.0,21948.0,0.0368,0.037000000000000005,0.0368,10000601,2016-05-25,2016-05-25,C,2.05,2016-03-24
6634,2016-05-16 13:35:00,2016-05-16,0.0372,11865.0,32.0,21970.0,0.037000000000000005,0.0372,0.037000000000000005,10000601,2016-05-25,2016-05-25,C,2.05,2016-03-24
6635,2016-05-16 13:36:00,2016-05-16,0.0372,14715.0,40.0,21988.0,0.0372,0.0366,0.0366,10000601,2016-05-25,2016-05-25,C,2.05,2016-03-24
6636,2016-05-16 13:37:00,2016-05-16,0.0365,18201.0,50.0,21981.0,0.0365,0.0363,0.0363,10000601,2016-05-25,2016-05-25,C,2.05,2016-03-24
6637,2016-05-16 13:38:00,2016-05-16,0.0366,10950.0,30.0,22011.0,0.0363,0.0365,0.0363,10000601,2016-05-25,2016-05-25,C,2.05,2016-03-24
6638,2016-05-16 13:39:00,2016-05-16,0.0366,11694.0,32.0,22032.0,0.0365,0.0365,0.0364,10000601,2016-05-25,2016-05-25,C,2.05,2016-03-24
6639,2016-05-16 13:40:00,2016-05-16,0.0365,7642.0,21.0,22033.0,0.0365,0.0364,0.0362,10000601,2016-05-25,2016-05-25,C,2.05,2016-03-24
6640,2016-05-16 13:41:00,2016-05-16,0.0368,9536.0,26.0,22019.0,0.0364,0.0366,0.0364,10000601,2016-05-25,2016-05-25,C,2.05,2016-03-24
6641,2016-05-16 13:42:00,2016-05-16,0.0372,34538.0,94.0,22024.0,0.0366,0.0371,0.0365,10000601,2016-05-25,2016-05-25,C,2.05,2016-03-24
6642,2016-05-16 13:43:00,2016-05-16,0.0379,16856.0,45.0,22031.0,0.0371,0.0379,0.037000000000000005,10000601,2016-05-25,2016-05-25,C,2.05,2016-03-24
6643,2016-05-16 13:44:00,2016-05-16,0.0379,7529.0,20.0,22031.0,0.0379,0.0377,0.0374,10000601,2016-05-25,2016-05-25,C,2.05,2016-03-24
6644,2016-05-16 13:45:00,2016-05-16,0.0377,18030.0,48.0,22056.0,0.0377,0.0375,0.0375,10000601,2016-05-25,2016-05-25,C,2.05,2016-03-24
6645,2016-05-16 13:46:00,2016-05-16,0.038,13606.0,36.0,22065.0,0.0376,0.0378,0.0376,10000601,2016-05-25,2016-05-25,C,2.05,2016-03-24
6646,2016-05-16 13:47:00,2016-05-16,0.0378,23677.0,63.0,22110.0,0.0378,0.0377,0.0373,10000601,2016-05-25,2016-05-25,C,2.05,2016-03-24
6647,2016-05-16 13:48:00,2016-05-16,0.0379,8283.0,22.0,22124.0,0.0377,0.0375,0.0375,10000601,2016-05-25,2016-05-25,C,2.05,2016-03-24
6648,2016-05-16 13:49:00,2016-05-16,0.0375,24972.0,67.0,22145.0,0.0375,0.037000000000000005,0.037000000000000005,10000601,2016-05-25,2016-05-25,C,2.05,2016-03-24
6649,2016-05-16 13:50:00,2016-05-16,0.037000000000000005,17622.0,48.0,22162.0,0.037000000000000005,0.0367,0.0365,10000601,2016-05-25,2016-05-25,C,2.05,2016-03-24
6650,2016-05-16 13:51:00,2016-05-16,0.0367,17881.0,49.0,22189.0,0.0367,0.0362,0.0362,10000601,2016-05-25,2016-05-25,C,2.05,2016-03-24
6651,2016-05-16 13:52:00,2016-05-16,0.0365,29379.0,81.0,22222.0,0.0362,0.0363,0.0361,10000601,2016-05-25,2016-05-25,C,2.05,2016-03-24
6652,2016-05-16 13:53:00,2016-05-16,0.0367,11693.0,32.0,22239.0,0.0363,0.0367,0.0363,10000601,2016-05-25,2016-05-25,C,2.05,2016-03-24
6653,2016-05-16 13:54:00,2016-05-16,0.037000000000000005,24616.0,67.0,22234.0,0.0367,0.037000000000000005,0.0365,10000601,2016-05-25,2016-05-25,C,2.05,2016-03-24
6654,2016-05-16 13:55:00,2016-05-16,0.038,45949.0,123.0,22223.0,0.0372,0.038,0.0369,10000601,2016-05-25,2016-05-25,C,2.05,2016-03-24
6655,2016-05-16 13:56:00,2016-05-16,0.0391,48797.0,126.0,22188.0,0.0383,0.0388,0.0383,10000601,2016-05-25,2016-05-25,C,2.05,2016-03-24
6656,2016-05-16 13:57:00,2016-05-16,0.0388,7740.0,20.0,22178.0,0.0388,0.0387,0.0387,10000601,2016-05-25,2016-05-25,C,2.05,2016-03-24
6657,2016-05-16 13:58:00,2016-05-16,0.0387,29196.0,77.0,22221.0,0.0387,0.0375,0.0375,10000601,2016-05-25,2016-05-25,C,2.05,2016-03-24
6658,2016-05-16 13:59:00,2016-05-16,0.0375,15603.0,42.0,22232.0,0.0375,0.0374,0.0371,10000601,2016-05-25,2016-05-25,C,2.05,2016-03-24
6659,2016-05-16 14:00:00,2016-05-16,0.0374,14185.0,38.0,22250.0,0.0374,0.0373,0.0372,10000601,2016-05-25,2016-05-25,C,2.05,2016-03-24
6660,2016-05-16 14:01:00,2016-05-16,0.0375,32810.0,88.0,22294.0,0.0373,0.0373,0.0369,10000601,2016-05-25,2016-05-25,C,2.05,2016-03-24
6661,2016-05-16 14:02:00,2016-05-16,0.0374,34110.0,92.0,22341.0,0.0373,0.0373,0.0366,10000601,2016-05-25,2016-05-25,C,2.05,2016-03-24
6662,2016-05-16 14:03:00,2016-05-16,0.0373,19732.0,54.0,22328.0,0.0373,0.0363,0.0363,10000601,2016-05-25,2016-05-25,C,2.05,2016-03-24
6663,2016-05-16 14:04:00,2016-05-16,0.0368,18330.0,50.0,22310.0,0.0363,0.0366,0.0363,10000601,2016-05-25,2016-05-25,C,2.05,2016-03-24
6664,2016-05-16 14:05:00,2016-05-16,0.0366,35516.0,98.0,22316.0,0.0366,0.0362,0.0362,10000601,2016-05-25,2016-05-25,C,2.05,2016-03-24
6665,2016-05-16 14:06:00,2016-05-16,0.0361,42124.0,117.0,22251.0,0.0361,0.0361,0.0358,10000601,2016-05-25,2016-05-25,C,2.05,2016-03-24
6666,2016-05-16 14:07:00,2016-05-16,0.0361,45492.0,127.0,22245.0,0.0358,0.036000000000000004,0.0355,10000601,2016-05-25,2016-05-25,C,2.05,2016-03-24
6667,2016-05-16 14:08:00,2016-05-16,0.0363,35349.0,98.0,22274.0,0.036000000000000004,0.036000000000000004,0.0359,10000601,2016-05-25,2016-05-25,C,2.05,2016-03-24
6668,2016-05-16 14:09:00,2016-05-16,0.036000000000000004,28145.0,79.0,22268.0,0.036000000000000004,0.0354,0.0353,10000601,2016-05-25,2016-05-25,C,2.05,2016-03-24
6669,2016-05-16 14:10:00,2016-05-16,0.0365,19452.0,54.0,22273.0,0.0354,0.0355,0.0354,10000601,2016-05-25,2016-05-25,C,2.05,2016-03-24
6670,2016-05-16 14:11:00,2016-05-16,0.0361,39883.0,112.0,22254.0,0.0355,0.0352,0.0352,10000601,2016-05-25,2016-05-25,C,2.05,2016-03-24
6671,2016-05-16 14:12:00,2016-05-16,0.0363,32962.0,92.0,22235.0,0.0352,0.0359,0.0352,10000601,2016-05-25,2016-05-25,C,2.05,2016-03-24
6672,2016-05-16 14:13:00,2016-05-16,0.0364,22016.0,61.0,22224.0,0.0364,0.036000000000000004,0.0359,10000601,2016-05-25,2016-05-25,C,2.05,2016-03-24
6673,2016-05-16 14:14:00,2016-05-16,0.0363,30802.0,86.0,22209.0,0.0358,0.0358,0.0356,10000601,2016-05-25,2016-05-25,C,2.05,2016-03-24
6674,2016-05-16 14:15:00,2016-05-16,0.0358,112737.0,321.0,22182.0,0.0358,0.0343,0.0343,10000601,2016-05-25,2016-05-25,C,2.05,2016-03-24
6675,2016-05-16 14:16:00,2016-05-16,0.0343,71452.0,216.0,22191.0,0.0343,0.0324,0.0324,10000601,2016-05-25,2016-05-25,C,2.05,2016-03-24
6676,2016-05-16 14:17:00,2016-05-16,0.034,78998.0,238.0,22196.0,0.0324,0.034,0.0323,10000601,2016-05-25,2016-05-25,C,2.05,2016-03-24
6677,2016-05-16 14:18:00,2016-05-16,0.0343,40180.0,118.0,22199.0,0.034,0.0342,0.0339,10000601,2016-05-25,2016-05-25,C,2.05,2016-03-24
6678,2016-05-16 14:19:00,2016-05-16,0.0342,20757.0,61.0,22219.0,0.0342,0.034,0.034,10000601,2016-05-25,2016-05-25,C,2.05,2016-03-24
6679,2016-05-16 14:20:00,2016-05-16,0.0346,18542.0,54.0,22241.0,0.034,0.0346,0.034,10000601,2016-05-25,2016-05-25,C,2.05,2016-03-24
6680,2016-05-16 14:21:00,2016-05-16,0.0348,18007.0,52.0,22269.0,0.0346,0.0345,0.0343,10000601,2016-05-25,2016-05-25,C,2.05,2016-03-24
6681,2016-05-16 14:22:00,2016-05-16,0.0345,25974.0,76.0,22257.0,0.0345,0.0341,0.034,10000601,2016-05-25,2016-05-25,C,2.05,2016-03-24
6682,2016-05-16 14:23:00,2016-05-16,0.0342,52024.0,153.0,22312.0,0.0341,0.0341,0.0338,10000601,2016-05-25,2016-05-25,C,2.05,2016-03-24
6683,2016-05-16 14:24:00,2016-05-16,0.0348,35820.0,104.0,22330.0,0.0341,0.0348,0.0341,10000601,2016-05-25,2016-05-25,C,2.05,2016-03-24
6684,2016-05-16 14:25:00,2016-05-16,0.0349,32018.0,92.0,22325.0,0.0348,0.0349,0.0346,10000601,2016-05-25,2016-05-25,C,2.05,2016-03-24
6685,2016-05-16 14:26:00,2016-05-16,0.0355,21319.0,61.0,22310.0,0.0349,0.0347,0.0345,10000601,2016-05-25,2016-05-25,C,2.05,2016-03-24
6686,2016-05-16 14:27:00,2016-05-16,0.0347,10400.0,30.0,22330.0,0.0347,0.0346,0.0346,10000601,2016-05-25,2016-05-25,C,2.05,2016-03-24
6687,2016-05-16 14:28:00,2016-05-16,0.0351,27880.0,80.0,22365.0,0.0346,0.0347,0.0346,10000601,2016-05-25,2016-05-25,C,2.05,2016-03-24
6688,2016-05-16 14:29:00,2016-05-16,0.0355,25847.0,74.0,22385.0,0.0347,0.0355,0.0347,10000601,2016-05-25,2016-05-25,C,2.05,2016-03-24
6689,2016-05-16 14:30:00,2016-05-16,0.0362,32507.0,91.0,22403.0,0.0355,0.0362,0.0353,10000601,2016-05-25,2016-05-25,C,2.05,2016-03-24
6690,2016-05-16 14:31:00,2016-05-16,0.0366,24732.0,68.0,22394.0,0.0363,0.0366,0.0362,10000601,2016-05-25,2016-05-25,C,2.05,2016-03-24
6691,2016-05-16 14:32:00,2016-05-16,0.037000000000000005,36095.0,98.0,22380.0,0.0365,0.0369,0.0365,10000601,2016-05-25,2016-05-25,C,2.05,2016-03-24
6692,2016-05-16 14:33:00,2016-05-16,0.037000000000000005,7743.0,21.0,22378.0,0.0369,0.0369,0.0368,10000601,2016-05-25,2016-05-25,C,2.05,2016-03-24
6693,2016-05-16 14:34:00,2016-05-16,0.037000000000000005,23932.0,65.0,22355.0,0.0369,0.037000000000000005,0.0366,10000601,2016-05-25,2016-05-25,C,2.05,2016-03-24
6694,2016-05-16 14:35:00,2016-05-16,0.037000000000000005,16620.0,45.0,22365.0,0.037000000000000005,0.0369,0.0369,10000601,2016-05-25,2016-05-25,C,2.05,2016-03-24
6695,2016-05-16 14:36:00,2016-05-16,0.0373,45504.0,123.0,22328.0,0.0366,0.0373,0.0366,10000601,2016-05-25,2016-05-25,C,2.05,2016-03-24
6696,2016-05-16 14:37:00,2016-05-16,0.039,67274.0,175.0,22287.0,0.0373,0.039,0.0373,10000601,2016-05-25,2016-05-25,C,2.05,2016-03-24
6697,2016-05-16 14:38:00,2016-05-16,0.0388,49487.0,129.0,22252.0,0.0385,0.0384,0.0381,10000601,2016-05-25,2016-05-25,C,2.05,2016-03-24
6698,2016-05-16 14:39:00,2016-05-16,0.0384,41657.0,110.0,22269.0,0.0384,0.0378,0.0376,10000601,2016-05-25,2016-05-25,C,2.05,2016-03-24
6699,2016-05-16 14:40:00,2016-05-16,0.0381,46008.0,122.0,22286.0,0.0378,0.0371,0.0371,10000601,2016-05-25,2016-05-25,C,2.05,2016-03-24
6700,2016-05-16 14:41:00,2016-05-16,0.038,27177.0,72.0,22306.0,0.0375,0.0376,0.0375,10000601,2016-05-25,2016-05-25,C,2.05,2016-03-24
6701,2016-05-16 14:42:00,2016-05-16,0.0376,27870.0,75.0,22332.0,0.0376,0.037000000000000005,0.037000000000000005,10000601,2016-05-25,2016-05-25,C,2.05,2016-03-24
6702,2016-05-16 14:43:00,2016-05-16,0.037000000000000005,11427.0,31.0,22363.0,0.037000000000000005,0.0365,0.0365,10000601,2016-05-25,2016-05-25,C,2.05,2016-03-24
6703,2016-05-16 14:44:00,2016-05-16,0.0369,8829.0,24.0,22363.0,0.0365,0.0367,0.0365,10000601,2016-05-25,2016-05-25,C,2.05,2016-03-24
6704,2016-05-16 14:45:00,2016-05-16,0.0374,35220.0,96.0,22383.0,0.0365,0.0374,0.0364,10000601,2016-05-25,2016-05-25,C,2.05,2016-03-24
6705,2016-05-16 14:46:00,2016-05-16,0.0374,21477.0,58.0,22386.0,0.0374,0.037000000000000005,0.037000000000000005,10000601,2016-05-25,2016-05-25,C,2.05,2016-03-24
6706,2016-05-16 14:47:00,2016-05-16,0.0373,15193.0,41.0,22392.0,0.037000000000000005,0.0369,0.0369,10000601,2016-05-25,2016-05-25,C,2.05,2016-03-24
6707,2016-05-16 14:48:00,2016-05-16,0.0372,8501.0,23.0,22383.0,0.0369,0.0372,0.0367,10000601,2016-05-25,2016-05-25,C,2.05,2016-03-24
6708,2016-05-16 14:49:00,2016-05-16,0.038,64784.0,173.0,22286.0,0.0372,0.038,0.0369,10000601,2016-05-25,2016-05-25,C,2.05,2016-03-24
6709,2016-05-16 14:50:00,2016-05-16,0.0381,32109.0,85.0,22287.0,0.038,0.0375,0.0375,10000601,2016-05-25,2016-05-25,C,2.05,2016-03-24
6710,2016-05-16 14:51:00,2016-05-16,0.0377,28405.0,76.0,22278.0,0.0375,0.0375,0.0372,10000601,2016-05-25,2016-05-25,C,2.05,2016-03-24
6711,2016-05-16 14:52:00,2016-05-16,0.0375,20501.0,55.0,22293.0,0.0375,0.0372,0.0372,10000601,2016-05-25,2016-05-25,C,2.05,2016-03-24
6712,2016-05-16 14:53:00,2016-05-16,0.0373,15187.0,41.0,22307.0,0.0371,0.037000000000000005,0.0369,10000601,2016-05-25,2016-05-25,C,2.05,2016-03-24
6713,2016-05-16 14:54:00,2016-05-16,0.0372,17477.0,47.0,22291.0,0.037000000000000005,0.0372,0.037000000000000005,10000601,2016-05-25,2016-05-25,C,2.05,2016-03-24
6714,2016-05-16 14:55:00,2016-05-16,0.0375,23131.0,62.0,22278.0,0.0372,0.0375,0.0368,10000601,2016-05-25,2016-05-25,C,2.05,2016-03-24
6715,2016-05-16 14:56:00,2016-05-16,0.0377,83021.0,222.0,22225.0,0.0376,0.0375,0.037000000000000005,10000601,2016-05-25,2016-05-25,C,2.05,2016-03-24
6716,2016-05-16 14:57:00,2016-05-16,0.0376,40748.0,109.0,22163.0,0.0375,0.0375,0.0372,10000601,2016-05-25,2016-05-25,C,2.05,2016-03-24
6717,2016-05-16 14:58:00,2016-05-16,0.0375,0.0,0.0,22163.0,0.0375,0.0375,0.0375,10000601,2016-05-25,2016-05-25,C,2.05,2016-03-24
6718,2016-05-16 14:59:00,2016-05-16,0.0375,0.0,0.0,22163.0,0.0375,0.0375,0.0375,10000601,2016-05-25,2016-05-25,C,2.05,2016-03-24
6719,2016-05-16 15:00:00,2016-05-16,0.0375,0.0,0.0,22163.0,0.0375,0.0375,0.0375,10000601,2016-05-25,2016-05-25,C,2.05,2016-03-24
6720,2016-05-16 09:31:00,2016-05-16,0.0004,0.0,0.0,23631.0,0.0004,0.0004,0.0004,10000605,2016-05-25,2016-05-25,C,2.25,2016-03-24
6721,2016-05-16 09:32:00,2016-05-16,0.0004,0.0,0.0,23631.0,0.0004,0.0004,0.0004,10000605,2016-05-25,2016-05-25,C,2.25,2016-03-24
6722,2016-05-16 09:33:00,2016-05-16,0.0004,0.0,0.0,23631.0,0.0004,0.0004,0.0004,10000605,2016-05-25,2016-05-25,C,2.25,2016-03-24
6723,2016-05-16 09:34:00,2016-05-16,0.0004,24.0,6.0,23625.0,0.0004,0.0004,0.0004,10000605,2016-05-25,2016-05-25,C,2.25,2016-03-24
6724,2016-05-16 09:35:00,2016-05-16,0.0004,0.0,0.0,23625.0,0.0004,0.0004,0.0004,10000605,2016-05-25,2016-05-25,C,2.25,2016-03-24
6725,2016-05-16 09:36:00,2016-05-16,0.0004,0.0,0.0,23625.0,0.0004,0.0004,0.0004,10000605,2016-05-25,2016-05-25,C,2.25,2016-03-24
6726,2016-05-16 09:37:00,2016-05-16,0.0004,0.0,0.0,23625.0,0.0004,0.0004,0.0004,10000605,2016-05-25,2016-05-25,C,2.25,2016-03-24
6727,2016-05-16 09:38:00,2016-05-16,0.0005,5.0,1.0,23625.0,0.0004,0.0005,0.0004,10000605,2016-05-25,2016-05-25,C,2.25,2016-03-24
6728,2016-05-16 09:39:00,2016-05-16,0.0005,0.0,0.0,23625.0,0.0005,0.0005,0.0005,10000605,2016-05-25,2016-05-25,C,2.25,2016-03-24
6729,2016-05-16 09:40:00,2016-05-16,0.0005,0.0,0.0,23625.0,0.0005,0.0005,0.0005,10000605,2016-05-25,2016-05-25,C,2.25,2016-03-24
6730,2016-05-16 09:41:00,2016-05-16,0.0005,0.0,0.0,23625.0,0.0005,0.0005,0.0005,10000605,2016-05-25,2016-05-25,C,2.25,2016-03-24
6731,2016-05-16 09:42:00,2016-05-16,0.0005,0.0,0.0,23625.0,0.0005,0.0005,0.0005,10000605,2016-05-25,2016-05-25,C,2.25,2016-03-24
6732,2016-05-16 09:43:00,2016-05-16,0.0005,0.0,0.0,23625.0,0.0005,0.0005,0.0005,10000605,2016-05-25,2016-05-25,C,2.25,2016-03-24
6733,2016-05-16 09:44:00,2016-05-16,0.0005,0.0,0.0,23625.0,0.0005,0.0005,0.0005,10000605,2016-05-25,2016-05-25,C,2.25,2016-03-24
6734,2016-05-16 09:45:00,2016-05-16,0.0005,0.0,0.0,23625.0,0.0005,0.0005,0.0005,10000605,2016-05-25,2016-05-25,C,2.25,2016-03-24
6735,2016-05-16 09:46:00,2016-05-16,0.0005,0.0,0.0,23625.0,0.0005,0.0005,0.0005,10000605,2016-05-25,2016-05-25,C,2.25,2016-03-24
6736,2016-05-16 09:47:00,2016-05-16,0.0005,25.0,5.0,23628.0,0.0005,0.0005,0.0005,10000605,2016-05-25,2016-05-25,C,2.25,2016-03-24
6737,2016-05-16 09:48:00,2016-05-16,0.0005,0.0,0.0,23628.0,0.0005,0.0005,0.0005,10000605,2016-05-25,2016-05-25,C,2.25,2016-03-24
6738,2016-05-16 09:49:00,2016-05-16,0.0006,75.0,13.0,23638.0,0.0006,0.0005,0.0005,10000605,2016-05-25,2016-05-25,C,2.25,2016-03-24
6739,2016-05-16 09:50:00,2016-05-16,0.0005,0.0,0.0,23638.0,0.0005,0.0005,0.0005,10000605,2016-05-25,2016-05-25,C,2.25,2016-03-24
6740,2016-05-16 09:51:00,2016-05-16,0.0006,48.0,8.0,23646.0,0.0005,0.0006,0.0005,10000605,2016-05-25,2016-05-25,C,2.25,2016-03-24
6741,2016-05-16 09:52:00,2016-05-16,0.0006,60.0,10.0,23646.0,0.0006,0.0006,0.0006,10000605,2016-05-25,2016-05-25,C,2.25,2016-03-24
6742,2016-05-16 09:53:00,2016-05-16,0.0007,432.0,72.0,23642.0,0.0006,0.0005,0.0005,10000605,2016-05-25,2016-05-25,C,2.25,2016-03-24
6743,2016-05-16 09:54:00,2016-05-16,0.0005,0.0,0.0,23642.0,0.0005,0.0005,0.0005,10000605,2016-05-25,2016-05-25,C,2.25,2016-03-24
6744,2016-05-16 09:55:00,2016-05-16,0.0006,60.0,10.0,23642.0,0.0005,0.0006,0.0005,10000605,2016-05-25,2016-05-25,C,2.25,2016-03-24
6745,2016-05-16 09:56:00,2016-05-16,0.0006,0.0,0.0,23642.0,0.0006,0.0006,0.0006,10000605,2016-05-25,2016-05-25,C,2.25,2016-03-24
6746,2016-05-16 09:57:00,2016-05-16,0.0006,0.0,0.0,23642.0,0.0006,0.0006,0.0006,10000605,2016-05-25,2016-05-25,C,2.25,2016-03-24
6747,2016-05-16 09:58:00,2016-05-16,0.0006,0.0,0.0,23642.0,0.0006,0.0006,0.0006,10000605,2016-05-25,2016-05-25,C,2.25,2016-03-24
6748,2016-05-16 09:59:00,2016-05-16,0.0006,120.0,20.0,23647.0,0.0006,0.0006,0.0006,10000605,2016-05-25,2016-05-25,C,2.25,2016-03-24
6749,2016-05-16 10:00:00,2016-05-16,0.0006,0.0,0.0,23647.0,0.0006,0.0006,0.0006,10000605,2016-05-25,2016-05-25,C,2.25,2016-03-24
6750,2016-05-16 10:01:00,2016-05-16,0.0006,480.0,80.0,23657.0,0.0006,0.0006,0.0006,10000605,2016-05-25,2016-05-25,C,2.25,2016-03-24
6751,2016-05-16 10:02:00,2016-05-16,0.0006,0.0,0.0,23657.0,0.0006,0.0006,0.0006,10000605,2016-05-25,2016-05-25,C,2.25,2016-03-24
6752,2016-05-16 10:03:00,2016-05-16,0.0006,0.0,0.0,23657.0,0.0006,0.0006,0.0006,10000605,2016-05-25,2016-05-25,C,2.25,2016-03-24
6753,2016-05-16 10:04:00,2016-05-16,0.0006,0.0,0.0,23657.0,0.0006,0.0006,0.0006,10000605,2016-05-25,2016-05-25,C,2.25,2016-03-24
6754,2016-05-16 10:05:00,2016-05-16,0.0006,0.0,0.0,23657.0,0.0006,0.0006,0.0006,10000605,2016-05-25,2016-05-25,C,2.25,2016-03-24
6755,2016-05-16 10:06:00,2016-05-16,0.0006,0.0,0.0,23657.0,0.0006,0.0006,0.0006,10000605,2016-05-25,2016-05-25,C,2.25,2016-03-24
6756,2016-05-16 10:07:00,2016-05-16,0.0006,0.0,0.0,23657.0,0.0006,0.0006,0.0006,10000605,2016-05-25,2016-05-25,C,2.25,2016-03-24
6757,2016-05-16 10:08:00,2016-05-16,0.0006,180.0,30.0,23657.0,0.0006,0.0006,0.0006,10000605,2016-05-25,2016-05-25,C,2.25,2016-03-24
6758,2016-05-16 10:09:00,2016-05-16,0.0006,0.0,0.0,23657.0,0.0006,0.0006,0.0006,10000605,2016-05-25,2016-05-25,C,2.25,2016-03-24
6759,2016-05-16 10:10:00,2016-05-16,0.0007,70.0,10.0,23657.0,0.0006,0.0007,0.0006,10000605,2016-05-25,2016-05-25,C,2.25,2016-03-24
6760,2016-05-16 10:11:00,2016-05-16,0.0007,0.0,0.0,23657.0,0.0007,0.0007,0.0007,10000605,2016-05-25,2016-05-25,C,2.25,2016-03-24
6761,2016-05-16 10:12:00,2016-05-16,0.0007,0.0,0.0,23657.0,0.0007,0.0007,0.0007,10000605,2016-05-25,2016-05-25,C,2.25,2016-03-24
6762,2016-05-16 10:13:00,2016-05-16,0.0007,12.0,2.0,23659.0,0.0007,0.0006,0.0006,10000605,2016-05-25,2016-05-25,C,2.25,2016-03-24
6763,2016-05-16 10:14:00,2016-05-16,0.0007,70.0,10.0,23669.0,0.0006,0.0007,0.0006,10000605,2016-05-25,2016-05-25,C,2.25,2016-03-24
6764,2016-05-16 10:15:00,2016-05-16,0.0007,0.0,0.0,23669.0,0.0007,0.0007,0.0007,10000605,2016-05-25,2016-05-25,C,2.25,2016-03-24
6765,2016-05-16 10:16:00,2016-05-16,0.0007,0.0,0.0,23669.0,0.0007,0.0007,0.0007,10000605,2016-05-25,2016-05-25,C,2.25,2016-03-24
6766,2016-05-16 10:17:00,2016-05-16,0.0007,0.0,0.0,23669.0,0.0007,0.0007,0.0007,10000605,2016-05-25,2016-05-25,C,2.25,2016-03-24
6767,2016-05-16 10:18:00,2016-05-16,0.0007,0.0,0.0,23669.0,0.0007,0.0007,0.0007,10000605,2016-05-25,2016-05-25,C,2.25,2016-03-24
6768,2016-05-16 10:19:00,2016-05-16,0.0007,0.0,0.0,23669.0,0.0007,0.0007,0.0007,10000605,2016-05-25,2016-05-25,C,2.25,2016-03-24
6769,2016-05-16 10:20:00,2016-05-16,0.0007,0.0,0.0,23669.0,0.0007,0.0007,0.0007,10000605,2016-05-25,2016-05-25,C,2.25,2016-03-24
6770,2016-05-16 10:21:00,2016-05-16,0.0007,0.0,0.0,23669.0,0.0007,0.0007,0.0007,10000605,2016-05-25,2016-05-25,C,2.25,2016-03-24
6771,2016-05-16 10:22:00,2016-05-16,0.0007,0.0,0.0,23669.0,0.0007,0.0007,0.0007,10000605,2016-05-25,2016-05-25,C,2.25,2016-03-24
6772,2016-05-16 10:23:00,2016-05-16,0.0007,7.0,1.0,23669.0,0.0007,0.0007,0.0007,10000605,2016-05-25,2016-05-25,C,2.25,2016-03-24
6773,2016-05-16 10:24:00,2016-05-16,0.0007,0.0,0.0,23669.0,0.0007,0.0007,0.0007,10000605,2016-05-25,2016-05-25,C,2.25,2016-03-24
6774,2016-05-16 10:25:00,2016-05-16,0.0007,0.0,0.0,23669.0,0.0007,0.0007,0.0007,10000605,2016-05-25,2016-05-25,C,2.25,2016-03-24
6775,2016-05-16 10:26:00,2016-05-16,0.0007,0.0,0.0,23669.0,0.0007,0.0007,0.0007,10000605,2016-05-25,2016-05-25,C,2.25,2016-03-24
6776,2016-05-16 10:27:00,2016-05-16,0.0007,0.0,0.0,23669.0,0.0007,0.0007,0.0007,10000605,2016-05-25,2016-05-25,C,2.25,2016-03-24
6777,2016-05-16 10:28:00,2016-05-16,0.0007,6.0,1.0,23669.0,0.0007,0.0006,0.0006,10000605,2016-05-25,2016-05-25,C,2.25,2016-03-24
6778,2016-05-16 10:29:00,2016-05-16,0.0007,106.0,16.0,23679.0,0.0006,0.0006,0.0006,10000605,2016-05-25,2016-05-25,C,2.25,2016-03-24
6779,2016-05-16 10:30:00,2016-05-16,0.0006,0.0,0.0,23679.0,0.0006,0.0006,0.0006,10000605,2016-05-25,2016-05-25,C,2.25,2016-03-24
6780,2016-05-16 10:31:00,2016-05-16,0.0006,0.0,0.0,23679.0,0.0006,0.0006,0.0006,10000605,2016-05-25,2016-05-25,C,2.25,2016-03-24
6781,2016-05-16 10:32:00,2016-05-16,0.0006,0.0,0.0,23679.0,0.0006,0.0006,0.0006,10000605,2016-05-25,2016-05-25,C,2.25,2016-03-24
6782,2016-05-16 10:33:00,2016-05-16,0.0006,120.0,20.0,23659.0,0.0006,0.0006,0.0006,10000605,2016-05-25,2016-05-25,C,2.25,2016-03-24
6783,2016-05-16 10:34:00,2016-05-16,0.0006,0.0,0.0,23659.0,0.0006,0.0006,0.0006,10000605,2016-05-25,2016-05-25,C,2.25,2016-03-24
6784,2016-05-16 10:35:00,2016-05-16,0.0006,0.0,0.0,23659.0,0.0006,0.0006,0.0006,10000605,2016-05-25,2016-05-25,C,2.25,2016-03-24
6785,2016-05-16 10:36:00,2016-05-16,0.0007,70.0,10.0,23659.0,0.0007,0.0007,0.0007,10000605,2016-05-25,2016-05-25,C,2.25,2016-03-24
6786,2016-05-16 10:37:00,2016-05-16,0.0007,760.0,120.0,23676.0,0.0006,0.0005,0.0005,10000605,2016-05-25,2016-05-25,C,2.25,2016-03-24
6787,2016-05-16 10:38:00,2016-05-16,0.0006,360.0,60.0,23666.0,0.0005,0.0006,0.0005,10000605,2016-05-25,2016-05-25,C,2.25,2016-03-24
6788,2016-05-16 10:39:00,2016-05-16,0.0006,0.0,0.0,23666.0,0.0006,0.0006,0.0006,10000605,2016-05-25,2016-05-25,C,2.25,2016-03-24
6789,2016-05-16 10:40:00,2016-05-16,0.0006,0.0,0.0,23666.0,0.0006,0.0006,0.0006,10000605,2016-05-25,2016-05-25,C,2.25,2016-03-24
6790,2016-05-16 10:41:00,2016-05-16,0.0006,0.0,0.0,23666.0,0.0006,0.0006,0.0006,10000605,2016-05-25,2016-05-25,C,2.25,2016-03-24
6791,2016-05-16 10:42:00,2016-05-16,0.0006,0.0,0.0,23666.0,0.0006,0.0006,0.0006,10000605,2016-05-25,2016-05-25,C,2.25,2016-03-24
6792,2016-05-16 10:43:00,2016-05-16,0.0006,60.0,10.0,23666.0,0.0006,0.0006,0.0006,10000605,2016-05-25,2016-05-25,C,2.25,2016-03-24
6793,2016-05-16 10:44:00,2016-05-16,0.0007,616.0,88.0,23656.0,0.0007,0.0007,0.0007,10000605,2016-05-25,2016-05-25,C,2.25,2016-03-24
6794,2016-05-16 10:45:00,2016-05-16,0.0007,28.0,4.0,23656.0,0.0007,0.0007,0.0007,10000605,2016-05-25,2016-05-25,C,2.25,2016-03-24
6795,2016-05-16 10:46:00,2016-05-16,0.0007,0.0,0.0,23656.0,0.0007,0.0007,0.0007,10000605,2016-05-25,2016-05-25,C,2.25,2016-03-24
6796,2016-05-16 10:47:00,2016-05-16,0.0007,0.0,0.0,23656.0,0.0007,0.0007,0.0007,10000605,2016-05-25,2016-05-25,C,2.25,2016-03-24
6797,2016-05-16 10:48:00,2016-05-16,0.0007,0.0,0.0,23656.0,0.0007,0.0007,0.0007,10000605,2016-05-25,2016-05-25,C,2.25,2016-03-24
6798,2016-05-16 10:49:00,2016-05-16,0.0007,140.0,20.0,23656.0,0.0007,0.0007,0.0007,10000605,2016-05-25,2016-05-25,C,2.25,2016-03-24
6799,2016-05-16 10:50:00,2016-05-16,0.0007,0.0,0.0,23656.0,0.0007,0.0007,0.0007,10000605,2016-05-25,2016-05-25,C,2.25,2016-03-24
6800,2016-05-16 10:51:00,2016-05-16,0.0007,119.0,17.0,23660.0,0.0007,0.0007,0.0007,10000605,2016-05-25,2016-05-25,C,2.25,2016-03-24
6801,2016-05-16 10:52:00,2016-05-16,0.0007,0.0,0.0,23660.0,0.0007,0.0007,0.0007,10000605,2016-05-25,2016-05-25,C,2.25,2016-03-24
6802,2016-05-16 10:53:00,2016-05-16,0.0007,35.0,5.0,23665.0,0.0007,0.0007,0.0007,10000605,2016-05-25,2016-05-25,C,2.25,2016-03-24
6803,2016-05-16 10:54:00,2016-05-16,0.0007,70.0,10.0,23675.0,0.0007,0.0007,0.0007,10000605,2016-05-25,2016-05-25,C,2.25,2016-03-24
6804,2016-05-16 10:55:00,2016-05-16,0.0007,35.0,5.0,23680.0,0.0007,0.0007,0.0007,10000605,2016-05-25,2016-05-25,C,2.25,2016-03-24
6805,2016-05-16 10:56:00,2016-05-16,0.0007,0.0,0.0,23680.0,0.0007,0.0007,0.0007,10000605,2016-05-25,2016-05-25,C,2.25,2016-03-24
6806,2016-05-16 10:57:00,2016-05-16,0.0007,0.0,0.0,23680.0,0.0007,0.0007,0.0007,10000605,2016-05-25,2016-05-25,C,2.25,2016-03-24
6807,2016-05-16 10:58:00,2016-05-16,0.0007,0.0,0.0,23680.0,0.0007,0.0007,0.0007,10000605,2016-05-25,2016-05-25,C,2.25,2016-03-24
6808,2016-05-16 10:59:00,2016-05-16,0.0008,208.0,26.0,23685.0,0.0007,0.0008,0.0007,10000605,2016-05-25,2016-05-25,C,2.25,2016-03-24
6809,2016-05-16 11:00:00,2016-05-16,0.0008,70.0,9.0,23687.0,0.0008,0.0007,0.0007,10000605,2016-05-25,2016-05-25,C,2.25,2016-03-24
6810,2016-05-16 11:01:00,2016-05-16,0.0008,8.0,1.0,23687.0,0.0007,0.0008,0.0007,10000605,2016-05-25,2016-05-25,C,2.25,2016-03-24
6811,2016-05-16 11:02:00,2016-05-16,0.0008,0.0,0.0,23687.0,0.0008,0.0008,0.0008,10000605,2016-05-25,2016-05-25,C,2.25,2016-03-24
6812,2016-05-16 11:03:00,2016-05-16,0.0007,28.0,4.0,23687.0,0.0007,0.0007,0.0007,10000605,2016-05-25,2016-05-25,C,2.25,2016-03-24
6813,2016-05-16 11:04:00,2016-05-16,0.0008,114.0,15.0,23693.0,0.0007,0.0008,0.0007,10000605,2016-05-25,2016-05-25,C,2.25,2016-03-24
6814,2016-05-16 11:05:00,2016-05-16,0.0008,0.0,0.0,23693.0,0.0008,0.0008,0.0008,10000605,2016-05-25,2016-05-25,C,2.25,2016-03-24
6815,2016-05-16 11:06:00,2016-05-16,0.0008,0.0,0.0,23693.0,0.0008,0.0008,0.0008,10000605,2016-05-25,2016-05-25,C,2.25,2016-03-24
6816,2016-05-16 11:07:00,2016-05-16,0.0008,0.0,0.0,23693.0,0.0008,0.0008,0.0008,10000605,2016-05-25,2016-05-25,C,2.25,2016-03-24
6817,2016-05-16 11:08:00,2016-05-16,0.0008,0.0,0.0,23693.0,0.0008,0.0008,0.0008,10000605,2016-05-25,2016-05-25,C,2.25,2016-03-24
6818,2016-05-16 11:09:00,2016-05-16,0.0008,0.0,0.0,23693.0,0.0008,0.0008,0.0008,10000605,2016-05-25,2016-05-25,C,2.25,2016-03-24
6819,2016-05-16 11:10:00,2016-05-16,0.0008,49.0,7.0,23700.0,0.0008,0.0007,0.0007,10000605,2016-05-25,2016-05-25,C,2.25,2016-03-24
6820,2016-05-16 11:11:00,2016-05-16,0.0008,240.0,30.0,23700.0,0.0007,0.0008,0.0007,10000605,2016-05-25,2016-05-25,C,2.25,2016-03-24
6821,2016-05-16 11:12:00,2016-05-16,0.0008,6.0,1.0,23700.0,0.0008,0.0006,0.0006,10000605,2016-05-25,2016-05-25,C,2.25,2016-03-24
6822,2016-05-16 11:13:00,2016-05-16,0.0006,0.0,0.0,23700.0,0.0006,0.0006,0.0006,10000605,2016-05-25,2016-05-25,C,2.25,2016-03-24
6823,2016-05-16 11:14:00,2016-05-16,0.0008,498.0,63.0,23689.0,0.0008,0.0008,0.0006,10000605,2016-05-25,2016-05-25,C,2.25,2016-03-24
6824,2016-05-16 11:15:00,2016-05-16,0.0008,0.0,0.0,23689.0,0.0008,0.0008,0.0008,10000605,2016-05-25,2016-05-25,C,2.25,2016-03-24
6825,2016-05-16 11:16:00,2016-05-16,0.0008,0.0,0.0,23689.0,0.0008,0.0008,0.0008,10000605,2016-05-25,2016-05-25,C,2.25,2016-03-24
6826,2016-05-16 11:17:00,2016-05-16,0.0008,0.0,0.0,23689.0,0.0008,0.0008,0.0008,10000605,2016-05-25,2016-05-25,C,2.25,2016-03-24
6827,2016-05-16 11:18:00,2016-05-16,0.0008,0.0,0.0,23689.0,0.0008,0.0008,0.0008,10000605,2016-05-25,2016-05-25,C,2.25,2016-03-24
6828,2016-05-16 11:19:00,2016-05-16,0.0008,0.0,0.0,23689.0,0.0008,0.0008,0.0008,10000605,2016-05-25,2016-05-25,C,2.25,2016-03-24
6829,2016-05-16 11:20:00,2016-05-16,0.0008,0.0,0.0,23689.0,0.0008,0.0008,0.0008,10000605,2016-05-25,2016-05-25,C,2.25,2016-03-24
6830,2016-05-16 11:21:00,2016-05-16,0.0008,0.0,0.0,23689.0,0.0008,0.0008,0.0008,10000605,2016-05-25,2016-05-25,C,2.25,2016-03-24
6831,2016-05-16 11:22:00,2016-05-16,0.0008,0.0,0.0,23689.0,0.0008,0.0008,0.0008,10000605,2016-05-25,2016-05-25,C,2.25,2016-03-24
6832,2016-05-16 11:23:00,2016-05-16,0.0008,0.0,0.0,23689.0,0.0008,0.0008,0.0008,10000605,2016-05-25,2016-05-25,C,2.25,2016-03-24
6833,2016-05-16 11:24:00,2016-05-16,0.0008,0.0,0.0,23689.0,0.0008,0.0008,0.0008,10000605,2016-05-25,2016-05-25,C,2.25,2016-03-24
6834,2016-05-16 11:25:00,2016-05-16,0.0008,140.0,20.0,23699.0,0.0008,0.0007,0.0007,10000605,2016-05-25,2016-05-25,C,2.25,2016-03-24
6835,2016-05-16 11:26:00,2016-05-16,0.0007,0.0,0.0,23699.0,0.0007,0.0007,0.0007,10000605,2016-05-25,2016-05-25,C,2.25,2016-03-24
6836,2016-05-16 11:27:00,2016-05-16,0.0007,140.0,20.0,23699.0,0.0007,0.0007,0.0007,10000605,2016-05-25,2016-05-25,C,2.25,2016-03-24
6837,2016-05-16 11:28:00,2016-05-16,0.0008,225.0,30.0,23699.0,0.0007,0.0008,0.0007,10000605,2016-05-25,2016-05-25,C,2.25,2016-03-24
6838,2016-05-16 11:29:00,2016-05-16,0.0007,959.0,137.0,23709.0,0.0007,0.0007,0.0007,10000605,2016-05-25,2016-05-25,C,2.25,2016-03-24
6839,2016-05-16 11:30:00,2016-05-16,0.0007,560.0,80.0,23702.0,0.0007,0.0007,0.0007,10000605,2016-05-25,2016-05-25,C,2.25,2016-03-24
6840,2016-05-16 13:01:00,2016-05-16,0.0007,299.0,43.0,23702.0,0.0007,0.0006,0.0006,10000605,2016-05-25,2016-05-25,C,2.25,2016-03-24
6841,2016-05-16 13:02:00,2016-05-16,0.0006,300.0,50.0,23708.0,0.0006,0.0006,0.0006,10000605,2016-05-25,2016-05-25,C,2.25,2016-03-24
6842,2016-05-16 13:03:00,2016-05-16,0.0006,0.0,0.0,23708.0,0.0006,0.0006,0.0006,10000605,2016-05-25,2016-05-25,C,2.25,2016-03-24
6843,2016-05-16 13:04:00,2016-05-16,0.0006,0.0,0.0,23708.0,0.0006,0.0006,0.0006,10000605,2016-05-25,2016-05-25,C,2.25,2016-03-24
6844,2016-05-16 13:05:00,2016-05-16,0.0006,0.0,0.0,23708.0,0.0006,0.0006,0.0006,10000605,2016-05-25,2016-05-25,C,2.25,2016-03-24
6845,2016-05-16 13:06:00,2016-05-16,0.0006,0.0,0.0,23708.0,0.0006,0.0006,0.0006,10000605,2016-05-25,2016-05-25,C,2.25,2016-03-24
6846,2016-05-16 13:07:00,2016-05-16,0.0007,70.0,10.0,23708.0,0.0006,0.0007,0.0006,10000605,2016-05-25,2016-05-25,C,2.25,2016-03-24
6847,2016-05-16 13:08:00,2016-05-16,0.0007,544.0,82.0,23708.0,0.0007,0.0007,0.0005,10000605,2016-05-25,2016-05-25,C,2.25,2016-03-24
6848,2016-05-16 13:09:00,2016-05-16,0.0007,0.0,0.0,23708.0,0.0007,0.0007,0.0007,10000605,2016-05-25,2016-05-25,C,2.25,2016-03-24
6849,2016-05-16 13:10:00,2016-05-16,0.0007,0.0,0.0,23708.0,0.0007,0.0007,0.0007,10000605,2016-05-25,2016-05-25,C,2.25,2016-03-24
6850,2016-05-16 13:11:00,2016-05-16,0.0007,0.0,0.0,23708.0,0.0007,0.0007,0.0007,10000605,2016-05-25,2016-05-25,C,2.25,2016-03-24
6851,2016-05-16 13:12:00,2016-05-16,0.0007,0.0,0.0,23708.0,0.0007,0.0007,0.0007,10000605,2016-05-25,2016-05-25,C,2.25,2016-03-24
6852,2016-05-16 13:13:00,2016-05-16,0.0007,0.0,0.0,23708.0,0.0007,0.0007,0.0007,10000605,2016-05-25,2016-05-25,C,2.25,2016-03-24
6853,2016-05-16 13:14:00,2016-05-16,0.0007,0.0,0.0,23708.0,0.0007,0.0007,0.0007,10000605,2016-05-25,2016-05-25,C,2.25,2016-03-24
6854,2016-05-16 13:15:00,2016-05-16,0.0007,0.0,0.0,23708.0,0.0007,0.0007,0.0007,10000605,2016-05-25,2016-05-25,C,2.25,2016-03-24
6855,2016-05-16 13:16:00,2016-05-16,0.0005,50.0,10.0,23708.0,0.0005,0.0005,0.0005,10000605,2016-05-25,2016-05-25,C,2.25,2016-03-24
6856,2016-05-16 13:17:00,2016-05-16,0.0005,0.0,0.0,23708.0,0.0005,0.0005,0.0005,10000605,2016-05-25,2016-05-25,C,2.25,2016-03-24
6857,2016-05-16 13:18:00,2016-05-16,0.0005,0.0,0.0,23708.0,0.0005,0.0005,0.0005,10000605,2016-05-25,2016-05-25,C,2.25,2016-03-24
6858,2016-05-16 13:19:00,2016-05-16,0.0005,5.0,1.0,23708.0,0.0005,0.0005,0.0005,10000605,2016-05-25,2016-05-25,C,2.25,2016-03-24
6859,2016-05-16 13:20:00,2016-05-16,0.0005,0.0,0.0,23708.0,0.0005,0.0005,0.0005,10000605,2016-05-25,2016-05-25,C,2.25,2016-03-24
6860,2016-05-16 13:21:00,2016-05-16,0.0005,0.0,0.0,23708.0,0.0005,0.0005,0.0005,10000605,2016-05-25,2016-05-25,C,2.25,2016-03-24
6861,2016-05-16 13:22:00,2016-05-16,0.0005,0.0,0.0,23708.0,0.0005,0.0005,0.0005,10000605,2016-05-25,2016-05-25,C,2.25,2016-03-24
6862,2016-05-16 13:23:00,2016-05-16,0.0005,50.0,10.0,23708.0,0.0005,0.0005,0.0005,10000605,2016-05-25,2016-05-25,C,2.25,2016-03-24
6863,2016-05-16 13:24:00,2016-05-16,0.0005,0.0,0.0,23708.0,0.0005,0.0005,0.0005,10000605,2016-05-25,2016-05-25,C,2.25,2016-03-24
6864,2016-05-16 13:25:00,2016-05-16,0.0005,200.0,40.0,23708.0,0.0005,0.0005,0.0005,10000605,2016-05-25,2016-05-25,C,2.25,2016-03-24
6865,2016-05-16 13:26:00,2016-05-16,0.0005,20.0,4.0,23708.0,0.0005,0.0005,0.0005,10000605,2016-05-25,2016-05-25,C,2.25,2016-03-24
6866,2016-05-16 13:27:00,2016-05-16,0.0005,45.0,9.0,23699.0,0.0005,0.0005,0.0005,10000605,2016-05-25,2016-05-25,C,2.25,2016-03-24
6867,2016-05-16 13:28:00,2016-05-16,0.0005,0.0,0.0,23699.0,0.0005,0.0005,0.0005,10000605,2016-05-25,2016-05-25,C,2.25,2016-03-24
6868,2016-05-16 13:29:00,2016-05-16,0.0006,6.0,1.0,23699.0,0.0005,0.0006,0.0005,10000605,2016-05-25,2016-05-25,C,2.25,2016-03-24
6869,2016-05-16 13:30:00,2016-05-16,0.0006,0.0,0.0,23699.0,0.0006,0.0006,0.0006,10000605,2016-05-25,2016-05-25,C,2.25,2016-03-24
6870,2016-05-16 13:31:00,2016-05-16,0.0006,0.0,0.0,23699.0,0.0006,0.0006,0.0006,10000605,2016-05-25,2016-05-25,C,2.25,2016-03-24
6871,2016-05-16 13:32:00,2016-05-16,0.0006,0.0,0.0,23699.0,0.0006,0.0006,0.0006,10000605,2016-05-25,2016-05-25,C,2.25,2016-03-24
6872,2016-05-16 13:33:00,2016-05-16,0.0006,0.0,0.0,23699.0,0.0006,0.0006,0.0006,10000605,2016-05-25,2016-05-25,C,2.25,2016-03-24
6873,2016-05-16 13:34:00,2016-05-16,0.0006,0.0,0.0,23699.0,0.0006,0.0006,0.0006,10000605,2016-05-25,2016-05-25,C,2.25,2016-03-24
6874,2016-05-16 13:35:00,2016-05-16,0.0006,0.0,0.0,23699.0,0.0006,0.0006,0.0006,10000605,2016-05-25,2016-05-25,C,2.25,2016-03-24
6875,2016-05-16 13:36:00,2016-05-16,0.0006,0.0,0.0,23699.0,0.0006,0.0006,0.0006,10000605,2016-05-25,2016-05-25,C,2.25,2016-03-24
6876,2016-05-16 13:37:00,2016-05-16,0.0006,0.0,0.0,23699.0,0.0006,0.0006,0.0006,10000605,2016-05-25,2016-05-25,C,2.25,2016-03-24
6877,2016-05-16 13:38:00,2016-05-16,0.0006,0.0,0.0,23699.0,0.0006,0.0006,0.0006,10000605,2016-05-25,2016-05-25,C,2.25,2016-03-24
6878,2016-05-16 13:39:00,2016-05-16,0.0006,0.0,0.0,23699.0,0.0006,0.0006,0.0006,10000605,2016-05-25,2016-05-25,C,2.25,2016-03-24
6879,2016-05-16 13:40:00,2016-05-16,0.0006,0.0,0.0,23699.0,0.0006,0.0006,0.0006,10000605,2016-05-25,2016-05-25,C,2.25,2016-03-24
6880,2016-05-16 13:41:00,2016-05-16,0.0006,0.0,0.0,23699.0,0.0006,0.0006,0.0006,10000605,2016-05-25,2016-05-25,C,2.25,2016-03-24
6881,2016-05-16 13:42:00,2016-05-16,0.0006,0.0,0.0,23699.0,0.0006,0.0006,0.0006,10000605,2016-05-25,2016-05-25,C,2.25,2016-03-24
6882,2016-05-16 13:43:00,2016-05-16,0.0006,66.0,11.0,23709.0,0.0006,0.0006,0.0006,10000605,2016-05-25,2016-05-25,C,2.25,2016-03-24
6883,2016-05-16 13:44:00,2016-05-16,0.0006,0.0,0.0,23709.0,0.0006,0.0006,0.0006,10000605,2016-05-25,2016-05-25,C,2.25,2016-03-24
6884,2016-05-16 13:45:00,2016-05-16,0.0006,168.0,28.0,23717.0,0.0006,0.0006,0.0006,10000605,2016-05-25,2016-05-25,C,2.25,2016-03-24
6885,2016-05-16 13:46:00,2016-05-16,0.0006,300.0,50.0,23727.0,0.0006,0.0006,0.0006,10000605,2016-05-25,2016-05-25,C,2.25,2016-03-24
6886,2016-05-16 13:47:00,2016-05-16,0.0006,300.0,50.0,23727.0,0.0006,0.0006,0.0006,10000605,2016-05-25,2016-05-25,C,2.25,2016-03-24
6887,2016-05-16 13:48:00,2016-05-16,0.0006,0.0,0.0,23727.0,0.0006,0.0006,0.0006,10000605,2016-05-25,2016-05-25,C,2.25,2016-03-24
6888,2016-05-16 13:49:00,2016-05-16,0.0006,0.0,0.0,23727.0,0.0006,0.0006,0.0006,10000605,2016-05-25,2016-05-25,C,2.25,2016-03-24
6889,2016-05-16 13:50:00,2016-05-16,0.0006,12.0,2.0,23727.0,0.0006,0.0006,0.0006,10000605,2016-05-25,2016-05-25,C,2.25,2016-03-24
6890,2016-05-16 13:51:00,2016-05-16,0.0006,0.0,0.0,23727.0,0.0006,0.0006,0.0006,10000605,2016-05-25,2016-05-25,C,2.25,2016-03-24
6891,2016-05-16 13:52:00,2016-05-16,0.0006,0.0,0.0,23727.0,0.0006,0.0006,0.0006,10000605,2016-05-25,2016-05-25,C,2.25,2016-03-24
6892,2016-05-16 13:53:00,2016-05-16,0.0007,350.0,50.0,23727.0,0.0007,0.0007,0.0007,10000605,2016-05-25,2016-05-25,C,2.25,2016-03-24
6893,2016-05-16 13:54:00,2016-05-16,0.0007,0.0,0.0,23727.0,0.0007,0.0007,0.0007,10000605,2016-05-25,2016-05-25,C,2.25,2016-03-24
6894,2016-05-16 13:55:00,2016-05-16,0.0007,0.0,0.0,23727.0,0.0007,0.0007,0.0007,10000605,2016-05-25,2016-05-25,C,2.25,2016-03-24
6895,2016-05-16 13:56:00,2016-05-16,0.0008,40.0,5.0,23727.0,0.0007,0.0008,0.0007,10000605,2016-05-25,2016-05-25,C,2.25,2016-03-24
6896,2016-05-16 13:57:00,2016-05-16,0.0007,21.0,3.0,23724.0,0.0007,0.0007,0.0007,10000605,2016-05-25,2016-05-25,C,2.25,2016-03-24
6897,2016-05-16 13:58:00,2016-05-16,0.0007,0.0,0.0,23724.0,0.0007,0.0007,0.0007,10000605,2016-05-25,2016-05-25,C,2.25,2016-03-24
6898,2016-05-16 13:59:00,2016-05-16,0.0007,7.0,1.0,23724.0,0.0007,0.0007,0.0007,10000605,2016-05-25,2016-05-25,C,2.25,2016-03-24
6899,2016-05-16 14:00:00,2016-05-16,0.0007,0.0,0.0,23724.0,0.0007,0.0007,0.0007,10000605,2016-05-25,2016-05-25,C,2.25,2016-03-24
6900,2016-05-16 14:01:00,2016-05-16,0.0008,16.0,2.0,23724.0,0.0007,0.0008,0.0007,10000605,2016-05-25,2016-05-25,C,2.25,2016-03-24
6901,2016-05-16 14:02:00,2016-05-16,0.0008,0.0,0.0,23724.0,0.0008,0.0008,0.0008,10000605,2016-05-25,2016-05-25,C,2.25,2016-03-24
6902,2016-05-16 14:03:00,2016-05-16,0.0007,700.0,100.0,23734.0,0.0007,0.0007,0.0007,10000605,2016-05-25,2016-05-25,C,2.25,2016-03-24
6903,2016-05-16 14:04:00,2016-05-16,0.0008,400.0,50.0,23734.0,0.0008,0.0008,0.0008,10000605,2016-05-25,2016-05-25,C,2.25,2016-03-24
6904,2016-05-16 14:05:00,2016-05-16,0.0008,400.0,50.0,23734.0,0.0008,0.0008,0.0008,10000605,2016-05-25,2016-05-25,C,2.25,2016-03-24
6905,2016-05-16 14:06:00,2016-05-16,0.0008,160.0,20.0,23734.0,0.0008,0.0008,0.0008,10000605,2016-05-25,2016-05-25,C,2.25,2016-03-24
6906,2016-05-16 14:07:00,2016-05-16,0.0008,384.0,48.0,23734.0,0.0008,0.0008,0.0008,10000605,2016-05-25,2016-05-25,C,2.25,2016-03-24
6907,2016-05-16 14:08:00,2016-05-16,0.0008,160.0,20.0,23742.0,0.0008,0.0008,0.0008,10000605,2016-05-25,2016-05-25,C,2.25,2016-03-24
6908,2016-05-16 14:09:00,2016-05-16,0.0008,328.0,41.0,23744.0,0.0008,0.0008,0.0008,10000605,2016-05-25,2016-05-25,C,2.25,2016-03-24
6909,2016-05-16 14:10:00,2016-05-16,0.0008,88.0,11.0,23734.0,0.0008,0.0008,0.0008,10000605,2016-05-25,2016-05-25,C,2.25,2016-03-24
6910,2016-05-16 14:11:00,2016-05-16,0.0008,602.0,86.0,23734.0,0.0008,0.0007,0.0007,10000605,2016-05-25,2016-05-25,C,2.25,2016-03-24
6911,2016-05-16 14:12:00,2016-05-16,0.0007,98.0,14.0,23734.0,0.0007,0.0007,0.0007,10000605,2016-05-25,2016-05-25,C,2.25,2016-03-24
6912,2016-05-16 14:13:00,2016-05-16,0.0007,0.0,0.0,23734.0,0.0007,0.0007,0.0007,10000605,2016-05-25,2016-05-25,C,2.25,2016-03-24
6913,2016-05-16 14:14:00,2016-05-16,0.0008,160.0,20.0,23734.0,0.0007,0.0008,0.0007,10000605,2016-05-25,2016-05-25,C,2.25,2016-03-24
6914,2016-05-16 14:15:00,2016-05-16,0.0008,480.0,60.0,23734.0,0.0008,0.0008,0.0008,10000605,2016-05-25,2016-05-25,C,2.25,2016-03-24
6915,2016-05-16 14:16:00,2016-05-16,0.0008,536.0,68.0,23730.0,0.0008,0.0008,0.0007,10000605,2016-05-25,2016-05-25,C,2.25,2016-03-24
6916,2016-05-16 14:17:00,2016-05-16,0.0008,64.0,8.0,23730.0,0.0008,0.0008,0.0008,10000605,2016-05-25,2016-05-25,C,2.25,2016-03-24
6917,2016-05-16 14:18:00,2016-05-16,0.0008,0.0,0.0,23730.0,0.0008,0.0008,0.0008,10000605,2016-05-25,2016-05-25,C,2.25,2016-03-24
6918,2016-05-16 14:19:00,2016-05-16,0.0008,0.0,0.0,23730.0,0.0008,0.0008,0.0008,10000605,2016-05-25,2016-05-25,C,2.25,2016-03-24
6919,2016-05-16 14:20:00,2016-05-16,0.0008,0.0,0.0,23730.0,0.0008,0.0008,0.0008,10000605,2016-05-25,2016-05-25,C,2.25,2016-03-24
6920,2016-05-16 14:21:00,2016-05-16,0.0008,0.0,0.0,23730.0,0.0008,0.0008,0.0008,10000605,2016-05-25,2016-05-25,C,2.25,2016-03-24
6921,2016-05-16 14:22:00,2016-05-16,0.0008,0.0,0.0,23730.0,0.0008,0.0008,0.0008,10000605,2016-05-25,2016-05-25,C,2.25,2016-03-24
6922,2016-05-16 14:23:00,2016-05-16,0.0008,0.0,0.0,23730.0,0.0008,0.0008,0.0008,10000605,2016-05-25,2016-05-25,C,2.25,2016-03-24
6923,2016-05-16 14:24:00,2016-05-16,0.0005,5.0,1.0,23730.0,0.0005,0.0005,0.0005,10000605,2016-05-25,2016-05-25,C,2.25,2016-03-24
6924,2016-05-16 14:25:00,2016-05-16,0.0005,0.0,0.0,23730.0,0.0005,0.0005,0.0005,10000605,2016-05-25,2016-05-25,C,2.25,2016-03-24
6925,2016-05-16 14:26:00,2016-05-16,0.0005,0.0,0.0,23730.0,0.0005,0.0005,0.0005,10000605,2016-05-25,2016-05-25,C,2.25,2016-03-24
6926,2016-05-16 14:27:00,2016-05-16,0.0005,0.0,0.0,23730.0,0.0005,0.0005,0.0005,10000605,2016-05-25,2016-05-25,C,2.25,2016-03-24
6927,2016-05-16 14:28:00,2016-05-16,0.0005,0.0,0.0,23730.0,0.0005,0.0005,0.0005,10000605,2016-05-25,2016-05-25,C,2.25,2016-03-24
6928,2016-05-16 14:29:00,2016-05-16,0.0005,0.0,0.0,23730.0,0.0005,0.0005,0.0005,10000605,2016-05-25,2016-05-25,C,2.25,2016-03-24
6929,2016-05-16 14:30:00,2016-05-16,0.0005,0.0,0.0,23730.0,0.0005,0.0005,0.0005,10000605,2016-05-25,2016-05-25,C,2.25,2016-03-24
6930,2016-05-16 14:31:00,2016-05-16,0.0007,95.0,12.0,23730.0,0.0007,0.0007,0.0007,10000605,2016-05-25,2016-05-25,C,2.25,2016-03-24
6931,2016-05-16 14:32:00,2016-05-16,0.0008,208.0,26.0,23730.0,0.0008,0.0008,0.0008,10000605,2016-05-25,2016-05-25,C,2.25,2016-03-24
6932,2016-05-16 14:33:00,2016-05-16,0.0008,0.0,0.0,23730.0,0.0008,0.0008,0.0008,10000605,2016-05-25,2016-05-25,C,2.25,2016-03-24
6933,2016-05-16 14:34:00,2016-05-16,0.0008,0.0,0.0,23730.0,0.0008,0.0008,0.0008,10000605,2016-05-25,2016-05-25,C,2.25,2016-03-24
6934,2016-05-16 14:35:00,2016-05-16,0.0008,0.0,0.0,23730.0,0.0008,0.0008,0.0008,10000605,2016-05-25,2016-05-25,C,2.25,2016-03-24
6935,2016-05-16 14:36:00,2016-05-16,0.0008,16.0,2.0,23730.0,0.0008,0.0008,0.0008,10000605,2016-05-25,2016-05-25,C,2.25,2016-03-24
6936,2016-05-16 14:37:00,2016-05-16,0.0008,136.0,17.0,23730.0,0.0008,0.0008,0.0008,10000605,2016-05-25,2016-05-25,C,2.25,2016-03-24
6937,2016-05-16 14:38:00,2016-05-16,0.0008,0.0,0.0,23730.0,0.0008,0.0008,0.0008,10000605,2016-05-25,2016-05-25,C,2.25,2016-03-24
6938,2016-05-16 14:39:00,2016-05-16,0.0008,96.0,12.0,23730.0,0.0008,0.0008,0.0008,10000605,2016-05-25,2016-05-25,C,2.25,2016-03-24
6939,2016-05-16 14:40:00,2016-05-16,0.0008,0.0,0.0,23730.0,0.0008,0.0008,0.0008,10000605,2016-05-25,2016-05-25,C,2.25,2016-03-24
6940,2016-05-16 14:41:00,2016-05-16,0.0008,0.0,0.0,23730.0,0.0008,0.0008,0.0008,10000605,2016-05-25,2016-05-25,C,2.25,2016-03-24
6941,2016-05-16 14:42:00,2016-05-16,0.0008,0.0,0.0,23730.0,0.0008,0.0008,0.0008,10000605,2016-05-25,2016-05-25,C,2.25,2016-03-24
6942,2016-05-16 14:43:00,2016-05-16,0.0008,0.0,0.0,23730.0,0.0008,0.0008,0.0008,10000605,2016-05-25,2016-05-25,C,2.25,2016-03-24
6943,2016-05-16 14:44:00,2016-05-16,0.0008,0.0,0.0,23730.0,0.0008,0.0008,0.0008,10000605,2016-05-25,2016-05-25,C,2.25,2016-03-24
6944,2016-05-16 14:45:00,2016-05-16,0.0008,240.0,30.0,23720.0,0.0008,0.0008,0.0008,10000605,2016-05-25,2016-05-25,C,2.25,2016-03-24
6945,2016-05-16 14:46:00,2016-05-16,0.0008,0.0,0.0,23720.0,0.0008,0.0008,0.0008,10000605,2016-05-25,2016-05-25,C,2.25,2016-03-24
6946,2016-05-16 14:47:00,2016-05-16,0.0008,8.0,1.0,23720.0,0.0008,0.0008,0.0008,10000605,2016-05-25,2016-05-25,C,2.25,2016-03-24
6947,2016-05-16 14:48:00,2016-05-16,0.0008,0.0,0.0,23720.0,0.0008,0.0008,0.0008,10000605,2016-05-25,2016-05-25,C,2.25,2016-03-24
6948,2016-05-16 14:49:00,2016-05-16,0.0008,56.0,7.0,23720.0,0.0008,0.0008,0.0008,10000605,2016-05-25,2016-05-25,C,2.25,2016-03-24
6949,2016-05-16 14:50:00,2016-05-16,0.0008,0.0,0.0,23720.0,0.0008,0.0008,0.0008,10000605,2016-05-25,2016-05-25,C,2.25,2016-03-24
6950,2016-05-16 14:51:00,2016-05-16,0.0008,80.0,10.0,23716.0,0.0008,0.0008,0.0008,10000605,2016-05-25,2016-05-25,C,2.25,2016-03-24
6951,2016-05-16 14:52:00,2016-05-16,0.0008,80.0,10.0,23710.0,0.0008,0.0008,0.0008,10000605,2016-05-25,2016-05-25,C,2.25,2016-03-24
6952,2016-05-16 14:53:00,2016-05-16,0.0009,329.0,40.0,23700.0,0.0008,0.0009,0.0008,10000605,2016-05-25,2016-05-25,C,2.25,2016-03-24
6953,2016-05-16 14:54:00,2016-05-16,0.0009,276.0,31.0,23700.0,0.0009,0.0009,0.0006,10000605,2016-05-25,2016-05-25,C,2.25,2016-03-24
6954,2016-05-16 14:55:00,2016-05-16,0.0009,246.0,31.0,23700.0,0.0009,0.0008,0.0006,10000605,2016-05-25,2016-05-25,C,2.25,2016-03-24
6955,2016-05-16 14:56:00,2016-05-16,0.0008,326.0,41.0,23700.0,0.0006,0.0008,0.0006,10000605,2016-05-25,2016-05-25,C,2.25,2016-03-24
6956,2016-05-16 14:57:00,2016-05-16,0.0008,246.0,31.0,23700.0,0.0008,0.0008,0.0006,10000605,2016-05-25,2016-05-25,C,2.25,2016-03-24
6957,2016-05-16 14:58:00,2016-05-16,0.0008,0.0,0.0,23700.0,0.0008,0.0008,0.0008,10000605,2016-05-25,2016-05-25,C,2.25,2016-03-24
6958,2016-05-16 14:59:00,2016-05-16,0.0008,0.0,0.0,23700.0,0.0008,0.0008,0.0008,10000605,2016-05-25,2016-05-25,C,2.25,2016-03-24
6959,2016-05-16 15:00:00,2016-05-16,0.0008,0.0,0.0,23700.0,0.0008,0.0008,0.0008,10000605,2016-05-25,2016-05-25,C,2.25,2016-03-24
6960,2016-05-16 09:31:00,2016-05-16,0.08800000000000001,1751.0,2.0,1619.0,0.0871,0.08800000000000001,0.0871,10000616,2016-12-28,2016-12-28,C,2.055,2016-04-28
6961,2016-05-16 09:32:00,2016-05-16,0.08800000000000001,0.0,0.0,1619.0,0.08800000000000001,0.08800000000000001,0.08800000000000001,10000616,2016-12-28,2016-12-28,C,2.055,2016-04-28
6962,2016-05-16 09:33:00,2016-05-16,0.08800000000000001,0.0,0.0,1619.0,0.08800000000000001,0.08800000000000001,0.08800000000000001,10000616,2016-12-28,2016-12-28,C,2.055,2016-04-28
6963,2016-05-16 09:34:00,2016-05-16,0.08800000000000001,0.0,0.0,1619.0,0.08800000000000001,0.08800000000000001,0.08800000000000001,10000616,2016-12-28,2016-12-28,C,2.055,2016-04-28
6964,2016-05-16 09:35:00,2016-05-16,0.08800000000000001,0.0,0.0,1619.0,0.08800000000000001,0.08800000000000001,0.08800000000000001,10000616,2016-12-28,2016-12-28,C,2.055,2016-04-28
6965,2016-05-16 09:36:00,2016-05-16,0.08800000000000001,0.0,0.0,1619.0,0.08800000000000001,0.08800000000000001,0.08800000000000001,10000616,2016-12-28,2016-12-28,C,2.055,2016-04-28
6966,2016-05-16 09:37:00,2016-05-16,0.08800000000000001,0.0,0.0,1619.0,0.08800000000000001,0.08800000000000001,0.08800000000000001,10000616,2016-12-28,2016-12-28,C,2.055,2016-04-28
6967,2016-05-16 09:38:00,2016-05-16,0.08800000000000001,0.0,0.0,1619.0,0.08800000000000001,0.08800000000000001,0.08800000000000001,10000616,2016-12-28,2016-12-28,C,2.055,2016-04-28
6968,2016-05-16 09:39:00,2016-05-16,0.08800000000000001,0.0,0.0,1619.0,0.08800000000000001,0.08800000000000001,0.08800000000000001,10000616,2016-12-28,2016-12-28,C,2.055,2016-04-28
6969,2016-05-16 09:40:00,2016-05-16,0.08800000000000001,0.0,0.0,1619.0,0.08800000000000001,0.08800000000000001,0.08800000000000001,10000616,2016-12-28,2016-12-28,C,2.055,2016-04-28
6970,2016-05-16 09:41:00,2016-05-16,0.08800000000000001,0.0,0.0,1619.0,0.08800000000000001,0.08800000000000001,0.08800000000000001,10000616,2016-12-28,2016-12-28,C,2.055,2016-04-28
6971,2016-05-16 09:42:00,2016-05-16,0.08800000000000001,0.0,0.0,1619.0,0.08800000000000001,0.08800000000000001,0.08800000000000001,10000616,2016-12-28,2016-12-28,C,2.055,2016-04-28
6972,2016-05-16 09:43:00,2016-05-16,0.08800000000000001,0.0,0.0,1619.0,0.08800000000000001,0.08800000000000001,0.08800000000000001,10000616,2016-12-28,2016-12-28,C,2.055,2016-04-28
6973,2016-05-16 09:44:00,2016-05-16,0.08800000000000001,0.0,0.0,1619.0,0.08800000000000001,0.08800000000000001,0.08800000000000001,10000616,2016-12-28,2016-12-28,C,2.055,2016-04-28
6974,2016-05-16 09:45:00,2016-05-16,0.08800000000000001,0.0,0.0,1619.0,0.08800000000000001,0.08800000000000001,0.08800000000000001,10000616,2016-12-28,2016-12-28,C,2.055,2016-04-28
6975,2016-05-16 09:46:00,2016-05-16,0.08800000000000001,0.0,0.0,1619.0,0.08800000000000001,0.08800000000000001,0.08800000000000001,10000616,2016-12-28,2016-12-28,C,2.055,2016-04-28
6976,2016-05-16 09:47:00,2016-05-16,0.08800000000000001,0.0,0.0,1619.0,0.08800000000000001,0.08800000000000001,0.08800000000000001,10000616,2016-12-28,2016-12-28,C,2.055,2016-04-28
6977,2016-05-16 09:48:00,2016-05-16,0.09,1800.0,2.0,1619.0,0.08800000000000001,0.09,0.08800000000000001,10000616,2016-12-28,2016-12-28,C,2.055,2016-04-28
6978,2016-05-16 09:49:00,2016-05-16,0.09,0.0,0.0,1619.0,0.09,0.09,0.09,10000616,2016-12-28,2016-12-28,C,2.055,2016-04-28
6979,2016-05-16 09:50:00,2016-05-16,0.09,1792.0,2.0,1619.0,0.09,0.0896,0.0896,10000616,2016-12-28,2016-12-28,C,2.055,2016-04-28
6980,2016-05-16 09:51:00,2016-05-16,0.0896,0.0,0.0,1619.0,0.0896,0.0896,0.0896,10000616,2016-12-28,2016-12-28,C,2.055,2016-04-28
6981,2016-05-16 09:52:00,2016-05-16,0.0896,0.0,0.0,1619.0,0.0896,0.0896,0.0896,10000616,2016-12-28,2016-12-28,C,2.055,2016-04-28
6982,2016-05-16 09:53:00,2016-05-16,0.0896,0.0,0.0,1619.0,0.0896,0.0896,0.0896,10000616,2016-12-28,2016-12-28,C,2.055,2016-04-28
6983,2016-05-16 09:54:00,2016-05-16,0.0896,6219.0,7.0,1617.0,0.0896,0.0893,0.0885,10000616,2016-12-28,2016-12-28,C,2.055,2016-04-28
6984,2016-05-16 09:55:00,2016-05-16,0.0893,0.0,0.0,1617.0,0.0893,0.0893,0.0893,10000616,2016-12-28,2016-12-28,C,2.055,2016-04-28
6985,2016-05-16 09:56:00,2016-05-16,0.0893,0.0,0.0,1617.0,0.0893,0.0893,0.0893,10000616,2016-12-28,2016-12-28,C,2.055,2016-04-28
6986,2016-05-16 09:57:00,2016-05-16,0.0893,0.0,0.0,1617.0,0.0893,0.0893,0.0893,10000616,2016-12-28,2016-12-28,C,2.055,2016-04-28
6987,2016-05-16 09:58:00,2016-05-16,0.0893,0.0,0.0,1617.0,0.0893,0.0893,0.0893,10000616,2016-12-28,2016-12-28,C,2.055,2016-04-28
6988,2016-05-16 09:59:00,2016-05-16,0.0893,0.0,0.0,1617.0,0.0893,0.0893,0.0893,10000616,2016-12-28,2016-12-28,C,2.055,2016-04-28
6989,2016-05-16 10:00:00,2016-05-16,0.0893,0.0,0.0,1617.0,0.0893,0.0893,0.0893,10000616,2016-12-28,2016-12-28,C,2.055,2016-04-28
6990,2016-05-16 10:01:00,2016-05-16,0.0893,0.0,0.0,1617.0,0.0893,0.0893,0.0893,10000616,2016-12-28,2016-12-28,C,2.055,2016-04-28
6991,2016-05-16 10:02:00,2016-05-16,0.0893,0.0,0.0,1617.0,0.0893,0.0893,0.0893,10000616,2016-12-28,2016-12-28,C,2.055,2016-04-28
6992,2016-05-16 10:03:00,2016-05-16,0.0893,0.0,0.0,1617.0,0.0893,0.0893,0.0893,10000616,2016-12-28,2016-12-28,C,2.055,2016-04-28
6993,2016-05-16 10:04:00,2016-05-16,0.0893,0.0,0.0,1617.0,0.0893,0.0893,0.0893,10000616,2016-12-28,2016-12-28,C,2.055,2016-04-28
6994,2016-05-16 10:05:00,2016-05-16,0.0893,0.0,0.0,1617.0,0.0893,0.0893,0.0893,10000616,2016-12-28,2016-12-28,C,2.055,2016-04-28
6995,2016-05-16 10:06:00,2016-05-16,0.0893,0.0,0.0,1617.0,0.0893,0.0893,0.0893,10000616,2016-12-28,2016-12-28,C,2.055,2016-04-28
6996,2016-05-16 10:07:00,2016-05-16,0.0893,0.0,0.0,1617.0,0.0893,0.0893,0.0893,10000616,2016-12-28,2016-12-28,C,2.055,2016-04-28
6997,2016-05-16 10:08:00,2016-05-16,0.0893,0.0,0.0,1617.0,0.0893,0.0893,0.0893,10000616,2016-12-28,2016-12-28,C,2.055,2016-04-28
6998,2016-05-16 10:09:00,2016-05-16,0.0893,0.0,0.0,1617.0,0.0893,0.0893,0.0893,10000616,2016-12-28,2016-12-28,C,2.055,2016-04-28
6999,2016-05-16 10:10:00,2016-05-16,0.0893,0.0,0.0,1617.0,0.0893,0.0893,0.0893,10000616,2016-12-28,2016-12-28,C,2.055,2016-04-28
7000,2016-05-16 10:11:00,2016-05-16,0.0893,0.0,0.0,1617.0,0.0893,0.0893,0.0893,10000616,2016-12-28,2016-12-28,C,2.055,2016-04-28
7001,2016-05-16 10:12:00,2016-05-16,0.0893,0.0,0.0,1617.0,0.0893,0.0893,0.0893,10000616,2016-12-28,2016-12-28,C,2.055,2016-04-28
7002,2016-05-16 10:13:00,2016-05-16,0.0893,0.0,0.0,1617.0,0.0893,0.0893,0.0893,10000616,2016-12-28,2016-12-28,C,2.055,2016-04-28
7003,2016-05-16 10:14:00,2016-05-16,0.0893,0.0,0.0,1617.0,0.0893,0.0893,0.0893,10000616,2016-12-28,2016-12-28,C,2.055,2016-04-28
7004,2016-05-16 10:15:00,2016-05-16,0.0893,0.0,0.0,1617.0,0.0893,0.0893,0.0893,10000616,2016-12-28,2016-12-28,C,2.055,2016-04-28
7005,2016-05-16 10:16:00,2016-05-16,0.0893,0.0,0.0,1617.0,0.0893,0.0893,0.0893,10000616,2016-12-28,2016-12-28,C,2.055,2016-04-28
7006,2016-05-16 10:17:00,2016-05-16,0.0893,0.0,0.0,1617.0,0.0893,0.0893,0.0893,10000616,2016-12-28,2016-12-28,C,2.055,2016-04-28
7007,2016-05-16 10:18:00,2016-05-16,0.0893,0.0,0.0,1617.0,0.0893,0.0893,0.0893,10000616,2016-12-28,2016-12-28,C,2.055,2016-04-28
7008,2016-05-16 10:19:00,2016-05-16,0.0893,0.0,0.0,1617.0,0.0893,0.0893,0.0893,10000616,2016-12-28,2016-12-28,C,2.055,2016-04-28
7009,2016-05-16 10:20:00,2016-05-16,0.0893,0.0,0.0,1617.0,0.0893,0.0893,0.0893,10000616,2016-12-28,2016-12-28,C,2.055,2016-04-28
7010,2016-05-16 10:21:00,2016-05-16,0.0893,0.0,0.0,1617.0,0.0893,0.0893,0.0893,10000616,2016-12-28,2016-12-28,C,2.055,2016-04-28
7011,2016-05-16 10:22:00,2016-05-16,0.0893,0.0,0.0,1617.0,0.0893,0.0893,0.0893,10000616,2016-12-28,2016-12-28,C,2.055,2016-04-28
7012,2016-05-16 10:23:00,2016-05-16,0.0893,0.0,0.0,1617.0,0.0893,0.0893,0.0893,10000616,2016-12-28,2016-12-28,C,2.055,2016-04-28
7013,2016-05-16 10:24:00,2016-05-16,0.0893,0.0,0.0,1617.0,0.0893,0.0893,0.0893,10000616,2016-12-28,2016-12-28,C,2.055,2016-04-28
7014,2016-05-16 10:25:00,2016-05-16,0.0893,0.0,0.0,1617.0,0.0893,0.0893,0.0893,10000616,2016-12-28,2016-12-28,C,2.055,2016-04-28
7015,2016-05-16 10:26:00,2016-05-16,0.0893,0.0,0.0,1617.0,0.0893,0.0893,0.0893,10000616,2016-12-28,2016-12-28,C,2.055,2016-04-28
7016,2016-05-16 10:27:00,2016-05-16,0.0893,0.0,0.0,1617.0,0.0893,0.0893,0.0893,10000616,2016-12-28,2016-12-28,C,2.055,2016-04-28
7017,2016-05-16 10:28:00,2016-05-16,0.0893,0.0,0.0,1617.0,0.0893,0.0893,0.0893,10000616,2016-12-28,2016-12-28,C,2.055,2016-04-28
7018,2016-05-16 10:29:00,2016-05-16,0.0893,0.0,0.0,1617.0,0.0893,0.0893,0.0893,10000616,2016-12-28,2016-12-28,C,2.055,2016-04-28
7019,2016-05-16 10:30:00,2016-05-16,0.0893,0.0,0.0,1617.0,0.0893,0.0893,0.0893,10000616,2016-12-28,2016-12-28,C,2.055,2016-04-28
7020,2016-05-16 10:31:00,2016-05-16,0.0893,0.0,0.0,1617.0,0.0893,0.0893,0.0893,10000616,2016-12-28,2016-12-28,C,2.055,2016-04-28
7021,2016-05-16 10:32:00,2016-05-16,0.0893,0.0,0.0,1617.0,0.0893,0.0893,0.0893,10000616,2016-12-28,2016-12-28,C,2.055,2016-04-28
7022,2016-05-16 10:33:00,2016-05-16,0.0893,0.0,0.0,1617.0,0.0893,0.0893,0.0893,10000616,2016-12-28,2016-12-28,C,2.055,2016-04-28
7023,2016-05-16 10:34:00,2016-05-16,0.0893,0.0,0.0,1617.0,0.0893,0.0893,0.0893,10000616,2016-12-28,2016-12-28,C,2.055,2016-04-28
7024,2016-05-16 10:35:00,2016-05-16,0.0893,0.0,0.0,1617.0,0.0893,0.0893,0.0893,10000616,2016-12-28,2016-12-28,C,2.055,2016-04-28
7025,2016-05-16 10:36:00,2016-05-16,0.0893,0.0,0.0,1617.0,0.0893,0.0893,0.0893,10000616,2016-12-28,2016-12-28,C,2.055,2016-04-28
7026,2016-05-16 10:37:00,2016-05-16,0.0893,0.0,0.0,1617.0,0.0893,0.0893,0.0893,10000616,2016-12-28,2016-12-28,C,2.055,2016-04-28
7027,2016-05-16 10:38:00,2016-05-16,0.0893,1766.0,2.0,1619.0,0.0893,0.0883,0.0883,10000616,2016-12-28,2016-12-28,C,2.055,2016-04-28
7028,2016-05-16 10:39:00,2016-05-16,0.0883,0.0,0.0,1619.0,0.0883,0.0883,0.0883,10000616,2016-12-28,2016-12-28,C,2.055,2016-04-28
7029,2016-05-16 10:40:00,2016-05-16,0.0883,0.0,0.0,1619.0,0.0883,0.0883,0.0883,10000616,2016-12-28,2016-12-28,C,2.055,2016-04-28
7030,2016-05-16 10:41:00,2016-05-16,0.0883,0.0,0.0,1619.0,0.0883,0.0883,0.0883,10000616,2016-12-28,2016-12-28,C,2.055,2016-04-28
7031,2016-05-16 10:42:00,2016-05-16,0.0883,8790.0,10.0,1619.0,0.0883,0.0879,0.0879,10000616,2016-12-28,2016-12-28,C,2.055,2016-04-28
7032,2016-05-16 10:43:00,2016-05-16,0.0879,0.0,0.0,1619.0,0.0879,0.0879,0.0879,10000616,2016-12-28,2016-12-28,C,2.055,2016-04-28
7033,2016-05-16 10:44:00,2016-05-16,0.0879,0.0,0.0,1619.0,0.0879,0.0879,0.0879,10000616,2016-12-28,2016-12-28,C,2.055,2016-04-28
7034,2016-05-16 10:45:00,2016-05-16,0.0879,0.0,0.0,1619.0,0.0879,0.0879,0.0879,10000616,2016-12-28,2016-12-28,C,2.055,2016-04-28
7035,2016-05-16 10:46:00,2016-05-16,0.0884,1768.0,2.0,1619.0,0.0879,0.0884,0.0879,10000616,2016-12-28,2016-12-28,C,2.055,2016-04-28
7036,2016-05-16 10:47:00,2016-05-16,0.0884,0.0,0.0,1619.0,0.0884,0.0884,0.0884,10000616,2016-12-28,2016-12-28,C,2.055,2016-04-28
7037,2016-05-16 10:48:00,2016-05-16,0.0884,0.0,0.0,1619.0,0.0884,0.0884,0.0884,10000616,2016-12-28,2016-12-28,C,2.055,2016-04-28
7038,2016-05-16 10:49:00,2016-05-16,0.0884,0.0,0.0,1619.0,0.0884,0.0884,0.0884,10000616,2016-12-28,2016-12-28,C,2.055,2016-04-28
7039,2016-05-16 10:50:00,2016-05-16,0.0884,0.0,0.0,1619.0,0.0884,0.0884,0.0884,10000616,2016-12-28,2016-12-28,C,2.055,2016-04-28
7040,2016-05-16 10:51:00,2016-05-16,0.0898,4488.0,5.0,1624.0,0.0884,0.0898,0.0884,10000616,2016-12-28,2016-12-28,C,2.055,2016-04-28
7041,2016-05-16 10:52:00,2016-05-16,0.0898,0.0,0.0,1624.0,0.0898,0.0898,0.0898,10000616,2016-12-28,2016-12-28,C,2.055,2016-04-28
7042,2016-05-16 10:53:00,2016-05-16,0.0898,0.0,0.0,1624.0,0.0898,0.0898,0.0898,10000616,2016-12-28,2016-12-28,C,2.055,2016-04-28
7043,2016-05-16 10:54:00,2016-05-16,0.0898,0.0,0.0,1624.0,0.0898,0.0898,0.0898,10000616,2016-12-28,2016-12-28,C,2.055,2016-04-28
7044,2016-05-16 10:55:00,2016-05-16,0.0898,0.0,0.0,1624.0,0.0898,0.0898,0.0898,10000616,2016-12-28,2016-12-28,C,2.055,2016-04-28
7045,2016-05-16 10:56:00,2016-05-16,0.0912,37170.0,41.0,1635.0,0.0898,0.0912,0.0898,10000616,2016-12-28,2016-12-28,C,2.055,2016-04-28
7046,2016-05-16 10:57:00,2016-05-16,0.0912,0.0,0.0,1635.0,0.0912,0.0912,0.0912,10000616,2016-12-28,2016-12-28,C,2.055,2016-04-28
7047,2016-05-16 10:58:00,2016-05-16,0.0912,0.0,0.0,1635.0,0.0912,0.0912,0.0912,10000616,2016-12-28,2016-12-28,C,2.055,2016-04-28
7048,2016-05-16 10:59:00,2016-05-16,0.0919,18380.0,20.0,1653.0,0.0912,0.0919,0.0912,10000616,2016-12-28,2016-12-28,C,2.055,2016-04-28
7049,2016-05-16 11:00:00,2016-05-16,0.0919,0.0,0.0,1653.0,0.0919,0.0919,0.0919,10000616,2016-12-28,2016-12-28,C,2.055,2016-04-28
7050,2016-05-16 11:01:00,2016-05-16,0.0919,0.0,0.0,1653.0,0.0919,0.0919,0.0919,10000616,2016-12-28,2016-12-28,C,2.055,2016-04-28
7051,2016-05-16 11:02:00,2016-05-16,0.0919,0.0,0.0,1653.0,0.0919,0.0919,0.0919,10000616,2016-12-28,2016-12-28,C,2.055,2016-04-28
7052,2016-05-16 11:03:00,2016-05-16,0.092,9200.0,10.0,1653.0,0.092,0.092,0.092,10000616,2016-12-28,2016-12-28,C,2.055,2016-04-28
7053,2016-05-16 11:04:00,2016-05-16,0.092,0.0,0.0,1653.0,0.092,0.092,0.092,10000616,2016-12-28,2016-12-28,C,2.055,2016-04-28
7054,2016-05-16 11:05:00,2016-05-16,0.092,0.0,0.0,1653.0,0.092,0.092,0.092,10000616,2016-12-28,2016-12-28,C,2.055,2016-04-28
7055,2016-05-16 11:06:00,2016-05-16,0.092,0.0,0.0,1653.0,0.092,0.092,0.092,10000616,2016-12-28,2016-12-28,C,2.055,2016-04-28
7056,2016-05-16 11:07:00,2016-05-16,0.092,0.0,0.0,1653.0,0.092,0.092,0.092,10000616,2016-12-28,2016-12-28,C,2.055,2016-04-28
7057,2016-05-16 11:08:00,2016-05-16,0.092,0.0,0.0,1653.0,0.092,0.092,0.092,10000616,2016-12-28,2016-12-28,C,2.055,2016-04-28
7058,2016-05-16 11:09:00,2016-05-16,0.092,0.0,0.0,1653.0,0.092,0.092,0.092,10000616,2016-12-28,2016-12-28,C,2.055,2016-04-28
7059,2016-05-16 11:10:00,2016-05-16,0.092,0.0,0.0,1653.0,0.092,0.092,0.092,10000616,2016-12-28,2016-12-28,C,2.055,2016-04-28
7060,2016-05-16 11:11:00,2016-05-16,0.092,0.0,0.0,1653.0,0.092,0.092,0.092,10000616,2016-12-28,2016-12-28,C,2.055,2016-04-28
7061,2016-05-16 11:12:00,2016-05-16,0.092,0.0,0.0,1653.0,0.092,0.092,0.092,10000616,2016-12-28,2016-12-28,C,2.055,2016-04-28
7062,2016-05-16 11:13:00,2016-05-16,0.092,0.0,0.0,1653.0,0.092,0.092,0.092,10000616,2016-12-28,2016-12-28,C,2.055,2016-04-28
7063,2016-05-16 11:14:00,2016-05-16,0.092,0.0,0.0,1653.0,0.092,0.092,0.092,10000616,2016-12-28,2016-12-28,C,2.055,2016-04-28
7064,2016-05-16 11:15:00,2016-05-16,0.092,3680.0,4.0,1653.0,0.092,0.092,0.092,10000616,2016-12-28,2016-12-28,C,2.055,2016-04-28
7065,2016-05-16 11:16:00,2016-05-16,0.0916,9160.0,10.0,1653.0,0.0916,0.0916,0.0916,10000616,2016-12-28,2016-12-28,C,2.055,2016-04-28
7066,2016-05-16 11:17:00,2016-05-16,0.0916,0.0,0.0,1653.0,0.0916,0.0916,0.0916,10000616,2016-12-28,2016-12-28,C,2.055,2016-04-28
7067,2016-05-16 11:18:00,2016-05-16,0.0916,11908.0,13.0,1663.0,0.0916,0.0916,0.0916,10000616,2016-12-28,2016-12-28,C,2.055,2016-04-28
7068,2016-05-16 11:19:00,2016-05-16,0.0916,18320.0,20.0,1663.0,0.0916,0.0916,0.0916,10000616,2016-12-28,2016-12-28,C,2.055,2016-04-28
7069,2016-05-16 11:20:00,2016-05-16,0.0916,2748.0,3.0,1663.0,0.0916,0.0916,0.0916,10000616,2016-12-28,2016-12-28,C,2.055,2016-04-28
7070,2016-05-16 11:21:00,2016-05-16,0.0916,12824.0,14.0,1663.0,0.0916,0.0916,0.0916,10000616,2016-12-28,2016-12-28,C,2.055,2016-04-28
7071,2016-05-16 11:22:00,2016-05-16,0.0916,1832.0,2.0,1663.0,0.0916,0.0916,0.0916,10000616,2016-12-28,2016-12-28,C,2.055,2016-04-28
7072,2016-05-16 11:23:00,2016-05-16,0.0916,0.0,0.0,1663.0,0.0916,0.0916,0.0916,10000616,2016-12-28,2016-12-28,C,2.055,2016-04-28
7073,2016-05-16 11:24:00,2016-05-16,0.0916,0.0,0.0,1663.0,0.0916,0.0916,0.0916,10000616,2016-12-28,2016-12-28,C,2.055,2016-04-28
7074,2016-05-16 11:25:00,2016-05-16,0.0916,0.0,0.0,1663.0,0.0916,0.0916,0.0916,10000616,2016-12-28,2016-12-28,C,2.055,2016-04-28
7075,2016-05-16 11:26:00,2016-05-16,0.0916,0.0,0.0,1663.0,0.0916,0.0916,0.0916,10000616,2016-12-28,2016-12-28,C,2.055,2016-04-28
7076,2016-05-16 11:27:00,2016-05-16,0.0916,0.0,0.0,1663.0,0.0916,0.0916,0.0916,10000616,2016-12-28,2016-12-28,C,2.055,2016-04-28
7077,2016-05-16 11:28:00,2016-05-16,0.0916,0.0,0.0,1663.0,0.0916,0.0916,0.0916,10000616,2016-12-28,2016-12-28,C,2.055,2016-04-28
7078,2016-05-16 11:29:00,2016-05-16,0.0916,0.0,0.0,1663.0,0.0916,0.0916,0.0916,10000616,2016-12-28,2016-12-28,C,2.055,2016-04-28
7079,2016-05-16 11:30:00,2016-05-16,0.0916,0.0,0.0,1663.0,0.0916,0.0916,0.0916,10000616,2016-12-28,2016-12-28,C,2.055,2016-04-28
7080,2016-05-16 13:01:00,2016-05-16,0.0916,0.0,0.0,1663.0,0.0916,0.0916,0.0916,10000616,2016-12-28,2016-12-28,C,2.055,2016-04-28
7081,2016-05-16 13:02:00,2016-05-16,0.0916,0.0,0.0,1663.0,0.0916,0.0916,0.0916,10000616,2016-12-28,2016-12-28,C,2.055,2016-04-28
7082,2016-05-16 13:03:00,2016-05-16,0.0916,0.0,0.0,1663.0,0.0916,0.0916,0.0916,10000616,2016-12-28,2016-12-28,C,2.055,2016-04-28
7083,2016-05-16 13:04:00,2016-05-16,0.0916,0.0,0.0,1663.0,0.0916,0.0916,0.0916,10000616,2016-12-28,2016-12-28,C,2.055,2016-04-28
7084,2016-05-16 13:05:00,2016-05-16,0.0916,0.0,0.0,1663.0,0.0916,0.0916,0.0916,10000616,2016-12-28,2016-12-28,C,2.055,2016-04-28
7085,2016-05-16 13:06:00,2016-05-16,0.0916,0.0,0.0,1663.0,0.0916,0.0916,0.0916,10000616,2016-12-28,2016-12-28,C,2.055,2016-04-28
7086,2016-05-16 13:07:00,2016-05-16,0.0916,0.0,0.0,1663.0,0.0916,0.0916,0.0916,10000616,2016-12-28,2016-12-28,C,2.055,2016-04-28
7087,2016-05-16 13:08:00,2016-05-16,0.0916,0.0,0.0,1663.0,0.0916,0.0916,0.0916,10000616,2016-12-28,2016-12-28,C,2.055,2016-04-28
7088,2016-05-16 13:09:00,2016-05-16,0.0916,0.0,0.0,1663.0,0.0916,0.0916,0.0916,10000616,2016-12-28,2016-12-28,C,2.055,2016-04-28
7089,2016-05-16 13:10:00,2016-05-16,0.0916,0.0,0.0,1663.0,0.0916,0.0916,0.0916,10000616,2016-12-28,2016-12-28,C,2.055,2016-04-28
7090,2016-05-16 13:11:00,2016-05-16,0.0916,0.0,0.0,1663.0,0.0916,0.0916,0.0916,10000616,2016-12-28,2016-12-28,C,2.055,2016-04-28
7091,2016-05-16 13:12:00,2016-05-16,0.0916,10868.0,12.0,1653.0,0.0916,0.0906,0.0904,10000616,2016-12-28,2016-12-28,C,2.055,2016-04-28
7092,2016-05-16 13:13:00,2016-05-16,0.0914,1828.0,2.0,1653.0,0.0906,0.0914,0.0906,10000616,2016-12-28,2016-12-28,C,2.055,2016-04-28
7093,2016-05-16 13:14:00,2016-05-16,0.0914,0.0,0.0,1653.0,0.0914,0.0914,0.0914,10000616,2016-12-28,2016-12-28,C,2.055,2016-04-28
7094,2016-05-16 13:15:00,2016-05-16,0.0914,0.0,0.0,1653.0,0.0914,0.0914,0.0914,10000616,2016-12-28,2016-12-28,C,2.055,2016-04-28
7095,2016-05-16 13:16:00,2016-05-16,0.0914,9050.0,10.0,1663.0,0.0914,0.0905,0.0905,10000616,2016-12-28,2016-12-28,C,2.055,2016-04-28
7096,2016-05-16 13:17:00,2016-05-16,0.0905,9040.0,10.0,1673.0,0.0905,0.0904,0.0904,10000616,2016-12-28,2016-12-28,C,2.055,2016-04-28
7097,2016-05-16 13:18:00,2016-05-16,0.0904,0.0,0.0,1673.0,0.0904,0.0904,0.0904,10000616,2016-12-28,2016-12-28,C,2.055,2016-04-28
7098,2016-05-16 13:19:00,2016-05-16,0.0904,0.0,0.0,1673.0,0.0904,0.0904,0.0904,10000616,2016-12-28,2016-12-28,C,2.055,2016-04-28
7099,2016-05-16 13:20:00,2016-05-16,0.0904,0.0,0.0,1673.0,0.0904,0.0904,0.0904,10000616,2016-12-28,2016-12-28,C,2.055,2016-04-28
7100,2016-05-16 13:21:00,2016-05-16,0.0904,0.0,0.0,1673.0,0.0904,0.0904,0.0904,10000616,2016-12-28,2016-12-28,C,2.055,2016-04-28
7101,2016-05-16 13:22:00,2016-05-16,0.0904,0.0,0.0,1673.0,0.0904,0.0904,0.0904,10000616,2016-12-28,2016-12-28,C,2.055,2016-04-28
7102,2016-05-16 13:23:00,2016-05-16,0.0904,9030.0,10.0,1673.0,0.0904,0.0903,0.0903,10000616,2016-12-28,2016-12-28,C,2.055,2016-04-28
7103,2016-05-16 13:24:00,2016-05-16,0.0903,0.0,0.0,1673.0,0.0903,0.0903,0.0903,10000616,2016-12-28,2016-12-28,C,2.055,2016-04-28
7104,2016-05-16 13:25:00,2016-05-16,0.0903,0.0,0.0,1673.0,0.0903,0.0903,0.0903,10000616,2016-12-28,2016-12-28,C,2.055,2016-04-28
7105,2016-05-16 13:26:00,2016-05-16,0.0903,0.0,0.0,1673.0,0.0903,0.0903,0.0903,10000616,2016-12-28,2016-12-28,C,2.055,2016-04-28
7106,2016-05-16 13:27:00,2016-05-16,0.0903,0.0,0.0,1673.0,0.0903,0.0903,0.0903,10000616,2016-12-28,2016-12-28,C,2.055,2016-04-28
7107,2016-05-16 13:28:00,2016-05-16,0.0903,0.0,0.0,1673.0,0.0903,0.0903,0.0903,10000616,2016-12-28,2016-12-28,C,2.055,2016-04-28
7108,2016-05-16 13:29:00,2016-05-16,0.0903,0.0,0.0,1673.0,0.0903,0.0903,0.0903,10000616,2016-12-28,2016-12-28,C,2.055,2016-04-28
7109,2016-05-16 13:30:00,2016-05-16,0.0903,0.0,0.0,1673.0,0.0903,0.0903,0.0903,10000616,2016-12-28,2016-12-28,C,2.055,2016-04-28
7110,2016-05-16 13:31:00,2016-05-16,0.0909,4545.0,5.0,1673.0,0.0903,0.0909,0.0903,10000616,2016-12-28,2016-12-28,C,2.055,2016-04-28
7111,2016-05-16 13:32:00,2016-05-16,0.0909,3604.0,4.0,1673.0,0.0909,0.0901,0.0901,10000616,2016-12-28,2016-12-28,C,2.055,2016-04-28
7112,2016-05-16 13:33:00,2016-05-16,0.0901,0.0,0.0,1673.0,0.0901,0.0901,0.0901,10000616,2016-12-28,2016-12-28,C,2.055,2016-04-28
7113,2016-05-16 13:34:00,2016-05-16,0.0901,6272.0,7.0,1680.0,0.0901,0.0896,0.0896,10000616,2016-12-28,2016-12-28,C,2.055,2016-04-28
7114,2016-05-16 13:35:00,2016-05-16,0.0896,0.0,0.0,1680.0,0.0896,0.0896,0.0896,10000616,2016-12-28,2016-12-28,C,2.055,2016-04-28
7115,2016-05-16 13:36:00,2016-05-16,0.0896,0.0,0.0,1680.0,0.0896,0.0896,0.0896,10000616,2016-12-28,2016-12-28,C,2.055,2016-04-28
7116,2016-05-16 13:37:00,2016-05-16,0.0896,0.0,0.0,1680.0,0.0896,0.0896,0.0896,10000616,2016-12-28,2016-12-28,C,2.055,2016-04-28
7117,2016-05-16 13:38:00,2016-05-16,0.0896,0.0,0.0,1680.0,0.0896,0.0896,0.0896,10000616,2016-12-28,2016-12-28,C,2.055,2016-04-28
7118,2016-05-16 13:39:00,2016-05-16,0.0896,0.0,0.0,1680.0,0.0896,0.0896,0.0896,10000616,2016-12-28,2016-12-28,C,2.055,2016-04-28
7119,2016-05-16 13:40:00,2016-05-16,0.0896,0.0,0.0,1680.0,0.0896,0.0896,0.0896,10000616,2016-12-28,2016-12-28,C,2.055,2016-04-28
7120,2016-05-16 13:41:00,2016-05-16,0.0896,0.0,0.0,1680.0,0.0896,0.0896,0.0896,10000616,2016-12-28,2016-12-28,C,2.055,2016-04-28
7121,2016-05-16 13:42:00,2016-05-16,0.0896,0.0,0.0,1680.0,0.0896,0.0896,0.0896,10000616,2016-12-28,2016-12-28,C,2.055,2016-04-28
7122,2016-05-16 13:43:00,2016-05-16,0.0896,0.0,0.0,1680.0,0.0896,0.0896,0.0896,10000616,2016-12-28,2016-12-28,C,2.055,2016-04-28
7123,2016-05-16 13:44:00,2016-05-16,0.0896,0.0,0.0,1680.0,0.0896,0.0896,0.0896,10000616,2016-12-28,2016-12-28,C,2.055,2016-04-28
7124,2016-05-16 13:45:00,2016-05-16,0.0896,0.0,0.0,1680.0,0.0896,0.0896,0.0896,10000616,2016-12-28,2016-12-28,C,2.055,2016-04-28
7125,2016-05-16 13:46:00,2016-05-16,0.0896,0.0,0.0,1680.0,0.0896,0.0896,0.0896,10000616,2016-12-28,2016-12-28,C,2.055,2016-04-28
7126,2016-05-16 13:47:00,2016-05-16,0.0896,0.0,0.0,1680.0,0.0896,0.0896,0.0896,10000616,2016-12-28,2016-12-28,C,2.055,2016-04-28
7127,2016-05-16 13:48:00,2016-05-16,0.0896,0.0,0.0,1680.0,0.0896,0.0896,0.0896,10000616,2016-12-28,2016-12-28,C,2.055,2016-04-28
7128,2016-05-16 13:49:00,2016-05-16,0.0913,1826.0,2.0,1682.0,0.0896,0.0913,0.0896,10000616,2016-12-28,2016-12-28,C,2.055,2016-04-28
7129,2016-05-16 13:50:00,2016-05-16,0.0913,0.0,0.0,1682.0,0.0913,0.0913,0.0913,10000616,2016-12-28,2016-12-28,C,2.055,2016-04-28
7130,2016-05-16 13:51:00,2016-05-16,0.0913,0.0,0.0,1682.0,0.0913,0.0913,0.0913,10000616,2016-12-28,2016-12-28,C,2.055,2016-04-28
7131,2016-05-16 13:52:00,2016-05-16,0.0913,0.0,0.0,1682.0,0.0913,0.0913,0.0913,10000616,2016-12-28,2016-12-28,C,2.055,2016-04-28
7132,2016-05-16 13:53:00,2016-05-16,0.0913,0.0,0.0,1682.0,0.0913,0.0913,0.0913,10000616,2016-12-28,2016-12-28,C,2.055,2016-04-28
7133,2016-05-16 13:54:00,2016-05-16,0.0913,0.0,0.0,1682.0,0.0913,0.0913,0.0913,10000616,2016-12-28,2016-12-28,C,2.055,2016-04-28
7134,2016-05-16 13:55:00,2016-05-16,0.0913,0.0,0.0,1682.0,0.0913,0.0913,0.0913,10000616,2016-12-28,2016-12-28,C,2.055,2016-04-28
7135,2016-05-16 13:56:00,2016-05-16,0.0913,1817.0,2.0,1683.0,0.0913,0.0909,0.0908,10000616,2016-12-28,2016-12-28,C,2.055,2016-04-28
7136,2016-05-16 13:57:00,2016-05-16,0.0909,0.0,0.0,1683.0,0.0909,0.0909,0.0909,10000616,2016-12-28,2016-12-28,C,2.055,2016-04-28
7137,2016-05-16 13:58:00,2016-05-16,0.0909,0.0,0.0,1683.0,0.0909,0.0909,0.0909,10000616,2016-12-28,2016-12-28,C,2.055,2016-04-28
7138,2016-05-16 13:59:00,2016-05-16,0.0909,0.0,0.0,1683.0,0.0909,0.0909,0.0909,10000616,2016-12-28,2016-12-28,C,2.055,2016-04-28
7139,2016-05-16 14:00:00,2016-05-16,0.0909,0.0,0.0,1683.0,0.0909,0.0909,0.0909,10000616,2016-12-28,2016-12-28,C,2.055,2016-04-28
7140,2016-05-16 14:01:00,2016-05-16,0.0909,0.0,0.0,1683.0,0.0909,0.0909,0.0909,10000616,2016-12-28,2016-12-28,C,2.055,2016-04-28
7141,2016-05-16 14:02:00,2016-05-16,0.0909,0.0,0.0,1683.0,0.0909,0.0909,0.0909,10000616,2016-12-28,2016-12-28,C,2.055,2016-04-28
7142,2016-05-16 14:03:00,2016-05-16,0.0909,0.0,0.0,1683.0,0.0909,0.0909,0.0909,10000616,2016-12-28,2016-12-28,C,2.055,2016-04-28
7143,2016-05-16 14:04:00,2016-05-16,0.0909,0.0,0.0,1683.0,0.0909,0.0909,0.0909,10000616,2016-12-28,2016-12-28,C,2.055,2016-04-28
7144,2016-05-16 14:05:00,2016-05-16,0.0909,0.0,0.0,1683.0,0.0909,0.0909,0.0909,10000616,2016-12-28,2016-12-28,C,2.055,2016-04-28
7145,2016-05-16 14:06:00,2016-05-16,0.0909,8900.0,10.0,1683.0,0.0909,0.08900000000000001,0.08900000000000001,10000616,2016-12-28,2016-12-28,C,2.055,2016-04-28
7146,2016-05-16 14:07:00,2016-05-16,0.08900000000000001,0.0,0.0,1683.0,0.08900000000000001,0.08900000000000001,0.08900000000000001,10000616,2016-12-28,2016-12-28,C,2.055,2016-04-28
7147,2016-05-16 14:08:00,2016-05-16,0.08900000000000001,0.0,0.0,1683.0,0.08900000000000001,0.08900000000000001,0.08900000000000001,10000616,2016-12-28,2016-12-28,C,2.055,2016-04-28
7148,2016-05-16 14:09:00,2016-05-16,0.08900000000000001,0.0,0.0,1683.0,0.08900000000000001,0.08900000000000001,0.08900000000000001,10000616,2016-12-28,2016-12-28,C,2.055,2016-04-28
7149,2016-05-16 14:10:00,2016-05-16,0.08900000000000001,0.0,0.0,1683.0,0.08900000000000001,0.08900000000000001,0.08900000000000001,10000616,2016-12-28,2016-12-28,C,2.055,2016-04-28
7150,2016-05-16 14:11:00,2016-05-16,0.08900000000000001,0.0,0.0,1683.0,0.08900000000000001,0.08900000000000001,0.08900000000000001,10000616,2016-12-28,2016-12-28,C,2.055,2016-04-28
7151,2016-05-16 14:12:00,2016-05-16,0.0906,906.0,1.0,1684.0,0.08900000000000001,0.0906,0.08900000000000001,10000616,2016-12-28,2016-12-28,C,2.055,2016-04-28
7152,2016-05-16 14:13:00,2016-05-16,0.0906,0.0,0.0,1684.0,0.0906,0.0906,0.0906,10000616,2016-12-28,2016-12-28,C,2.055,2016-04-28
7153,2016-05-16 14:14:00,2016-05-16,0.0906,0.0,0.0,1684.0,0.0906,0.0906,0.0906,10000616,2016-12-28,2016-12-28,C,2.055,2016-04-28
7154,2016-05-16 14:15:00,2016-05-16,0.0906,0.0,0.0,1684.0,0.0906,0.0906,0.0906,10000616,2016-12-28,2016-12-28,C,2.055,2016-04-28
7155,2016-05-16 14:16:00,2016-05-16,0.0906,888.0,1.0,1685.0,0.0906,0.0888,0.0888,10000616,2016-12-28,2016-12-28,C,2.055,2016-04-28
7156,2016-05-16 14:17:00,2016-05-16,0.09,1800.0,2.0,1685.0,0.0888,0.09,0.0888,10000616,2016-12-28,2016-12-28,C,2.055,2016-04-28
7157,2016-05-16 14:18:00,2016-05-16,0.09,6300.0,7.0,1685.0,0.09,0.09,0.09,10000616,2016-12-28,2016-12-28,C,2.055,2016-04-28
7158,2016-05-16 14:19:00,2016-05-16,0.09,0.0,0.0,1685.0,0.09,0.09,0.09,10000616,2016-12-28,2016-12-28,C,2.055,2016-04-28
7159,2016-05-16 14:20:00,2016-05-16,0.09,0.0,0.0,1685.0,0.09,0.09,0.09,10000616,2016-12-28,2016-12-28,C,2.055,2016-04-28
7160,2016-05-16 14:21:00,2016-05-16,0.09,1788.0,2.0,1686.0,0.09,0.0888,0.0888,10000616,2016-12-28,2016-12-28,C,2.055,2016-04-28
7161,2016-05-16 14:22:00,2016-05-16,0.0888,0.0,0.0,1686.0,0.0888,0.0888,0.0888,10000616,2016-12-28,2016-12-28,C,2.055,2016-04-28
7162,2016-05-16 14:23:00,2016-05-16,0.0888,0.0,0.0,1686.0,0.0888,0.0888,0.0888,10000616,2016-12-28,2016-12-28,C,2.055,2016-04-28
7163,2016-05-16 14:24:00,2016-05-16,0.0888,0.0,0.0,1686.0,0.0888,0.0888,0.0888,10000616,2016-12-28,2016-12-28,C,2.055,2016-04-28
7164,2016-05-16 14:25:00,2016-05-16,0.0888,0.0,0.0,1686.0,0.0888,0.0888,0.0888,10000616,2016-12-28,2016-12-28,C,2.055,2016-04-28
7165,2016-05-16 14:26:00,2016-05-16,0.0888,0.0,0.0,1686.0,0.0888,0.0888,0.0888,10000616,2016-12-28,2016-12-28,C,2.055,2016-04-28
7166,2016-05-16 14:27:00,2016-05-16,0.0888,0.0,0.0,1686.0,0.0888,0.0888,0.0888,10000616,2016-12-28,2016-12-28,C,2.055,2016-04-28
7167,2016-05-16 14:28:00,2016-05-16,0.0888,0.0,0.0,1686.0,0.0888,0.0888,0.0888,10000616,2016-12-28,2016-12-28,C,2.055,2016-04-28
7168,2016-05-16 14:29:00,2016-05-16,0.0888,0.0,0.0,1686.0,0.0888,0.0888,0.0888,10000616,2016-12-28,2016-12-28,C,2.055,2016-04-28
7169,2016-05-16 14:30:00,2016-05-16,0.0888,0.0,0.0,1686.0,0.0888,0.0888,0.0888,10000616,2016-12-28,2016-12-28,C,2.055,2016-04-28
7170,2016-05-16 14:31:00,2016-05-16,0.09,900.0,1.0,1686.0,0.0888,0.09,0.0888,10000616,2016-12-28,2016-12-28,C,2.055,2016-04-28
7171,2016-05-16 14:32:00,2016-05-16,0.09,0.0,0.0,1686.0,0.09,0.09,0.09,10000616,2016-12-28,2016-12-28,C,2.055,2016-04-28
7172,2016-05-16 14:33:00,2016-05-16,0.09,4500.0,5.0,1691.0,0.09,0.09,0.09,10000616,2016-12-28,2016-12-28,C,2.055,2016-04-28
7173,2016-05-16 14:34:00,2016-05-16,0.09,3600.0,4.0,1695.0,0.09,0.09,0.09,10000616,2016-12-28,2016-12-28,C,2.055,2016-04-28
7174,2016-05-16 14:35:00,2016-05-16,0.09,0.0,0.0,1695.0,0.09,0.09,0.09,10000616,2016-12-28,2016-12-28,C,2.055,2016-04-28
7175,2016-05-16 14:36:00,2016-05-16,0.09,0.0,0.0,1695.0,0.09,0.09,0.09,10000616,2016-12-28,2016-12-28,C,2.055,2016-04-28
7176,2016-05-16 14:37:00,2016-05-16,0.09,0.0,0.0,1695.0,0.09,0.09,0.09,10000616,2016-12-28,2016-12-28,C,2.055,2016-04-28
7177,2016-05-16 14:38:00,2016-05-16,0.09,0.0,0.0,1695.0,0.09,0.09,0.09,10000616,2016-12-28,2016-12-28,C,2.055,2016-04-28
7178,2016-05-16 14:39:00,2016-05-16,0.09,0.0,0.0,1695.0,0.09,0.09,0.09,10000616,2016-12-28,2016-12-28,C,2.055,2016-04-28
7179,2016-05-16 14:40:00,2016-05-16,0.09,0.0,0.0,1695.0,0.09,0.09,0.09,10000616,2016-12-28,2016-12-28,C,2.055,2016-04-28
7180,2016-05-16 14:41:00,2016-05-16,0.09,0.0,0.0,1695.0,0.09,0.09,0.09,10000616,2016-12-28,2016-12-28,C,2.055,2016-04-28
7181,2016-05-16 14:42:00,2016-05-16,0.09,0.0,0.0,1695.0,0.09,0.09,0.09,10000616,2016-12-28,2016-12-28,C,2.055,2016-04-28
7182,2016-05-16 14:43:00,2016-05-16,0.09,4490.0,5.0,1695.0,0.09,0.0898,0.0898,10000616,2016-12-28,2016-12-28,C,2.055,2016-04-28
7183,2016-05-16 14:44:00,2016-05-16,0.0898,0.0,0.0,1695.0,0.0898,0.0898,0.0898,10000616,2016-12-28,2016-12-28,C,2.055,2016-04-28
7184,2016-05-16 14:45:00,2016-05-16,0.0898,0.0,0.0,1695.0,0.0898,0.0898,0.0898,10000616,2016-12-28,2016-12-28,C,2.055,2016-04-28
7185,2016-05-16 14:46:00,2016-05-16,0.0898,0.0,0.0,1695.0,0.0898,0.0898,0.0898,10000616,2016-12-28,2016-12-28,C,2.055,2016-04-28
7186,2016-05-16 14:47:00,2016-05-16,0.0898,0.0,0.0,1695.0,0.0898,0.0898,0.0898,10000616,2016-12-28,2016-12-28,C,2.055,2016-04-28
7187,2016-05-16 14:48:00,2016-05-16,0.0898,0.0,0.0,1695.0,0.0898,0.0898,0.0898,10000616,2016-12-28,2016-12-28,C,2.055,2016-04-28
7188,2016-05-16 14:49:00,2016-05-16,0.0898,0.0,0.0,1695.0,0.0898,0.0898,0.0898,10000616,2016-12-28,2016-12-28,C,2.055,2016-04-28
7189,2016-05-16 14:50:00,2016-05-16,0.0898,4485.0,5.0,1695.0,0.0898,0.0897,0.0897,10000616,2016-12-28,2016-12-28,C,2.055,2016-04-28
7190,2016-05-16 14:51:00,2016-05-16,0.0897,0.0,0.0,1695.0,0.0897,0.0897,0.0897,10000616,2016-12-28,2016-12-28,C,2.055,2016-04-28
7191,2016-05-16 14:52:00,2016-05-16,0.0909,3636.0,4.0,1699.0,0.0897,0.0909,0.0897,10000616,2016-12-28,2016-12-28,C,2.055,2016-04-28
7192,2016-05-16 14:53:00,2016-05-16,0.0909,0.0,0.0,1699.0,0.0909,0.0909,0.0909,10000616,2016-12-28,2016-12-28,C,2.055,2016-04-28
7193,2016-05-16 14:54:00,2016-05-16,0.0909,0.0,0.0,1699.0,0.0909,0.0909,0.0909,10000616,2016-12-28,2016-12-28,C,2.055,2016-04-28
7194,2016-05-16 14:55:00,2016-05-16,0.0932,13830.0,15.0,1699.0,0.0909,0.0932,0.0897,10000616,2016-12-28,2016-12-28,C,2.055,2016-04-28
7195,2016-05-16 14:56:00,2016-05-16,0.0932,0.0,0.0,1699.0,0.0932,0.0932,0.0932,10000616,2016-12-28,2016-12-28,C,2.055,2016-04-28
7196,2016-05-16 14:57:00,2016-05-16,0.0932,0.0,0.0,1699.0,0.0932,0.0932,0.0932,10000616,2016-12-28,2016-12-28,C,2.055,2016-04-28
7197,2016-05-16 14:58:00,2016-05-16,0.0932,0.0,0.0,1699.0,0.0932,0.0932,0.0932,10000616,2016-12-28,2016-12-28,C,2.055,2016-04-28
7198,2016-05-16 14:59:00,2016-05-16,0.0932,0.0,0.0,1699.0,0.0932,0.0932,0.0932,10000616,2016-12-28,2016-12-28,C,2.055,2016-04-28
7199,2016-05-16 15:00:00,2016-05-16,0.0932,0.0,0.0,1699.0,0.0932,0.0932,0.0932,10000616,2016-12-28,2016-12-28,C,2.055,2016-04-28
7200,2016-05-16 09:31:00,2016-05-16,0.0185,1975.0,11.0,8945.0,0.0185,0.0179,0.0179,10000599,2016-09-28,2016-09-28,C,2.3,2016-03-22
7201,2016-05-16 09:32:00,2016-05-16,0.0179,179.0,1.0,8945.0,0.0179,0.0179,0.0179,10000599,2016-09-28,2016-09-28,C,2.3,2016-03-22
7202,2016-05-16 09:33:00,2016-05-16,0.0179,0.0,0.0,8945.0,0.0179,0.0179,0.0179,10000599,2016-09-28,2016-09-28,C,2.3,2016-03-22
7203,2016-05-16 09:34:00,2016-05-16,0.0179,0.0,0.0,8945.0,0.0179,0.0179,0.0179,10000599,2016-09-28,2016-09-28,C,2.3,2016-03-22
7204,2016-05-16 09:35:00,2016-05-16,0.0179,0.0,0.0,8945.0,0.0179,0.0179,0.0179,10000599,2016-09-28,2016-09-28,C,2.3,2016-03-22
7205,2016-05-16 09:36:00,2016-05-16,0.0179,1074.0,6.0,8943.0,0.0179,0.0179,0.0179,10000599,2016-09-28,2016-09-28,C,2.3,2016-03-22
7206,2016-05-16 09:37:00,2016-05-16,0.0179,0.0,0.0,8943.0,0.0179,0.0179,0.0179,10000599,2016-09-28,2016-09-28,C,2.3,2016-03-22
7207,2016-05-16 09:38:00,2016-05-16,0.0179,0.0,0.0,8943.0,0.0179,0.0179,0.0179,10000599,2016-09-28,2016-09-28,C,2.3,2016-03-22
7208,2016-05-16 09:39:00,2016-05-16,0.0182,364.0,2.0,8943.0,0.0179,0.0182,0.0179,10000599,2016-09-28,2016-09-28,C,2.3,2016-03-22
7209,2016-05-16 09:40:00,2016-05-16,0.0182,1969.0,11.0,8933.0,0.0182,0.0179,0.0179,10000599,2016-09-28,2016-09-28,C,2.3,2016-03-22
7210,2016-05-16 09:41:00,2016-05-16,0.0179,537.0,3.0,8933.0,0.0179,0.0179,0.0179,10000599,2016-09-28,2016-09-28,C,2.3,2016-03-22
7211,2016-05-16 09:42:00,2016-05-16,0.0179,0.0,0.0,8933.0,0.0179,0.0179,0.0179,10000599,2016-09-28,2016-09-28,C,2.3,2016-03-22
7212,2016-05-16 09:43:00,2016-05-16,0.0179,0.0,0.0,8933.0,0.0179,0.0179,0.0179,10000599,2016-09-28,2016-09-28,C,2.3,2016-03-22
7213,2016-05-16 09:44:00,2016-05-16,0.0179,0.0,0.0,8933.0,0.0179,0.0179,0.0179,10000599,2016-09-28,2016-09-28,C,2.3,2016-03-22
7214,2016-05-16 09:45:00,2016-05-16,0.0179,0.0,0.0,8933.0,0.0179,0.0179,0.0179,10000599,2016-09-28,2016-09-28,C,2.3,2016-03-22
7215,2016-05-16 09:46:00,2016-05-16,0.0179,1888.0,11.0,8934.0,0.0179,0.0171,0.0171,10000599,2016-09-28,2016-09-28,C,2.3,2016-03-22
7216,2016-05-16 09:47:00,2016-05-16,0.017,1700.0,10.0,8934.0,0.017,0.017,0.017,10000599,2016-09-28,2016-09-28,C,2.3,2016-03-22
7217,2016-05-16 09:48:00,2016-05-16,0.017,0.0,0.0,8934.0,0.017,0.017,0.017,10000599,2016-09-28,2016-09-28,C,2.3,2016-03-22
7218,2016-05-16 09:49:00,2016-05-16,0.018000000000000002,900.0,5.0,8939.0,0.017,0.018000000000000002,0.017,10000599,2016-09-28,2016-09-28,C,2.3,2016-03-22
7219,2016-05-16 09:50:00,2016-05-16,0.018000000000000002,0.0,0.0,8939.0,0.018000000000000002,0.018000000000000002,0.018000000000000002,10000599,2016-09-28,2016-09-28,C,2.3,2016-03-22
7220,2016-05-16 09:51:00,2016-05-16,0.018000000000000002,0.0,0.0,8939.0,0.018000000000000002,0.018000000000000002,0.018000000000000002,10000599,2016-09-28,2016-09-28,C,2.3,2016-03-22
7221,2016-05-16 09:52:00,2016-05-16,0.018000000000000002,0.0,0.0,8939.0,0.018000000000000002,0.018000000000000002,0.018000000000000002,10000599,2016-09-28,2016-09-28,C,2.3,2016-03-22
7222,2016-05-16 09:53:00,2016-05-16,0.018000000000000002,2752.0,16.0,8954.0,0.018000000000000002,0.0172,0.0172,10000599,2016-09-28,2016-09-28,C,2.3,2016-03-22
7223,2016-05-16 09:54:00,2016-05-16,0.0172,1363.0,8.0,8962.0,0.0172,0.0171,0.017,10000599,2016-09-28,2016-09-28,C,2.3,2016-03-22
7224,2016-05-16 09:55:00,2016-05-16,0.0171,1020.0,6.0,8968.0,0.0171,0.017,0.017,10000599,2016-09-28,2016-09-28,C,2.3,2016-03-22
7225,2016-05-16 09:56:00,2016-05-16,0.017,170.0,1.0,8969.0,0.017,0.017,0.017,10000599,2016-09-28,2016-09-28,C,2.3,2016-03-22
7226,2016-05-16 09:57:00,2016-05-16,0.017,0.0,0.0,8969.0,0.017,0.017,0.017,10000599,2016-09-28,2016-09-28,C,2.3,2016-03-22
7227,2016-05-16 09:58:00,2016-05-16,0.0171,171.0,1.0,8970.0,0.017,0.0171,0.017,10000599,2016-09-28,2016-09-28,C,2.3,2016-03-22
7228,2016-05-16 09:59:00,2016-05-16,0.0171,0.0,0.0,8970.0,0.0171,0.0171,0.0171,10000599,2016-09-28,2016-09-28,C,2.3,2016-03-22
7229,2016-05-16 10:00:00,2016-05-16,0.0171,0.0,0.0,8970.0,0.0171,0.0171,0.0171,10000599,2016-09-28,2016-09-28,C,2.3,2016-03-22
7230,2016-05-16 10:01:00,2016-05-16,0.0171,1851.0,11.0,8980.0,0.0171,0.0168,0.0168,10000599,2016-09-28,2016-09-28,C,2.3,2016-03-22
7231,2016-05-16 10:02:00,2016-05-16,0.0171,5173.0,31.0,8998.0,0.0168,0.017,0.0161,10000599,2016-09-28,2016-09-28,C,2.3,2016-03-22
7232,2016-05-16 10:03:00,2016-05-16,0.017,0.0,0.0,8998.0,0.017,0.017,0.017,10000599,2016-09-28,2016-09-28,C,2.3,2016-03-22
7233,2016-05-16 10:04:00,2016-05-16,0.017,0.0,0.0,8998.0,0.017,0.017,0.017,10000599,2016-09-28,2016-09-28,C,2.3,2016-03-22
7234,2016-05-16 10:05:00,2016-05-16,0.017,0.0,0.0,8998.0,0.017,0.017,0.017,10000599,2016-09-28,2016-09-28,C,2.3,2016-03-22
7235,2016-05-16 10:06:00,2016-05-16,0.0173,1730.0,10.0,9008.0,0.017,0.0173,0.017,10000599,2016-09-28,2016-09-28,C,2.3,2016-03-22
7236,2016-05-16 10:07:00,2016-05-16,0.0173,0.0,0.0,9008.0,0.0173,0.0173,0.0173,10000599,2016-09-28,2016-09-28,C,2.3,2016-03-22
7237,2016-05-16 10:08:00,2016-05-16,0.0173,865.0,5.0,9013.0,0.0173,0.0173,0.0173,10000599,2016-09-28,2016-09-28,C,2.3,2016-03-22
7238,2016-05-16 10:09:00,2016-05-16,0.0173,0.0,0.0,9013.0,0.0173,0.0173,0.0173,10000599,2016-09-28,2016-09-28,C,2.3,2016-03-22
7239,2016-05-16 10:10:00,2016-05-16,0.0177,177.0,1.0,9013.0,0.0173,0.0177,0.0173,10000599,2016-09-28,2016-09-28,C,2.3,2016-03-22
7240,2016-05-16 10:11:00,2016-05-16,0.0177,0.0,0.0,9013.0,0.0177,0.0177,0.0177,10000599,2016-09-28,2016-09-28,C,2.3,2016-03-22
7241,2016-05-16 10:12:00,2016-05-16,0.0177,865.0,5.0,9018.0,0.0177,0.0173,0.0173,10000599,2016-09-28,2016-09-28,C,2.3,2016-03-22
7242,2016-05-16 10:13:00,2016-05-16,0.0173,0.0,0.0,9018.0,0.0173,0.0173,0.0173,10000599,2016-09-28,2016-09-28,C,2.3,2016-03-22
7243,2016-05-16 10:14:00,2016-05-16,0.0176,350.0,2.0,9019.0,0.0173,0.0176,0.0173,10000599,2016-09-28,2016-09-28,C,2.3,2016-03-22
7244,2016-05-16 10:15:00,2016-05-16,0.0176,0.0,0.0,9019.0,0.0176,0.0176,0.0176,10000599,2016-09-28,2016-09-28,C,2.3,2016-03-22
7245,2016-05-16 10:16:00,2016-05-16,0.0177,1770.0,10.0,9019.0,0.0176,0.0177,0.0176,10000599,2016-09-28,2016-09-28,C,2.3,2016-03-22
7246,2016-05-16 10:17:00,2016-05-16,0.0177,0.0,0.0,9019.0,0.0177,0.0177,0.0177,10000599,2016-09-28,2016-09-28,C,2.3,2016-03-22
7247,2016-05-16 10:18:00,2016-05-16,0.0177,0.0,0.0,9019.0,0.0177,0.0177,0.0177,10000599,2016-09-28,2016-09-28,C,2.3,2016-03-22
7248,2016-05-16 10:19:00,2016-05-16,0.0177,0.0,0.0,9019.0,0.0177,0.0177,0.0177,10000599,2016-09-28,2016-09-28,C,2.3,2016-03-22
7249,2016-05-16 10:20:00,2016-05-16,0.0177,0.0,0.0,9019.0,0.0177,0.0177,0.0177,10000599,2016-09-28,2016-09-28,C,2.3,2016-03-22
7250,2016-05-16 10:21:00,2016-05-16,0.0177,0.0,0.0,9019.0,0.0177,0.0177,0.0177,10000599,2016-09-28,2016-09-28,C,2.3,2016-03-22
7251,2016-05-16 10:22:00,2016-05-16,0.0177,0.0,0.0,9019.0,0.0177,0.0177,0.0177,10000599,2016-09-28,2016-09-28,C,2.3,2016-03-22
7252,2016-05-16 10:23:00,2016-05-16,0.0178,178.0,1.0,9018.0,0.0177,0.0178,0.0177,10000599,2016-09-28,2016-09-28,C,2.3,2016-03-22
7253,2016-05-16 10:24:00,2016-05-16,0.0178,177.0,1.0,9018.0,0.0178,0.0177,0.0177,10000599,2016-09-28,2016-09-28,C,2.3,2016-03-22
7254,2016-05-16 10:25:00,2016-05-16,0.0178,10502.0,59.0,8979.0,0.0178,0.0178,0.0178,10000599,2016-09-28,2016-09-28,C,2.3,2016-03-22
7255,2016-05-16 10:26:00,2016-05-16,0.0178,712.0,4.0,8975.0,0.0178,0.0178,0.0178,10000599,2016-09-28,2016-09-28,C,2.3,2016-03-22
7256,2016-05-16 10:27:00,2016-05-16,0.0178,1602.0,9.0,8966.0,0.0178,0.0178,0.0178,10000599,2016-09-28,2016-09-28,C,2.3,2016-03-22
7257,2016-05-16 10:28:00,2016-05-16,0.0184,4356.0,24.0,8955.0,0.0178,0.0184,0.0178,10000599,2016-09-28,2016-09-28,C,2.3,2016-03-22
7258,2016-05-16 10:29:00,2016-05-16,0.0184,0.0,0.0,8955.0,0.0184,0.0184,0.0184,10000599,2016-09-28,2016-09-28,C,2.3,2016-03-22
7259,2016-05-16 10:30:00,2016-05-16,0.0184,0.0,0.0,8955.0,0.0184,0.0184,0.0184,10000599,2016-09-28,2016-09-28,C,2.3,2016-03-22
7260,2016-05-16 10:31:00,2016-05-16,0.0184,2134.0,12.0,8965.0,0.0184,0.0177,0.0177,10000599,2016-09-28,2016-09-28,C,2.3,2016-03-22
7261,2016-05-16 10:32:00,2016-05-16,0.0177,885.0,5.0,8965.0,0.0177,0.0177,0.0177,10000599,2016-09-28,2016-09-28,C,2.3,2016-03-22
7262,2016-05-16 10:33:00,2016-05-16,0.0177,0.0,0.0,8965.0,0.0177,0.0177,0.0177,10000599,2016-09-28,2016-09-28,C,2.3,2016-03-22
7263,2016-05-16 10:34:00,2016-05-16,0.0182,910.0,5.0,8965.0,0.0177,0.0182,0.0177,10000599,2016-09-28,2016-09-28,C,2.3,2016-03-22
7264,2016-05-16 10:35:00,2016-05-16,0.0182,0.0,0.0,8965.0,0.0182,0.0182,0.0182,10000599,2016-09-28,2016-09-28,C,2.3,2016-03-22
7265,2016-05-16 10:36:00,2016-05-16,0.0182,1819.0,10.0,8965.0,0.0182,0.0182,0.0181,10000599,2016-09-28,2016-09-28,C,2.3,2016-03-22
7266,2016-05-16 10:37:00,2016-05-16,0.0184,184.0,1.0,8966.0,0.0182,0.0184,0.0182,10000599,2016-09-28,2016-09-28,C,2.3,2016-03-22
7267,2016-05-16 10:38:00,2016-05-16,0.0184,0.0,0.0,8966.0,0.0184,0.0184,0.0184,10000599,2016-09-28,2016-09-28,C,2.3,2016-03-22
7268,2016-05-16 10:39:00,2016-05-16,0.0184,0.0,0.0,8966.0,0.0184,0.0184,0.0184,10000599,2016-09-28,2016-09-28,C,2.3,2016-03-22
7269,2016-05-16 10:40:00,2016-05-16,0.0184,0.0,0.0,8966.0,0.0184,0.0184,0.0184,10000599,2016-09-28,2016-09-28,C,2.3,2016-03-22
7270,2016-05-16 10:41:00,2016-05-16,0.0184,0.0,0.0,8966.0,0.0184,0.0184,0.0184,10000599,2016-09-28,2016-09-28,C,2.3,2016-03-22
7271,2016-05-16 10:42:00,2016-05-16,0.0184,0.0,0.0,8966.0,0.0184,0.0184,0.0184,10000599,2016-09-28,2016-09-28,C,2.3,2016-03-22
7272,2016-05-16 10:43:00,2016-05-16,0.0184,0.0,0.0,8966.0,0.0184,0.0184,0.0184,10000599,2016-09-28,2016-09-28,C,2.3,2016-03-22
7273,2016-05-16 10:44:00,2016-05-16,0.0184,0.0,0.0,8966.0,0.0184,0.0184,0.0184,10000599,2016-09-28,2016-09-28,C,2.3,2016-03-22
7274,2016-05-16 10:45:00,2016-05-16,0.0184,0.0,0.0,8966.0,0.0184,0.0184,0.0184,10000599,2016-09-28,2016-09-28,C,2.3,2016-03-22
7275,2016-05-16 10:46:00,2016-05-16,0.0184,18010.0,100.0,8976.0,0.0184,0.018000000000000002,0.018000000000000002,10000599,2016-09-28,2016-09-28,C,2.3,2016-03-22
7276,2016-05-16 10:47:00,2016-05-16,0.018000000000000002,0.0,0.0,8976.0,0.018000000000000002,0.018000000000000002,0.018000000000000002,10000599,2016-09-28,2016-09-28,C,2.3,2016-03-22
7277,2016-05-16 10:48:00,2016-05-16,0.0182,182.0,1.0,8976.0,0.018000000000000002,0.0182,0.018000000000000002,10000599,2016-09-28,2016-09-28,C,2.3,2016-03-22
7278,2016-05-16 10:49:00,2016-05-16,0.0182,0.0,0.0,8976.0,0.0182,0.0182,0.0182,10000599,2016-09-28,2016-09-28,C,2.3,2016-03-22
7279,2016-05-16 10:50:00,2016-05-16,0.0188,3556.0,19.0,8970.0,0.0182,0.0188,0.0182,10000599,2016-09-28,2016-09-28,C,2.3,2016-03-22
7280,2016-05-16 10:51:00,2016-05-16,0.0189,3770.0,20.0,8975.0,0.0188,0.0189,0.0188,10000599,2016-09-28,2016-09-28,C,2.3,2016-03-22
7281,2016-05-16 10:52:00,2016-05-16,0.0189,0.0,0.0,8975.0,0.0189,0.0189,0.0189,10000599,2016-09-28,2016-09-28,C,2.3,2016-03-22
7282,2016-05-16 10:53:00,2016-05-16,0.0189,0.0,0.0,8975.0,0.0189,0.0189,0.0189,10000599,2016-09-28,2016-09-28,C,2.3,2016-03-22
7283,2016-05-16 10:54:00,2016-05-16,0.0189,1134.0,6.0,8975.0,0.0189,0.0189,0.0189,10000599,2016-09-28,2016-09-28,C,2.3,2016-03-22
7284,2016-05-16 10:55:00,2016-05-16,0.0191,1910.0,10.0,8975.0,0.0189,0.0191,0.0189,10000599,2016-09-28,2016-09-28,C,2.3,2016-03-22
7285,2016-05-16 10:56:00,2016-05-16,0.0192,192.0,1.0,8975.0,0.0191,0.0192,0.0191,10000599,2016-09-28,2016-09-28,C,2.3,2016-03-22
7286,2016-05-16 10:57:00,2016-05-16,0.0192,0.0,0.0,8975.0,0.0192,0.0192,0.0192,10000599,2016-09-28,2016-09-28,C,2.3,2016-03-22
7287,2016-05-16 10:58:00,2016-05-16,0.0199,1572.0,8.0,8975.0,0.0192,0.0199,0.0192,10000599,2016-09-28,2016-09-28,C,2.3,2016-03-22
7288,2016-05-16 10:59:00,2016-05-16,0.0199,0.0,0.0,8975.0,0.0199,0.0199,0.0199,10000599,2016-09-28,2016-09-28,C,2.3,2016-03-22
7289,2016-05-16 11:00:00,2016-05-16,0.0199,0.0,0.0,8975.0,0.0199,0.0199,0.0199,10000599,2016-09-28,2016-09-28,C,2.3,2016-03-22
7290,2016-05-16 11:01:00,2016-05-16,0.02,400.0,2.0,8977.0,0.0199,0.02,0.0199,10000599,2016-09-28,2016-09-28,C,2.3,2016-03-22
7291,2016-05-16 11:02:00,2016-05-16,0.02,0.0,0.0,8977.0,0.02,0.02,0.02,10000599,2016-09-28,2016-09-28,C,2.3,2016-03-22
7292,2016-05-16 11:03:00,2016-05-16,0.02,0.0,0.0,8977.0,0.02,0.02,0.02,10000599,2016-09-28,2016-09-28,C,2.3,2016-03-22
7293,2016-05-16 11:04:00,2016-05-16,0.02,0.0,0.0,8977.0,0.02,0.02,0.02,10000599,2016-09-28,2016-09-28,C,2.3,2016-03-22
7294,2016-05-16 11:05:00,2016-05-16,0.0202,404.0,2.0,8979.0,0.0202,0.0202,0.0202,10000599,2016-09-28,2016-09-28,C,2.3,2016-03-22
7295,2016-05-16 11:06:00,2016-05-16,0.0202,980.0,5.0,8979.0,0.0202,0.0196,0.0196,10000599,2016-09-28,2016-09-28,C,2.3,2016-03-22
7296,2016-05-16 11:07:00,2016-05-16,0.0196,196.0,1.0,8979.0,0.0196,0.0196,0.0196,10000599,2016-09-28,2016-09-28,C,2.3,2016-03-22
7297,2016-05-16 11:08:00,2016-05-16,0.0196,0.0,0.0,8979.0,0.0196,0.0196,0.0196,10000599,2016-09-28,2016-09-28,C,2.3,2016-03-22
7298,2016-05-16 11:09:00,2016-05-16,0.0196,0.0,0.0,8979.0,0.0196,0.0196,0.0196,10000599,2016-09-28,2016-09-28,C,2.3,2016-03-22
7299,2016-05-16 11:10:00,2016-05-16,0.0196,0.0,0.0,8979.0,0.0196,0.0196,0.0196,10000599,2016-09-28,2016-09-28,C,2.3,2016-03-22
7300,2016-05-16 11:11:00,2016-05-16,0.0196,0.0,0.0,8979.0,0.0196,0.0196,0.0196,10000599,2016-09-28,2016-09-28,C,2.3,2016-03-22
7301,2016-05-16 11:12:00,2016-05-16,0.0196,0.0,0.0,8979.0,0.0196,0.0196,0.0196,10000599,2016-09-28,2016-09-28,C,2.3,2016-03-22
7302,2016-05-16 11:13:00,2016-05-16,0.0196,5352.0,28.0,8994.0,0.0196,0.019,0.019,10000599,2016-09-28,2016-09-28,C,2.3,2016-03-22
7303,2016-05-16 11:14:00,2016-05-16,0.019,0.0,0.0,8994.0,0.019,0.019,0.019,10000599,2016-09-28,2016-09-28,C,2.3,2016-03-22
7304,2016-05-16 11:15:00,2016-05-16,0.019,0.0,0.0,8994.0,0.019,0.019,0.019,10000599,2016-09-28,2016-09-28,C,2.3,2016-03-22
7305,2016-05-16 11:16:00,2016-05-16,0.019,0.0,0.0,8994.0,0.019,0.019,0.019,10000599,2016-09-28,2016-09-28,C,2.3,2016-03-22
7306,2016-05-16 11:17:00,2016-05-16,0.019,0.0,0.0,8994.0,0.019,0.019,0.019,10000599,2016-09-28,2016-09-28,C,2.3,2016-03-22
7307,2016-05-16 11:18:00,2016-05-16,0.019,0.0,0.0,8994.0,0.019,0.019,0.019,10000599,2016-09-28,2016-09-28,C,2.3,2016-03-22
7308,2016-05-16 11:19:00,2016-05-16,0.019,0.0,0.0,8994.0,0.019,0.019,0.019,10000599,2016-09-28,2016-09-28,C,2.3,2016-03-22
7309,2016-05-16 11:20:00,2016-05-16,0.019,0.0,0.0,8994.0,0.019,0.019,0.019,10000599,2016-09-28,2016-09-28,C,2.3,2016-03-22
7310,2016-05-16 11:21:00,2016-05-16,0.019,0.0,0.0,8994.0,0.019,0.019,0.019,10000599,2016-09-28,2016-09-28,C,2.3,2016-03-22
7311,2016-05-16 11:22:00,2016-05-16,0.0195,975.0,5.0,8994.0,0.019,0.0195,0.019,10000599,2016-09-28,2016-09-28,C,2.3,2016-03-22
7312,2016-05-16 11:23:00,2016-05-16,0.0195,195.0,1.0,8994.0,0.0195,0.0195,0.0195,10000599,2016-09-28,2016-09-28,C,2.3,2016-03-22
7313,2016-05-16 11:24:00,2016-05-16,0.02,8000.0,40.0,9034.0,0.02,0.02,0.02,10000599,2016-09-28,2016-09-28,C,2.3,2016-03-22
7314,2016-05-16 11:25:00,2016-05-16,0.02,3960.0,20.0,9039.0,0.02,0.0196,0.0196,10000599,2016-09-28,2016-09-28,C,2.3,2016-03-22
7315,2016-05-16 11:26:00,2016-05-16,0.0196,0.0,0.0,9039.0,0.0196,0.0196,0.0196,10000599,2016-09-28,2016-09-28,C,2.3,2016-03-22
7316,2016-05-16 11:27:00,2016-05-16,0.0196,0.0,0.0,9039.0,0.0196,0.0196,0.0196,10000599,2016-09-28,2016-09-28,C,2.3,2016-03-22
7317,2016-05-16 11:28:00,2016-05-16,0.0196,0.0,0.0,9039.0,0.0196,0.0196,0.0196,10000599,2016-09-28,2016-09-28,C,2.3,2016-03-22
7318,2016-05-16 11:29:00,2016-05-16,0.0196,0.0,0.0,9039.0,0.0196,0.0196,0.0196,10000599,2016-09-28,2016-09-28,C,2.3,2016-03-22
7319,2016-05-16 11:30:00,2016-05-16,0.0196,0.0,0.0,9039.0,0.0196,0.0196,0.0196,10000599,2016-09-28,2016-09-28,C,2.3,2016-03-22
7320,2016-05-16 13:01:00,2016-05-16,0.0196,779.0,4.0,9039.0,0.0196,0.0194,0.0194,10000599,2016-09-28,2016-09-28,C,2.3,2016-03-22
7321,2016-05-16 13:02:00,2016-05-16,0.0195,3306.0,17.0,9039.0,0.0194,0.0194,0.0194,10000599,2016-09-28,2016-09-28,C,2.3,2016-03-22
7322,2016-05-16 13:03:00,2016-05-16,0.0194,0.0,0.0,9039.0,0.0194,0.0194,0.0194,10000599,2016-09-28,2016-09-28,C,2.3,2016-03-22
7323,2016-05-16 13:04:00,2016-05-16,0.0194,0.0,0.0,9039.0,0.0194,0.0194,0.0194,10000599,2016-09-28,2016-09-28,C,2.3,2016-03-22
7324,2016-05-16 13:05:00,2016-05-16,0.0194,0.0,0.0,9039.0,0.0194,0.0194,0.0194,10000599,2016-09-28,2016-09-28,C,2.3,2016-03-22
7325,2016-05-16 13:06:00,2016-05-16,0.0194,386.0,2.0,9039.0,0.0194,0.0193,0.0193,10000599,2016-09-28,2016-09-28,C,2.3,2016-03-22
7326,2016-05-16 13:07:00,2016-05-16,0.0193,0.0,0.0,9039.0,0.0193,0.0193,0.0193,10000599,2016-09-28,2016-09-28,C,2.3,2016-03-22
7327,2016-05-16 13:08:00,2016-05-16,0.0193,0.0,0.0,9039.0,0.0193,0.0193,0.0193,10000599,2016-09-28,2016-09-28,C,2.3,2016-03-22
7328,2016-05-16 13:09:00,2016-05-16,0.0199,1990.0,10.0,9049.0,0.0193,0.0199,0.0193,10000599,2016-09-28,2016-09-28,C,2.3,2016-03-22
7329,2016-05-16 13:10:00,2016-05-16,0.0199,0.0,0.0,9049.0,0.0199,0.0199,0.0199,10000599,2016-09-28,2016-09-28,C,2.3,2016-03-22
7330,2016-05-16 13:11:00,2016-05-16,0.0199,0.0,0.0,9049.0,0.0199,0.0199,0.0199,10000599,2016-09-28,2016-09-28,C,2.3,2016-03-22
7331,2016-05-16 13:12:00,2016-05-16,0.0197,591.0,3.0,9049.0,0.0197,0.0197,0.0197,10000599,2016-09-28,2016-09-28,C,2.3,2016-03-22
7332,2016-05-16 13:13:00,2016-05-16,0.0197,582.0,3.0,9049.0,0.0197,0.0194,0.0194,10000599,2016-09-28,2016-09-28,C,2.3,2016-03-22
7333,2016-05-16 13:14:00,2016-05-16,0.0194,194.0,1.0,9049.0,0.0194,0.0194,0.0194,10000599,2016-09-28,2016-09-28,C,2.3,2016-03-22
7334,2016-05-16 13:15:00,2016-05-16,0.0194,0.0,0.0,9049.0,0.0194,0.0194,0.0194,10000599,2016-09-28,2016-09-28,C,2.3,2016-03-22
7335,2016-05-16 13:16:00,2016-05-16,0.0194,194.0,1.0,9049.0,0.0194,0.0194,0.0194,10000599,2016-09-28,2016-09-28,C,2.3,2016-03-22
7336,2016-05-16 13:17:00,2016-05-16,0.0194,0.0,0.0,9049.0,0.0194,0.0194,0.0194,10000599,2016-09-28,2016-09-28,C,2.3,2016-03-22
7337,2016-05-16 13:18:00,2016-05-16,0.0194,0.0,0.0,9049.0,0.0194,0.0194,0.0194,10000599,2016-09-28,2016-09-28,C,2.3,2016-03-22
7338,2016-05-16 13:19:00,2016-05-16,0.0195,1945.0,10.0,9049.0,0.0194,0.0195,0.0194,10000599,2016-09-28,2016-09-28,C,2.3,2016-03-22
7339,2016-05-16 13:20:00,2016-05-16,0.0195,975.0,5.0,9049.0,0.0195,0.0195,0.0195,10000599,2016-09-28,2016-09-28,C,2.3,2016-03-22
7340,2016-05-16 13:21:00,2016-05-16,0.0195,772.0,4.0,9049.0,0.0195,0.0193,0.0193,10000599,2016-09-28,2016-09-28,C,2.3,2016-03-22
7341,2016-05-16 13:22:00,2016-05-16,0.0193,3086.0,16.0,9050.0,0.0193,0.0192,0.0192,10000599,2016-09-28,2016-09-28,C,2.3,2016-03-22
7342,2016-05-16 13:23:00,2016-05-16,0.0192,1536.0,8.0,9050.0,0.0192,0.0192,0.0192,10000599,2016-09-28,2016-09-28,C,2.3,2016-03-22
7343,2016-05-16 13:24:00,2016-05-16,0.0192,0.0,0.0,9050.0,0.0192,0.0192,0.0192,10000599,2016-09-28,2016-09-28,C,2.3,2016-03-22
7344,2016-05-16 13:25:00,2016-05-16,0.0192,191.0,1.0,9050.0,0.0192,0.0191,0.0191,10000599,2016-09-28,2016-09-28,C,2.3,2016-03-22
7345,2016-05-16 13:26:00,2016-05-16,0.0191,1719.0,9.0,9051.0,0.0191,0.0191,0.0191,10000599,2016-09-28,2016-09-28,C,2.3,2016-03-22
7346,2016-05-16 13:27:00,2016-05-16,0.0191,1900.0,10.0,9061.0,0.0191,0.019,0.019,10000599,2016-09-28,2016-09-28,C,2.3,2016-03-22
7347,2016-05-16 13:28:00,2016-05-16,0.019,0.0,0.0,9061.0,0.019,0.019,0.019,10000599,2016-09-28,2016-09-28,C,2.3,2016-03-22
7348,2016-05-16 13:29:00,2016-05-16,0.019,0.0,0.0,9061.0,0.019,0.019,0.019,10000599,2016-09-28,2016-09-28,C,2.3,2016-03-22
7349,2016-05-16 13:30:00,2016-05-16,0.019,378.0,2.0,9061.0,0.019,0.0189,0.0189,10000599,2016-09-28,2016-09-28,C,2.3,2016-03-22
7350,2016-05-16 13:31:00,2016-05-16,0.0192,192.0,1.0,9061.0,0.0189,0.0192,0.0189,10000599,2016-09-28,2016-09-28,C,2.3,2016-03-22
7351,2016-05-16 13:32:00,2016-05-16,0.0192,567.0,3.0,9061.0,0.0192,0.0189,0.0189,10000599,2016-09-28,2016-09-28,C,2.3,2016-03-22
7352,2016-05-16 13:33:00,2016-05-16,0.0189,945.0,5.0,9061.0,0.0189,0.0189,0.0189,10000599,2016-09-28,2016-09-28,C,2.3,2016-03-22
7353,2016-05-16 13:34:00,2016-05-16,0.0192,2110.0,11.0,9072.0,0.0192,0.019,0.019,10000599,2016-09-28,2016-09-28,C,2.3,2016-03-22
7354,2016-05-16 13:35:00,2016-05-16,0.0194,2129.0,11.0,9073.0,0.019,0.019,0.019,10000599,2016-09-28,2016-09-28,C,2.3,2016-03-22
7355,2016-05-16 13:36:00,2016-05-16,0.0194,4795.0,25.0,9093.0,0.0194,0.0191,0.019,10000599,2016-09-28,2016-09-28,C,2.3,2016-03-22
7356,2016-05-16 13:37:00,2016-05-16,0.0191,573.0,3.0,9096.0,0.0191,0.0191,0.0191,10000599,2016-09-28,2016-09-28,C,2.3,2016-03-22
7357,2016-05-16 13:38:00,2016-05-16,0.019,1900.0,10.0,9106.0,0.019,0.019,0.019,10000599,2016-09-28,2016-09-28,C,2.3,2016-03-22
7358,2016-05-16 13:39:00,2016-05-16,0.019,1890.0,10.0,9116.0,0.019,0.0189,0.0189,10000599,2016-09-28,2016-09-28,C,2.3,2016-03-22
7359,2016-05-16 13:40:00,2016-05-16,0.0189,0.0,0.0,9116.0,0.0189,0.0189,0.0189,10000599,2016-09-28,2016-09-28,C,2.3,2016-03-22
7360,2016-05-16 13:41:00,2016-05-16,0.0189,5650.0,30.0,9146.0,0.0189,0.0188,0.0188,10000599,2016-09-28,2016-09-28,C,2.3,2016-03-22
7361,2016-05-16 13:42:00,2016-05-16,0.0188,0.0,0.0,9146.0,0.0188,0.0188,0.0188,10000599,2016-09-28,2016-09-28,C,2.3,2016-03-22
7362,2016-05-16 13:43:00,2016-05-16,0.0189,756.0,4.0,9150.0,0.0188,0.0189,0.0188,10000599,2016-09-28,2016-09-28,C,2.3,2016-03-22
7363,2016-05-16 13:44:00,2016-05-16,0.0189,0.0,0.0,9150.0,0.0189,0.0189,0.0189,10000599,2016-09-28,2016-09-28,C,2.3,2016-03-22
7364,2016-05-16 13:45:00,2016-05-16,0.0189,567.0,3.0,9153.0,0.0189,0.0189,0.0189,10000599,2016-09-28,2016-09-28,C,2.3,2016-03-22
7365,2016-05-16 13:46:00,2016-05-16,0.0189,189.0,1.0,9153.0,0.0189,0.0189,0.0189,10000599,2016-09-28,2016-09-28,C,2.3,2016-03-22
7366,2016-05-16 13:47:00,2016-05-16,0.0189,0.0,0.0,9153.0,0.0189,0.0189,0.0189,10000599,2016-09-28,2016-09-28,C,2.3,2016-03-22
7367,2016-05-16 13:48:00,2016-05-16,0.0189,0.0,0.0,9153.0,0.0189,0.0189,0.0189,10000599,2016-09-28,2016-09-28,C,2.3,2016-03-22
7368,2016-05-16 13:49:00,2016-05-16,0.0189,189.0,1.0,9154.0,0.0189,0.0189,0.0189,10000599,2016-09-28,2016-09-28,C,2.3,2016-03-22
7369,2016-05-16 13:50:00,2016-05-16,0.0189,0.0,0.0,9154.0,0.0189,0.0189,0.0189,10000599,2016-09-28,2016-09-28,C,2.3,2016-03-22
7370,2016-05-16 13:51:00,2016-05-16,0.0189,0.0,0.0,9154.0,0.0189,0.0189,0.0189,10000599,2016-09-28,2016-09-28,C,2.3,2016-03-22
7371,2016-05-16 13:52:00,2016-05-16,0.0189,0.0,0.0,9154.0,0.0189,0.0189,0.0189,10000599,2016-09-28,2016-09-28,C,2.3,2016-03-22
7372,2016-05-16 13:53:00,2016-05-16,0.0189,0.0,0.0,9154.0,0.0189,0.0189,0.0189,10000599,2016-09-28,2016-09-28,C,2.3,2016-03-22
7373,2016-05-16 13:54:00,2016-05-16,0.0189,0.0,0.0,9154.0,0.0189,0.0189,0.0189,10000599,2016-09-28,2016-09-28,C,2.3,2016-03-22
7374,2016-05-16 13:55:00,2016-05-16,0.019,2269.0,12.0,9166.0,0.0189,0.019,0.0189,10000599,2016-09-28,2016-09-28,C,2.3,2016-03-22
7375,2016-05-16 13:56:00,2016-05-16,0.0191,7027.0,37.0,9183.0,0.019,0.019,0.0189,10000599,2016-09-28,2016-09-28,C,2.3,2016-03-22
7376,2016-05-16 13:57:00,2016-05-16,0.0192,192.0,1.0,9184.0,0.019,0.0192,0.019,10000599,2016-09-28,2016-09-28,C,2.3,2016-03-22
7377,2016-05-16 13:58:00,2016-05-16,0.0193,1930.0,10.0,9184.0,0.0192,0.0193,0.0192,10000599,2016-09-28,2016-09-28,C,2.3,2016-03-22
7378,2016-05-16 13:59:00,2016-05-16,0.0198,9879.0,50.0,9224.0,0.0193,0.0198,0.0193,10000599,2016-09-28,2016-09-28,C,2.3,2016-03-22
7379,2016-05-16 14:00:00,2016-05-16,0.0198,0.0,0.0,9224.0,0.0198,0.0198,0.0198,10000599,2016-09-28,2016-09-28,C,2.3,2016-03-22
7380,2016-05-16 14:01:00,2016-05-16,0.0198,0.0,0.0,9224.0,0.0198,0.0198,0.0198,10000599,2016-09-28,2016-09-28,C,2.3,2016-03-22
7381,2016-05-16 14:02:00,2016-05-16,0.0198,1930.0,10.0,9234.0,0.0198,0.0193,0.0193,10000599,2016-09-28,2016-09-28,C,2.3,2016-03-22
7382,2016-05-16 14:03:00,2016-05-16,0.0193,0.0,0.0,9234.0,0.0193,0.0193,0.0193,10000599,2016-09-28,2016-09-28,C,2.3,2016-03-22
7383,2016-05-16 14:04:00,2016-05-16,0.0193,579.0,3.0,9231.0,0.0193,0.0193,0.0193,10000599,2016-09-28,2016-09-28,C,2.3,2016-03-22
7384,2016-05-16 14:05:00,2016-05-16,0.0193,0.0,0.0,9231.0,0.0193,0.0193,0.0193,10000599,2016-09-28,2016-09-28,C,2.3,2016-03-22
7385,2016-05-16 14:06:00,2016-05-16,0.0193,0.0,0.0,9231.0,0.0193,0.0193,0.0193,10000599,2016-09-28,2016-09-28,C,2.3,2016-03-22
7386,2016-05-16 14:07:00,2016-05-16,0.0193,1920.0,10.0,9231.0,0.0193,0.0192,0.0192,10000599,2016-09-28,2016-09-28,C,2.3,2016-03-22
7387,2016-05-16 14:08:00,2016-05-16,0.0192,0.0,0.0,9231.0,0.0192,0.0192,0.0192,10000599,2016-09-28,2016-09-28,C,2.3,2016-03-22
7388,2016-05-16 14:09:00,2016-05-16,0.0192,0.0,0.0,9231.0,0.0192,0.0192,0.0192,10000599,2016-09-28,2016-09-28,C,2.3,2016-03-22
7389,2016-05-16 14:10:00,2016-05-16,0.0192,0.0,0.0,9231.0,0.0192,0.0192,0.0192,10000599,2016-09-28,2016-09-28,C,2.3,2016-03-22
7390,2016-05-16 14:11:00,2016-05-16,0.0192,0.0,0.0,9231.0,0.0192,0.0192,0.0192,10000599,2016-09-28,2016-09-28,C,2.3,2016-03-22
7391,2016-05-16 14:12:00,2016-05-16,0.0191,1910.0,10.0,9221.0,0.0191,0.0191,0.0191,10000599,2016-09-28,2016-09-28,C,2.3,2016-03-22
7392,2016-05-16 14:13:00,2016-05-16,0.0191,0.0,0.0,9221.0,0.0191,0.0191,0.0191,10000599,2016-09-28,2016-09-28,C,2.3,2016-03-22
7393,2016-05-16 14:14:00,2016-05-16,0.0191,0.0,0.0,9221.0,0.0191,0.0191,0.0191,10000599,2016-09-28,2016-09-28,C,2.3,2016-03-22
7394,2016-05-16 14:15:00,2016-05-16,0.0191,0.0,0.0,9221.0,0.0191,0.0191,0.0191,10000599,2016-09-28,2016-09-28,C,2.3,2016-03-22
7395,2016-05-16 14:16:00,2016-05-16,0.0191,3746.0,20.0,9229.0,0.0191,0.0186,0.0186,10000599,2016-09-28,2016-09-28,C,2.3,2016-03-22
7396,2016-05-16 14:17:00,2016-05-16,0.0186,0.0,0.0,9229.0,0.0186,0.0186,0.0186,10000599,2016-09-28,2016-09-28,C,2.3,2016-03-22
7397,2016-05-16 14:18:00,2016-05-16,0.0186,0.0,0.0,9229.0,0.0186,0.0186,0.0186,10000599,2016-09-28,2016-09-28,C,2.3,2016-03-22
7398,2016-05-16 14:19:00,2016-05-16,0.0186,0.0,0.0,9229.0,0.0186,0.0186,0.0186,10000599,2016-09-28,2016-09-28,C,2.3,2016-03-22
7399,2016-05-16 14:20:00,2016-05-16,0.0186,0.0,0.0,9229.0,0.0186,0.0186,0.0186,10000599,2016-09-28,2016-09-28,C,2.3,2016-03-22
7400,2016-05-16 14:21:00,2016-05-16,0.0186,0.0,0.0,9229.0,0.0186,0.0186,0.0186,10000599,2016-09-28,2016-09-28,C,2.3,2016-03-22
7401,2016-05-16 14:22:00,2016-05-16,0.0186,1673.0,9.0,9237.0,0.0186,0.0185,0.0185,10000599,2016-09-28,2016-09-28,C,2.3,2016-03-22
7402,2016-05-16 14:23:00,2016-05-16,0.0185,0.0,0.0,9237.0,0.0185,0.0185,0.0185,10000599,2016-09-28,2016-09-28,C,2.3,2016-03-22
7403,2016-05-16 14:24:00,2016-05-16,0.0187,1870.0,10.0,9237.0,0.0185,0.0187,0.0185,10000599,2016-09-28,2016-09-28,C,2.3,2016-03-22
7404,2016-05-16 14:25:00,2016-05-16,0.0187,0.0,0.0,9237.0,0.0187,0.0187,0.0187,10000599,2016-09-28,2016-09-28,C,2.3,2016-03-22
7405,2016-05-16 14:26:00,2016-05-16,0.0187,0.0,0.0,9237.0,0.0187,0.0187,0.0187,10000599,2016-09-28,2016-09-28,C,2.3,2016-03-22
7406,2016-05-16 14:27:00,2016-05-16,0.0187,0.0,0.0,9237.0,0.0187,0.0187,0.0187,10000599,2016-09-28,2016-09-28,C,2.3,2016-03-22
7407,2016-05-16 14:28:00,2016-05-16,0.0187,0.0,0.0,9237.0,0.0187,0.0187,0.0187,10000599,2016-09-28,2016-09-28,C,2.3,2016-03-22
7408,2016-05-16 14:29:00,2016-05-16,0.0187,0.0,0.0,9237.0,0.0187,0.0187,0.0187,10000599,2016-09-28,2016-09-28,C,2.3,2016-03-22
7409,2016-05-16 14:30:00,2016-05-16,0.019,1900.0,10.0,9247.0,0.0187,0.019,0.0187,10000599,2016-09-28,2016-09-28,C,2.3,2016-03-22
7410,2016-05-16 14:31:00,2016-05-16,0.019,0.0,0.0,9247.0,0.019,0.019,0.019,10000599,2016-09-28,2016-09-28,C,2.3,2016-03-22
7411,2016-05-16 14:32:00,2016-05-16,0.019,0.0,0.0,9247.0,0.019,0.019,0.019,10000599,2016-09-28,2016-09-28,C,2.3,2016-03-22
7412,2016-05-16 14:33:00,2016-05-16,0.019,0.0,0.0,9247.0,0.019,0.019,0.019,10000599,2016-09-28,2016-09-28,C,2.3,2016-03-22
7413,2016-05-16 14:34:00,2016-05-16,0.019,0.0,0.0,9247.0,0.019,0.019,0.019,10000599,2016-09-28,2016-09-28,C,2.3,2016-03-22
7414,2016-05-16 14:35:00,2016-05-16,0.0192,1920.0,10.0,9257.0,0.019,0.0192,0.019,10000599,2016-09-28,2016-09-28,C,2.3,2016-03-22
7415,2016-05-16 14:36:00,2016-05-16,0.0197,985.0,5.0,9262.0,0.0192,0.0197,0.0192,10000599,2016-09-28,2016-09-28,C,2.3,2016-03-22
7416,2016-05-16 14:37:00,2016-05-16,0.0197,0.0,0.0,9262.0,0.0197,0.0197,0.0197,10000599,2016-09-28,2016-09-28,C,2.3,2016-03-22
7417,2016-05-16 14:38:00,2016-05-16,0.0197,0.0,0.0,9262.0,0.0197,0.0197,0.0197,10000599,2016-09-28,2016-09-28,C,2.3,2016-03-22
7418,2016-05-16 14:39:00,2016-05-16,0.0199,597.0,3.0,9261.0,0.0197,0.0199,0.0197,10000599,2016-09-28,2016-09-28,C,2.3,2016-03-22
7419,2016-05-16 14:40:00,2016-05-16,0.0199,1980.0,10.0,9261.0,0.0199,0.0198,0.0198,10000599,2016-09-28,2016-09-28,C,2.3,2016-03-22
7420,2016-05-16 14:41:00,2016-05-16,0.0199,1389.0,7.0,9264.0,0.0198,0.0197,0.0197,10000599,2016-09-28,2016-09-28,C,2.3,2016-03-22
7421,2016-05-16 14:42:00,2016-05-16,0.0197,0.0,0.0,9264.0,0.0197,0.0197,0.0197,10000599,2016-09-28,2016-09-28,C,2.3,2016-03-22
7422,2016-05-16 14:43:00,2016-05-16,0.0198,990.0,5.0,9264.0,0.0197,0.0198,0.0197,10000599,2016-09-28,2016-09-28,C,2.3,2016-03-22
7423,2016-05-16 14:44:00,2016-05-16,0.0198,0.0,0.0,9264.0,0.0198,0.0198,0.0198,10000599,2016-09-28,2016-09-28,C,2.3,2016-03-22
7424,2016-05-16 14:45:00,2016-05-16,0.0198,0.0,0.0,9264.0,0.0198,0.0198,0.0198,10000599,2016-09-28,2016-09-28,C,2.3,2016-03-22
7425,2016-05-16 14:46:00,2016-05-16,0.0195,390.0,2.0,9266.0,0.0195,0.0195,0.0195,10000599,2016-09-28,2016-09-28,C,2.3,2016-03-22
7426,2016-05-16 14:47:00,2016-05-16,0.0195,195.0,1.0,9267.0,0.0195,0.0195,0.0195,10000599,2016-09-28,2016-09-28,C,2.3,2016-03-22
7427,2016-05-16 14:48:00,2016-05-16,0.0195,0.0,0.0,9267.0,0.0195,0.0195,0.0195,10000599,2016-09-28,2016-09-28,C,2.3,2016-03-22
7428,2016-05-16 14:49:00,2016-05-16,0.0195,0.0,0.0,9267.0,0.0195,0.0195,0.0195,10000599,2016-09-28,2016-09-28,C,2.3,2016-03-22
7429,2016-05-16 14:50:00,2016-05-16,0.0195,0.0,0.0,9267.0,0.0195,0.0195,0.0195,10000599,2016-09-28,2016-09-28,C,2.3,2016-03-22
7430,2016-05-16 14:51:00,2016-05-16,0.0195,0.0,0.0,9267.0,0.0195,0.0195,0.0195,10000599,2016-09-28,2016-09-28,C,2.3,2016-03-22
7431,2016-05-16 14:52:00,2016-05-16,0.0199,995.0,5.0,9267.0,0.0195,0.0199,0.0195,10000599,2016-09-28,2016-09-28,C,2.3,2016-03-22
7432,2016-05-16 14:53:00,2016-05-16,0.0199,1956.0,10.0,9274.0,0.0199,0.0195,0.0195,10000599,2016-09-28,2016-09-28,C,2.3,2016-03-22
7433,2016-05-16 14:54:00,2016-05-16,0.0195,1950.0,10.0,9274.0,0.0195,0.0195,0.0195,10000599,2016-09-28,2016-09-28,C,2.3,2016-03-22
7434,2016-05-16 14:55:00,2016-05-16,0.0195,0.0,0.0,9274.0,0.0195,0.0195,0.0195,10000599,2016-09-28,2016-09-28,C,2.3,2016-03-22
7435,2016-05-16 14:56:00,2016-05-16,0.0195,0.0,0.0,9274.0,0.0195,0.0195,0.0195,10000599,2016-09-28,2016-09-28,C,2.3,2016-03-22
7436,2016-05-16 14:57:00,2016-05-16,0.0195,0.0,0.0,9274.0,0.0195,0.0195,0.0195,10000599,2016-09-28,2016-09-28,C,2.3,2016-03-22
7437,2016-05-16 14:58:00,2016-05-16,0.0195,0.0,0.0,9274.0,0.0195,0.0195,0.0195,10000599,2016-09-28,2016-09-28,C,2.3,2016-03-22
7438,2016-05-16 14:59:00,2016-05-16,0.0195,0.0,0.0,9274.0,0.0195,0.0195,0.0195,10000599,2016-09-28,2016-09-28,C,2.3,2016-03-22
7439,2016-05-16 15:00:00,2016-05-16,0.0195,0.0,0.0,9274.0,0.0195,0.0195,0.0195,10000599,2016-09-28,2016-09-28,C,2.3,2016-03-22
7440,2016-05-16 09:31:00,2016-05-16,0.0004,0.0,0.0,29814.0,0.0004,0.0004,0.0004,10000613,2016-05-25,2016-05-25,C,2.3,2016-04-06
7441,2016-05-16 09:32:00,2016-05-16,0.0004,0.0,0.0,29814.0,0.0004,0.0004,0.0004,10000613,2016-05-25,2016-05-25,C,2.3,2016-04-06
7442,2016-05-16 09:33:00,2016-05-16,0.0004,0.0,0.0,29814.0,0.0004,0.0004,0.0004,10000613,2016-05-25,2016-05-25,C,2.3,2016-04-06
7443,2016-05-16 09:34:00,2016-05-16,0.0004,4.0,1.0,29814.0,0.0004,0.0004,0.0004,10000613,2016-05-25,2016-05-25,C,2.3,2016-04-06
7444,2016-05-16 09:35:00,2016-05-16,0.0004,68.0,17.0,29804.0,0.0004,0.0004,0.0004,10000613,2016-05-25,2016-05-25,C,2.3,2016-04-06
7445,2016-05-16 09:36:00,2016-05-16,0.0004,0.0,0.0,29804.0,0.0004,0.0004,0.0004,10000613,2016-05-25,2016-05-25,C,2.3,2016-04-06
7446,2016-05-16 09:37:00,2016-05-16,0.0004,0.0,0.0,29804.0,0.0004,0.0004,0.0004,10000613,2016-05-25,2016-05-25,C,2.3,2016-04-06
7447,2016-05-16 09:38:00,2016-05-16,0.0004,0.0,0.0,29804.0,0.0004,0.0004,0.0004,10000613,2016-05-25,2016-05-25,C,2.3,2016-04-06
7448,2016-05-16 09:39:00,2016-05-16,0.0004,72.0,18.0,29789.0,0.0004,0.0004,0.0004,10000613,2016-05-25,2016-05-25,C,2.3,2016-04-06
7449,2016-05-16 09:40:00,2016-05-16,0.0004,160.0,40.0,29808.0,0.0004,0.0004,0.0004,10000613,2016-05-25,2016-05-25,C,2.3,2016-04-06
7450,2016-05-16 09:41:00,2016-05-16,0.0004,0.0,0.0,29808.0,0.0004,0.0004,0.0004,10000613,2016-05-25,2016-05-25,C,2.3,2016-04-06
7451,2016-05-16 09:42:00,2016-05-16,0.0004,0.0,0.0,29808.0,0.0004,0.0004,0.0004,10000613,2016-05-25,2016-05-25,C,2.3,2016-04-06
7452,2016-05-16 09:43:00,2016-05-16,0.0004,4.0,1.0,29808.0,0.0004,0.0004,0.0004,10000613,2016-05-25,2016-05-25,C,2.3,2016-04-06
7453,2016-05-16 09:44:00,2016-05-16,0.0004,0.0,0.0,29808.0,0.0004,0.0004,0.0004,10000613,2016-05-25,2016-05-25,C,2.3,2016-04-06
7454,2016-05-16 09:45:00,2016-05-16,0.0004,0.0,0.0,29808.0,0.0004,0.0004,0.0004,10000613,2016-05-25,2016-05-25,C,2.3,2016-04-06
7455,2016-05-16 09:46:00,2016-05-16,0.0004,0.0,0.0,29808.0,0.0004,0.0004,0.0004,10000613,2016-05-25,2016-05-25,C,2.3,2016-04-06
7456,2016-05-16 09:47:00,2016-05-16,0.0004,12.0,4.0,29808.0,0.0004,0.0003,0.0003,10000613,2016-05-25,2016-05-25,C,2.3,2016-04-06
7457,2016-05-16 09:48:00,2016-05-16,0.0003,0.0,0.0,29808.0,0.0003,0.0003,0.0003,10000613,2016-05-25,2016-05-25,C,2.3,2016-04-06
7458,2016-05-16 09:49:00,2016-05-16,0.0004,40.0,10.0,29817.0,0.0003,0.0004,0.0003,10000613,2016-05-25,2016-05-25,C,2.3,2016-04-06
7459,2016-05-16 09:50:00,2016-05-16,0.0004,0.0,0.0,29817.0,0.0004,0.0004,0.0004,10000613,2016-05-25,2016-05-25,C,2.3,2016-04-06
7460,2016-05-16 09:51:00,2016-05-16,0.0004,0.0,0.0,29817.0,0.0004,0.0004,0.0004,10000613,2016-05-25,2016-05-25,C,2.3,2016-04-06
7461,2016-05-16 09:52:00,2016-05-16,0.0004,0.0,0.0,29817.0,0.0004,0.0004,0.0004,10000613,2016-05-25,2016-05-25,C,2.3,2016-04-06
7462,2016-05-16 09:53:00,2016-05-16,0.0004,18.0,6.0,29817.0,0.0004,0.0003,0.0003,10000613,2016-05-25,2016-05-25,C,2.3,2016-04-06
7463,2016-05-16 09:54:00,2016-05-16,0.0004,22.0,7.0,29817.0,0.0003,0.0004,0.0003,10000613,2016-05-25,2016-05-25,C,2.3,2016-04-06
7464,2016-05-16 09:55:00,2016-05-16,0.0004,0.0,0.0,29817.0,0.0004,0.0004,0.0004,10000613,2016-05-25,2016-05-25,C,2.3,2016-04-06
7465,2016-05-16 09:56:00,2016-05-16,0.0004,60.0,20.0,29817.0,0.0004,0.0003,0.0003,10000613,2016-05-25,2016-05-25,C,2.3,2016-04-06
7466,2016-05-16 09:57:00,2016-05-16,0.0003,54.0,18.0,29807.0,0.0003,0.0003,0.0003,10000613,2016-05-25,2016-05-25,C,2.3,2016-04-06
7467,2016-05-16 09:58:00,2016-05-16,0.0003,0.0,0.0,29807.0,0.0003,0.0003,0.0003,10000613,2016-05-25,2016-05-25,C,2.3,2016-04-06
7468,2016-05-16 09:59:00,2016-05-16,0.0003,0.0,0.0,29807.0,0.0003,0.0003,0.0003,10000613,2016-05-25,2016-05-25,C,2.3,2016-04-06
7469,2016-05-16 10:00:00,2016-05-16,0.0003,0.0,0.0,29807.0,0.0003,0.0003,0.0003,10000613,2016-05-25,2016-05-25,C,2.3,2016-04-06
7470,2016-05-16 10:01:00,2016-05-16,0.0003,0.0,0.0,29807.0,0.0003,0.0003,0.0003,10000613,2016-05-25,2016-05-25,C,2.3,2016-04-06
7471,2016-05-16 10:02:00,2016-05-16,0.0003,0.0,0.0,29807.0,0.0003,0.0003,0.0003,10000613,2016-05-25,2016-05-25,C,2.3,2016-04-06
7472,2016-05-16 10:03:00,2016-05-16,0.0003,0.0,0.0,29807.0,0.0003,0.0003,0.0003,10000613,2016-05-25,2016-05-25,C,2.3,2016-04-06
7473,2016-05-16 10:04:00,2016-05-16,0.0003,0.0,0.0,29807.0,0.0003,0.0003,0.0003,10000613,2016-05-25,2016-05-25,C,2.3,2016-04-06
7474,2016-05-16 10:05:00,2016-05-16,0.0003,0.0,0.0,29807.0,0.0003,0.0003,0.0003,10000613,2016-05-25,2016-05-25,C,2.3,2016-04-06
7475,2016-05-16 10:06:00,2016-05-16,0.0003,0.0,0.0,29807.0,0.0003,0.0003,0.0003,10000613,2016-05-25,2016-05-25,C,2.3,2016-04-06
7476,2016-05-16 10:07:00,2016-05-16,0.0004,4.0,1.0,29806.0,0.0003,0.0004,0.0003,10000613,2016-05-25,2016-05-25,C,2.3,2016-04-06
7477,2016-05-16 10:08:00,2016-05-16,0.0004,0.0,0.0,29806.0,0.0004,0.0004,0.0004,10000613,2016-05-25,2016-05-25,C,2.3,2016-04-06
7478,2016-05-16 10:09:00,2016-05-16,0.0004,0.0,0.0,29806.0,0.0004,0.0004,0.0004,10000613,2016-05-25,2016-05-25,C,2.3,2016-04-06
7479,2016-05-16 10:10:00,2016-05-16,0.0004,30.0,10.0,29806.0,0.0004,0.0003,0.0003,10000613,2016-05-25,2016-05-25,C,2.3,2016-04-06
7480,2016-05-16 10:11:00,2016-05-16,0.0003,0.0,0.0,29806.0,0.0003,0.0003,0.0003,10000613,2016-05-25,2016-05-25,C,2.3,2016-04-06
7481,2016-05-16 10:12:00,2016-05-16,0.0003,0.0,0.0,29806.0,0.0003,0.0003,0.0003,10000613,2016-05-25,2016-05-25,C,2.3,2016-04-06
7482,2016-05-16 10:13:00,2016-05-16,0.0003,0.0,0.0,29806.0,0.0003,0.0003,0.0003,10000613,2016-05-25,2016-05-25,C,2.3,2016-04-06
7483,2016-05-16 10:14:00,2016-05-16,0.0003,0.0,0.0,29806.0,0.0003,0.0003,0.0003,10000613,2016-05-25,2016-05-25,C,2.3,2016-04-06
7484,2016-05-16 10:15:00,2016-05-16,0.0003,0.0,0.0,29806.0,0.0003,0.0003,0.0003,10000613,2016-05-25,2016-05-25,C,2.3,2016-04-06
7485,2016-05-16 10:16:00,2016-05-16,0.0003,0.0,0.0,29806.0,0.0003,0.0003,0.0003,10000613,2016-05-25,2016-05-25,C,2.3,2016-04-06
7486,2016-05-16 10:17:00,2016-05-16,0.0003,0.0,0.0,29806.0,0.0003,0.0003,0.0003,10000613,2016-05-25,2016-05-25,C,2.3,2016-04-06
7487,2016-05-16 10:18:00,2016-05-16,0.0003,0.0,0.0,29806.0,0.0003,0.0003,0.0003,10000613,2016-05-25,2016-05-25,C,2.3,2016-04-06
7488,2016-05-16 10:19:00,2016-05-16,0.0004,140.0,35.0,29806.0,0.0003,0.0004,0.0003,10000613,2016-05-25,2016-05-25,C,2.3,2016-04-06
7489,2016-05-16 10:20:00,2016-05-16,0.0004,0.0,0.0,29806.0,0.0004,0.0004,0.0004,10000613,2016-05-25,2016-05-25,C,2.3,2016-04-06
7490,2016-05-16 10:21:00,2016-05-16,0.0004,0.0,0.0,29806.0,0.0004,0.0004,0.0004,10000613,2016-05-25,2016-05-25,C,2.3,2016-04-06
7491,2016-05-16 10:22:00,2016-05-16,0.0004,0.0,0.0,29806.0,0.0004,0.0004,0.0004,10000613,2016-05-25,2016-05-25,C,2.3,2016-04-06
7492,2016-05-16 10:23:00,2016-05-16,0.0004,0.0,0.0,29806.0,0.0004,0.0004,0.0004,10000613,2016-05-25,2016-05-25,C,2.3,2016-04-06
7493,2016-05-16 10:24:00,2016-05-16,0.0004,0.0,0.0,29806.0,0.0004,0.0004,0.0004,10000613,2016-05-25,2016-05-25,C,2.3,2016-04-06
7494,2016-05-16 10:25:00,2016-05-16,0.0004,0.0,0.0,29806.0,0.0004,0.0004,0.0004,10000613,2016-05-25,2016-05-25,C,2.3,2016-04-06
7495,2016-05-16 10:26:00,2016-05-16,0.0004,0.0,0.0,29806.0,0.0004,0.0004,0.0004,10000613,2016-05-25,2016-05-25,C,2.3,2016-04-06
7496,2016-05-16 10:27:00,2016-05-16,0.0004,0.0,0.0,29806.0,0.0004,0.0004,0.0004,10000613,2016-05-25,2016-05-25,C,2.3,2016-04-06
7497,2016-05-16 10:28:00,2016-05-16,0.0004,0.0,0.0,29806.0,0.0004,0.0004,0.0004,10000613,2016-05-25,2016-05-25,C,2.3,2016-04-06
7498,2016-05-16 10:29:00,2016-05-16,0.0005,50.0,10.0,29806.0,0.0004,0.0005,0.0004,10000613,2016-05-25,2016-05-25,C,2.3,2016-04-06
7499,2016-05-16 10:30:00,2016-05-16,0.0005,0.0,0.0,29806.0,0.0005,0.0005,0.0005,10000613,2016-05-25,2016-05-25,C,2.3,2016-04-06
7500,2016-05-16 10:31:00,2016-05-16,0.0005,0.0,0.0,29806.0,0.0005,0.0005,0.0005,10000613,2016-05-25,2016-05-25,C,2.3,2016-04-06
7501,2016-05-16 10:32:00,2016-05-16,0.0005,0.0,0.0,29806.0,0.0005,0.0005,0.0005,10000613,2016-05-25,2016-05-25,C,2.3,2016-04-06
7502,2016-05-16 10:33:00,2016-05-16,0.0005,0.0,0.0,29806.0,0.0005,0.0005,0.0005,10000613,2016-05-25,2016-05-25,C,2.3,2016-04-06
7503,2016-05-16 10:34:00,2016-05-16,0.0005,5.0,1.0,29805.0,0.0005,0.0005,0.0005,10000613,2016-05-25,2016-05-25,C,2.3,2016-04-06
7504,2016-05-16 10:35:00,2016-05-16,0.0005,0.0,0.0,29805.0,0.0005,0.0005,0.0005,10000613,2016-05-25,2016-05-25,C,2.3,2016-04-06
7505,2016-05-16 10:36:00,2016-05-16,0.0004,400.0,100.0,29725.0,0.0004,0.0004,0.0004,10000613,2016-05-25,2016-05-25,C,2.3,2016-04-06
7506,2016-05-16 10:37:00,2016-05-16,0.0004,0.0,0.0,29725.0,0.0004,0.0004,0.0004,10000613,2016-05-25,2016-05-25,C,2.3,2016-04-06
7507,2016-05-16 10:38:00,2016-05-16,0.0004,60.0,20.0,29705.0,0.0004,0.0003,0.0003,10000613,2016-05-25,2016-05-25,C,2.3,2016-04-06
7508,2016-05-16 10:39:00,2016-05-16,0.0003,0.0,0.0,29705.0,0.0003,0.0003,0.0003,10000613,2016-05-25,2016-05-25,C,2.3,2016-04-06
7509,2016-05-16 10:40:00,2016-05-16,0.0003,0.0,0.0,29705.0,0.0003,0.0003,0.0003,10000613,2016-05-25,2016-05-25,C,2.3,2016-04-06
7510,2016-05-16 10:41:00,2016-05-16,0.0003,0.0,0.0,29705.0,0.0003,0.0003,0.0003,10000613,2016-05-25,2016-05-25,C,2.3,2016-04-06
7511,2016-05-16 10:42:00,2016-05-16,0.0003,0.0,0.0,29705.0,0.0003,0.0003,0.0003,10000613,2016-05-25,2016-05-25,C,2.3,2016-04-06
7512,2016-05-16 10:43:00,2016-05-16,0.0003,12.0,4.0,29705.0,0.0003,0.0003,0.0003,10000613,2016-05-25,2016-05-25,C,2.3,2016-04-06
7513,2016-05-16 10:44:00,2016-05-16,0.0005,8.0,2.0,29704.0,0.0005,0.0003,0.0003,10000613,2016-05-25,2016-05-25,C,2.3,2016-04-06
7514,2016-05-16 10:45:00,2016-05-16,0.0003,0.0,0.0,29704.0,0.0003,0.0003,0.0003,10000613,2016-05-25,2016-05-25,C,2.3,2016-04-06
7515,2016-05-16 10:46:00,2016-05-16,0.0003,0.0,0.0,29704.0,0.0003,0.0003,0.0003,10000613,2016-05-25,2016-05-25,C,2.3,2016-04-06
7516,2016-05-16 10:47:00,2016-05-16,0.0003,0.0,0.0,29704.0,0.0003,0.0003,0.0003,10000613,2016-05-25,2016-05-25,C,2.3,2016-04-06
7517,2016-05-16 10:48:00,2016-05-16,0.0003,0.0,0.0,29704.0,0.0003,0.0003,0.0003,10000613,2016-05-25,2016-05-25,C,2.3,2016-04-06
7518,2016-05-16 10:49:00,2016-05-16,0.0005,70.0,14.0,29690.0,0.0003,0.0005,0.0003,10000613,2016-05-25,2016-05-25,C,2.3,2016-04-06
7519,2016-05-16 10:50:00,2016-05-16,0.0005,0.0,0.0,29690.0,0.0005,0.0005,0.0005,10000613,2016-05-25,2016-05-25,C,2.3,2016-04-06
7520,2016-05-16 10:51:00,2016-05-16,0.0005,0.0,0.0,29690.0,0.0005,0.0005,0.0005,10000613,2016-05-25,2016-05-25,C,2.3,2016-04-06
7521,2016-05-16 10:52:00,2016-05-16,0.0005,0.0,0.0,29690.0,0.0005,0.0005,0.0005,10000613,2016-05-25,2016-05-25,C,2.3,2016-04-06
7522,2016-05-16 10:53:00,2016-05-16,0.0005,0.0,0.0,29690.0,0.0005,0.0005,0.0005,10000613,2016-05-25,2016-05-25,C,2.3,2016-04-06
7523,2016-05-16 10:54:00,2016-05-16,0.0005,0.0,0.0,29690.0,0.0005,0.0005,0.0005,10000613,2016-05-25,2016-05-25,C,2.3,2016-04-06
7524,2016-05-16 10:55:00,2016-05-16,0.0005,4.0,1.0,29691.0,0.0005,0.0004,0.0004,10000613,2016-05-25,2016-05-25,C,2.3,2016-04-06
7525,2016-05-16 10:56:00,2016-05-16,0.0004,4.0,1.0,29692.0,0.0004,0.0004,0.0004,10000613,2016-05-25,2016-05-25,C,2.3,2016-04-06
7526,2016-05-16 10:57:00,2016-05-16,0.0005,5.0,1.0,29691.0,0.0004,0.0005,0.0004,10000613,2016-05-25,2016-05-25,C,2.3,2016-04-06
7527,2016-05-16 10:58:00,2016-05-16,0.0005,0.0,0.0,29691.0,0.0005,0.0005,0.0005,10000613,2016-05-25,2016-05-25,C,2.3,2016-04-06
7528,2016-05-16 10:59:00,2016-05-16,0.0005,5.0,1.0,29690.0,0.0005,0.0005,0.0005,10000613,2016-05-25,2016-05-25,C,2.3,2016-04-06
7529,2016-05-16 11:00:00,2016-05-16,0.0005,0.0,0.0,29690.0,0.0005,0.0005,0.0005,10000613,2016-05-25,2016-05-25,C,2.3,2016-04-06
7530,2016-05-16 11:01:00,2016-05-16,0.0005,0.0,0.0,29690.0,0.0005,0.0005,0.0005,10000613,2016-05-25,2016-05-25,C,2.3,2016-04-06
7531,2016-05-16 11:02:00,2016-05-16,0.0005,15.0,5.0,29693.0,0.0005,0.0003,0.0003,10000613,2016-05-25,2016-05-25,C,2.3,2016-04-06
7532,2016-05-16 11:03:00,2016-05-16,0.0003,6.0,2.0,29693.0,0.0003,0.0003,0.0003,10000613,2016-05-25,2016-05-25,C,2.3,2016-04-06
7533,2016-05-16 11:04:00,2016-05-16,0.0003,0.0,0.0,29693.0,0.0003,0.0003,0.0003,10000613,2016-05-25,2016-05-25,C,2.3,2016-04-06
7534,2016-05-16 11:05:00,2016-05-16,0.0003,0.0,0.0,29693.0,0.0003,0.0003,0.0003,10000613,2016-05-25,2016-05-25,C,2.3,2016-04-06
7535,2016-05-16 11:06:00,2016-05-16,0.0003,0.0,0.0,29693.0,0.0003,0.0003,0.0003,10000613,2016-05-25,2016-05-25,C,2.3,2016-04-06
7536,2016-05-16 11:07:00,2016-05-16,0.0004,40.0,10.0,29693.0,0.0004,0.0004,0.0004,10000613,2016-05-25,2016-05-25,C,2.3,2016-04-06
7537,2016-05-16 11:08:00,2016-05-16,0.0004,0.0,0.0,29693.0,0.0004,0.0004,0.0004,10000613,2016-05-25,2016-05-25,C,2.3,2016-04-06
7538,2016-05-16 11:09:00,2016-05-16,0.0004,80.0,20.0,29693.0,0.0004,0.0004,0.0004,10000613,2016-05-25,2016-05-25,C,2.3,2016-04-06
7539,2016-05-16 11:10:00,2016-05-16,0.0005,70.0,15.0,29693.0,0.0004,0.0004,0.0004,10000613,2016-05-25,2016-05-25,C,2.3,2016-04-06
7540,2016-05-16 11:11:00,2016-05-16,0.0004,0.0,0.0,29693.0,0.0004,0.0004,0.0004,10000613,2016-05-25,2016-05-25,C,2.3,2016-04-06
7541,2016-05-16 11:12:00,2016-05-16,0.0004,0.0,0.0,29693.0,0.0004,0.0004,0.0004,10000613,2016-05-25,2016-05-25,C,2.3,2016-04-06
7542,2016-05-16 11:13:00,2016-05-16,0.0004,0.0,0.0,29693.0,0.0004,0.0004,0.0004,10000613,2016-05-25,2016-05-25,C,2.3,2016-04-06
7543,2016-05-16 11:14:00,2016-05-16,0.0003,600.0,200.0,29766.0,0.0003,0.0003,0.0003,10000613,2016-05-25,2016-05-25,C,2.3,2016-04-06
7544,2016-05-16 11:15:00,2016-05-16,0.0003,0.0,0.0,29766.0,0.0003,0.0003,0.0003,10000613,2016-05-25,2016-05-25,C,2.3,2016-04-06
7545,2016-05-16 11:16:00,2016-05-16,0.0003,0.0,0.0,29766.0,0.0003,0.0003,0.0003,10000613,2016-05-25,2016-05-25,C,2.3,2016-04-06
7546,2016-05-16 11:17:00,2016-05-16,0.0003,0.0,0.0,29766.0,0.0003,0.0003,0.0003,10000613,2016-05-25,2016-05-25,C,2.3,2016-04-06
7547,2016-05-16 11:18:00,2016-05-16,0.0003,0.0,0.0,29766.0,0.0003,0.0003,0.0003,10000613,2016-05-25,2016-05-25,C,2.3,2016-04-06
7548,2016-05-16 11:19:00,2016-05-16,0.0004,40.0,10.0,29766.0,0.0003,0.0004,0.0003,10000613,2016-05-25,2016-05-25,C,2.3,2016-04-06
7549,2016-05-16 11:20:00,2016-05-16,0.0005,29.0,7.0,29765.0,0.0004,0.0004,0.0004,10000613,2016-05-25,2016-05-25,C,2.3,2016-04-06
7550,2016-05-16 11:21:00,2016-05-16,0.0004,0.0,0.0,29765.0,0.0004,0.0004,0.0004,10000613,2016-05-25,2016-05-25,C,2.3,2016-04-06
7551,2016-05-16 11:22:00,2016-05-16,0.0004,0.0,0.0,29765.0,0.0004,0.0004,0.0004,10000613,2016-05-25,2016-05-25,C,2.3,2016-04-06
7552,2016-05-16 11:23:00,2016-05-16,0.0004,4.0,1.0,29765.0,0.0004,0.0004,0.0004,10000613,2016-05-25,2016-05-25,C,2.3,2016-04-06
7553,2016-05-16 11:24:00,2016-05-16,0.0004,4.0,1.0,29765.0,0.0004,0.0004,0.0004,10000613,2016-05-25,2016-05-25,C,2.3,2016-04-06
7554,2016-05-16 11:25:00,2016-05-16,0.0004,0.0,0.0,29765.0,0.0004,0.0004,0.0004,10000613,2016-05-25,2016-05-25,C,2.3,2016-04-06
7555,2016-05-16 11:26:00,2016-05-16,0.0004,0.0,0.0,29765.0,0.0004,0.0004,0.0004,10000613,2016-05-25,2016-05-25,C,2.3,2016-04-06
7556,2016-05-16 11:27:00,2016-05-16,0.0004,0.0,0.0,29765.0,0.0004,0.0004,0.0004,10000613,2016-05-25,2016-05-25,C,2.3,2016-04-06
7557,2016-05-16 11:28:00,2016-05-16,0.0004,0.0,0.0,29765.0,0.0004,0.0004,0.0004,10000613,2016-05-25,2016-05-25,C,2.3,2016-04-06
7558,2016-05-16 11:29:00,2016-05-16,0.0004,0.0,0.0,29765.0,0.0004,0.0004,0.0004,10000613,2016-05-25,2016-05-25,C,2.3,2016-04-06
7559,2016-05-16 11:30:00,2016-05-16,0.0005,125.0,25.0,29740.0,0.0004,0.0005,0.0004,10000613,2016-05-25,2016-05-25,C,2.3,2016-04-06
7560,2016-05-16 13:01:00,2016-05-16,0.0005,0.0,0.0,29740.0,0.0005,0.0005,0.0005,10000613,2016-05-25,2016-05-25,C,2.3,2016-04-06
7561,2016-05-16 13:02:00,2016-05-16,0.0005,40.0,8.0,29732.0,0.0005,0.0005,0.0005,10000613,2016-05-25,2016-05-25,C,2.3,2016-04-06
7562,2016-05-16 13:03:00,2016-05-16,0.0005,0.0,0.0,29732.0,0.0005,0.0005,0.0005,10000613,2016-05-25,2016-05-25,C,2.3,2016-04-06
7563,2016-05-16 13:04:00,2016-05-16,0.0005,0.0,0.0,29732.0,0.0005,0.0005,0.0005,10000613,2016-05-25,2016-05-25,C,2.3,2016-04-06
7564,2016-05-16 13:05:00,2016-05-16,0.0005,0.0,0.0,29732.0,0.0005,0.0005,0.0005,10000613,2016-05-25,2016-05-25,C,2.3,2016-04-06
7565,2016-05-16 13:06:00,2016-05-16,0.0005,0.0,0.0,29732.0,0.0005,0.0005,0.0005,10000613,2016-05-25,2016-05-25,C,2.3,2016-04-06
7566,2016-05-16 13:07:00,2016-05-16,0.0005,0.0,0.0,29732.0,0.0005,0.0005,0.0005,10000613,2016-05-25,2016-05-25,C,2.3,2016-04-06
7567,2016-05-16 13:08:00,2016-05-16,0.0005,0.0,0.0,29732.0,0.0005,0.0005,0.0005,10000613,2016-05-25,2016-05-25,C,2.3,2016-04-06
7568,2016-05-16 13:09:00,2016-05-16,0.0005,0.0,0.0,29732.0,0.0005,0.0005,0.0005,10000613,2016-05-25,2016-05-25,C,2.3,2016-04-06
7569,2016-05-16 13:10:00,2016-05-16,0.0005,0.0,0.0,29732.0,0.0005,0.0005,0.0005,10000613,2016-05-25,2016-05-25,C,2.3,2016-04-06
7570,2016-05-16 13:11:00,2016-05-16,0.0005,0.0,0.0,29732.0,0.0005,0.0005,0.0005,10000613,2016-05-25,2016-05-25,C,2.3,2016-04-06
7571,2016-05-16 13:12:00,2016-05-16,0.0005,0.0,0.0,29732.0,0.0005,0.0005,0.0005,10000613,2016-05-25,2016-05-25,C,2.3,2016-04-06
7572,2016-05-16 13:13:00,2016-05-16,0.0005,0.0,0.0,29732.0,0.0005,0.0005,0.0005,10000613,2016-05-25,2016-05-25,C,2.3,2016-04-06
7573,2016-05-16 13:14:00,2016-05-16,0.0005,0.0,0.0,29732.0,0.0005,0.0005,0.0005,10000613,2016-05-25,2016-05-25,C,2.3,2016-04-06
7574,2016-05-16 13:15:00,2016-05-16,0.0005,0.0,0.0,29732.0,0.0005,0.0005,0.0005,10000613,2016-05-25,2016-05-25,C,2.3,2016-04-06
7575,2016-05-16 13:16:00,2016-05-16,0.0005,0.0,0.0,29732.0,0.0005,0.0005,0.0005,10000613,2016-05-25,2016-05-25,C,2.3,2016-04-06
7576,2016-05-16 13:17:00,2016-05-16,0.0005,0.0,0.0,29732.0,0.0005,0.0005,0.0005,10000613,2016-05-25,2016-05-25,C,2.3,2016-04-06
7577,2016-05-16 13:18:00,2016-05-16,0.0005,0.0,0.0,29732.0,0.0005,0.0005,0.0005,10000613,2016-05-25,2016-05-25,C,2.3,2016-04-06
7578,2016-05-16 13:19:00,2016-05-16,0.0005,0.0,0.0,29732.0,0.0005,0.0005,0.0005,10000613,2016-05-25,2016-05-25,C,2.3,2016-04-06
7579,2016-05-16 13:20:00,2016-05-16,0.0005,4.0,1.0,29732.0,0.0005,0.0004,0.0004,10000613,2016-05-25,2016-05-25,C,2.3,2016-04-06
7580,2016-05-16 13:21:00,2016-05-16,0.0004,0.0,0.0,29732.0,0.0004,0.0004,0.0004,10000613,2016-05-25,2016-05-25,C,2.3,2016-04-06
7581,2016-05-16 13:22:00,2016-05-16,0.0004,0.0,0.0,29732.0,0.0004,0.0004,0.0004,10000613,2016-05-25,2016-05-25,C,2.3,2016-04-06
7582,2016-05-16 13:23:00,2016-05-16,0.0004,0.0,0.0,29732.0,0.0004,0.0004,0.0004,10000613,2016-05-25,2016-05-25,C,2.3,2016-04-06
7583,2016-05-16 13:24:00,2016-05-16,0.0004,0.0,0.0,29732.0,0.0004,0.0004,0.0004,10000613,2016-05-25,2016-05-25,C,2.3,2016-04-06
7584,2016-05-16 13:25:00,2016-05-16,0.0004,280.0,70.0,29742.0,0.0004,0.0004,0.0004,10000613,2016-05-25,2016-05-25,C,2.3,2016-04-06
7585,2016-05-16 13:26:00,2016-05-16,0.0004,280.0,70.0,29751.0,0.0004,0.0004,0.0004,10000613,2016-05-25,2016-05-25,C,2.3,2016-04-06
7586,2016-05-16 13:27:00,2016-05-16,0.0004,0.0,0.0,29751.0,0.0004,0.0004,0.0004,10000613,2016-05-25,2016-05-25,C,2.3,2016-04-06
7587,2016-05-16 13:28:00,2016-05-16,0.0004,0.0,0.0,29751.0,0.0004,0.0004,0.0004,10000613,2016-05-25,2016-05-25,C,2.3,2016-04-06
7588,2016-05-16 13:29:00,2016-05-16,0.0004,0.0,0.0,29751.0,0.0004,0.0004,0.0004,10000613,2016-05-25,2016-05-25,C,2.3,2016-04-06
7589,2016-05-16 13:30:00,2016-05-16,0.0005,90.0,20.0,29741.0,0.0004,0.0005,0.0004,10000613,2016-05-25,2016-05-25,C,2.3,2016-04-06
7590,2016-05-16 13:31:00,2016-05-16,0.0005,270.0,60.0,29711.0,0.0004,0.0005,0.0004,10000613,2016-05-25,2016-05-25,C,2.3,2016-04-06
7591,2016-05-16 13:32:00,2016-05-16,0.0005,0.0,0.0,29711.0,0.0005,0.0005,0.0005,10000613,2016-05-25,2016-05-25,C,2.3,2016-04-06
7592,2016-05-16 13:33:00,2016-05-16,0.0005,0.0,0.0,29711.0,0.0005,0.0005,0.0005,10000613,2016-05-25,2016-05-25,C,2.3,2016-04-06
7593,2016-05-16 13:34:00,2016-05-16,0.0005,0.0,0.0,29711.0,0.0005,0.0005,0.0005,10000613,2016-05-25,2016-05-25,C,2.3,2016-04-06
7594,2016-05-16 13:35:00,2016-05-16,0.0005,0.0,0.0,29711.0,0.0005,0.0005,0.0005,10000613,2016-05-25,2016-05-25,C,2.3,2016-04-06
7595,2016-05-16 13:36:00,2016-05-16,0.0005,0.0,0.0,29711.0,0.0005,0.0005,0.0005,10000613,2016-05-25,2016-05-25,C,2.3,2016-04-06
7596,2016-05-16 13:37:00,2016-05-16,0.0005,0.0,0.0,29711.0,0.0005,0.0005,0.0005,10000613,2016-05-25,2016-05-25,C,2.3,2016-04-06
7597,2016-05-16 13:38:00,2016-05-16,0.0005,12.0,3.0,29711.0,0.0005,0.0004,0.0004,10000613,2016-05-25,2016-05-25,C,2.3,2016-04-06
7598,2016-05-16 13:39:00,2016-05-16,0.0005,205.0,51.0,29724.0,0.0005,0.0004,0.0004,10000613,2016-05-25,2016-05-25,C,2.3,2016-04-06
7599,2016-05-16 13:40:00,2016-05-16,0.0004,0.0,0.0,29724.0,0.0004,0.0004,0.0004,10000613,2016-05-25,2016-05-25,C,2.3,2016-04-06
7600,2016-05-16 13:41:00,2016-05-16,0.0004,0.0,0.0,29724.0,0.0004,0.0004,0.0004,10000613,2016-05-25,2016-05-25,C,2.3,2016-04-06
7601,2016-05-16 13:42:00,2016-05-16,0.0004,0.0,0.0,29724.0,0.0004,0.0004,0.0004,10000613,2016-05-25,2016-05-25,C,2.3,2016-04-06
7602,2016-05-16 13:43:00,2016-05-16,0.0004,0.0,0.0,29724.0,0.0004,0.0004,0.0004,10000613,2016-05-25,2016-05-25,C,2.3,2016-04-06
7603,2016-05-16 13:44:00,2016-05-16,0.0004,0.0,0.0,29724.0,0.0004,0.0004,0.0004,10000613,2016-05-25,2016-05-25,C,2.3,2016-04-06
7604,2016-05-16 13:45:00,2016-05-16,0.0004,0.0,0.0,29724.0,0.0004,0.0004,0.0004,10000613,2016-05-25,2016-05-25,C,2.3,2016-04-06
7605,2016-05-16 13:46:00,2016-05-16,0.0004,0.0,0.0,29724.0,0.0004,0.0004,0.0004,10000613,2016-05-25,2016-05-25,C,2.3,2016-04-06
7606,2016-05-16 13:47:00,2016-05-16,0.0004,0.0,0.0,29724.0,0.0004,0.0004,0.0004,10000613,2016-05-25,2016-05-25,C,2.3,2016-04-06
7607,2016-05-16 13:48:00,2016-05-16,0.0004,0.0,0.0,29724.0,0.0004,0.0004,0.0004,10000613,2016-05-25,2016-05-25,C,2.3,2016-04-06
7608,2016-05-16 13:49:00,2016-05-16,0.0004,0.0,0.0,29724.0,0.0004,0.0004,0.0004,10000613,2016-05-25,2016-05-25,C,2.3,2016-04-06
7609,2016-05-16 13:50:00,2016-05-16,0.0004,0.0,0.0,29724.0,0.0004,0.0004,0.0004,10000613,2016-05-25,2016-05-25,C,2.3,2016-04-06
7610,2016-05-16 13:51:00,2016-05-16,0.0004,0.0,0.0,29724.0,0.0004,0.0004,0.0004,10000613,2016-05-25,2016-05-25,C,2.3,2016-04-06
7611,2016-05-16 13:52:00,2016-05-16,0.0004,0.0,0.0,29724.0,0.0004,0.0004,0.0004,10000613,2016-05-25,2016-05-25,C,2.3,2016-04-06
7612,2016-05-16 13:53:00,2016-05-16,0.0004,0.0,0.0,29724.0,0.0004,0.0004,0.0004,10000613,2016-05-25,2016-05-25,C,2.3,2016-04-06
7613,2016-05-16 13:54:00,2016-05-16,0.0004,0.0,0.0,29724.0,0.0004,0.0004,0.0004,10000613,2016-05-25,2016-05-25,C,2.3,2016-04-06
7614,2016-05-16 13:55:00,2016-05-16,0.0004,0.0,0.0,29724.0,0.0004,0.0004,0.0004,10000613,2016-05-25,2016-05-25,C,2.3,2016-04-06
7615,2016-05-16 13:56:00,2016-05-16,0.0004,0.0,0.0,29724.0,0.0004,0.0004,0.0004,10000613,2016-05-25,2016-05-25,C,2.3,2016-04-06
7616,2016-05-16 13:57:00,2016-05-16,0.0004,0.0,0.0,29724.0,0.0004,0.0004,0.0004,10000613,2016-05-25,2016-05-25,C,2.3,2016-04-06
7617,2016-05-16 13:58:00,2016-05-16,0.0004,0.0,0.0,29724.0,0.0004,0.0004,0.0004,10000613,2016-05-25,2016-05-25,C,2.3,2016-04-06
7618,2016-05-16 13:59:00,2016-05-16,0.0004,0.0,0.0,29724.0,0.0004,0.0004,0.0004,10000613,2016-05-25,2016-05-25,C,2.3,2016-04-06
7619,2016-05-16 14:00:00,2016-05-16,0.0004,0.0,0.0,29724.0,0.0004,0.0004,0.0004,10000613,2016-05-25,2016-05-25,C,2.3,2016-04-06
7620,2016-05-16 14:01:00,2016-05-16,0.0004,0.0,0.0,29724.0,0.0004,0.0004,0.0004,10000613,2016-05-25,2016-05-25,C,2.3,2016-04-06
7621,2016-05-16 14:02:00,2016-05-16,0.0005,50.0,10.0,29714.0,0.0004,0.0005,0.0004,10000613,2016-05-25,2016-05-25,C,2.3,2016-04-06
7622,2016-05-16 14:03:00,2016-05-16,0.0005,550.0,110.0,29604.0,0.0005,0.0005,0.0005,10000613,2016-05-25,2016-05-25,C,2.3,2016-04-06
7623,2016-05-16 14:04:00,2016-05-16,0.0005,550.0,110.0,29533.0,0.0005,0.0005,0.0005,10000613,2016-05-25,2016-05-25,C,2.3,2016-04-06
7624,2016-05-16 14:05:00,2016-05-16,0.0005,600.0,120.0,29418.0,0.0005,0.0005,0.0005,10000613,2016-05-25,2016-05-25,C,2.3,2016-04-06
7625,2016-05-16 14:06:00,2016-05-16,0.0005,350.0,70.0,29358.0,0.0005,0.0005,0.0005,10000613,2016-05-25,2016-05-25,C,2.3,2016-04-06
7626,2016-05-16 14:07:00,2016-05-16,0.0005,505.0,101.0,29289.0,0.0005,0.0005,0.0005,10000613,2016-05-25,2016-05-25,C,2.3,2016-04-06
7627,2016-05-16 14:08:00,2016-05-16,0.0005,150.0,30.0,29269.0,0.0005,0.0005,0.0005,10000613,2016-05-25,2016-05-25,C,2.3,2016-04-06
7628,2016-05-16 14:09:00,2016-05-16,0.0005,0.0,0.0,29269.0,0.0005,0.0005,0.0005,10000613,2016-05-25,2016-05-25,C,2.3,2016-04-06
7629,2016-05-16 14:10:00,2016-05-16,0.0005,650.0,130.0,29139.0,0.0005,0.0005,0.0005,10000613,2016-05-25,2016-05-25,C,2.3,2016-04-06
7630,2016-05-16 14:11:00,2016-05-16,0.0005,90.0,20.0,29129.0,0.0005,0.0004,0.0004,10000613,2016-05-25,2016-05-25,C,2.3,2016-04-06
7631,2016-05-16 14:12:00,2016-05-16,0.0004,0.0,0.0,29129.0,0.0004,0.0004,0.0004,10000613,2016-05-25,2016-05-25,C,2.3,2016-04-06
7632,2016-05-16 14:13:00,2016-05-16,0.0005,500.0,100.0,29029.0,0.0004,0.0005,0.0004,10000613,2016-05-25,2016-05-25,C,2.3,2016-04-06
7633,2016-05-16 14:14:00,2016-05-16,0.0005,450.0,90.0,28959.0,0.0005,0.0005,0.0005,10000613,2016-05-25,2016-05-25,C,2.3,2016-04-06
7634,2016-05-16 14:15:00,2016-05-16,0.0005,0.0,0.0,28959.0,0.0005,0.0005,0.0005,10000613,2016-05-25,2016-05-25,C,2.3,2016-04-06
7635,2016-05-16 14:16:00,2016-05-16,0.0005,40.0,10.0,28959.0,0.0005,0.0004,0.0004,10000613,2016-05-25,2016-05-25,C,2.3,2016-04-06
7636,2016-05-16 14:17:00,2016-05-16,0.0004,0.0,0.0,28959.0,0.0004,0.0004,0.0004,10000613,2016-05-25,2016-05-25,C,2.3,2016-04-06
7637,2016-05-16 14:18:00,2016-05-16,0.0004,0.0,0.0,28959.0,0.0004,0.0004,0.0004,10000613,2016-05-25,2016-05-25,C,2.3,2016-04-06
7638,2016-05-16 14:19:00,2016-05-16,0.0005,350.0,70.0,28889.0,0.0005,0.0005,0.0005,10000613,2016-05-25,2016-05-25,C,2.3,2016-04-06
7639,2016-05-16 14:20:00,2016-05-16,0.0005,300.0,60.0,28829.0,0.0005,0.0005,0.0005,10000613,2016-05-25,2016-05-25,C,2.3,2016-04-06
7640,2016-05-16 14:21:00,2016-05-16,0.0005,150.0,30.0,28799.0,0.0005,0.0005,0.0005,10000613,2016-05-25,2016-05-25,C,2.3,2016-04-06
7641,2016-05-16 14:22:00,2016-05-16,0.0005,0.0,0.0,28799.0,0.0005,0.0005,0.0005,10000613,2016-05-25,2016-05-25,C,2.3,2016-04-06
7642,2016-05-16 14:23:00,2016-05-16,0.0005,0.0,0.0,28799.0,0.0005,0.0005,0.0005,10000613,2016-05-25,2016-05-25,C,2.3,2016-04-06
7643,2016-05-16 14:24:00,2016-05-16,0.0006,240.0,40.0,28771.0,0.0005,0.0006,0.0005,10000613,2016-05-25,2016-05-25,C,2.3,2016-04-06
7644,2016-05-16 14:25:00,2016-05-16,0.0006,570.0,102.0,28709.0,0.0006,0.0006,0.0005,10000613,2016-05-25,2016-05-25,C,2.3,2016-04-06
7645,2016-05-16 14:26:00,2016-05-16,0.0006,120.0,24.0,28706.0,0.0006,0.0005,0.0005,10000613,2016-05-25,2016-05-25,C,2.3,2016-04-06
7646,2016-05-16 14:27:00,2016-05-16,0.0005,150.0,30.0,28716.0,0.0005,0.0005,0.0005,10000613,2016-05-25,2016-05-25,C,2.3,2016-04-06
7647,2016-05-16 14:28:00,2016-05-16,0.0005,0.0,0.0,28716.0,0.0005,0.0005,0.0005,10000613,2016-05-25,2016-05-25,C,2.3,2016-04-06
7648,2016-05-16 14:29:00,2016-05-16,0.0005,0.0,0.0,28716.0,0.0005,0.0005,0.0005,10000613,2016-05-25,2016-05-25,C,2.3,2016-04-06
7649,2016-05-16 14:30:00,2016-05-16,0.0005,0.0,0.0,28716.0,0.0005,0.0005,0.0005,10000613,2016-05-25,2016-05-25,C,2.3,2016-04-06
7650,2016-05-16 14:31:00,2016-05-16,0.0007,117.0,17.0,28714.0,0.0006,0.0007,0.0006,10000613,2016-05-25,2016-05-25,C,2.3,2016-04-06
7651,2016-05-16 14:32:00,2016-05-16,0.0007,109.0,18.0,28704.0,0.0007,0.0007,0.0006,10000613,2016-05-25,2016-05-25,C,2.3,2016-04-06
7652,2016-05-16 14:33:00,2016-05-16,0.0007,77.0,11.0,28697.0,0.0007,0.0007,0.0007,10000613,2016-05-25,2016-05-25,C,2.3,2016-04-06
7653,2016-05-16 14:34:00,2016-05-16,0.0007,0.0,0.0,28697.0,0.0007,0.0007,0.0007,10000613,2016-05-25,2016-05-25,C,2.3,2016-04-06
7654,2016-05-16 14:35:00,2016-05-16,0.0007,0.0,0.0,28697.0,0.0007,0.0007,0.0007,10000613,2016-05-25,2016-05-25,C,2.3,2016-04-06
7655,2016-05-16 14:36:00,2016-05-16,0.0007,41.0,6.0,28692.0,0.0006,0.0007,0.0006,10000613,2016-05-25,2016-05-25,C,2.3,2016-04-06
7656,2016-05-16 14:37:00,2016-05-16,0.0007,105.0,15.0,28692.0,0.0007,0.0007,0.0007,10000613,2016-05-25,2016-05-25,C,2.3,2016-04-06
7657,2016-05-16 14:38:00,2016-05-16,0.0007,0.0,0.0,28692.0,0.0007,0.0007,0.0007,10000613,2016-05-25,2016-05-25,C,2.3,2016-04-06
7658,2016-05-16 14:39:00,2016-05-16,0.0007,140.0,20.0,28672.0,0.0007,0.0007,0.0007,10000613,2016-05-25,2016-05-25,C,2.3,2016-04-06
7659,2016-05-16 14:40:00,2016-05-16,0.0007,280.0,40.0,28632.0,0.0007,0.0007,0.0007,10000613,2016-05-25,2016-05-25,C,2.3,2016-04-06
7660,2016-05-16 14:41:00,2016-05-16,0.0007,320.0,50.0,28621.0,0.0007,0.0006,0.0006,10000613,2016-05-25,2016-05-25,C,2.3,2016-04-06
7661,2016-05-16 14:42:00,2016-05-16,0.0007,194.0,32.0,28619.0,0.0006,0.0006,0.0006,10000613,2016-05-25,2016-05-25,C,2.3,2016-04-06
7662,2016-05-16 14:43:00,2016-05-16,0.0006,378.0,65.0,28632.0,0.0005,0.0006,0.0005,10000613,2016-05-25,2016-05-25,C,2.3,2016-04-06
7663,2016-05-16 14:44:00,2016-05-16,0.0006,120.0,20.0,28622.0,0.0006,0.0006,0.0006,10000613,2016-05-25,2016-05-25,C,2.3,2016-04-06
7664,2016-05-16 14:45:00,2016-05-16,0.0006,540.0,90.0,28612.0,0.0006,0.0006,0.0006,10000613,2016-05-25,2016-05-25,C,2.3,2016-04-06
7665,2016-05-16 14:46:00,2016-05-16,0.0006,300.0,50.0,28592.0,0.0006,0.0006,0.0006,10000613,2016-05-25,2016-05-25,C,2.3,2016-04-06
7666,2016-05-16 14:47:00,2016-05-16,0.0006,410.0,70.0,28582.0,0.0006,0.0006,0.0005,10000613,2016-05-25,2016-05-25,C,2.3,2016-04-06
7667,2016-05-16 14:48:00,2016-05-16,0.0006,60.0,10.0,28582.0,0.0006,0.0006,0.0006,10000613,2016-05-25,2016-05-25,C,2.3,2016-04-06
7668,2016-05-16 14:49:00,2016-05-16,0.0006,348.0,58.0,28574.0,0.0006,0.0006,0.0006,10000613,2016-05-25,2016-05-25,C,2.3,2016-04-06
7669,2016-05-16 14:50:00,2016-05-16,0.0006,420.0,70.0,28574.0,0.0006,0.0006,0.0006,10000613,2016-05-25,2016-05-25,C,2.3,2016-04-06
7670,2016-05-16 14:51:00,2016-05-16,0.0006,175.0,30.0,28579.0,0.0006,0.0005,0.0005,10000613,2016-05-25,2016-05-25,C,2.3,2016-04-06
7671,2016-05-16 14:52:00,2016-05-16,0.0005,0.0,0.0,28579.0,0.0005,0.0005,0.0005,10000613,2016-05-25,2016-05-25,C,2.3,2016-04-06
7672,2016-05-16 14:53:00,2016-05-16,0.0006,240.0,40.0,28579.0,0.0006,0.0006,0.0006,10000613,2016-05-25,2016-05-25,C,2.3,2016-04-06
7673,2016-05-16 14:54:00,2016-05-16,0.0006,192.0,32.0,28579.0,0.0006,0.0006,0.0006,10000613,2016-05-25,2016-05-25,C,2.3,2016-04-06
7674,2016-05-16 14:55:00,2016-05-16,0.0006,0.0,0.0,28579.0,0.0006,0.0006,0.0006,10000613,2016-05-25,2016-05-25,C,2.3,2016-04-06
7675,2016-05-16 14:56:00,2016-05-16,0.0006,0.0,0.0,28579.0,0.0006,0.0006,0.0006,10000613,2016-05-25,2016-05-25,C,2.3,2016-04-06
7676,2016-05-16 14:57:00,2016-05-16,0.0006,0.0,0.0,28579.0,0.0006,0.0006,0.0006,10000613,2016-05-25,2016-05-25,C,2.3,2016-04-06
7677,2016-05-16 14:58:00,2016-05-16,0.0006,0.0,0.0,28579.0,0.0006,0.0006,0.0006,10000613,2016-05-25,2016-05-25,C,2.3,2016-04-06
7678,2016-05-16 14:59:00,2016-05-16,0.0006,0.0,0.0,28579.0,0.0006,0.0006,0.0006,10000613,2016-05-25,2016-05-25,C,2.3,2016-04-06
7679,2016-05-16 15:00:00,2016-05-16,0.0006,0.0,0.0,28579.0,0.0006,0.0006,0.0006,10000613,2016-05-25,2016-05-25,C,2.3,2016-04-06
7680,2016-05-16 09:31:00,2016-05-16,0.1964,0.0,0.0,1430.0,0.1964,0.1964,0.1964,10000455,2016-06-22,2016-06-22,P,2.25,2015-10-29
7681,2016-05-16 09:32:00,2016-05-16,0.1964,0.0,0.0,1430.0,0.1964,0.1964,0.1964,10000455,2016-06-22,2016-06-22,P,2.25,2015-10-29
7682,2016-05-16 09:33:00,2016-05-16,0.1964,0.0,0.0,1430.0,0.1964,0.1964,0.1964,10000455,2016-06-22,2016-06-22,P,2.25,2015-10-29
7683,2016-05-16 09:34:00,2016-05-16,0.1964,0.0,0.0,1430.0,0.1964,0.1964,0.1964,10000455,2016-06-22,2016-06-22,P,2.25,2015-10-29
7684,2016-05-16 09:35:00,2016-05-16,0.1993,3986.0,2.0,1430.0,0.1964,0.1993,0.1964,10000455,2016-06-22,2016-06-22,P,2.25,2015-10-29
7685,2016-05-16 09:36:00,2016-05-16,0.1993,31559.0,16.0,1427.0,0.1993,0.1968,0.1962,10000455,2016-06-22,2016-06-22,P,2.25,2015-10-29
7686,2016-05-16 09:37:00,2016-05-16,0.1968,3934.0,2.0,1428.0,0.1968,0.1967,0.1967,10000455,2016-06-22,2016-06-22,P,2.25,2015-10-29
7687,2016-05-16 09:38:00,2016-05-16,0.1975,7900.0,4.0,1430.0,0.1967,0.1975,0.1967,10000455,2016-06-22,2016-06-22,P,2.25,2015-10-29
7688,2016-05-16 09:39:00,2016-05-16,0.1975,0.0,0.0,1430.0,0.1975,0.1975,0.1975,10000455,2016-06-22,2016-06-22,P,2.25,2015-10-29
7689,2016-05-16 09:40:00,2016-05-16,0.1975,0.0,0.0,1430.0,0.1975,0.1975,0.1975,10000455,2016-06-22,2016-06-22,P,2.25,2015-10-29
7690,2016-05-16 09:41:00,2016-05-16,0.1975,0.0,0.0,1430.0,0.1975,0.1975,0.1975,10000455,2016-06-22,2016-06-22,P,2.25,2015-10-29
7691,2016-05-16 09:42:00,2016-05-16,0.1975,0.0,0.0,1430.0,0.1975,0.1975,0.1975,10000455,2016-06-22,2016-06-22,P,2.25,2015-10-29
7692,2016-05-16 09:43:00,2016-05-16,0.1975,0.0,0.0,1430.0,0.1975,0.1975,0.1975,10000455,2016-06-22,2016-06-22,P,2.25,2015-10-29
7693,2016-05-16 09:44:00,2016-05-16,0.1975,0.0,0.0,1430.0,0.1975,0.1975,0.1975,10000455,2016-06-22,2016-06-22,P,2.25,2015-10-29
7694,2016-05-16 09:45:00,2016-05-16,0.1975,0.0,0.0,1430.0,0.1975,0.1975,0.1975,10000455,2016-06-22,2016-06-22,P,2.25,2015-10-29
7695,2016-05-16 09:46:00,2016-05-16,0.1975,0.0,0.0,1430.0,0.1975,0.1975,0.1975,10000455,2016-06-22,2016-06-22,P,2.25,2015-10-29
7696,2016-05-16 09:47:00,2016-05-16,0.1975,0.0,0.0,1430.0,0.1975,0.1975,0.1975,10000455,2016-06-22,2016-06-22,P,2.25,2015-10-29
7697,2016-05-16 09:48:00,2016-05-16,0.1975,0.0,0.0,1430.0,0.1975,0.1975,0.1975,10000455,2016-06-22,2016-06-22,P,2.25,2015-10-29
7698,2016-05-16 09:49:00,2016-05-16,0.1975,0.0,0.0,1430.0,0.1975,0.1975,0.1975,10000455,2016-06-22,2016-06-22,P,2.25,2015-10-29
7699,2016-05-16 09:50:00,2016-05-16,0.2011,4022.0,2.0,1429.0,0.1975,0.2011,0.1975,10000455,2016-06-22,2016-06-22,P,2.25,2015-10-29
7700,2016-05-16 09:51:00,2016-05-16,0.2011,0.0,0.0,1429.0,0.2011,0.2011,0.2011,10000455,2016-06-22,2016-06-22,P,2.25,2015-10-29
7701,2016-05-16 09:52:00,2016-05-16,0.2011,0.0,0.0,1429.0,0.2011,0.2011,0.2011,10000455,2016-06-22,2016-06-22,P,2.25,2015-10-29
7702,2016-05-16 09:53:00,2016-05-16,0.2073,92007.0,45.0,1450.0,0.2011,0.2073,0.2011,10000455,2016-06-22,2016-06-22,P,2.25,2015-10-29
7703,2016-05-16 09:54:00,2016-05-16,0.2076,121800.0,59.0,1452.0,0.2073,0.2062,0.2061,10000455,2016-06-22,2016-06-22,P,2.25,2015-10-29
7704,2016-05-16 09:55:00,2016-05-16,0.2082,20718.0,10.0,1452.0,0.2062,0.207,0.206,10000455,2016-06-22,2016-06-22,P,2.25,2015-10-29
7705,2016-05-16 09:56:00,2016-05-16,0.207,6210.0,3.0,1449.0,0.207,0.207,0.207,10000455,2016-06-22,2016-06-22,P,2.25,2015-10-29
7706,2016-05-16 09:57:00,2016-05-16,0.207,0.0,0.0,1449.0,0.207,0.207,0.207,10000455,2016-06-22,2016-06-22,P,2.25,2015-10-29
7707,2016-05-16 09:58:00,2016-05-16,0.207,0.0,0.0,1449.0,0.207,0.207,0.207,10000455,2016-06-22,2016-06-22,P,2.25,2015-10-29
7708,2016-05-16 09:59:00,2016-05-16,0.207,0.0,0.0,1449.0,0.207,0.207,0.207,10000455,2016-06-22,2016-06-22,P,2.25,2015-10-29
7709,2016-05-16 10:00:00,2016-05-16,0.207,16496.0,8.0,1455.0,0.207,0.2062,0.2062,10000455,2016-06-22,2016-06-22,P,2.25,2015-10-29
7710,2016-05-16 10:01:00,2016-05-16,0.2087,10411.0,5.0,1458.0,0.2062,0.2081,0.2062,10000455,2016-06-22,2016-06-22,P,2.25,2015-10-29
7711,2016-05-16 10:02:00,2016-05-16,0.2081,0.0,0.0,1458.0,0.2081,0.2081,0.2081,10000455,2016-06-22,2016-06-22,P,2.25,2015-10-29
7712,2016-05-16 10:03:00,2016-05-16,0.2081,6210.0,3.0,1458.0,0.2081,0.207,0.207,10000455,2016-06-22,2016-06-22,P,2.25,2015-10-29
7713,2016-05-16 10:04:00,2016-05-16,0.207,0.0,0.0,1458.0,0.207,0.207,0.207,10000455,2016-06-22,2016-06-22,P,2.25,2015-10-29
7714,2016-05-16 10:05:00,2016-05-16,0.207,0.0,0.0,1458.0,0.207,0.207,0.207,10000455,2016-06-22,2016-06-22,P,2.25,2015-10-29
7715,2016-05-16 10:06:00,2016-05-16,0.207,0.0,0.0,1458.0,0.207,0.207,0.207,10000455,2016-06-22,2016-06-22,P,2.25,2015-10-29
7716,2016-05-16 10:07:00,2016-05-16,0.2054,4108.0,2.0,1460.0,0.2054,0.2054,0.2054,10000455,2016-06-22,2016-06-22,P,2.25,2015-10-29
7717,2016-05-16 10:08:00,2016-05-16,0.2054,0.0,0.0,1460.0,0.2054,0.2054,0.2054,10000455,2016-06-22,2016-06-22,P,2.25,2015-10-29
7718,2016-05-16 10:09:00,2016-05-16,0.2054,10160.0,5.0,1460.0,0.2054,0.2032,0.2032,10000455,2016-06-22,2016-06-22,P,2.25,2015-10-29
7719,2016-05-16 10:10:00,2016-05-16,0.2032,0.0,0.0,1460.0,0.2032,0.2032,0.2032,10000455,2016-06-22,2016-06-22,P,2.25,2015-10-29
7720,2016-05-16 10:11:00,2016-05-16,0.2053,2053.0,1.0,1461.0,0.2032,0.2053,0.2032,10000455,2016-06-22,2016-06-22,P,2.25,2015-10-29
7721,2016-05-16 10:12:00,2016-05-16,0.2053,10160.0,5.0,1466.0,0.2053,0.2032,0.2032,10000455,2016-06-22,2016-06-22,P,2.25,2015-10-29
7722,2016-05-16 10:13:00,2016-05-16,0.2032,0.0,0.0,1466.0,0.2032,0.2032,0.2032,10000455,2016-06-22,2016-06-22,P,2.25,2015-10-29
7723,2016-05-16 10:14:00,2016-05-16,0.2032,0.0,0.0,1466.0,0.2032,0.2032,0.2032,10000455,2016-06-22,2016-06-22,P,2.25,2015-10-29
7724,2016-05-16 10:15:00,2016-05-16,0.2032,0.0,0.0,1466.0,0.2032,0.2032,0.2032,10000455,2016-06-22,2016-06-22,P,2.25,2015-10-29
7725,2016-05-16 10:16:00,2016-05-16,0.2032,0.0,0.0,1466.0,0.2032,0.2032,0.2032,10000455,2016-06-22,2016-06-22,P,2.25,2015-10-29
7726,2016-05-16 10:17:00,2016-05-16,0.2032,0.0,0.0,1466.0,0.2032,0.2032,0.2032,10000455,2016-06-22,2016-06-22,P,2.25,2015-10-29
7727,2016-05-16 10:18:00,2016-05-16,0.2032,0.0,0.0,1466.0,0.2032,0.2032,0.2032,10000455,2016-06-22,2016-06-22,P,2.25,2015-10-29
7728,2016-05-16 10:19:00,2016-05-16,0.2032,0.0,0.0,1466.0,0.2032,0.2032,0.2032,10000455,2016-06-22,2016-06-22,P,2.25,2015-10-29
7729,2016-05-16 10:20:00,2016-05-16,0.2032,0.0,0.0,1466.0,0.2032,0.2032,0.2032,10000455,2016-06-22,2016-06-22,P,2.25,2015-10-29
7730,2016-05-16 10:21:00,2016-05-16,0.2032,0.0,0.0,1466.0,0.2032,0.2032,0.2032,10000455,2016-06-22,2016-06-22,P,2.25,2015-10-29
7731,2016-05-16 10:22:00,2016-05-16,0.2032,0.0,0.0,1466.0,0.2032,0.2032,0.2032,10000455,2016-06-22,2016-06-22,P,2.25,2015-10-29
7732,2016-05-16 10:23:00,2016-05-16,0.2032,0.0,0.0,1466.0,0.2032,0.2032,0.2032,10000455,2016-06-22,2016-06-22,P,2.25,2015-10-29
7733,2016-05-16 10:24:00,2016-05-16,0.2032,0.0,0.0,1466.0,0.2032,0.2032,0.2032,10000455,2016-06-22,2016-06-22,P,2.25,2015-10-29
7734,2016-05-16 10:25:00,2016-05-16,0.2032,0.0,0.0,1466.0,0.2032,0.2032,0.2032,10000455,2016-06-22,2016-06-22,P,2.25,2015-10-29
7735,2016-05-16 10:26:00,2016-05-16,0.2032,0.0,0.0,1466.0,0.2032,0.2032,0.2032,10000455,2016-06-22,2016-06-22,P,2.25,2015-10-29
7736,2016-05-16 10:27:00,2016-05-16,0.2032,0.0,0.0,1466.0,0.2032,0.2032,0.2032,10000455,2016-06-22,2016-06-22,P,2.25,2015-10-29
7737,2016-05-16 10:28:00,2016-05-16,0.2032,0.0,0.0,1466.0,0.2032,0.2032,0.2032,10000455,2016-06-22,2016-06-22,P,2.25,2015-10-29
7738,2016-05-16 10:29:00,2016-05-16,0.2032,0.0,0.0,1466.0,0.2032,0.2032,0.2032,10000455,2016-06-22,2016-06-22,P,2.25,2015-10-29
7739,2016-05-16 10:30:00,2016-05-16,0.2032,0.0,0.0,1466.0,0.2032,0.2032,0.2032,10000455,2016-06-22,2016-06-22,P,2.25,2015-10-29
7740,2016-05-16 10:31:00,2016-05-16,0.2032,0.0,0.0,1466.0,0.2032,0.2032,0.2032,10000455,2016-06-22,2016-06-22,P,2.25,2015-10-29
7741,2016-05-16 10:32:00,2016-05-16,0.2032,0.0,0.0,1466.0,0.2032,0.2032,0.2032,10000455,2016-06-22,2016-06-22,P,2.25,2015-10-29
7742,2016-05-16 10:33:00,2016-05-16,0.2032,0.0,0.0,1466.0,0.2032,0.2032,0.2032,10000455,2016-06-22,2016-06-22,P,2.25,2015-10-29
7743,2016-05-16 10:34:00,2016-05-16,0.2032,0.0,0.0,1466.0,0.2032,0.2032,0.2032,10000455,2016-06-22,2016-06-22,P,2.25,2015-10-29
7744,2016-05-16 10:35:00,2016-05-16,0.2032,0.0,0.0,1466.0,0.2032,0.2032,0.2032,10000455,2016-06-22,2016-06-22,P,2.25,2015-10-29
7745,2016-05-16 10:36:00,2016-05-16,0.2032,0.0,0.0,1466.0,0.2032,0.2032,0.2032,10000455,2016-06-22,2016-06-22,P,2.25,2015-10-29
7746,2016-05-16 10:37:00,2016-05-16,0.2032,0.0,0.0,1466.0,0.2032,0.2032,0.2032,10000455,2016-06-22,2016-06-22,P,2.25,2015-10-29
7747,2016-05-16 10:38:00,2016-05-16,0.2032,0.0,0.0,1466.0,0.2032,0.2032,0.2032,10000455,2016-06-22,2016-06-22,P,2.25,2015-10-29
7748,2016-05-16 10:39:00,2016-05-16,0.2032,10005.0,5.0,1471.0,0.2032,0.2001,0.2001,10000455,2016-06-22,2016-06-22,P,2.25,2015-10-29
7749,2016-05-16 10:40:00,2016-05-16,0.2001,0.0,0.0,1471.0,0.2001,0.2001,0.2001,10000455,2016-06-22,2016-06-22,P,2.25,2015-10-29
7750,2016-05-16 10:41:00,2016-05-16,0.2001,0.0,0.0,1471.0,0.2001,0.2001,0.2001,10000455,2016-06-22,2016-06-22,P,2.25,2015-10-29
7751,2016-05-16 10:42:00,2016-05-16,0.2001,0.0,0.0,1471.0,0.2001,0.2001,0.2001,10000455,2016-06-22,2016-06-22,P,2.25,2015-10-29
7752,2016-05-16 10:43:00,2016-05-16,0.2001,0.0,0.0,1471.0,0.2001,0.2001,0.2001,10000455,2016-06-22,2016-06-22,P,2.25,2015-10-29
7753,2016-05-16 10:44:00,2016-05-16,0.2001,0.0,0.0,1471.0,0.2001,0.2001,0.2001,10000455,2016-06-22,2016-06-22,P,2.25,2015-10-29
7754,2016-05-16 10:45:00,2016-05-16,0.2001,0.0,0.0,1471.0,0.2001,0.2001,0.2001,10000455,2016-06-22,2016-06-22,P,2.25,2015-10-29
7755,2016-05-16 10:46:00,2016-05-16,0.2001,0.0,0.0,1471.0,0.2001,0.2001,0.2001,10000455,2016-06-22,2016-06-22,P,2.25,2015-10-29
7756,2016-05-16 10:47:00,2016-05-16,0.2001,0.0,0.0,1471.0,0.2001,0.2001,0.2001,10000455,2016-06-22,2016-06-22,P,2.25,2015-10-29
7757,2016-05-16 10:48:00,2016-05-16,0.2011,2011.0,1.0,1471.0,0.2001,0.2011,0.2001,10000455,2016-06-22,2016-06-22,P,2.25,2015-10-29
7758,2016-05-16 10:49:00,2016-05-16,0.2011,0.0,0.0,1471.0,0.2011,0.2011,0.2011,10000455,2016-06-22,2016-06-22,P,2.25,2015-10-29
7759,2016-05-16 10:50:00,2016-05-16,0.2011,0.0,0.0,1471.0,0.2011,0.2011,0.2011,10000455,2016-06-22,2016-06-22,P,2.25,2015-10-29
7760,2016-05-16 10:51:00,2016-05-16,0.2011,0.0,0.0,1471.0,0.2011,0.2011,0.2011,10000455,2016-06-22,2016-06-22,P,2.25,2015-10-29
7761,2016-05-16 10:52:00,2016-05-16,0.2011,0.0,0.0,1471.0,0.2011,0.2011,0.2011,10000455,2016-06-22,2016-06-22,P,2.25,2015-10-29
7762,2016-05-16 10:53:00,2016-05-16,0.2011,0.0,0.0,1471.0,0.2011,0.2011,0.2011,10000455,2016-06-22,2016-06-22,P,2.25,2015-10-29
7763,2016-05-16 10:54:00,2016-05-16,0.2011,0.0,0.0,1471.0,0.2011,0.2011,0.2011,10000455,2016-06-22,2016-06-22,P,2.25,2015-10-29
7764,2016-05-16 10:55:00,2016-05-16,0.2011,1958.0,1.0,1471.0,0.2011,0.1958,0.1958,10000455,2016-06-22,2016-06-22,P,2.25,2015-10-29
7765,2016-05-16 10:56:00,2016-05-16,0.1958,0.0,0.0,1471.0,0.1958,0.1958,0.1958,10000455,2016-06-22,2016-06-22,P,2.25,2015-10-29
7766,2016-05-16 10:57:00,2016-05-16,0.1958,0.0,0.0,1471.0,0.1958,0.1958,0.1958,10000455,2016-06-22,2016-06-22,P,2.25,2015-10-29
7767,2016-05-16 10:58:00,2016-05-16,0.1958,0.0,0.0,1471.0,0.1958,0.1958,0.1958,10000455,2016-06-22,2016-06-22,P,2.25,2015-10-29
7768,2016-05-16 10:59:00,2016-05-16,0.1958,38060.0,20.0,1462.0,0.1958,0.1901,0.1901,10000455,2016-06-22,2016-06-22,P,2.25,2015-10-29
7769,2016-05-16 11:00:00,2016-05-16,0.1901,3796.0,2.0,1462.0,0.1901,0.1898,0.1898,10000455,2016-06-22,2016-06-22,P,2.25,2015-10-29
7770,2016-05-16 11:01:00,2016-05-16,0.1898,0.0,0.0,1462.0,0.1898,0.1898,0.1898,10000455,2016-06-22,2016-06-22,P,2.25,2015-10-29
7771,2016-05-16 11:02:00,2016-05-16,0.1898,0.0,0.0,1462.0,0.1898,0.1898,0.1898,10000455,2016-06-22,2016-06-22,P,2.25,2015-10-29
7772,2016-05-16 11:03:00,2016-05-16,0.1898,1893.0,1.0,1463.0,0.1898,0.1893,0.1893,10000455,2016-06-22,2016-06-22,P,2.25,2015-10-29
7773,2016-05-16 11:04:00,2016-05-16,0.1893,0.0,0.0,1463.0,0.1893,0.1893,0.1893,10000455,2016-06-22,2016-06-22,P,2.25,2015-10-29
7774,2016-05-16 11:05:00,2016-05-16,0.1893,0.0,0.0,1463.0,0.1893,0.1893,0.1893,10000455,2016-06-22,2016-06-22,P,2.25,2015-10-29
7775,2016-05-16 11:06:00,2016-05-16,0.1893,0.0,0.0,1463.0,0.1893,0.1893,0.1893,10000455,2016-06-22,2016-06-22,P,2.25,2015-10-29
7776,2016-05-16 11:07:00,2016-05-16,0.1893,0.0,0.0,1463.0,0.1893,0.1893,0.1893,10000455,2016-06-22,2016-06-22,P,2.25,2015-10-29
7777,2016-05-16 11:08:00,2016-05-16,0.1893,0.0,0.0,1463.0,0.1893,0.1893,0.1893,10000455,2016-06-22,2016-06-22,P,2.25,2015-10-29
7778,2016-05-16 11:09:00,2016-05-16,0.1893,0.0,0.0,1463.0,0.1893,0.1893,0.1893,10000455,2016-06-22,2016-06-22,P,2.25,2015-10-29
7779,2016-05-16 11:10:00,2016-05-16,0.1893,0.0,0.0,1463.0,0.1893,0.1893,0.1893,10000455,2016-06-22,2016-06-22,P,2.25,2015-10-29
7780,2016-05-16 11:11:00,2016-05-16,0.1893,0.0,0.0,1463.0,0.1893,0.1893,0.1893,10000455,2016-06-22,2016-06-22,P,2.25,2015-10-29
7781,2016-05-16 11:12:00,2016-05-16,0.1893,0.0,0.0,1463.0,0.1893,0.1893,0.1893,10000455,2016-06-22,2016-06-22,P,2.25,2015-10-29
7782,2016-05-16 11:13:00,2016-05-16,0.1893,0.0,0.0,1463.0,0.1893,0.1893,0.1893,10000455,2016-06-22,2016-06-22,P,2.25,2015-10-29
7783,2016-05-16 11:14:00,2016-05-16,0.1893,0.0,0.0,1463.0,0.1893,0.1893,0.1893,10000455,2016-06-22,2016-06-22,P,2.25,2015-10-29
7784,2016-05-16 11:15:00,2016-05-16,0.1893,0.0,0.0,1463.0,0.1893,0.1893,0.1893,10000455,2016-06-22,2016-06-22,P,2.25,2015-10-29
7785,2016-05-16 11:16:00,2016-05-16,0.1893,0.0,0.0,1463.0,0.1893,0.1893,0.1893,10000455,2016-06-22,2016-06-22,P,2.25,2015-10-29
7786,2016-05-16 11:17:00,2016-05-16,0.1893,0.0,0.0,1463.0,0.1893,0.1893,0.1893,10000455,2016-06-22,2016-06-22,P,2.25,2015-10-29
7787,2016-05-16 11:18:00,2016-05-16,0.1893,0.0,0.0,1463.0,0.1893,0.1893,0.1893,10000455,2016-06-22,2016-06-22,P,2.25,2015-10-29
7788,2016-05-16 11:19:00,2016-05-16,0.1893,0.0,0.0,1463.0,0.1893,0.1893,0.1893,10000455,2016-06-22,2016-06-22,P,2.25,2015-10-29
7789,2016-05-16 11:20:00,2016-05-16,0.1904,3808.0,2.0,1465.0,0.1893,0.1904,0.1893,10000455,2016-06-22,2016-06-22,P,2.25,2015-10-29
7790,2016-05-16 11:21:00,2016-05-16,0.1904,0.0,0.0,1465.0,0.1904,0.1904,0.1904,10000455,2016-06-22,2016-06-22,P,2.25,2015-10-29
7791,2016-05-16 11:22:00,2016-05-16,0.1904,0.0,0.0,1465.0,0.1904,0.1904,0.1904,10000455,2016-06-22,2016-06-22,P,2.25,2015-10-29
7792,2016-05-16 11:23:00,2016-05-16,0.1904,0.0,0.0,1465.0,0.1904,0.1904,0.1904,10000455,2016-06-22,2016-06-22,P,2.25,2015-10-29
7793,2016-05-16 11:24:00,2016-05-16,0.1904,0.0,0.0,1465.0,0.1904,0.1904,0.1904,10000455,2016-06-22,2016-06-22,P,2.25,2015-10-29
7794,2016-05-16 11:25:00,2016-05-16,0.1904,1904.0,1.0,1464.0,0.1904,0.1904,0.1904,10000455,2016-06-22,2016-06-22,P,2.25,2015-10-29
7795,2016-05-16 11:26:00,2016-05-16,0.1906,3812.0,2.0,1463.0,0.1904,0.1906,0.1904,10000455,2016-06-22,2016-06-22,P,2.25,2015-10-29
7796,2016-05-16 11:27:00,2016-05-16,0.1908,1908.0,1.0,1462.0,0.1906,0.1908,0.1906,10000455,2016-06-22,2016-06-22,P,2.25,2015-10-29
7797,2016-05-16 11:28:00,2016-05-16,0.1908,0.0,0.0,1462.0,0.1908,0.1908,0.1908,10000455,2016-06-22,2016-06-22,P,2.25,2015-10-29
7798,2016-05-16 11:29:00,2016-05-16,0.1908,0.0,0.0,1462.0,0.1908,0.1908,0.1908,10000455,2016-06-22,2016-06-22,P,2.25,2015-10-29
7799,2016-05-16 11:30:00,2016-05-16,0.1908,0.0,0.0,1462.0,0.1908,0.1908,0.1908,10000455,2016-06-22,2016-06-22,P,2.25,2015-10-29
7800,2016-05-16 13:01:00,2016-05-16,0.1915,3823.0,2.0,1462.0,0.1908,0.1915,0.1908,10000455,2016-06-22,2016-06-22,P,2.25,2015-10-29
7801,2016-05-16 13:02:00,2016-05-16,0.1926,9630.0,5.0,1459.0,0.1915,0.1926,0.1915,10000455,2016-06-22,2016-06-22,P,2.25,2015-10-29
7802,2016-05-16 13:03:00,2016-05-16,0.1926,0.0,0.0,1459.0,0.1926,0.1926,0.1926,10000455,2016-06-22,2016-06-22,P,2.25,2015-10-29
7803,2016-05-16 13:04:00,2016-05-16,0.1926,0.0,0.0,1459.0,0.1926,0.1926,0.1926,10000455,2016-06-22,2016-06-22,P,2.25,2015-10-29
7804,2016-05-16 13:05:00,2016-05-16,0.1926,0.0,0.0,1459.0,0.1926,0.1926,0.1926,10000455,2016-06-22,2016-06-22,P,2.25,2015-10-29
7805,2016-05-16 13:06:00,2016-05-16,0.1926,0.0,0.0,1459.0,0.1926,0.1926,0.1926,10000455,2016-06-22,2016-06-22,P,2.25,2015-10-29
7806,2016-05-16 13:07:00,2016-05-16,0.1926,0.0,0.0,1459.0,0.1926,0.1926,0.1926,10000455,2016-06-22,2016-06-22,P,2.25,2015-10-29
7807,2016-05-16 13:08:00,2016-05-16,0.1926,0.0,0.0,1459.0,0.1926,0.1926,0.1926,10000455,2016-06-22,2016-06-22,P,2.25,2015-10-29
7808,2016-05-16 13:09:00,2016-05-16,0.1926,0.0,0.0,1459.0,0.1926,0.1926,0.1926,10000455,2016-06-22,2016-06-22,P,2.25,2015-10-29
7809,2016-05-16 13:10:00,2016-05-16,0.1926,0.0,0.0,1459.0,0.1926,0.1926,0.1926,10000455,2016-06-22,2016-06-22,P,2.25,2015-10-29
7810,2016-05-16 13:11:00,2016-05-16,0.1926,0.0,0.0,1459.0,0.1926,0.1926,0.1926,10000455,2016-06-22,2016-06-22,P,2.25,2015-10-29
7811,2016-05-16 13:12:00,2016-05-16,0.1926,0.0,0.0,1459.0,0.1926,0.1926,0.1926,10000455,2016-06-22,2016-06-22,P,2.25,2015-10-29
7812,2016-05-16 13:13:00,2016-05-16,0.1926,0.0,0.0,1459.0,0.1926,0.1926,0.1926,10000455,2016-06-22,2016-06-22,P,2.25,2015-10-29
7813,2016-05-16 13:14:00,2016-05-16,0.1926,0.0,0.0,1459.0,0.1926,0.1926,0.1926,10000455,2016-06-22,2016-06-22,P,2.25,2015-10-29
7814,2016-05-16 13:15:00,2016-05-16,0.1926,0.0,0.0,1459.0,0.1926,0.1926,0.1926,10000455,2016-06-22,2016-06-22,P,2.25,2015-10-29
7815,2016-05-16 13:16:00,2016-05-16,0.1926,0.0,0.0,1459.0,0.1926,0.1926,0.1926,10000455,2016-06-22,2016-06-22,P,2.25,2015-10-29
7816,2016-05-16 13:17:00,2016-05-16,0.1926,0.0,0.0,1459.0,0.1926,0.1926,0.1926,10000455,2016-06-22,2016-06-22,P,2.25,2015-10-29
7817,2016-05-16 13:18:00,2016-05-16,0.1926,0.0,0.0,1459.0,0.1926,0.1926,0.1926,10000455,2016-06-22,2016-06-22,P,2.25,2015-10-29
7818,2016-05-16 13:19:00,2016-05-16,0.1926,0.0,0.0,1459.0,0.1926,0.1926,0.1926,10000455,2016-06-22,2016-06-22,P,2.25,2015-10-29
7819,2016-05-16 13:20:00,2016-05-16,0.1926,0.0,0.0,1459.0,0.1926,0.1926,0.1926,10000455,2016-06-22,2016-06-22,P,2.25,2015-10-29
7820,2016-05-16 13:21:00,2016-05-16,0.1926,0.0,0.0,1459.0,0.1926,0.1926,0.1926,10000455,2016-06-22,2016-06-22,P,2.25,2015-10-29
7821,2016-05-16 13:22:00,2016-05-16,0.1926,0.0,0.0,1459.0,0.1926,0.1926,0.1926,10000455,2016-06-22,2016-06-22,P,2.25,2015-10-29
7822,2016-05-16 13:23:00,2016-05-16,0.1926,0.0,0.0,1459.0,0.1926,0.1926,0.1926,10000455,2016-06-22,2016-06-22,P,2.25,2015-10-29
7823,2016-05-16 13:24:00,2016-05-16,0.1926,0.0,0.0,1459.0,0.1926,0.1926,0.1926,10000455,2016-06-22,2016-06-22,P,2.25,2015-10-29
7824,2016-05-16 13:25:00,2016-05-16,0.1926,0.0,0.0,1459.0,0.1926,0.1926,0.1926,10000455,2016-06-22,2016-06-22,P,2.25,2015-10-29
7825,2016-05-16 13:26:00,2016-05-16,0.1926,0.0,0.0,1459.0,0.1926,0.1926,0.1926,10000455,2016-06-22,2016-06-22,P,2.25,2015-10-29
7826,2016-05-16 13:27:00,2016-05-16,0.1926,0.0,0.0,1459.0,0.1926,0.1926,0.1926,10000455,2016-06-22,2016-06-22,P,2.25,2015-10-29
7827,2016-05-16 13:28:00,2016-05-16,0.1949,5847.0,3.0,1460.0,0.1926,0.1949,0.1926,10000455,2016-06-22,2016-06-22,P,2.25,2015-10-29
7828,2016-05-16 13:29:00,2016-05-16,0.196,1960.0,1.0,1460.0,0.196,0.196,0.196,10000455,2016-06-22,2016-06-22,P,2.25,2015-10-29
7829,2016-05-16 13:30:00,2016-05-16,0.196,0.0,0.0,1460.0,0.196,0.196,0.196,10000455,2016-06-22,2016-06-22,P,2.25,2015-10-29
7830,2016-05-16 13:31:00,2016-05-16,0.196,0.0,0.0,1460.0,0.196,0.196,0.196,10000455,2016-06-22,2016-06-22,P,2.25,2015-10-29
7831,2016-05-16 13:32:00,2016-05-16,0.196,0.0,0.0,1460.0,0.196,0.196,0.196,10000455,2016-06-22,2016-06-22,P,2.25,2015-10-29
7832,2016-05-16 13:33:00,2016-05-16,0.196,0.0,0.0,1460.0,0.196,0.196,0.196,10000455,2016-06-22,2016-06-22,P,2.25,2015-10-29
7833,2016-05-16 13:34:00,2016-05-16,0.196,0.0,0.0,1460.0,0.196,0.196,0.196,10000455,2016-06-22,2016-06-22,P,2.25,2015-10-29
7834,2016-05-16 13:35:00,2016-05-16,0.196,0.0,0.0,1460.0,0.196,0.196,0.196,10000455,2016-06-22,2016-06-22,P,2.25,2015-10-29
7835,2016-05-16 13:36:00,2016-05-16,0.196,0.0,0.0,1460.0,0.196,0.196,0.196,10000455,2016-06-22,2016-06-22,P,2.25,2015-10-29
7836,2016-05-16 13:37:00,2016-05-16,0.196,0.0,0.0,1460.0,0.196,0.196,0.196,10000455,2016-06-22,2016-06-22,P,2.25,2015-10-29
7837,2016-05-16 13:38:00,2016-05-16,0.196,0.0,0.0,1460.0,0.196,0.196,0.196,10000455,2016-06-22,2016-06-22,P,2.25,2015-10-29
7838,2016-05-16 13:39:00,2016-05-16,0.196,0.0,0.0,1460.0,0.196,0.196,0.196,10000455,2016-06-22,2016-06-22,P,2.25,2015-10-29
7839,2016-05-16 13:40:00,2016-05-16,0.196,0.0,0.0,1460.0,0.196,0.196,0.196,10000455,2016-06-22,2016-06-22,P,2.25,2015-10-29
7840,2016-05-16 13:41:00,2016-05-16,0.196,0.0,0.0,1460.0,0.196,0.196,0.196,10000455,2016-06-22,2016-06-22,P,2.25,2015-10-29
7841,2016-05-16 13:42:00,2016-05-16,0.196,0.0,0.0,1460.0,0.196,0.196,0.196,10000455,2016-06-22,2016-06-22,P,2.25,2015-10-29
7842,2016-05-16 13:43:00,2016-05-16,0.196,0.0,0.0,1460.0,0.196,0.196,0.196,10000455,2016-06-22,2016-06-22,P,2.25,2015-10-29
7843,2016-05-16 13:44:00,2016-05-16,0.196,0.0,0.0,1460.0,0.196,0.196,0.196,10000455,2016-06-22,2016-06-22,P,2.25,2015-10-29
7844,2016-05-16 13:45:00,2016-05-16,0.196,0.0,0.0,1460.0,0.196,0.196,0.196,10000455,2016-06-22,2016-06-22,P,2.25,2015-10-29
7845,2016-05-16 13:46:00,2016-05-16,0.196,0.0,0.0,1460.0,0.196,0.196,0.196,10000455,2016-06-22,2016-06-22,P,2.25,2015-10-29
7846,2016-05-16 13:47:00,2016-05-16,0.196,0.0,0.0,1460.0,0.196,0.196,0.196,10000455,2016-06-22,2016-06-22,P,2.25,2015-10-29
7847,2016-05-16 13:48:00,2016-05-16,0.196,0.0,0.0,1460.0,0.196,0.196,0.196,10000455,2016-06-22,2016-06-22,P,2.25,2015-10-29
7848,2016-05-16 13:49:00,2016-05-16,0.196,0.0,0.0,1460.0,0.196,0.196,0.196,10000455,2016-06-22,2016-06-22,P,2.25,2015-10-29
7849,2016-05-16 13:50:00,2016-05-16,0.196,0.0,0.0,1460.0,0.196,0.196,0.196,10000455,2016-06-22,2016-06-22,P,2.25,2015-10-29
7850,2016-05-16 13:51:00,2016-05-16,0.196,0.0,0.0,1460.0,0.196,0.196,0.196,10000455,2016-06-22,2016-06-22,P,2.25,2015-10-29
7851,2016-05-16 13:52:00,2016-05-16,0.196,0.0,0.0,1460.0,0.196,0.196,0.196,10000455,2016-06-22,2016-06-22,P,2.25,2015-10-29
7852,2016-05-16 13:53:00,2016-05-16,0.196,0.0,0.0,1460.0,0.196,0.196,0.196,10000455,2016-06-22,2016-06-22,P,2.25,2015-10-29
7853,2016-05-16 13:54:00,2016-05-16,0.196,0.0,0.0,1460.0,0.196,0.196,0.196,10000455,2016-06-22,2016-06-22,P,2.25,2015-10-29
7854,2016-05-16 13:55:00,2016-05-16,0.196,0.0,0.0,1460.0,0.196,0.196,0.196,10000455,2016-06-22,2016-06-22,P,2.25,2015-10-29
7855,2016-05-16 13:56:00,2016-05-16,0.196,0.0,0.0,1460.0,0.196,0.196,0.196,10000455,2016-06-22,2016-06-22,P,2.25,2015-10-29
7856,2016-05-16 13:57:00,2016-05-16,0.196,0.0,0.0,1460.0,0.196,0.196,0.196,10000455,2016-06-22,2016-06-22,P,2.25,2015-10-29
7857,2016-05-16 13:58:00,2016-05-16,0.196,20968.0,11.0,1459.0,0.196,0.1903,0.1903,10000455,2016-06-22,2016-06-22,P,2.25,2015-10-29
7858,2016-05-16 13:59:00,2016-05-16,0.1903,0.0,0.0,1459.0,0.1903,0.1903,0.1903,10000455,2016-06-22,2016-06-22,P,2.25,2015-10-29
7859,2016-05-16 14:00:00,2016-05-16,0.1903,0.0,0.0,1459.0,0.1903,0.1903,0.1903,10000455,2016-06-22,2016-06-22,P,2.25,2015-10-29
7860,2016-05-16 14:01:00,2016-05-16,0.1903,0.0,0.0,1459.0,0.1903,0.1903,0.1903,10000455,2016-06-22,2016-06-22,P,2.25,2015-10-29
7861,2016-05-16 14:02:00,2016-05-16,0.1903,0.0,0.0,1459.0,0.1903,0.1903,0.1903,10000455,2016-06-22,2016-06-22,P,2.25,2015-10-29
7862,2016-05-16 14:03:00,2016-05-16,0.1903,0.0,0.0,1459.0,0.1903,0.1903,0.1903,10000455,2016-06-22,2016-06-22,P,2.25,2015-10-29
7863,2016-05-16 14:04:00,2016-05-16,0.1903,0.0,0.0,1459.0,0.1903,0.1903,0.1903,10000455,2016-06-22,2016-06-22,P,2.25,2015-10-29
7864,2016-05-16 14:05:00,2016-05-16,0.1903,0.0,0.0,1459.0,0.1903,0.1903,0.1903,10000455,2016-06-22,2016-06-22,P,2.25,2015-10-29
7865,2016-05-16 14:06:00,2016-05-16,0.1903,0.0,0.0,1459.0,0.1903,0.1903,0.1903,10000455,2016-06-22,2016-06-22,P,2.25,2015-10-29
7866,2016-05-16 14:07:00,2016-05-16,0.1943,11658.0,6.0,1459.0,0.1903,0.1943,0.1903,10000455,2016-06-22,2016-06-22,P,2.25,2015-10-29
7867,2016-05-16 14:08:00,2016-05-16,0.1943,0.0,0.0,1459.0,0.1943,0.1943,0.1943,10000455,2016-06-22,2016-06-22,P,2.25,2015-10-29
7868,2016-05-16 14:09:00,2016-05-16,0.1943,0.0,0.0,1459.0,0.1943,0.1943,0.1943,10000455,2016-06-22,2016-06-22,P,2.25,2015-10-29
7869,2016-05-16 14:10:00,2016-05-16,0.1943,0.0,0.0,1459.0,0.1943,0.1943,0.1943,10000455,2016-06-22,2016-06-22,P,2.25,2015-10-29
7870,2016-05-16 14:11:00,2016-05-16,0.1943,0.0,0.0,1459.0,0.1943,0.1943,0.1943,10000455,2016-06-22,2016-06-22,P,2.25,2015-10-29
7871,2016-05-16 14:12:00,2016-05-16,0.1943,0.0,0.0,1459.0,0.1943,0.1943,0.1943,10000455,2016-06-22,2016-06-22,P,2.25,2015-10-29
7872,2016-05-16 14:13:00,2016-05-16,0.1943,0.0,0.0,1459.0,0.1943,0.1943,0.1943,10000455,2016-06-22,2016-06-22,P,2.25,2015-10-29
7873,2016-05-16 14:14:00,2016-05-16,0.1943,0.0,0.0,1459.0,0.1943,0.1943,0.1943,10000455,2016-06-22,2016-06-22,P,2.25,2015-10-29
7874,2016-05-16 14:15:00,2016-05-16,0.1943,0.0,0.0,1459.0,0.1943,0.1943,0.1943,10000455,2016-06-22,2016-06-22,P,2.25,2015-10-29
7875,2016-05-16 14:16:00,2016-05-16,0.1974,15764.0,8.0,1459.0,0.1943,0.1974,0.1943,10000455,2016-06-22,2016-06-22,P,2.25,2015-10-29
7876,2016-05-16 14:17:00,2016-05-16,0.1974,0.0,0.0,1459.0,0.1974,0.1974,0.1974,10000455,2016-06-22,2016-06-22,P,2.25,2015-10-29
7877,2016-05-16 14:18:00,2016-05-16,0.1974,0.0,0.0,1459.0,0.1974,0.1974,0.1974,10000455,2016-06-22,2016-06-22,P,2.25,2015-10-29
7878,2016-05-16 14:19:00,2016-05-16,0.1974,9825.0,5.0,1459.0,0.1974,0.1965,0.1965,10000455,2016-06-22,2016-06-22,P,2.25,2015-10-29
7879,2016-05-16 14:20:00,2016-05-16,0.1965,0.0,0.0,1459.0,0.1965,0.1965,0.1965,10000455,2016-06-22,2016-06-22,P,2.25,2015-10-29
7880,2016-05-16 14:21:00,2016-05-16,0.1965,0.0,0.0,1459.0,0.1965,0.1965,0.1965,10000455,2016-06-22,2016-06-22,P,2.25,2015-10-29
7881,2016-05-16 14:22:00,2016-05-16,0.1965,0.0,0.0,1459.0,0.1965,0.1965,0.1965,10000455,2016-06-22,2016-06-22,P,2.25,2015-10-29
7882,2016-05-16 14:23:00,2016-05-16,0.1965,0.0,0.0,1459.0,0.1965,0.1965,0.1965,10000455,2016-06-22,2016-06-22,P,2.25,2015-10-29
7883,2016-05-16 14:24:00,2016-05-16,0.1965,1960.0,1.0,1459.0,0.1965,0.196,0.196,10000455,2016-06-22,2016-06-22,P,2.25,2015-10-29
7884,2016-05-16 14:25:00,2016-05-16,0.196,0.0,0.0,1459.0,0.196,0.196,0.196,10000455,2016-06-22,2016-06-22,P,2.25,2015-10-29
7885,2016-05-16 14:26:00,2016-05-16,0.196,0.0,0.0,1459.0,0.196,0.196,0.196,10000455,2016-06-22,2016-06-22,P,2.25,2015-10-29
7886,2016-05-16 14:27:00,2016-05-16,0.196,0.0,0.0,1459.0,0.196,0.196,0.196,10000455,2016-06-22,2016-06-22,P,2.25,2015-10-29
7887,2016-05-16 14:28:00,2016-05-16,0.196,0.0,0.0,1459.0,0.196,0.196,0.196,10000455,2016-06-22,2016-06-22,P,2.25,2015-10-29
7888,2016-05-16 14:29:00,2016-05-16,0.196,0.0,0.0,1459.0,0.196,0.196,0.196,10000455,2016-06-22,2016-06-22,P,2.25,2015-10-29
7889,2016-05-16 14:30:00,2016-05-16,0.196,0.0,0.0,1459.0,0.196,0.196,0.196,10000455,2016-06-22,2016-06-22,P,2.25,2015-10-29
7890,2016-05-16 14:31:00,2016-05-16,0.196,15512.0,8.0,1464.0,0.196,0.1939,0.1939,10000455,2016-06-22,2016-06-22,P,2.25,2015-10-29
7891,2016-05-16 14:32:00,2016-05-16,0.1939,0.0,0.0,1464.0,0.1939,0.1939,0.1939,10000455,2016-06-22,2016-06-22,P,2.25,2015-10-29
7892,2016-05-16 14:33:00,2016-05-16,0.1939,0.0,0.0,1464.0,0.1939,0.1939,0.1939,10000455,2016-06-22,2016-06-22,P,2.25,2015-10-29
7893,2016-05-16 14:34:00,2016-05-16,0.1939,0.0,0.0,1464.0,0.1939,0.1939,0.1939,10000455,2016-06-22,2016-06-22,P,2.25,2015-10-29
7894,2016-05-16 14:35:00,2016-05-16,0.1939,3856.0,2.0,1464.0,0.1939,0.1928,0.1928,10000455,2016-06-22,2016-06-22,P,2.25,2015-10-29
7895,2016-05-16 14:36:00,2016-05-16,0.1928,0.0,0.0,1464.0,0.1928,0.1928,0.1928,10000455,2016-06-22,2016-06-22,P,2.25,2015-10-29
7896,2016-05-16 14:37:00,2016-05-16,0.1928,0.0,0.0,1464.0,0.1928,0.1928,0.1928,10000455,2016-06-22,2016-06-22,P,2.25,2015-10-29
7897,2016-05-16 14:38:00,2016-05-16,0.1928,0.0,0.0,1464.0,0.1928,0.1928,0.1928,10000455,2016-06-22,2016-06-22,P,2.25,2015-10-29
7898,2016-05-16 14:39:00,2016-05-16,0.1928,5728.0,3.0,1467.0,0.1928,0.1909,0.1909,10000455,2016-06-22,2016-06-22,P,2.25,2015-10-29
7899,2016-05-16 14:40:00,2016-05-16,0.1909,0.0,0.0,1467.0,0.1909,0.1909,0.1909,10000455,2016-06-22,2016-06-22,P,2.25,2015-10-29
7900,2016-05-16 14:41:00,2016-05-16,0.191,1910.0,1.0,1467.0,0.1909,0.191,0.1909,10000455,2016-06-22,2016-06-22,P,2.25,2015-10-29
7901,2016-05-16 14:42:00,2016-05-16,0.191,0.0,0.0,1467.0,0.191,0.191,0.191,10000455,2016-06-22,2016-06-22,P,2.25,2015-10-29
7902,2016-05-16 14:43:00,2016-05-16,0.191,0.0,0.0,1467.0,0.191,0.191,0.191,10000455,2016-06-22,2016-06-22,P,2.25,2015-10-29
7903,2016-05-16 14:44:00,2016-05-16,0.191,0.0,0.0,1467.0,0.191,0.191,0.191,10000455,2016-06-22,2016-06-22,P,2.25,2015-10-29
7904,2016-05-16 14:45:00,2016-05-16,0.191,0.0,0.0,1467.0,0.191,0.191,0.191,10000455,2016-06-22,2016-06-22,P,2.25,2015-10-29
7905,2016-05-16 14:46:00,2016-05-16,0.191,0.0,0.0,1467.0,0.191,0.191,0.191,10000455,2016-06-22,2016-06-22,P,2.25,2015-10-29
7906,2016-05-16 14:47:00,2016-05-16,0.191,0.0,0.0,1467.0,0.191,0.191,0.191,10000455,2016-06-22,2016-06-22,P,2.25,2015-10-29
7907,2016-05-16 14:48:00,2016-05-16,0.191,0.0,0.0,1467.0,0.191,0.191,0.191,10000455,2016-06-22,2016-06-22,P,2.25,2015-10-29
7908,2016-05-16 14:49:00,2016-05-16,0.1914,3828.0,2.0,1469.0,0.191,0.1914,0.191,10000455,2016-06-22,2016-06-22,P,2.25,2015-10-29
7909,2016-05-16 14:50:00,2016-05-16,0.1914,49458.0,26.0,1453.0,0.1914,0.1896,0.1896,10000455,2016-06-22,2016-06-22,P,2.25,2015-10-29
7910,2016-05-16 14:51:00,2016-05-16,0.191,1910.0,1.0,1453.0,0.1896,0.191,0.1896,10000455,2016-06-22,2016-06-22,P,2.25,2015-10-29
7911,2016-05-16 14:52:00,2016-05-16,0.191,0.0,0.0,1453.0,0.191,0.191,0.191,10000455,2016-06-22,2016-06-22,P,2.25,2015-10-29
7912,2016-05-16 14:53:00,2016-05-16,0.191,0.0,0.0,1453.0,0.191,0.191,0.191,10000455,2016-06-22,2016-06-22,P,2.25,2015-10-29
7913,2016-05-16 14:54:00,2016-05-16,0.1923,30433.0,16.0,1453.0,0.191,0.19,0.19,10000455,2016-06-22,2016-06-22,P,2.25,2015-10-29
7914,2016-05-16 14:55:00,2016-05-16,0.19,0.0,0.0,1453.0,0.19,0.19,0.19,10000455,2016-06-22,2016-06-22,P,2.25,2015-10-29
7915,2016-05-16 14:56:00,2016-05-16,0.19,0.0,0.0,1453.0,0.19,0.19,0.19,10000455,2016-06-22,2016-06-22,P,2.25,2015-10-29
7916,2016-05-16 14:57:00,2016-05-16,0.19,0.0,0.0,1453.0,0.19,0.19,0.19,10000455,2016-06-22,2016-06-22,P,2.25,2015-10-29
7917,2016-05-16 14:58:00,2016-05-16,0.19,0.0,0.0,1453.0,0.19,0.19,0.19,10000455,2016-06-22,2016-06-22,P,2.25,2015-10-29
7918,2016-05-16 14:59:00,2016-05-16,0.19,0.0,0.0,1453.0,0.19,0.19,0.19,10000455,2016-06-22,2016-06-22,P,2.25,2015-10-29
7919,2016-05-16 15:00:00,2016-05-16,0.19,0.0,0.0,1453.0,0.19,0.19,0.19,10000455,2016-06-22,2016-06-22,P,2.25,2015-10-29
7920,2016-05-16 09:31:00,2016-05-16,0.0173,2066.0,12.0,14099.0,0.0173,0.0172,0.0172,10000542,2016-06-22,2016-06-22,P,1.95,2016-01-18
7921,2016-05-16 09:32:00,2016-05-16,0.0179,6301.0,36.0,14079.0,0.0172,0.0179,0.0172,10000542,2016-06-22,2016-06-22,P,1.95,2016-01-18
7922,2016-05-16 09:33:00,2016-05-16,0.0179,1730.0,10.0,14069.0,0.0179,0.0173,0.0173,10000542,2016-06-22,2016-06-22,P,1.95,2016-01-18
7923,2016-05-16 09:34:00,2016-05-16,0.0173,3099.0,18.0,14066.0,0.0173,0.0171,0.0171,10000542,2016-06-22,2016-06-22,P,1.95,2016-01-18
7924,2016-05-16 09:35:00,2016-05-16,0.0171,0.0,0.0,14066.0,0.0171,0.0171,0.0171,10000542,2016-06-22,2016-06-22,P,1.95,2016-01-18
7925,2016-05-16 09:36:00,2016-05-16,0.0171,5848.0,35.0,14059.0,0.0171,0.0163,0.0163,10000542,2016-06-22,2016-06-22,P,1.95,2016-01-18
7926,2016-05-16 09:37:00,2016-05-16,0.0163,0.0,0.0,14059.0,0.0163,0.0163,0.0163,10000542,2016-06-22,2016-06-22,P,1.95,2016-01-18
7927,2016-05-16 09:38:00,2016-05-16,0.0171,672.0,4.0,14061.0,0.0163,0.0171,0.0163,10000542,2016-06-22,2016-06-22,P,1.95,2016-01-18
7928,2016-05-16 09:39:00,2016-05-16,0.0171,1775.0,11.0,14051.0,0.0171,0.0161,0.0161,10000542,2016-06-22,2016-06-22,P,1.95,2016-01-18
7929,2016-05-16 09:40:00,2016-05-16,0.0167,333.0,2.0,14053.0,0.0161,0.0167,0.0161,10000542,2016-06-22,2016-06-22,P,1.95,2016-01-18
7930,2016-05-16 09:41:00,2016-05-16,0.0167,1488.0,9.0,14054.0,0.0167,0.0167,0.0165,10000542,2016-06-22,2016-06-22,P,1.95,2016-01-18
7931,2016-05-16 09:42:00,2016-05-16,0.0167,0.0,0.0,14054.0,0.0167,0.0167,0.0167,10000542,2016-06-22,2016-06-22,P,1.95,2016-01-18
7932,2016-05-16 09:43:00,2016-05-16,0.0167,0.0,0.0,14054.0,0.0167,0.0167,0.0167,10000542,2016-06-22,2016-06-22,P,1.95,2016-01-18
7933,2016-05-16 09:44:00,2016-05-16,0.0167,1649.0,10.0,14056.0,0.0167,0.0164,0.0164,10000542,2016-06-22,2016-06-22,P,1.95,2016-01-18
7934,2016-05-16 09:45:00,2016-05-16,0.0168,4970.0,30.0,14066.0,0.0164,0.0168,0.0164,10000542,2016-06-22,2016-06-22,P,1.95,2016-01-18
7935,2016-05-16 09:46:00,2016-05-16,0.0168,9075.0,55.0,14101.0,0.0168,0.0166,0.0163,10000542,2016-06-22,2016-06-22,P,1.95,2016-01-18
7936,2016-05-16 09:47:00,2016-05-16,0.0168,6690.0,40.0,14131.0,0.0166,0.0167,0.0166,10000542,2016-06-22,2016-06-22,P,1.95,2016-01-18
7937,2016-05-16 09:48:00,2016-05-16,0.0168,2177.0,13.0,14144.0,0.0167,0.0165,0.0165,10000542,2016-06-22,2016-06-22,P,1.95,2016-01-18
7938,2016-05-16 09:49:00,2016-05-16,0.0169,3340.0,20.0,14154.0,0.0165,0.0169,0.0165,10000542,2016-06-22,2016-06-22,P,1.95,2016-01-18
7939,2016-05-16 09:50:00,2016-05-16,0.0169,1183.0,7.0,14154.0,0.0169,0.0169,0.0169,10000542,2016-06-22,2016-06-22,P,1.95,2016-01-18
7940,2016-05-16 09:51:00,2016-05-16,0.0169,169.0,1.0,14154.0,0.0169,0.0169,0.0169,10000542,2016-06-22,2016-06-22,P,1.95,2016-01-18
7941,2016-05-16 09:52:00,2016-05-16,0.0169,8374.0,50.0,14183.0,0.0169,0.0169,0.0166,10000542,2016-06-22,2016-06-22,P,1.95,2016-01-18
7942,2016-05-16 09:53:00,2016-05-16,0.0177,4238.0,24.0,14177.0,0.0169,0.0177,0.0169,10000542,2016-06-22,2016-06-22,P,1.95,2016-01-18
7943,2016-05-16 09:54:00,2016-05-16,0.0188,14641.0,80.0,14227.0,0.0177,0.018000000000000002,0.0177,10000542,2016-06-22,2016-06-22,P,1.95,2016-01-18
7944,2016-05-16 09:55:00,2016-05-16,0.019,22745.0,123.0,14254.0,0.018000000000000002,0.0181,0.018000000000000002,10000542,2016-06-22,2016-06-22,P,1.95,2016-01-18
7945,2016-05-16 09:56:00,2016-05-16,0.0184,6490.0,36.0,14255.0,0.0181,0.0184,0.0178,10000542,2016-06-22,2016-06-22,P,1.95,2016-01-18
7946,2016-05-16 09:57:00,2016-05-16,0.0184,0.0,0.0,14255.0,0.0184,0.0184,0.0184,10000542,2016-06-22,2016-06-22,P,1.95,2016-01-18
7947,2016-05-16 09:58:00,2016-05-16,0.0184,3222.0,18.0,14252.0,0.0184,0.0179,0.0179,10000542,2016-06-22,2016-06-22,P,1.95,2016-01-18
7948,2016-05-16 09:59:00,2016-05-16,0.0179,2864.0,16.0,14251.0,0.0179,0.0179,0.0179,10000542,2016-06-22,2016-06-22,P,1.95,2016-01-18
7949,2016-05-16 10:00:00,2016-05-16,0.0184,3670.0,20.0,14251.0,0.0179,0.0184,0.0179,10000542,2016-06-22,2016-06-22,P,1.95,2016-01-18
7950,2016-05-16 10:01:00,2016-05-16,0.0187,5042.0,27.0,14249.0,0.0184,0.0187,0.0184,10000542,2016-06-22,2016-06-22,P,1.95,2016-01-18
7951,2016-05-16 10:02:00,2016-05-16,0.0187,1851.0,10.0,14257.0,0.0187,0.0186,0.0185,10000542,2016-06-22,2016-06-22,P,1.95,2016-01-18
7952,2016-05-16 10:03:00,2016-05-16,0.0186,540.0,3.0,14257.0,0.0186,0.018000000000000002,0.018000000000000002,10000542,2016-06-22,2016-06-22,P,1.95,2016-01-18
7953,2016-05-16 10:04:00,2016-05-16,0.018000000000000002,1968.0,11.0,14268.0,0.018000000000000002,0.018000000000000002,0.0178,10000542,2016-06-22,2016-06-22,P,1.95,2016-01-18
7954,2016-05-16 10:05:00,2016-05-16,0.018000000000000002,0.0,0.0,14268.0,0.018000000000000002,0.018000000000000002,0.018000000000000002,10000542,2016-06-22,2016-06-22,P,1.95,2016-01-18
7955,2016-05-16 10:06:00,2016-05-16,0.018000000000000002,0.0,0.0,14268.0,0.018000000000000002,0.018000000000000002,0.018000000000000002,10000542,2016-06-22,2016-06-22,P,1.95,2016-01-18
7956,2016-05-16 10:07:00,2016-05-16,0.018000000000000002,3470.0,20.0,14268.0,0.018000000000000002,0.0173,0.0173,10000542,2016-06-22,2016-06-22,P,1.95,2016-01-18
7957,2016-05-16 10:08:00,2016-05-16,0.0174,522.0,3.0,14271.0,0.0173,0.0174,0.0173,10000542,2016-06-22,2016-06-22,P,1.95,2016-01-18
7958,2016-05-16 10:09:00,2016-05-16,0.0174,0.0,0.0,14271.0,0.0174,0.0174,0.0174,10000542,2016-06-22,2016-06-22,P,1.95,2016-01-18
7959,2016-05-16 10:10:00,2016-05-16,0.0174,0.0,0.0,14271.0,0.0174,0.0174,0.0174,10000542,2016-06-22,2016-06-22,P,1.95,2016-01-18
7960,2016-05-16 10:11:00,2016-05-16,0.0174,0.0,0.0,14271.0,0.0174,0.0174,0.0174,10000542,2016-06-22,2016-06-22,P,1.95,2016-01-18
7961,2016-05-16 10:12:00,2016-05-16,0.0174,0.0,0.0,14271.0,0.0174,0.0174,0.0174,10000542,2016-06-22,2016-06-22,P,1.95,2016-01-18
7962,2016-05-16 10:13:00,2016-05-16,0.0174,510.0,3.0,14271.0,0.0174,0.017,0.017,10000542,2016-06-22,2016-06-22,P,1.95,2016-01-18
7963,2016-05-16 10:14:00,2016-05-16,0.017,0.0,0.0,14271.0,0.017,0.017,0.017,10000542,2016-06-22,2016-06-22,P,1.95,2016-01-18
7964,2016-05-16 10:15:00,2016-05-16,0.017,0.0,0.0,14271.0,0.017,0.017,0.017,10000542,2016-06-22,2016-06-22,P,1.95,2016-01-18
7965,2016-05-16 10:16:00,2016-05-16,0.017,0.0,0.0,14271.0,0.017,0.017,0.017,10000542,2016-06-22,2016-06-22,P,1.95,2016-01-18
7966,2016-05-16 10:17:00,2016-05-16,0.017,3360.0,20.0,14281.0,0.017,0.0168,0.0168,10000542,2016-06-22,2016-06-22,P,1.95,2016-01-18
7967,2016-05-16 10:18:00,2016-05-16,0.0168,0.0,0.0,14281.0,0.0168,0.0168,0.0168,10000542,2016-06-22,2016-06-22,P,1.95,2016-01-18
7968,2016-05-16 10:19:00,2016-05-16,0.0168,1680.0,10.0,14291.0,0.0168,0.0168,0.0168,10000542,2016-06-22,2016-06-22,P,1.95,2016-01-18
7969,2016-05-16 10:20:00,2016-05-16,0.0168,6710.0,40.0,14291.0,0.0168,0.0168,0.0167,10000542,2016-06-22,2016-06-22,P,1.95,2016-01-18
7970,2016-05-16 10:21:00,2016-05-16,0.0171,1710.0,10.0,14301.0,0.0168,0.0171,0.0168,10000542,2016-06-22,2016-06-22,P,1.95,2016-01-18
7971,2016-05-16 10:22:00,2016-05-16,0.0171,0.0,0.0,14301.0,0.0171,0.0171,0.0171,10000542,2016-06-22,2016-06-22,P,1.95,2016-01-18
7972,2016-05-16 10:23:00,2016-05-16,0.0171,0.0,0.0,14301.0,0.0171,0.0171,0.0171,10000542,2016-06-22,2016-06-22,P,1.95,2016-01-18
7973,2016-05-16 10:24:00,2016-05-16,0.0171,0.0,0.0,14301.0,0.0171,0.0171,0.0171,10000542,2016-06-22,2016-06-22,P,1.95,2016-01-18
7974,2016-05-16 10:25:00,2016-05-16,0.0171,0.0,0.0,14301.0,0.0171,0.0171,0.0171,10000542,2016-06-22,2016-06-22,P,1.95,2016-01-18
7975,2016-05-16 10:26:00,2016-05-16,0.0171,0.0,0.0,14301.0,0.0171,0.0171,0.0171,10000542,2016-06-22,2016-06-22,P,1.95,2016-01-18
7976,2016-05-16 10:27:00,2016-05-16,0.0171,0.0,0.0,14301.0,0.0171,0.0171,0.0171,10000542,2016-06-22,2016-06-22,P,1.95,2016-01-18
7977,2016-05-16 10:28:00,2016-05-16,0.0171,1670.0,10.0,14301.0,0.0171,0.0167,0.0167,10000542,2016-06-22,2016-06-22,P,1.95,2016-01-18
7978,2016-05-16 10:29:00,2016-05-16,0.0167,334.0,2.0,14301.0,0.0167,0.0167,0.0167,10000542,2016-06-22,2016-06-22,P,1.95,2016-01-18
7979,2016-05-16 10:30:00,2016-05-16,0.0168,3514.0,21.0,14311.0,0.0167,0.0166,0.0166,10000542,2016-06-22,2016-06-22,P,1.95,2016-01-18
7980,2016-05-16 10:31:00,2016-05-16,0.0166,1660.0,10.0,14321.0,0.0166,0.0166,0.0166,10000542,2016-06-22,2016-06-22,P,1.95,2016-01-18
7981,2016-05-16 10:32:00,2016-05-16,0.0166,3280.0,20.0,14331.0,0.0166,0.0163,0.0163,10000542,2016-06-22,2016-06-22,P,1.95,2016-01-18
7982,2016-05-16 10:33:00,2016-05-16,0.0163,6440.0,40.0,14371.0,0.0163,0.0161,0.0161,10000542,2016-06-22,2016-06-22,P,1.95,2016-01-18
7983,2016-05-16 10:34:00,2016-05-16,0.0161,6440.0,40.0,14411.0,0.0161,0.0161,0.0161,10000542,2016-06-22,2016-06-22,P,1.95,2016-01-18
7984,2016-05-16 10:35:00,2016-05-16,0.0162,6460.0,40.0,14421.0,0.0161,0.0161,0.0161,10000542,2016-06-22,2016-06-22,P,1.95,2016-01-18
7985,2016-05-16 10:36:00,2016-05-16,0.0161,3381.0,21.0,14442.0,0.0161,0.0161,0.0161,10000542,2016-06-22,2016-06-22,P,1.95,2016-01-18
7986,2016-05-16 10:37:00,2016-05-16,0.0161,3220.0,20.0,14452.0,0.0161,0.0161,0.0161,10000542,2016-06-22,2016-06-22,P,1.95,2016-01-18
7987,2016-05-16 10:38:00,2016-05-16,0.0164,3886.0,24.0,14463.0,0.0161,0.0161,0.0161,10000542,2016-06-22,2016-06-22,P,1.95,2016-01-18
7988,2016-05-16 10:39:00,2016-05-16,0.0162,1620.0,10.0,14463.0,0.0161,0.0162,0.0161,10000542,2016-06-22,2016-06-22,P,1.95,2016-01-18
7989,2016-05-16 10:40:00,2016-05-16,0.0162,0.0,0.0,14463.0,0.0162,0.0162,0.0162,10000542,2016-06-22,2016-06-22,P,1.95,2016-01-18
7990,2016-05-16 10:41:00,2016-05-16,0.0162,1620.0,10.0,14463.0,0.0162,0.0162,0.0162,10000542,2016-06-22,2016-06-22,P,1.95,2016-01-18
7991,2016-05-16 10:42:00,2016-05-16,0.0162,0.0,0.0,14463.0,0.0162,0.0162,0.0162,10000542,2016-06-22,2016-06-22,P,1.95,2016-01-18
7992,2016-05-16 10:43:00,2016-05-16,0.0162,0.0,0.0,14463.0,0.0162,0.0162,0.0162,10000542,2016-06-22,2016-06-22,P,1.95,2016-01-18
7993,2016-05-16 10:44:00,2016-05-16,0.0165,4910.0,30.0,14463.0,0.0163,0.0165,0.0163,10000542,2016-06-22,2016-06-22,P,1.95,2016-01-18
7994,2016-05-16 10:45:00,2016-05-16,0.0165,1650.0,10.0,14454.0,0.0165,0.0165,0.0165,10000542,2016-06-22,2016-06-22,P,1.95,2016-01-18
7995,2016-05-16 10:46:00,2016-05-16,0.0167,4141.0,25.0,14454.0,0.0165,0.0165,0.0164,10000542,2016-06-22,2016-06-22,P,1.95,2016-01-18
7996,2016-05-16 10:47:00,2016-05-16,0.0165,4433.0,27.0,14452.0,0.0165,0.0162,0.0162,10000542,2016-06-22,2016-06-22,P,1.95,2016-01-18
7997,2016-05-16 10:48:00,2016-05-16,0.0162,0.0,0.0,14452.0,0.0162,0.0162,0.0162,10000542,2016-06-22,2016-06-22,P,1.95,2016-01-18
7998,2016-05-16 10:49:00,2016-05-16,0.0162,3068.0,19.0,14453.0,0.0162,0.0161,0.0161,10000542,2016-06-22,2016-06-22,P,1.95,2016-01-18
7999,2016-05-16 10:50:00,2016-05-16,0.0161,4170.0,27.0,14453.0,0.0161,0.0153,0.0153,10000542,2016-06-22,2016-06-22,P,1.95,2016-01-18
8000,2016-05-16 10:51:00,2016-05-16,0.0153,8677.0,58.0,14463.0,0.0153,0.0147,0.0147,10000542,2016-06-22,2016-06-22,P,1.95,2016-01-18
8001,2016-05-16 10:52:00,2016-05-16,0.0147,9343.0,64.0,14439.0,0.0147,0.0146,0.0145,10000542,2016-06-22,2016-06-22,P,1.95,2016-01-18
8002,2016-05-16 10:53:00,2016-05-16,0.0146,7220.0,50.0,14459.0,0.0146,0.0144,0.0144,10000542,2016-06-22,2016-06-22,P,1.95,2016-01-18
8003,2016-05-16 10:54:00,2016-05-16,0.0145,1450.0,10.0,14459.0,0.0144,0.0145,0.0144,10000542,2016-06-22,2016-06-22,P,1.95,2016-01-18
8004,2016-05-16 10:55:00,2016-05-16,0.0145,1296.0,9.0,14468.0,0.0145,0.0144,0.0144,10000542,2016-06-22,2016-06-22,P,1.95,2016-01-18
8005,2016-05-16 10:56:00,2016-05-16,0.0144,1430.0,10.0,14469.0,0.0144,0.0143,0.0143,10000542,2016-06-22,2016-06-22,P,1.95,2016-01-18
8006,2016-05-16 10:57:00,2016-05-16,0.0143,14208.0,102.0,14469.0,0.0143,0.0143,0.0138,10000542,2016-06-22,2016-06-22,P,1.95,2016-01-18
8007,2016-05-16 10:58:00,2016-05-16,0.0143,0.0,0.0,14469.0,0.0143,0.0143,0.0143,10000542,2016-06-22,2016-06-22,P,1.95,2016-01-18
8008,2016-05-16 10:59:00,2016-05-16,0.0143,4971.0,37.0,14479.0,0.0143,0.0133,0.0133,10000542,2016-06-22,2016-06-22,P,1.95,2016-01-18
8009,2016-05-16 11:00:00,2016-05-16,0.0134,1834.0,14.0,14481.0,0.0133,0.013,0.013,10000542,2016-06-22,2016-06-22,P,1.95,2016-01-18
8010,2016-05-16 11:01:00,2016-05-16,0.0132,2902.0,22.0,14483.0,0.013,0.0131,0.013,10000542,2016-06-22,2016-06-22,P,1.95,2016-01-18
8011,2016-05-16 11:02:00,2016-05-16,0.0133,7618.0,58.0,14483.0,0.0131,0.0133,0.0131,10000542,2016-06-22,2016-06-22,P,1.95,2016-01-18
8012,2016-05-16 11:03:00,2016-05-16,0.0133,10860.0,83.0,14459.0,0.0133,0.013,0.013,10000542,2016-06-22,2016-06-22,P,1.95,2016-01-18
8013,2016-05-16 11:04:00,2016-05-16,0.0133,1330.0,10.0,14469.0,0.013,0.0133,0.013,10000542,2016-06-22,2016-06-22,P,1.95,2016-01-18
8014,2016-05-16 11:05:00,2016-05-16,0.0133,0.0,0.0,14469.0,0.0133,0.0133,0.0133,10000542,2016-06-22,2016-06-22,P,1.95,2016-01-18
8015,2016-05-16 11:06:00,2016-05-16,0.0133,0.0,0.0,14469.0,0.0133,0.0133,0.0133,10000542,2016-06-22,2016-06-22,P,1.95,2016-01-18
8016,2016-05-16 11:07:00,2016-05-16,0.0133,0.0,0.0,14469.0,0.0133,0.0133,0.0133,10000542,2016-06-22,2016-06-22,P,1.95,2016-01-18
8017,2016-05-16 11:08:00,2016-05-16,0.0133,0.0,0.0,14469.0,0.0133,0.0133,0.0133,10000542,2016-06-22,2016-06-22,P,1.95,2016-01-18
8018,2016-05-16 11:09:00,2016-05-16,0.0133,1310.0,10.0,14474.0,0.0133,0.0131,0.0131,10000542,2016-06-22,2016-06-22,P,1.95,2016-01-18
8019,2016-05-16 11:10:00,2016-05-16,0.0131,655.0,5.0,14479.0,0.0131,0.0131,0.0131,10000542,2016-06-22,2016-06-22,P,1.95,2016-01-18
8020,2016-05-16 11:11:00,2016-05-16,0.0135,266.0,2.0,14478.0,0.0131,0.0135,0.0131,10000542,2016-06-22,2016-06-22,P,1.95,2016-01-18
8021,2016-05-16 11:12:00,2016-05-16,0.0135,9494.0,72.0,14467.0,0.0135,0.0132,0.0131,10000542,2016-06-22,2016-06-22,P,1.95,2016-01-18
8022,2016-05-16 11:13:00,2016-05-16,0.0135,4398.0,33.0,14468.0,0.0132,0.0135,0.0132,10000542,2016-06-22,2016-06-22,P,1.95,2016-01-18
8023,2016-05-16 11:14:00,2016-05-16,0.0135,399.0,3.0,14469.0,0.0135,0.0133,0.0133,10000542,2016-06-22,2016-06-22,P,1.95,2016-01-18
8024,2016-05-16 11:15:00,2016-05-16,0.0133,0.0,0.0,14469.0,0.0133,0.0133,0.0133,10000542,2016-06-22,2016-06-22,P,1.95,2016-01-18
8025,2016-05-16 11:16:00,2016-05-16,0.0133,0.0,0.0,14469.0,0.0133,0.0133,0.0133,10000542,2016-06-22,2016-06-22,P,1.95,2016-01-18
8026,2016-05-16 11:17:00,2016-05-16,0.0133,0.0,0.0,14469.0,0.0133,0.0133,0.0133,10000542,2016-06-22,2016-06-22,P,1.95,2016-01-18
8027,2016-05-16 11:18:00,2016-05-16,0.0133,0.0,0.0,14469.0,0.0133,0.0133,0.0133,10000542,2016-06-22,2016-06-22,P,1.95,2016-01-18
8028,2016-05-16 11:19:00,2016-05-16,0.0133,0.0,0.0,14469.0,0.0133,0.0133,0.0133,10000542,2016-06-22,2016-06-22,P,1.95,2016-01-18
8029,2016-05-16 11:20:00,2016-05-16,0.0133,0.0,0.0,14469.0,0.0133,0.0133,0.0133,10000542,2016-06-22,2016-06-22,P,1.95,2016-01-18
8030,2016-05-16 11:21:00,2016-05-16,0.0133,0.0,0.0,14469.0,0.0133,0.0133,0.0133,10000542,2016-06-22,2016-06-22,P,1.95,2016-01-18
8031,2016-05-16 11:22:00,2016-05-16,0.0133,399.0,3.0,14471.0,0.0133,0.0133,0.0133,10000542,2016-06-22,2016-06-22,P,1.95,2016-01-18
8032,2016-05-16 11:23:00,2016-05-16,0.0133,0.0,0.0,14471.0,0.0133,0.0133,0.0133,10000542,2016-06-22,2016-06-22,P,1.95,2016-01-18
8033,2016-05-16 11:24:00,2016-05-16,0.0133,1330.0,10.0,14481.0,0.0133,0.0133,0.0133,10000542,2016-06-22,2016-06-22,P,1.95,2016-01-18
8034,2016-05-16 11:25:00,2016-05-16,0.0133,0.0,0.0,14481.0,0.0133,0.0133,0.0133,10000542,2016-06-22,2016-06-22,P,1.95,2016-01-18
8035,2016-05-16 11:26:00,2016-05-16,0.0133,0.0,0.0,14481.0,0.0133,0.0133,0.0133,10000542,2016-06-22,2016-06-22,P,1.95,2016-01-18
8036,2016-05-16 11:27:00,2016-05-16,0.0133,132.0,1.0,14482.0,0.0133,0.0132,0.0132,10000542,2016-06-22,2016-06-22,P,1.95,2016-01-18
8037,2016-05-16 11:28:00,2016-05-16,0.0132,0.0,0.0,14482.0,0.0132,0.0132,0.0132,10000542,2016-06-22,2016-06-22,P,1.95,2016-01-18
8038,2016-05-16 11:29:00,2016-05-16,0.0132,0.0,0.0,14482.0,0.0132,0.0132,0.0132,10000542,2016-06-22,2016-06-22,P,1.95,2016-01-18
8039,2016-05-16 11:30:00,2016-05-16,0.0132,1827.0,14.0,14489.0,0.0132,0.013,0.013,10000542,2016-06-22,2016-06-22,P,1.95,2016-01-18
8040,2016-05-16 13:01:00,2016-05-16,0.013,0.0,0.0,14489.0,0.013,0.013,0.013,10000542,2016-06-22,2016-06-22,P,1.95,2016-01-18
8041,2016-05-16 13:02:00,2016-05-16,0.0132,1188.0,9.0,14498.0,0.013,0.0132,0.013,10000542,2016-06-22,2016-06-22,P,1.95,2016-01-18
8042,2016-05-16 13:03:00,2016-05-16,0.0134,2814.0,21.0,14519.0,0.0132,0.0134,0.0132,10000542,2016-06-22,2016-06-22,P,1.95,2016-01-18
8043,2016-05-16 13:04:00,2016-05-16,0.0134,1340.0,10.0,14529.0,0.0134,0.0134,0.0134,10000542,2016-06-22,2016-06-22,P,1.95,2016-01-18
8044,2016-05-16 13:05:00,2016-05-16,0.0135,135.0,1.0,14529.0,0.0134,0.0135,0.0134,10000542,2016-06-22,2016-06-22,P,1.95,2016-01-18
8045,2016-05-16 13:06:00,2016-05-16,0.0135,0.0,0.0,14529.0,0.0135,0.0135,0.0135,10000542,2016-06-22,2016-06-22,P,1.95,2016-01-18
8046,2016-05-16 13:07:00,2016-05-16,0.0135,0.0,0.0,14529.0,0.0135,0.0135,0.0135,10000542,2016-06-22,2016-06-22,P,1.95,2016-01-18
8047,2016-05-16 13:08:00,2016-05-16,0.0135,0.0,0.0,14529.0,0.0135,0.0135,0.0135,10000542,2016-06-22,2016-06-22,P,1.95,2016-01-18
8048,2016-05-16 13:09:00,2016-05-16,0.0135,5390.0,40.0,14569.0,0.0134,0.0135,0.0134,10000542,2016-06-22,2016-06-22,P,1.95,2016-01-18
8049,2016-05-16 13:10:00,2016-05-16,0.0135,4010.0,30.0,14599.0,0.0133,0.0133,0.0133,10000542,2016-06-22,2016-06-22,P,1.95,2016-01-18
8050,2016-05-16 13:11:00,2016-05-16,0.0134,1473.0,11.0,14610.0,0.0133,0.0134,0.0133,10000542,2016-06-22,2016-06-22,P,1.95,2016-01-18
8051,2016-05-16 13:12:00,2016-05-16,0.0134,402.0,3.0,14613.0,0.0134,0.0134,0.0134,10000542,2016-06-22,2016-06-22,P,1.95,2016-01-18
8052,2016-05-16 13:13:00,2016-05-16,0.0135,2288.0,17.0,14630.0,0.0134,0.0134,0.0134,10000542,2016-06-22,2016-06-22,P,1.95,2016-01-18
8053,2016-05-16 13:14:00,2016-05-16,0.0134,2546.0,19.0,14649.0,0.0134,0.0134,0.0134,10000542,2016-06-22,2016-06-22,P,1.95,2016-01-18
8054,2016-05-16 13:15:00,2016-05-16,0.0135,2565.0,19.0,14667.0,0.0135,0.0135,0.0135,10000542,2016-06-22,2016-06-22,P,1.95,2016-01-18
8055,2016-05-16 13:16:00,2016-05-16,0.0135,1350.0,10.0,14677.0,0.0135,0.0135,0.0135,10000542,2016-06-22,2016-06-22,P,1.95,2016-01-18
8056,2016-05-16 13:17:00,2016-05-16,0.0136,2710.0,20.0,14697.0,0.0135,0.0135,0.0135,10000542,2016-06-22,2016-06-22,P,1.95,2016-01-18
8057,2016-05-16 13:18:00,2016-05-16,0.0136,1360.0,10.0,14697.0,0.0135,0.0136,0.0135,10000542,2016-06-22,2016-06-22,P,1.95,2016-01-18
8058,2016-05-16 13:19:00,2016-05-16,0.0137,1370.0,10.0,14697.0,0.0136,0.0137,0.0136,10000542,2016-06-22,2016-06-22,P,1.95,2016-01-18
8059,2016-05-16 13:20:00,2016-05-16,0.0137,4110.0,30.0,14717.0,0.0137,0.0137,0.0137,10000542,2016-06-22,2016-06-22,P,1.95,2016-01-18
8060,2016-05-16 13:21:00,2016-05-16,0.0139,2750.0,20.0,14727.0,0.0137,0.0136,0.0136,10000542,2016-06-22,2016-06-22,P,1.95,2016-01-18
8061,2016-05-16 13:22:00,2016-05-16,0.0136,0.0,0.0,14727.0,0.0136,0.0136,0.0136,10000542,2016-06-22,2016-06-22,P,1.95,2016-01-18
8062,2016-05-16 13:23:00,2016-05-16,0.014,2750.0,20.0,14737.0,0.0136,0.0135,0.0135,10000542,2016-06-22,2016-06-22,P,1.95,2016-01-18
8063,2016-05-16 13:24:00,2016-05-16,0.0141,8440.0,60.0,14767.0,0.014,0.0141,0.014,10000542,2016-06-22,2016-06-22,P,1.95,2016-01-18
8064,2016-05-16 13:25:00,2016-05-16,0.0142,4260.0,30.0,14787.0,0.0142,0.0142,0.0142,10000542,2016-06-22,2016-06-22,P,1.95,2016-01-18
8065,2016-05-16 13:26:00,2016-05-16,0.0142,4250.0,30.0,14817.0,0.0142,0.0142,0.0141,10000542,2016-06-22,2016-06-22,P,1.95,2016-01-18
8066,2016-05-16 13:27:00,2016-05-16,0.0144,11786.0,82.0,14857.0,0.0142,0.0144,0.0138,10000542,2016-06-22,2016-06-22,P,1.95,2016-01-18
8067,2016-05-16 13:28:00,2016-05-16,0.0144,9020.0,63.0,14888.0,0.0144,0.014,0.014,10000542,2016-06-22,2016-06-22,P,1.95,2016-01-18
8068,2016-05-16 13:29:00,2016-05-16,0.0142,5930.0,42.0,14925.0,0.014,0.0138,0.0138,10000542,2016-06-22,2016-06-22,P,1.95,2016-01-18
8069,2016-05-16 13:30:00,2016-05-16,0.0138,4691.0,34.0,14946.0,0.0138,0.0138,0.0137,10000542,2016-06-22,2016-06-22,P,1.95,2016-01-18
8070,2016-05-16 13:31:00,2016-05-16,0.0142,9723.0,69.0,14995.0,0.0138,0.0137,0.0137,10000542,2016-06-22,2016-06-22,P,1.95,2016-01-18
8071,2016-05-16 13:32:00,2016-05-16,0.0142,3221.0,23.0,15013.0,0.0137,0.0137,0.0137,10000542,2016-06-22,2016-06-22,P,1.95,2016-01-18
8072,2016-05-16 13:33:00,2016-05-16,0.0135,135.0,1.0,15014.0,0.0135,0.0135,0.0135,10000542,2016-06-22,2016-06-22,P,1.95,2016-01-18
8073,2016-05-16 13:34:00,2016-05-16,0.0137,3170.0,23.0,15036.0,0.0137,0.0137,0.0137,10000542,2016-06-22,2016-06-22,P,1.95,2016-01-18
8074,2016-05-16 13:35:00,2016-05-16,0.0138,1097.0,8.0,15043.0,0.0137,0.0137,0.0137,10000542,2016-06-22,2016-06-22,P,1.95,2016-01-18
8075,2016-05-16 13:36:00,2016-05-16,0.0137,0.0,0.0,15043.0,0.0137,0.0137,0.0137,10000542,2016-06-22,2016-06-22,P,1.95,2016-01-18
8076,2016-05-16 13:37:00,2016-05-16,0.0137,0.0,0.0,15043.0,0.0137,0.0137,0.0137,10000542,2016-06-22,2016-06-22,P,1.95,2016-01-18
8077,2016-05-16 13:38:00,2016-05-16,0.0137,1370.0,10.0,15053.0,0.0137,0.0137,0.0137,10000542,2016-06-22,2016-06-22,P,1.95,2016-01-18
8078,2016-05-16 13:39:00,2016-05-16,0.0137,0.0,0.0,15053.0,0.0137,0.0137,0.0137,10000542,2016-06-22,2016-06-22,P,1.95,2016-01-18
8079,2016-05-16 13:40:00,2016-05-16,0.0137,810.0,6.0,15059.0,0.0137,0.0135,0.0135,10000542,2016-06-22,2016-06-22,P,1.95,2016-01-18
8080,2016-05-16 13:41:00,2016-05-16,0.0135,0.0,0.0,15059.0,0.0135,0.0135,0.0135,10000542,2016-06-22,2016-06-22,P,1.95,2016-01-18
8081,2016-05-16 13:42:00,2016-05-16,0.0136,816.0,6.0,15065.0,0.0135,0.0136,0.0135,10000542,2016-06-22,2016-06-22,P,1.95,2016-01-18
8082,2016-05-16 13:43:00,2016-05-16,0.0136,405.0,3.0,15068.0,0.0136,0.0135,0.0135,10000542,2016-06-22,2016-06-22,P,1.95,2016-01-18
8083,2016-05-16 13:44:00,2016-05-16,0.0136,136.0,1.0,15067.0,0.0135,0.0136,0.0135,10000542,2016-06-22,2016-06-22,P,1.95,2016-01-18
8084,2016-05-16 13:45:00,2016-05-16,0.0136,0.0,0.0,15067.0,0.0136,0.0136,0.0136,10000542,2016-06-22,2016-06-22,P,1.95,2016-01-18
8085,2016-05-16 13:46:00,2016-05-16,0.0136,938.0,7.0,15074.0,0.0136,0.0134,0.0134,10000542,2016-06-22,2016-06-22,P,1.95,2016-01-18
8086,2016-05-16 13:47:00,2016-05-16,0.0134,1067.0,8.0,15082.0,0.0134,0.0134,0.0133,10000542,2016-06-22,2016-06-22,P,1.95,2016-01-18
8087,2016-05-16 13:48:00,2016-05-16,0.0134,0.0,0.0,15082.0,0.0134,0.0134,0.0134,10000542,2016-06-22,2016-06-22,P,1.95,2016-01-18
8088,2016-05-16 13:49:00,2016-05-16,0.0134,665.0,5.0,15087.0,0.0134,0.0133,0.0133,10000542,2016-06-22,2016-06-22,P,1.95,2016-01-18
8089,2016-05-16 13:50:00,2016-05-16,0.0134,933.0,7.0,15087.0,0.0133,0.0134,0.0133,10000542,2016-06-22,2016-06-22,P,1.95,2016-01-18
8090,2016-05-16 13:51:00,2016-05-16,0.0134,0.0,0.0,15087.0,0.0134,0.0134,0.0134,10000542,2016-06-22,2016-06-22,P,1.95,2016-01-18
8091,2016-05-16 13:52:00,2016-05-16,0.0134,0.0,0.0,15087.0,0.0134,0.0134,0.0134,10000542,2016-06-22,2016-06-22,P,1.95,2016-01-18
8092,2016-05-16 13:53:00,2016-05-16,0.0134,670.0,5.0,15092.0,0.0134,0.0134,0.0134,10000542,2016-06-22,2016-06-22,P,1.95,2016-01-18
8093,2016-05-16 13:54:00,2016-05-16,0.0134,133.0,1.0,15091.0,0.0134,0.0133,0.0133,10000542,2016-06-22,2016-06-22,P,1.95,2016-01-18
8094,2016-05-16 13:55:00,2016-05-16,0.0133,1197.0,9.0,15091.0,0.0133,0.0133,0.0133,10000542,2016-06-22,2016-06-22,P,1.95,2016-01-18
8095,2016-05-16 13:56:00,2016-05-16,0.0133,4730.0,36.0,15085.0,0.0133,0.013,0.013,10000542,2016-06-22,2016-06-22,P,1.95,2016-01-18
8096,2016-05-16 13:57:00,2016-05-16,0.0131,655.0,5.0,15090.0,0.013,0.0131,0.013,10000542,2016-06-22,2016-06-22,P,1.95,2016-01-18
8097,2016-05-16 13:58:00,2016-05-16,0.0131,1170.0,9.0,15090.0,0.0131,0.013,0.013,10000542,2016-06-22,2016-06-22,P,1.95,2016-01-18
8098,2016-05-16 13:59:00,2016-05-16,0.0131,2209.0,17.0,15093.0,0.013,0.013,0.0129,10000542,2016-06-22,2016-06-22,P,1.95,2016-01-18
8099,2016-05-16 14:00:00,2016-05-16,0.013,0.0,0.0,15093.0,0.013,0.013,0.013,10000542,2016-06-22,2016-06-22,P,1.95,2016-01-18
8100,2016-05-16 14:01:00,2016-05-16,0.013,1950.0,15.0,15108.0,0.013,0.013,0.013,10000542,2016-06-22,2016-06-22,P,1.95,2016-01-18
8101,2016-05-16 14:02:00,2016-05-16,0.013,0.0,0.0,15108.0,0.013,0.013,0.013,10000542,2016-06-22,2016-06-22,P,1.95,2016-01-18
8102,2016-05-16 14:03:00,2016-05-16,0.0131,1310.0,10.0,15118.0,0.013,0.0131,0.013,10000542,2016-06-22,2016-06-22,P,1.95,2016-01-18
8103,2016-05-16 14:04:00,2016-05-16,0.0131,0.0,0.0,15118.0,0.0131,0.0131,0.0131,10000542,2016-06-22,2016-06-22,P,1.95,2016-01-18
8104,2016-05-16 14:05:00,2016-05-16,0.0132,792.0,6.0,15120.0,0.0131,0.0132,0.0131,10000542,2016-06-22,2016-06-22,P,1.95,2016-01-18
8105,2016-05-16 14:06:00,2016-05-16,0.0132,792.0,6.0,15126.0,0.0132,0.0132,0.0132,10000542,2016-06-22,2016-06-22,P,1.95,2016-01-18
8106,2016-05-16 14:07:00,2016-05-16,0.0132,132.0,1.0,15127.0,0.0132,0.0132,0.0132,10000542,2016-06-22,2016-06-22,P,1.95,2016-01-18
8107,2016-05-16 14:08:00,2016-05-16,0.0132,0.0,0.0,15127.0,0.0132,0.0132,0.0132,10000542,2016-06-22,2016-06-22,P,1.95,2016-01-18
8108,2016-05-16 14:09:00,2016-05-16,0.0135,2700.0,20.0,15147.0,0.0132,0.0135,0.0132,10000542,2016-06-22,2016-06-22,P,1.95,2016-01-18
8109,2016-05-16 14:10:00,2016-05-16,0.0135,0.0,0.0,15147.0,0.0135,0.0135,0.0135,10000542,2016-06-22,2016-06-22,P,1.95,2016-01-18
8110,2016-05-16 14:11:00,2016-05-16,0.0135,0.0,0.0,15147.0,0.0135,0.0135,0.0135,10000542,2016-06-22,2016-06-22,P,1.95,2016-01-18
8111,2016-05-16 14:12:00,2016-05-16,0.0135,0.0,0.0,15147.0,0.0135,0.0135,0.0135,10000542,2016-06-22,2016-06-22,P,1.95,2016-01-18
8112,2016-05-16 14:13:00,2016-05-16,0.0135,134.0,1.0,15147.0,0.0135,0.0134,0.0134,10000542,2016-06-22,2016-06-22,P,1.95,2016-01-18
8113,2016-05-16 14:14:00,2016-05-16,0.0134,0.0,0.0,15147.0,0.0134,0.0134,0.0134,10000542,2016-06-22,2016-06-22,P,1.95,2016-01-18
8114,2016-05-16 14:15:00,2016-05-16,0.0135,1070.0,8.0,15155.0,0.0134,0.0135,0.0133,10000542,2016-06-22,2016-06-22,P,1.95,2016-01-18
8115,2016-05-16 14:16:00,2016-05-16,0.0144,9165.0,65.0,15134.0,0.0135,0.0144,0.0135,10000542,2016-06-22,2016-06-22,P,1.95,2016-01-18
8116,2016-05-16 14:17:00,2016-05-16,0.0146,22865.0,160.0,15089.0,0.0146,0.0141,0.0141,10000542,2016-06-22,2016-06-22,P,1.95,2016-01-18
8117,2016-05-16 14:18:00,2016-05-16,0.0143,8520.0,60.0,15099.0,0.0141,0.0142,0.0141,10000542,2016-06-22,2016-06-22,P,1.95,2016-01-18
8118,2016-05-16 14:19:00,2016-05-16,0.0144,2997.0,21.0,15120.0,0.0142,0.014,0.014,10000542,2016-06-22,2016-06-22,P,1.95,2016-01-18
8119,2016-05-16 14:20:00,2016-05-16,0.014,1390.0,10.0,15120.0,0.014,0.0139,0.0139,10000542,2016-06-22,2016-06-22,P,1.95,2016-01-18
8120,2016-05-16 14:21:00,2016-05-16,0.014,280.0,2.0,15122.0,0.0139,0.014,0.0139,10000542,2016-06-22,2016-06-22,P,1.95,2016-01-18
8121,2016-05-16 14:22:00,2016-05-16,0.014,140.0,1.0,15123.0,0.014,0.014,0.014,10000542,2016-06-22,2016-06-22,P,1.95,2016-01-18
8122,2016-05-16 14:23:00,2016-05-16,0.0141,141.0,1.0,15124.0,0.014,0.0141,0.014,10000542,2016-06-22,2016-06-22,P,1.95,2016-01-18
8123,2016-05-16 14:24:00,2016-05-16,0.0141,1410.0,10.0,15124.0,0.0141,0.0141,0.0141,10000542,2016-06-22,2016-06-22,P,1.95,2016-01-18
8124,2016-05-16 14:25:00,2016-05-16,0.0141,423.0,3.0,15124.0,0.0141,0.0141,0.0141,10000542,2016-06-22,2016-06-22,P,1.95,2016-01-18
8125,2016-05-16 14:26:00,2016-05-16,0.0141,0.0,0.0,15124.0,0.0141,0.0141,0.0141,10000542,2016-06-22,2016-06-22,P,1.95,2016-01-18
8126,2016-05-16 14:27:00,2016-05-16,0.0141,0.0,0.0,15124.0,0.0141,0.0141,0.0141,10000542,2016-06-22,2016-06-22,P,1.95,2016-01-18
8127,2016-05-16 14:28:00,2016-05-16,0.0141,280.0,2.0,15126.0,0.0141,0.014,0.014,10000542,2016-06-22,2016-06-22,P,1.95,2016-01-18
8128,2016-05-16 14:29:00,2016-05-16,0.0141,564.0,4.0,15130.0,0.014,0.0141,0.014,10000542,2016-06-22,2016-06-22,P,1.95,2016-01-18
8129,2016-05-16 14:30:00,2016-05-16,0.0141,3352.0,24.0,15145.0,0.0141,0.0141,0.0137,10000542,2016-06-22,2016-06-22,P,1.95,2016-01-18
8130,2016-05-16 14:31:00,2016-05-16,0.0141,1380.0,10.0,15155.0,0.0141,0.0138,0.0138,10000542,2016-06-22,2016-06-22,P,1.95,2016-01-18
8131,2016-05-16 14:32:00,2016-05-16,0.0138,0.0,0.0,15155.0,0.0138,0.0138,0.0138,10000542,2016-06-22,2016-06-22,P,1.95,2016-01-18
8132,2016-05-16 14:33:00,2016-05-16,0.0138,0.0,0.0,15155.0,0.0138,0.0138,0.0138,10000542,2016-06-22,2016-06-22,P,1.95,2016-01-18
8133,2016-05-16 14:34:00,2016-05-16,0.0138,0.0,0.0,15155.0,0.0138,0.0138,0.0138,10000542,2016-06-22,2016-06-22,P,1.95,2016-01-18
8134,2016-05-16 14:35:00,2016-05-16,0.0138,270.0,2.0,15157.0,0.0138,0.0135,0.0135,10000542,2016-06-22,2016-06-22,P,1.95,2016-01-18
8135,2016-05-16 14:36:00,2016-05-16,0.0135,536.0,4.0,15161.0,0.0135,0.0134,0.0134,10000542,2016-06-22,2016-06-22,P,1.95,2016-01-18
8136,2016-05-16 14:37:00,2016-05-16,0.0135,3604.0,27.0,15183.0,0.0134,0.0132,0.0132,10000542,2016-06-22,2016-06-22,P,1.95,2016-01-18
8137,2016-05-16 14:38:00,2016-05-16,0.0132,2244.0,17.0,15200.0,0.0132,0.0132,0.0132,10000542,2016-06-22,2016-06-22,P,1.95,2016-01-18
8138,2016-05-16 14:39:00,2016-05-16,0.0133,4107.0,31.0,15231.0,0.0132,0.0133,0.0132,10000542,2016-06-22,2016-06-22,P,1.95,2016-01-18
8139,2016-05-16 14:40:00,2016-05-16,0.0134,1600.0,12.0,15238.0,0.0133,0.0131,0.0131,10000542,2016-06-22,2016-06-22,P,1.95,2016-01-18
8140,2016-05-16 14:41:00,2016-05-16,0.0133,1983.0,15.0,15242.0,0.0131,0.0133,0.0131,10000542,2016-06-22,2016-06-22,P,1.95,2016-01-18
8141,2016-05-16 14:42:00,2016-05-16,0.0134,1069.0,8.0,15245.0,0.0133,0.0133,0.0133,10000542,2016-06-22,2016-06-22,P,1.95,2016-01-18
8142,2016-05-16 14:43:00,2016-05-16,0.0135,540.0,4.0,15244.0,0.0133,0.0135,0.0133,10000542,2016-06-22,2016-06-22,P,1.95,2016-01-18
8143,2016-05-16 14:44:00,2016-05-16,0.0137,2865.0,21.0,15254.0,0.0135,0.0137,0.0135,10000542,2016-06-22,2016-06-22,P,1.95,2016-01-18
8144,2016-05-16 14:45:00,2016-05-16,0.0139,2045.0,15.0,15259.0,0.0137,0.0135,0.0135,10000542,2016-06-22,2016-06-22,P,1.95,2016-01-18
8145,2016-05-16 14:46:00,2016-05-16,0.0135,1457.0,11.0,15265.0,0.0135,0.0133,0.0131,10000542,2016-06-22,2016-06-22,P,1.95,2016-01-18
8146,2016-05-16 14:47:00,2016-05-16,0.0133,0.0,0.0,15265.0,0.0133,0.0133,0.0133,10000542,2016-06-22,2016-06-22,P,1.95,2016-01-18
8147,2016-05-16 14:48:00,2016-05-16,0.0136,5410.0,40.0,15275.0,0.0133,0.0134,0.0133,10000542,2016-06-22,2016-06-22,P,1.95,2016-01-18
8148,2016-05-16 14:49:00,2016-05-16,0.0134,665.0,5.0,15275.0,0.0134,0.0133,0.0133,10000542,2016-06-22,2016-06-22,P,1.95,2016-01-18
8149,2016-05-16 14:50:00,2016-05-16,0.0133,1690.0,13.0,15286.0,0.0133,0.013,0.013,10000542,2016-06-22,2016-06-22,P,1.95,2016-01-18
8150,2016-05-16 14:51:00,2016-05-16,0.0132,3935.0,30.0,15311.0,0.013,0.0131,0.013,10000542,2016-06-22,2016-06-22,P,1.95,2016-01-18
8151,2016-05-16 14:52:00,2016-05-16,0.0135,2142.0,16.0,15317.0,0.0131,0.0132,0.0131,10000542,2016-06-22,2016-06-22,P,1.95,2016-01-18
8152,2016-05-16 14:53:00,2016-05-16,0.0135,4380.0,33.0,15350.0,0.0132,0.0132,0.0131,10000542,2016-06-22,2016-06-22,P,1.95,2016-01-18
8153,2016-05-16 14:54:00,2016-05-16,0.0135,1482.0,11.0,15361.0,0.0132,0.0132,0.0132,10000542,2016-06-22,2016-06-22,P,1.95,2016-01-18
8154,2016-05-16 14:55:00,2016-05-16,0.0133,3190.0,24.0,15366.0,0.0132,0.0133,0.0132,10000542,2016-06-22,2016-06-22,P,1.95,2016-01-18
8155,2016-05-16 14:56:00,2016-05-16,0.0136,2542.0,19.0,15380.0,0.0133,0.0136,0.0133,10000542,2016-06-22,2016-06-22,P,1.95,2016-01-18
8156,2016-05-16 14:57:00,2016-05-16,0.0136,3400.0,25.0,15405.0,0.0136,0.0136,0.0136,10000542,2016-06-22,2016-06-22,P,1.95,2016-01-18
8157,2016-05-16 14:58:00,2016-05-16,0.0136,0.0,0.0,15405.0,0.0136,0.0136,0.0136,10000542,2016-06-22,2016-06-22,P,1.95,2016-01-18
8158,2016-05-16 14:59:00,2016-05-16,0.0136,0.0,0.0,15405.0,0.0136,0.0136,0.0136,10000542,2016-06-22,2016-06-22,P,1.95,2016-01-18
8159,2016-05-16 15:00:00,2016-05-16,0.0136,0.0,0.0,15405.0,0.0136,0.0136,0.0136,10000542,2016-06-22,2016-06-22,P,1.95,2016-01-18
8160,2016-05-16 09:31:00,2016-05-16,0.0261,0.0,0.0,3690.0,0.0261,0.0261,0.0261,10000560,2016-09-28,2016-09-28,P,1.85,2016-01-28
8161,2016-05-16 09:32:00,2016-05-16,0.0261,0.0,0.0,3690.0,0.0261,0.0261,0.0261,10000560,2016-09-28,2016-09-28,P,1.85,2016-01-28
8162,2016-05-16 09:33:00,2016-05-16,0.0261,0.0,0.0,3690.0,0.0261,0.0261,0.0261,10000560,2016-09-28,2016-09-28,P,1.85,2016-01-28
8163,2016-05-16 09:34:00,2016-05-16,0.0261,0.0,0.0,3690.0,0.0261,0.0261,0.0261,10000560,2016-09-28,2016-09-28,P,1.85,2016-01-28
8164,2016-05-16 09:35:00,2016-05-16,0.0261,0.0,0.0,3690.0,0.0261,0.0261,0.0261,10000560,2016-09-28,2016-09-28,P,1.85,2016-01-28
8165,2016-05-16 09:36:00,2016-05-16,0.0261,0.0,0.0,3690.0,0.0261,0.0261,0.0261,10000560,2016-09-28,2016-09-28,P,1.85,2016-01-28
8166,2016-05-16 09:37:00,2016-05-16,0.0261,0.0,0.0,3690.0,0.0261,0.0261,0.0261,10000560,2016-09-28,2016-09-28,P,1.85,2016-01-28
8167,2016-05-16 09:38:00,2016-05-16,0.0261,0.0,0.0,3690.0,0.0261,0.0261,0.0261,10000560,2016-09-28,2016-09-28,P,1.85,2016-01-28
8168,2016-05-16 09:39:00,2016-05-16,0.0261,0.0,0.0,3690.0,0.0261,0.0261,0.0261,10000560,2016-09-28,2016-09-28,P,1.85,2016-01-28
8169,2016-05-16 09:40:00,2016-05-16,0.0261,0.0,0.0,3690.0,0.0261,0.0261,0.0261,10000560,2016-09-28,2016-09-28,P,1.85,2016-01-28
8170,2016-05-16 09:41:00,2016-05-16,0.0261,0.0,0.0,3690.0,0.0261,0.0261,0.0261,10000560,2016-09-28,2016-09-28,P,1.85,2016-01-28
8171,2016-05-16 09:42:00,2016-05-16,0.0261,0.0,0.0,3690.0,0.0261,0.0261,0.0261,10000560,2016-09-28,2016-09-28,P,1.85,2016-01-28
8172,2016-05-16 09:43:00,2016-05-16,0.0261,0.0,0.0,3690.0,0.0261,0.0261,0.0261,10000560,2016-09-28,2016-09-28,P,1.85,2016-01-28
8173,2016-05-16 09:44:00,2016-05-16,0.0261,0.0,0.0,3690.0,0.0261,0.0261,0.0261,10000560,2016-09-28,2016-09-28,P,1.85,2016-01-28
8174,2016-05-16 09:45:00,2016-05-16,0.0261,0.0,0.0,3690.0,0.0261,0.0261,0.0261,10000560,2016-09-28,2016-09-28,P,1.85,2016-01-28
8175,2016-05-16 09:46:00,2016-05-16,0.0261,0.0,0.0,3690.0,0.0261,0.0261,0.0261,10000560,2016-09-28,2016-09-28,P,1.85,2016-01-28
8176,2016-05-16 09:47:00,2016-05-16,0.0267,801.0,3.0,3693.0,0.0261,0.0267,0.0261,10000560,2016-09-28,2016-09-28,P,1.85,2016-01-28
8177,2016-05-16 09:48:00,2016-05-16,0.0267,0.0,0.0,3693.0,0.0267,0.0267,0.0267,10000560,2016-09-28,2016-09-28,P,1.85,2016-01-28
8178,2016-05-16 09:49:00,2016-05-16,0.0267,0.0,0.0,3693.0,0.0267,0.0267,0.0267,10000560,2016-09-28,2016-09-28,P,1.85,2016-01-28
8179,2016-05-16 09:50:00,2016-05-16,0.0266,266.0,1.0,3694.0,0.0266,0.0266,0.0266,10000560,2016-09-28,2016-09-28,P,1.85,2016-01-28
8180,2016-05-16 09:51:00,2016-05-16,0.0266,0.0,0.0,3694.0,0.0266,0.0266,0.0266,10000560,2016-09-28,2016-09-28,P,1.85,2016-01-28
8181,2016-05-16 09:52:00,2016-05-16,0.0275,275.0,1.0,3695.0,0.0266,0.0275,0.0266,10000560,2016-09-28,2016-09-28,P,1.85,2016-01-28
8182,2016-05-16 09:53:00,2016-05-16,0.0277,1381.0,5.0,3697.0,0.0275,0.0276,0.0275,10000560,2016-09-28,2016-09-28,P,1.85,2016-01-28
8183,2016-05-16 09:54:00,2016-05-16,0.0276,0.0,0.0,3697.0,0.0276,0.0276,0.0276,10000560,2016-09-28,2016-09-28,P,1.85,2016-01-28
8184,2016-05-16 09:55:00,2016-05-16,0.0276,0.0,0.0,3697.0,0.0276,0.0276,0.0276,10000560,2016-09-28,2016-09-28,P,1.85,2016-01-28
8185,2016-05-16 09:56:00,2016-05-16,0.0276,0.0,0.0,3697.0,0.0276,0.0276,0.0276,10000560,2016-09-28,2016-09-28,P,1.85,2016-01-28
8186,2016-05-16 09:57:00,2016-05-16,0.0276,0.0,0.0,3697.0,0.0276,0.0276,0.0276,10000560,2016-09-28,2016-09-28,P,1.85,2016-01-28
8187,2016-05-16 09:58:00,2016-05-16,0.0276,0.0,0.0,3697.0,0.0276,0.0276,0.0276,10000560,2016-09-28,2016-09-28,P,1.85,2016-01-28
8188,2016-05-16 09:59:00,2016-05-16,0.0276,0.0,0.0,3697.0,0.0276,0.0276,0.0276,10000560,2016-09-28,2016-09-28,P,1.85,2016-01-28
8189,2016-05-16 10:00:00,2016-05-16,0.0276,0.0,0.0,3697.0,0.0276,0.0276,0.0276,10000560,2016-09-28,2016-09-28,P,1.85,2016-01-28
8190,2016-05-16 10:01:00,2016-05-16,0.0276,0.0,0.0,3697.0,0.0276,0.0276,0.0276,10000560,2016-09-28,2016-09-28,P,1.85,2016-01-28
8191,2016-05-16 10:02:00,2016-05-16,0.0276,0.0,0.0,3697.0,0.0276,0.0276,0.0276,10000560,2016-09-28,2016-09-28,P,1.85,2016-01-28
8192,2016-05-16 10:03:00,2016-05-16,0.0276,0.0,0.0,3697.0,0.0276,0.0276,0.0276,10000560,2016-09-28,2016-09-28,P,1.85,2016-01-28
8193,2016-05-16 10:04:00,2016-05-16,0.0276,0.0,0.0,3697.0,0.0276,0.0276,0.0276,10000560,2016-09-28,2016-09-28,P,1.85,2016-01-28
8194,2016-05-16 10:05:00,2016-05-16,0.0276,0.0,0.0,3697.0,0.0276,0.0276,0.0276,10000560,2016-09-28,2016-09-28,P,1.85,2016-01-28
8195,2016-05-16 10:06:00,2016-05-16,0.0276,0.0,0.0,3697.0,0.0276,0.0276,0.0276,10000560,2016-09-28,2016-09-28,P,1.85,2016-01-28
8196,2016-05-16 10:07:00,2016-05-16,0.0276,0.0,0.0,3697.0,0.0276,0.0276,0.0276,10000560,2016-09-28,2016-09-28,P,1.85,2016-01-28
8197,2016-05-16 10:08:00,2016-05-16,0.0276,0.0,0.0,3697.0,0.0276,0.0276,0.0276,10000560,2016-09-28,2016-09-28,P,1.85,2016-01-28
8198,2016-05-16 10:09:00,2016-05-16,0.0276,0.0,0.0,3697.0,0.0276,0.0276,0.0276,10000560,2016-09-28,2016-09-28,P,1.85,2016-01-28
8199,2016-05-16 10:10:00,2016-05-16,0.0276,0.0,0.0,3697.0,0.0276,0.0276,0.0276,10000560,2016-09-28,2016-09-28,P,1.85,2016-01-28
8200,2016-05-16 10:11:00,2016-05-16,0.0276,0.0,0.0,3697.0,0.0276,0.0276,0.0276,10000560,2016-09-28,2016-09-28,P,1.85,2016-01-28
8201,2016-05-16 10:12:00,2016-05-16,0.0283,283.0,1.0,3698.0,0.0276,0.0283,0.0276,10000560,2016-09-28,2016-09-28,P,1.85,2016-01-28
8202,2016-05-16 10:13:00,2016-05-16,0.0283,0.0,0.0,3698.0,0.0283,0.0283,0.0283,10000560,2016-09-28,2016-09-28,P,1.85,2016-01-28
8203,2016-05-16 10:14:00,2016-05-16,0.0287,287.0,1.0,3699.0,0.0287,0.0287,0.0287,10000560,2016-09-28,2016-09-28,P,1.85,2016-01-28
8204,2016-05-16 10:15:00,2016-05-16,0.0287,0.0,0.0,3699.0,0.0287,0.0287,0.0287,10000560,2016-09-28,2016-09-28,P,1.85,2016-01-28
8205,2016-05-16 10:16:00,2016-05-16,0.0287,0.0,0.0,3699.0,0.0287,0.0287,0.0287,10000560,2016-09-28,2016-09-28,P,1.85,2016-01-28
8206,2016-05-16 10:17:00,2016-05-16,0.0287,0.0,0.0,3699.0,0.0287,0.0287,0.0287,10000560,2016-09-28,2016-09-28,P,1.85,2016-01-28
8207,2016-05-16 10:18:00,2016-05-16,0.0287,0.0,0.0,3699.0,0.0287,0.0287,0.0287,10000560,2016-09-28,2016-09-28,P,1.85,2016-01-28
8208,2016-05-16 10:19:00,2016-05-16,0.0287,0.0,0.0,3699.0,0.0287,0.0287,0.0287,10000560,2016-09-28,2016-09-28,P,1.85,2016-01-28
8209,2016-05-16 10:20:00,2016-05-16,0.0287,0.0,0.0,3699.0,0.0287,0.0287,0.0287,10000560,2016-09-28,2016-09-28,P,1.85,2016-01-28
8210,2016-05-16 10:21:00,2016-05-16,0.0287,0.0,0.0,3699.0,0.0287,0.0287,0.0287,10000560,2016-09-28,2016-09-28,P,1.85,2016-01-28
8211,2016-05-16 10:22:00,2016-05-16,0.0287,0.0,0.0,3699.0,0.0287,0.0287,0.0287,10000560,2016-09-28,2016-09-28,P,1.85,2016-01-28
8212,2016-05-16 10:23:00,2016-05-16,0.0278,5520.0,20.0,3719.0,0.0278,0.0274,0.0274,10000560,2016-09-28,2016-09-28,P,1.85,2016-01-28
8213,2016-05-16 10:24:00,2016-05-16,0.0274,2740.0,10.0,3729.0,0.0274,0.0274,0.0274,10000560,2016-09-28,2016-09-28,P,1.85,2016-01-28
8214,2016-05-16 10:25:00,2016-05-16,0.0274,0.0,0.0,3729.0,0.0274,0.0274,0.0274,10000560,2016-09-28,2016-09-28,P,1.85,2016-01-28
8215,2016-05-16 10:26:00,2016-05-16,0.0274,0.0,0.0,3729.0,0.0274,0.0274,0.0274,10000560,2016-09-28,2016-09-28,P,1.85,2016-01-28
8216,2016-05-16 10:27:00,2016-05-16,0.0277,554.0,2.0,3731.0,0.0274,0.0277,0.0274,10000560,2016-09-28,2016-09-28,P,1.85,2016-01-28
8217,2016-05-16 10:28:00,2016-05-16,0.0277,277.0,1.0,3731.0,0.0277,0.0277,0.0277,10000560,2016-09-28,2016-09-28,P,1.85,2016-01-28
8218,2016-05-16 10:29:00,2016-05-16,0.0285,1422.0,5.0,3736.0,0.0277,0.0285,0.0277,10000560,2016-09-28,2016-09-28,P,1.85,2016-01-28
8219,2016-05-16 10:30:00,2016-05-16,0.0285,0.0,0.0,3736.0,0.0285,0.0285,0.0285,10000560,2016-09-28,2016-09-28,P,1.85,2016-01-28
8220,2016-05-16 10:31:00,2016-05-16,0.0285,0.0,0.0,3736.0,0.0285,0.0285,0.0285,10000560,2016-09-28,2016-09-28,P,1.85,2016-01-28
8221,2016-05-16 10:32:00,2016-05-16,0.0285,0.0,0.0,3736.0,0.0285,0.0285,0.0285,10000560,2016-09-28,2016-09-28,P,1.85,2016-01-28
8222,2016-05-16 10:33:00,2016-05-16,0.0285,0.0,0.0,3736.0,0.0285,0.0285,0.0285,10000560,2016-09-28,2016-09-28,P,1.85,2016-01-28
8223,2016-05-16 10:34:00,2016-05-16,0.0285,0.0,0.0,3736.0,0.0285,0.0285,0.0285,10000560,2016-09-28,2016-09-28,P,1.85,2016-01-28
8224,2016-05-16 10:35:00,2016-05-16,0.0285,0.0,0.0,3736.0,0.0285,0.0285,0.0285,10000560,2016-09-28,2016-09-28,P,1.85,2016-01-28
8225,2016-05-16 10:36:00,2016-05-16,0.0285,0.0,0.0,3736.0,0.0285,0.0285,0.0285,10000560,2016-09-28,2016-09-28,P,1.85,2016-01-28
8226,2016-05-16 10:37:00,2016-05-16,0.0285,0.0,0.0,3736.0,0.0285,0.0285,0.0285,10000560,2016-09-28,2016-09-28,P,1.85,2016-01-28
8227,2016-05-16 10:38:00,2016-05-16,0.0285,0.0,0.0,3736.0,0.0285,0.0285,0.0285,10000560,2016-09-28,2016-09-28,P,1.85,2016-01-28
8228,2016-05-16 10:39:00,2016-05-16,0.0285,0.0,0.0,3736.0,0.0285,0.0285,0.0285,10000560,2016-09-28,2016-09-28,P,1.85,2016-01-28
8229,2016-05-16 10:40:00,2016-05-16,0.0285,0.0,0.0,3736.0,0.0285,0.0285,0.0285,10000560,2016-09-28,2016-09-28,P,1.85,2016-01-28
8230,2016-05-16 10:41:00,2016-05-16,0.0285,0.0,0.0,3736.0,0.0285,0.0285,0.0285,10000560,2016-09-28,2016-09-28,P,1.85,2016-01-28
8231,2016-05-16 10:42:00,2016-05-16,0.0285,0.0,0.0,3736.0,0.0285,0.0285,0.0285,10000560,2016-09-28,2016-09-28,P,1.85,2016-01-28
8232,2016-05-16 10:43:00,2016-05-16,0.0285,0.0,0.0,3736.0,0.0285,0.0285,0.0285,10000560,2016-09-28,2016-09-28,P,1.85,2016-01-28
8233,2016-05-16 10:44:00,2016-05-16,0.0285,0.0,0.0,3736.0,0.0285,0.0285,0.0285,10000560,2016-09-28,2016-09-28,P,1.85,2016-01-28
8234,2016-05-16 10:45:00,2016-05-16,0.0285,0.0,0.0,3736.0,0.0285,0.0285,0.0285,10000560,2016-09-28,2016-09-28,P,1.85,2016-01-28
8235,2016-05-16 10:46:00,2016-05-16,0.0285,0.0,0.0,3736.0,0.0285,0.0285,0.0285,10000560,2016-09-28,2016-09-28,P,1.85,2016-01-28
8236,2016-05-16 10:47:00,2016-05-16,0.0285,0.0,0.0,3736.0,0.0285,0.0285,0.0285,10000560,2016-09-28,2016-09-28,P,1.85,2016-01-28
8237,2016-05-16 10:48:00,2016-05-16,0.0285,0.0,0.0,3736.0,0.0285,0.0285,0.0285,10000560,2016-09-28,2016-09-28,P,1.85,2016-01-28
8238,2016-05-16 10:49:00,2016-05-16,0.0285,282.0,1.0,3737.0,0.0285,0.0282,0.0282,10000560,2016-09-28,2016-09-28,P,1.85,2016-01-28
8239,2016-05-16 10:50:00,2016-05-16,0.0282,0.0,0.0,3737.0,0.0282,0.0282,0.0282,10000560,2016-09-28,2016-09-28,P,1.85,2016-01-28
8240,2016-05-16 10:51:00,2016-05-16,0.0282,6368.0,23.0,3759.0,0.0282,0.0277,0.0276,10000560,2016-09-28,2016-09-28,P,1.85,2016-01-28
8241,2016-05-16 10:52:00,2016-05-16,0.0277,0.0,0.0,3759.0,0.0277,0.0277,0.0277,10000560,2016-09-28,2016-09-28,P,1.85,2016-01-28
8242,2016-05-16 10:53:00,2016-05-16,0.0277,0.0,0.0,3759.0,0.0277,0.0277,0.0277,10000560,2016-09-28,2016-09-28,P,1.85,2016-01-28
8243,2016-05-16 10:54:00,2016-05-16,0.0277,0.0,0.0,3759.0,0.0277,0.0277,0.0277,10000560,2016-09-28,2016-09-28,P,1.85,2016-01-28
8244,2016-05-16 10:55:00,2016-05-16,0.0277,0.0,0.0,3759.0,0.0277,0.0277,0.0277,10000560,2016-09-28,2016-09-28,P,1.85,2016-01-28
8245,2016-05-16 10:56:00,2016-05-16,0.0277,0.0,0.0,3759.0,0.0277,0.0277,0.0277,10000560,2016-09-28,2016-09-28,P,1.85,2016-01-28
8246,2016-05-16 10:57:00,2016-05-16,0.0277,0.0,0.0,3759.0,0.0277,0.0277,0.0277,10000560,2016-09-28,2016-09-28,P,1.85,2016-01-28
8247,2016-05-16 10:58:00,2016-05-16,0.0277,0.0,0.0,3759.0,0.0277,0.0277,0.0277,10000560,2016-09-28,2016-09-28,P,1.85,2016-01-28
8248,2016-05-16 10:59:00,2016-05-16,0.0277,0.0,0.0,3759.0,0.0277,0.0277,0.0277,10000560,2016-09-28,2016-09-28,P,1.85,2016-01-28
8249,2016-05-16 11:00:00,2016-05-16,0.0277,0.0,0.0,3759.0,0.0277,0.0277,0.0277,10000560,2016-09-28,2016-09-28,P,1.85,2016-01-28
8250,2016-05-16 11:01:00,2016-05-16,0.0277,3180.0,12.0,3770.0,0.0277,0.0265,0.0265,10000560,2016-09-28,2016-09-28,P,1.85,2016-01-28
8251,2016-05-16 11:02:00,2016-05-16,0.0265,0.0,0.0,3770.0,0.0265,0.0265,0.0265,10000560,2016-09-28,2016-09-28,P,1.85,2016-01-28
8252,2016-05-16 11:03:00,2016-05-16,0.0265,0.0,0.0,3770.0,0.0265,0.0265,0.0265,10000560,2016-09-28,2016-09-28,P,1.85,2016-01-28
8253,2016-05-16 11:04:00,2016-05-16,0.0265,0.0,0.0,3770.0,0.0265,0.0265,0.0265,10000560,2016-09-28,2016-09-28,P,1.85,2016-01-28
8254,2016-05-16 11:05:00,2016-05-16,0.0265,0.0,0.0,3770.0,0.0265,0.0265,0.0265,10000560,2016-09-28,2016-09-28,P,1.85,2016-01-28
8255,2016-05-16 11:06:00,2016-05-16,0.0265,0.0,0.0,3770.0,0.0265,0.0265,0.0265,10000560,2016-09-28,2016-09-28,P,1.85,2016-01-28
8256,2016-05-16 11:07:00,2016-05-16,0.0265,0.0,0.0,3770.0,0.0265,0.0265,0.0265,10000560,2016-09-28,2016-09-28,P,1.85,2016-01-28
8257,2016-05-16 11:08:00,2016-05-16,0.0265,0.0,0.0,3770.0,0.0265,0.0265,0.0265,10000560,2016-09-28,2016-09-28,P,1.85,2016-01-28
8258,2016-05-16 11:09:00,2016-05-16,0.0265,0.0,0.0,3770.0,0.0265,0.0265,0.0265,10000560,2016-09-28,2016-09-28,P,1.85,2016-01-28
8259,2016-05-16 11:10:00,2016-05-16,0.0265,0.0,0.0,3770.0,0.0265,0.0265,0.0265,10000560,2016-09-28,2016-09-28,P,1.85,2016-01-28
8260,2016-05-16 11:11:00,2016-05-16,0.0265,0.0,0.0,3770.0,0.0265,0.0265,0.0265,10000560,2016-09-28,2016-09-28,P,1.85,2016-01-28
8261,2016-05-16 11:12:00,2016-05-16,0.0265,263.0,1.0,3771.0,0.0265,0.0263,0.0263,10000560,2016-09-28,2016-09-28,P,1.85,2016-01-28
8262,2016-05-16 11:13:00,2016-05-16,0.0269,269.0,1.0,3771.0,0.0269,0.0269,0.0269,10000560,2016-09-28,2016-09-28,P,1.85,2016-01-28
8263,2016-05-16 11:14:00,2016-05-16,0.0269,0.0,0.0,3771.0,0.0269,0.0269,0.0269,10000560,2016-09-28,2016-09-28,P,1.85,2016-01-28
8264,2016-05-16 11:15:00,2016-05-16,0.0269,1076.0,4.0,3771.0,0.0269,0.0269,0.0269,10000560,2016-09-28,2016-09-28,P,1.85,2016-01-28
8265,2016-05-16 11:16:00,2016-05-16,0.0269,0.0,0.0,3771.0,0.0269,0.0269,0.0269,10000560,2016-09-28,2016-09-28,P,1.85,2016-01-28
8266,2016-05-16 11:17:00,2016-05-16,0.0269,0.0,0.0,3771.0,0.0269,0.0269,0.0269,10000560,2016-09-28,2016-09-28,P,1.85,2016-01-28
8267,2016-05-16 11:18:00,2016-05-16,0.0269,538.0,2.0,3773.0,0.0269,0.0269,0.0269,10000560,2016-09-28,2016-09-28,P,1.85,2016-01-28
8268,2016-05-16 11:19:00,2016-05-16,0.0269,0.0,0.0,3773.0,0.0269,0.0269,0.0269,10000560,2016-09-28,2016-09-28,P,1.85,2016-01-28
8269,2016-05-16 11:20:00,2016-05-16,0.0269,0.0,0.0,3773.0,0.0269,0.0269,0.0269,10000560,2016-09-28,2016-09-28,P,1.85,2016-01-28
8270,2016-05-16 11:21:00,2016-05-16,0.0269,0.0,0.0,3773.0,0.0269,0.0269,0.0269,10000560,2016-09-28,2016-09-28,P,1.85,2016-01-28
8271,2016-05-16 11:22:00,2016-05-16,0.0269,807.0,3.0,3776.0,0.0269,0.0269,0.0269,10000560,2016-09-28,2016-09-28,P,1.85,2016-01-28
8272,2016-05-16 11:23:00,2016-05-16,0.0269,0.0,0.0,3776.0,0.0269,0.0269,0.0269,10000560,2016-09-28,2016-09-28,P,1.85,2016-01-28
8273,2016-05-16 11:24:00,2016-05-16,0.0269,0.0,0.0,3776.0,0.0269,0.0269,0.0269,10000560,2016-09-28,2016-09-28,P,1.85,2016-01-28
8274,2016-05-16 11:25:00,2016-05-16,0.0269,0.0,0.0,3776.0,0.0269,0.0269,0.0269,10000560,2016-09-28,2016-09-28,P,1.85,2016-01-28
8275,2016-05-16 11:26:00,2016-05-16,0.0269,262.0,1.0,3777.0,0.0269,0.0262,0.0262,10000560,2016-09-28,2016-09-28,P,1.85,2016-01-28
8276,2016-05-16 11:27:00,2016-05-16,0.0262,0.0,0.0,3777.0,0.0262,0.0262,0.0262,10000560,2016-09-28,2016-09-28,P,1.85,2016-01-28
8277,2016-05-16 11:28:00,2016-05-16,0.027000000000000003,540.0,2.0,3779.0,0.0262,0.027000000000000003,0.0262,10000560,2016-09-28,2016-09-28,P,1.85,2016-01-28
8278,2016-05-16 11:29:00,2016-05-16,0.027000000000000003,0.0,0.0,3779.0,0.027000000000000003,0.027000000000000003,0.027000000000000003,10000560,2016-09-28,2016-09-28,P,1.85,2016-01-28
8279,2016-05-16 11:30:00,2016-05-16,0.027000000000000003,0.0,0.0,3779.0,0.027000000000000003,0.027000000000000003,0.027000000000000003,10000560,2016-09-28,2016-09-28,P,1.85,2016-01-28
8280,2016-05-16 13:01:00,2016-05-16,0.027000000000000003,1080.0,4.0,3783.0,0.027000000000000003,0.027000000000000003,0.027000000000000003,10000560,2016-09-28,2016-09-28,P,1.85,2016-01-28
8281,2016-05-16 13:02:00,2016-05-16,0.027000000000000003,1350.0,5.0,3788.0,0.027000000000000003,0.027000000000000003,0.027000000000000003,10000560,2016-09-28,2016-09-28,P,1.85,2016-01-28
8282,2016-05-16 13:03:00,2016-05-16,0.027000000000000003,0.0,0.0,3788.0,0.027000000000000003,0.027000000000000003,0.027000000000000003,10000560,2016-09-28,2016-09-28,P,1.85,2016-01-28
8283,2016-05-16 13:04:00,2016-05-16,0.027000000000000003,270.0,1.0,3789.0,0.027000000000000003,0.027000000000000003,0.027000000000000003,10000560,2016-09-28,2016-09-28,P,1.85,2016-01-28
8284,2016-05-16 13:05:00,2016-05-16,0.027000000000000003,0.0,0.0,3789.0,0.027000000000000003,0.027000000000000003,0.027000000000000003,10000560,2016-09-28,2016-09-28,P,1.85,2016-01-28
8285,2016-05-16 13:06:00,2016-05-16,0.027000000000000003,1345.0,5.0,3794.0,0.027000000000000003,0.0269,0.0269,10000560,2016-09-28,2016-09-28,P,1.85,2016-01-28
8286,2016-05-16 13:07:00,2016-05-16,0.0269,0.0,0.0,3794.0,0.0269,0.0269,0.0269,10000560,2016-09-28,2016-09-28,P,1.85,2016-01-28
8287,2016-05-16 13:08:00,2016-05-16,0.0269,0.0,0.0,3794.0,0.0269,0.0269,0.0269,10000560,2016-09-28,2016-09-28,P,1.85,2016-01-28
8288,2016-05-16 13:09:00,2016-05-16,0.0269,0.0,0.0,3794.0,0.0269,0.0269,0.0269,10000560,2016-09-28,2016-09-28,P,1.85,2016-01-28
8289,2016-05-16 13:10:00,2016-05-16,0.0269,0.0,0.0,3794.0,0.0269,0.0269,0.0269,10000560,2016-09-28,2016-09-28,P,1.85,2016-01-28
8290,2016-05-16 13:11:00,2016-05-16,0.0269,0.0,0.0,3794.0,0.0269,0.0269,0.0269,10000560,2016-09-28,2016-09-28,P,1.85,2016-01-28
8291,2016-05-16 13:12:00,2016-05-16,0.0269,0.0,0.0,3794.0,0.0269,0.0269,0.0269,10000560,2016-09-28,2016-09-28,P,1.85,2016-01-28
8292,2016-05-16 13:13:00,2016-05-16,0.0269,0.0,0.0,3794.0,0.0269,0.0269,0.0269,10000560,2016-09-28,2016-09-28,P,1.85,2016-01-28
8293,2016-05-16 13:14:00,2016-05-16,0.0269,0.0,0.0,3794.0,0.0269,0.0269,0.0269,10000560,2016-09-28,2016-09-28,P,1.85,2016-01-28
8294,2016-05-16 13:15:00,2016-05-16,0.0269,0.0,0.0,3794.0,0.0269,0.0269,0.0269,10000560,2016-09-28,2016-09-28,P,1.85,2016-01-28
8295,2016-05-16 13:16:00,2016-05-16,0.0269,0.0,0.0,3794.0,0.0269,0.0269,0.0269,10000560,2016-09-28,2016-09-28,P,1.85,2016-01-28
8296,2016-05-16 13:17:00,2016-05-16,0.0269,0.0,0.0,3794.0,0.0269,0.0269,0.0269,10000560,2016-09-28,2016-09-28,P,1.85,2016-01-28
8297,2016-05-16 13:18:00,2016-05-16,0.0269,0.0,0.0,3794.0,0.0269,0.0269,0.0269,10000560,2016-09-28,2016-09-28,P,1.85,2016-01-28
8298,2016-05-16 13:19:00,2016-05-16,0.0269,0.0,0.0,3794.0,0.0269,0.0269,0.0269,10000560,2016-09-28,2016-09-28,P,1.85,2016-01-28
8299,2016-05-16 13:20:00,2016-05-16,0.0275,275.0,1.0,3795.0,0.0269,0.0275,0.0269,10000560,2016-09-28,2016-09-28,P,1.85,2016-01-28
8300,2016-05-16 13:21:00,2016-05-16,0.0275,0.0,0.0,3795.0,0.0275,0.0275,0.0275,10000560,2016-09-28,2016-09-28,P,1.85,2016-01-28
8301,2016-05-16 13:22:00,2016-05-16,0.0275,0.0,0.0,3795.0,0.0275,0.0275,0.0275,10000560,2016-09-28,2016-09-28,P,1.85,2016-01-28
8302,2016-05-16 13:23:00,2016-05-16,0.0275,0.0,0.0,3795.0,0.0275,0.0275,0.0275,10000560,2016-09-28,2016-09-28,P,1.85,2016-01-28
8303,2016-05-16 13:24:00,2016-05-16,0.0275,0.0,0.0,3795.0,0.0275,0.0275,0.0275,10000560,2016-09-28,2016-09-28,P,1.85,2016-01-28
8304,2016-05-16 13:25:00,2016-05-16,0.0275,0.0,0.0,3795.0,0.0275,0.0275,0.0275,10000560,2016-09-28,2016-09-28,P,1.85,2016-01-28
8305,2016-05-16 13:26:00,2016-05-16,0.0275,0.0,0.0,3795.0,0.0275,0.0275,0.0275,10000560,2016-09-28,2016-09-28,P,1.85,2016-01-28
8306,2016-05-16 13:27:00,2016-05-16,0.0275,0.0,0.0,3795.0,0.0275,0.0275,0.0275,10000560,2016-09-28,2016-09-28,P,1.85,2016-01-28
8307,2016-05-16 13:28:00,2016-05-16,0.0275,0.0,0.0,3795.0,0.0275,0.0275,0.0275,10000560,2016-09-28,2016-09-28,P,1.85,2016-01-28
8308,2016-05-16 13:29:00,2016-05-16,0.0275,0.0,0.0,3795.0,0.0275,0.0275,0.0275,10000560,2016-09-28,2016-09-28,P,1.85,2016-01-28
8309,2016-05-16 13:30:00,2016-05-16,0.0275,0.0,0.0,3795.0,0.0275,0.0275,0.0275,10000560,2016-09-28,2016-09-28,P,1.85,2016-01-28
8310,2016-05-16 13:31:00,2016-05-16,0.0275,0.0,0.0,3795.0,0.0275,0.0275,0.0275,10000560,2016-09-28,2016-09-28,P,1.85,2016-01-28
8311,2016-05-16 13:32:00,2016-05-16,0.0275,0.0,0.0,3795.0,0.0275,0.0275,0.0275,10000560,2016-09-28,2016-09-28,P,1.85,2016-01-28
8312,2016-05-16 13:33:00,2016-05-16,0.0275,0.0,0.0,3795.0,0.0275,0.0275,0.0275,10000560,2016-09-28,2016-09-28,P,1.85,2016-01-28
8313,2016-05-16 13:34:00,2016-05-16,0.0275,0.0,0.0,3795.0,0.0275,0.0275,0.0275,10000560,2016-09-28,2016-09-28,P,1.85,2016-01-28
8314,2016-05-16 13:35:00,2016-05-16,0.0275,0.0,0.0,3795.0,0.0275,0.0275,0.0275,10000560,2016-09-28,2016-09-28,P,1.85,2016-01-28
8315,2016-05-16 13:36:00,2016-05-16,0.0275,0.0,0.0,3795.0,0.0275,0.0275,0.0275,10000560,2016-09-28,2016-09-28,P,1.85,2016-01-28
8316,2016-05-16 13:37:00,2016-05-16,0.0275,0.0,0.0,3795.0,0.0275,0.0275,0.0275,10000560,2016-09-28,2016-09-28,P,1.85,2016-01-28
8317,2016-05-16 13:38:00,2016-05-16,0.0275,0.0,0.0,3795.0,0.0275,0.0275,0.0275,10000560,2016-09-28,2016-09-28,P,1.85,2016-01-28
8318,2016-05-16 13:39:00,2016-05-16,0.0275,0.0,0.0,3795.0,0.0275,0.0275,0.0275,10000560,2016-09-28,2016-09-28,P,1.85,2016-01-28
8319,2016-05-16 13:40:00,2016-05-16,0.0275,0.0,0.0,3795.0,0.0275,0.0275,0.0275,10000560,2016-09-28,2016-09-28,P,1.85,2016-01-28
8320,2016-05-16 13:41:00,2016-05-16,0.0275,0.0,0.0,3795.0,0.0275,0.0275,0.0275,10000560,2016-09-28,2016-09-28,P,1.85,2016-01-28
8321,2016-05-16 13:42:00,2016-05-16,0.0275,0.0,0.0,3795.0,0.0275,0.0275,0.0275,10000560,2016-09-28,2016-09-28,P,1.85,2016-01-28
8322,2016-05-16 13:43:00,2016-05-16,0.0275,0.0,0.0,3795.0,0.0275,0.0275,0.0275,10000560,2016-09-28,2016-09-28,P,1.85,2016-01-28
8323,2016-05-16 13:44:00,2016-05-16,0.0275,0.0,0.0,3795.0,0.0275,0.0275,0.0275,10000560,2016-09-28,2016-09-28,P,1.85,2016-01-28
8324,2016-05-16 13:45:00,2016-05-16,0.0275,0.0,0.0,3795.0,0.0275,0.0275,0.0275,10000560,2016-09-28,2016-09-28,P,1.85,2016-01-28
8325,2016-05-16 13:46:00,2016-05-16,0.0275,0.0,0.0,3795.0,0.0275,0.0275,0.0275,10000560,2016-09-28,2016-09-28,P,1.85,2016-01-28
8326,2016-05-16 13:47:00,2016-05-16,0.0274,2740.0,10.0,3805.0,0.0274,0.0274,0.0274,10000560,2016-09-28,2016-09-28,P,1.85,2016-01-28
8327,2016-05-16 13:48:00,2016-05-16,0.0274,0.0,0.0,3805.0,0.0274,0.0274,0.0274,10000560,2016-09-28,2016-09-28,P,1.85,2016-01-28
8328,2016-05-16 13:49:00,2016-05-16,0.0274,0.0,0.0,3805.0,0.0274,0.0274,0.0274,10000560,2016-09-28,2016-09-28,P,1.85,2016-01-28
8329,2016-05-16 13:50:00,2016-05-16,0.0274,0.0,0.0,3805.0,0.0274,0.0274,0.0274,10000560,2016-09-28,2016-09-28,P,1.85,2016-01-28
8330,2016-05-16 13:51:00,2016-05-16,0.0274,0.0,0.0,3805.0,0.0274,0.0274,0.0274,10000560,2016-09-28,2016-09-28,P,1.85,2016-01-28
8331,2016-05-16 13:52:00,2016-05-16,0.0274,0.0,0.0,3805.0,0.0274,0.0274,0.0274,10000560,2016-09-28,2016-09-28,P,1.85,2016-01-28
8332,2016-05-16 13:53:00,2016-05-16,0.0274,0.0,0.0,3805.0,0.0274,0.0274,0.0274,10000560,2016-09-28,2016-09-28,P,1.85,2016-01-28
8333,2016-05-16 13:54:00,2016-05-16,0.0274,0.0,0.0,3805.0,0.0274,0.0274,0.0274,10000560,2016-09-28,2016-09-28,P,1.85,2016-01-28
8334,2016-05-16 13:55:00,2016-05-16,0.0274,0.0,0.0,3805.0,0.0274,0.0274,0.0274,10000560,2016-09-28,2016-09-28,P,1.85,2016-01-28
8335,2016-05-16 13:56:00,2016-05-16,0.0274,1092.0,4.0,3809.0,0.0274,0.0273,0.0273,10000560,2016-09-28,2016-09-28,P,1.85,2016-01-28
8336,2016-05-16 13:57:00,2016-05-16,0.0273,0.0,0.0,3809.0,0.0273,0.0273,0.0273,10000560,2016-09-28,2016-09-28,P,1.85,2016-01-28
8337,2016-05-16 13:58:00,2016-05-16,0.0273,0.0,0.0,3809.0,0.0273,0.0273,0.0273,10000560,2016-09-28,2016-09-28,P,1.85,2016-01-28
8338,2016-05-16 13:59:00,2016-05-16,0.0273,0.0,0.0,3809.0,0.0273,0.0273,0.0273,10000560,2016-09-28,2016-09-28,P,1.85,2016-01-28
8339,2016-05-16 14:00:00,2016-05-16,0.0277,277.0,1.0,3809.0,0.0273,0.0277,0.0273,10000560,2016-09-28,2016-09-28,P,1.85,2016-01-28
8340,2016-05-16 14:01:00,2016-05-16,0.0277,0.0,0.0,3809.0,0.0277,0.0277,0.0277,10000560,2016-09-28,2016-09-28,P,1.85,2016-01-28
8341,2016-05-16 14:02:00,2016-05-16,0.0277,0.0,0.0,3809.0,0.0277,0.0277,0.0277,10000560,2016-09-28,2016-09-28,P,1.85,2016-01-28
8342,2016-05-16 14:03:00,2016-05-16,0.0277,0.0,0.0,3809.0,0.0277,0.0277,0.0277,10000560,2016-09-28,2016-09-28,P,1.85,2016-01-28
8343,2016-05-16 14:04:00,2016-05-16,0.0277,0.0,0.0,3809.0,0.0277,0.0277,0.0277,10000560,2016-09-28,2016-09-28,P,1.85,2016-01-28
8344,2016-05-16 14:05:00,2016-05-16,0.0277,0.0,0.0,3809.0,0.0277,0.0277,0.0277,10000560,2016-09-28,2016-09-28,P,1.85,2016-01-28
8345,2016-05-16 14:06:00,2016-05-16,0.0277,0.0,0.0,3809.0,0.0277,0.0277,0.0277,10000560,2016-09-28,2016-09-28,P,1.85,2016-01-28
8346,2016-05-16 14:07:00,2016-05-16,0.0277,0.0,0.0,3809.0,0.0277,0.0277,0.0277,10000560,2016-09-28,2016-09-28,P,1.85,2016-01-28
8347,2016-05-16 14:08:00,2016-05-16,0.0277,0.0,0.0,3809.0,0.0277,0.0277,0.0277,10000560,2016-09-28,2016-09-28,P,1.85,2016-01-28
8348,2016-05-16 14:09:00,2016-05-16,0.0277,275.0,1.0,3810.0,0.0277,0.0275,0.0275,10000560,2016-09-28,2016-09-28,P,1.85,2016-01-28
8349,2016-05-16 14:10:00,2016-05-16,0.0275,0.0,0.0,3810.0,0.0275,0.0275,0.0275,10000560,2016-09-28,2016-09-28,P,1.85,2016-01-28
8350,2016-05-16 14:11:00,2016-05-16,0.0275,0.0,0.0,3810.0,0.0275,0.0275,0.0275,10000560,2016-09-28,2016-09-28,P,1.85,2016-01-28
8351,2016-05-16 14:12:00,2016-05-16,0.0275,0.0,0.0,3810.0,0.0275,0.0275,0.0275,10000560,2016-09-28,2016-09-28,P,1.85,2016-01-28
8352,2016-05-16 14:13:00,2016-05-16,0.0275,0.0,0.0,3810.0,0.0275,0.0275,0.0275,10000560,2016-09-28,2016-09-28,P,1.85,2016-01-28
8353,2016-05-16 14:14:00,2016-05-16,0.0275,0.0,0.0,3810.0,0.0275,0.0275,0.0275,10000560,2016-09-28,2016-09-28,P,1.85,2016-01-28
8354,2016-05-16 14:15:00,2016-05-16,0.0275,0.0,0.0,3810.0,0.0275,0.0275,0.0275,10000560,2016-09-28,2016-09-28,P,1.85,2016-01-28
8355,2016-05-16 14:16:00,2016-05-16,0.0275,0.0,0.0,3810.0,0.0275,0.0275,0.0275,10000560,2016-09-28,2016-09-28,P,1.85,2016-01-28
8356,2016-05-16 14:17:00,2016-05-16,0.0275,0.0,0.0,3810.0,0.0275,0.0275,0.0275,10000560,2016-09-28,2016-09-28,P,1.85,2016-01-28
8357,2016-05-16 14:18:00,2016-05-16,0.0277,277.0,1.0,3811.0,0.0277,0.0277,0.0277,10000560,2016-09-28,2016-09-28,P,1.85,2016-01-28
8358,2016-05-16 14:19:00,2016-05-16,0.0284,1136.0,4.0,3811.0,0.0277,0.0284,0.0277,10000560,2016-09-28,2016-09-28,P,1.85,2016-01-28
8359,2016-05-16 14:20:00,2016-05-16,0.0284,566.0,2.0,3811.0,0.0284,0.0283,0.0283,10000560,2016-09-28,2016-09-28,P,1.85,2016-01-28
8360,2016-05-16 14:21:00,2016-05-16,0.0283,1132.0,4.0,3811.0,0.0283,0.0283,0.0283,10000560,2016-09-28,2016-09-28,P,1.85,2016-01-28
8361,2016-05-16 14:22:00,2016-05-16,0.0283,0.0,0.0,3811.0,0.0283,0.0283,0.0283,10000560,2016-09-28,2016-09-28,P,1.85,2016-01-28
8362,2016-05-16 14:23:00,2016-05-16,0.0283,0.0,0.0,3811.0,0.0283,0.0283,0.0283,10000560,2016-09-28,2016-09-28,P,1.85,2016-01-28
8363,2016-05-16 14:24:00,2016-05-16,0.0283,0.0,0.0,3811.0,0.0283,0.0283,0.0283,10000560,2016-09-28,2016-09-28,P,1.85,2016-01-28
8364,2016-05-16 14:25:00,2016-05-16,0.0283,0.0,0.0,3811.0,0.0283,0.0283,0.0283,10000560,2016-09-28,2016-09-28,P,1.85,2016-01-28
8365,2016-05-16 14:26:00,2016-05-16,0.0283,0.0,0.0,3811.0,0.0283,0.0283,0.0283,10000560,2016-09-28,2016-09-28,P,1.85,2016-01-28
8366,2016-05-16 14:27:00,2016-05-16,0.0283,0.0,0.0,3811.0,0.0283,0.0283,0.0283,10000560,2016-09-28,2016-09-28,P,1.85,2016-01-28
8367,2016-05-16 14:28:00,2016-05-16,0.0283,0.0,0.0,3811.0,0.0283,0.0283,0.0283,10000560,2016-09-28,2016-09-28,P,1.85,2016-01-28
8368,2016-05-16 14:29:00,2016-05-16,0.0283,0.0,0.0,3811.0,0.0283,0.0283,0.0283,10000560,2016-09-28,2016-09-28,P,1.85,2016-01-28
8369,2016-05-16 14:30:00,2016-05-16,0.0283,8350.0,30.0,3821.0,0.0283,0.0276,0.0276,10000560,2016-09-28,2016-09-28,P,1.85,2016-01-28
8370,2016-05-16 14:31:00,2016-05-16,0.0276,0.0,0.0,3821.0,0.0276,0.0276,0.0276,10000560,2016-09-28,2016-09-28,P,1.85,2016-01-28
8371,2016-05-16 14:32:00,2016-05-16,0.0276,0.0,0.0,3821.0,0.0276,0.0276,0.0276,10000560,2016-09-28,2016-09-28,P,1.85,2016-01-28
8372,2016-05-16 14:33:00,2016-05-16,0.0276,0.0,0.0,3821.0,0.0276,0.0276,0.0276,10000560,2016-09-28,2016-09-28,P,1.85,2016-01-28
8373,2016-05-16 14:34:00,2016-05-16,0.0276,0.0,0.0,3821.0,0.0276,0.0276,0.0276,10000560,2016-09-28,2016-09-28,P,1.85,2016-01-28
8374,2016-05-16 14:35:00,2016-05-16,0.0276,0.0,0.0,3821.0,0.0276,0.0276,0.0276,10000560,2016-09-28,2016-09-28,P,1.85,2016-01-28
8375,2016-05-16 14:36:00,2016-05-16,0.0276,0.0,0.0,3821.0,0.0276,0.0276,0.0276,10000560,2016-09-28,2016-09-28,P,1.85,2016-01-28
8376,2016-05-16 14:37:00,2016-05-16,0.0276,0.0,0.0,3821.0,0.0276,0.0276,0.0276,10000560,2016-09-28,2016-09-28,P,1.85,2016-01-28
8377,2016-05-16 14:38:00,2016-05-16,0.0276,813.0,3.0,3821.0,0.0276,0.0271,0.0271,10000560,2016-09-28,2016-09-28,P,1.85,2016-01-28
8378,2016-05-16 14:39:00,2016-05-16,0.0274,548.0,2.0,3823.0,0.0271,0.0274,0.0271,10000560,2016-09-28,2016-09-28,P,1.85,2016-01-28
8379,2016-05-16 14:40:00,2016-05-16,0.0274,0.0,0.0,3823.0,0.0274,0.0274,0.0274,10000560,2016-09-28,2016-09-28,P,1.85,2016-01-28
8380,2016-05-16 14:41:00,2016-05-16,0.0274,0.0,0.0,3823.0,0.0274,0.0274,0.0274,10000560,2016-09-28,2016-09-28,P,1.85,2016-01-28
8381,2016-05-16 14:42:00,2016-05-16,0.0274,0.0,0.0,3823.0,0.0274,0.0274,0.0274,10000560,2016-09-28,2016-09-28,P,1.85,2016-01-28
8382,2016-05-16 14:43:00,2016-05-16,0.0274,0.0,0.0,3823.0,0.0274,0.0274,0.0274,10000560,2016-09-28,2016-09-28,P,1.85,2016-01-28
8383,2016-05-16 14:44:00,2016-05-16,0.0274,2192.0,8.0,3831.0,0.0274,0.0274,0.0274,10000560,2016-09-28,2016-09-28,P,1.85,2016-01-28
8384,2016-05-16 14:45:00,2016-05-16,0.0278,2780.0,10.0,3831.0,0.0274,0.0278,0.0274,10000560,2016-09-28,2016-09-28,P,1.85,2016-01-28
8385,2016-05-16 14:46:00,2016-05-16,0.0278,0.0,0.0,3831.0,0.0278,0.0278,0.0278,10000560,2016-09-28,2016-09-28,P,1.85,2016-01-28
8386,2016-05-16 14:47:00,2016-05-16,0.0278,3052.0,11.0,3842.0,0.0278,0.0278,0.0272,10000560,2016-09-28,2016-09-28,P,1.85,2016-01-28
8387,2016-05-16 14:48:00,2016-05-16,0.0278,0.0,0.0,3842.0,0.0278,0.0278,0.0278,10000560,2016-09-28,2016-09-28,P,1.85,2016-01-28
8388,2016-05-16 14:49:00,2016-05-16,0.0278,0.0,0.0,3842.0,0.0278,0.0278,0.0278,10000560,2016-09-28,2016-09-28,P,1.85,2016-01-28
8389,2016-05-16 14:50:00,2016-05-16,0.0279,2790.0,10.0,3842.0,0.0278,0.0279,0.0278,10000560,2016-09-28,2016-09-28,P,1.85,2016-01-28
8390,2016-05-16 14:51:00,2016-05-16,0.0279,8370.0,30.0,3812.0,0.0279,0.0279,0.0279,10000560,2016-09-28,2016-09-28,P,1.85,2016-01-28
8391,2016-05-16 14:52:00,2016-05-16,0.0282,3101.0,11.0,3812.0,0.0279,0.0282,0.0279,10000560,2016-09-28,2016-09-28,P,1.85,2016-01-28
8392,2016-05-16 14:53:00,2016-05-16,0.0283,8177.0,29.0,3793.0,0.0282,0.0283,0.0281,10000560,2016-09-28,2016-09-28,P,1.85,2016-01-28
8393,2016-05-16 14:54:00,2016-05-16,0.0283,0.0,0.0,3793.0,0.0283,0.0283,0.0283,10000560,2016-09-28,2016-09-28,P,1.85,2016-01-28
8394,2016-05-16 14:55:00,2016-05-16,0.0283,0.0,0.0,3793.0,0.0283,0.0283,0.0283,10000560,2016-09-28,2016-09-28,P,1.85,2016-01-28
8395,2016-05-16 14:56:00,2016-05-16,0.0283,0.0,0.0,3793.0,0.0283,0.0283,0.0283,10000560,2016-09-28,2016-09-28,P,1.85,2016-01-28
8396,2016-05-16 14:57:00,2016-05-16,0.0283,0.0,0.0,3793.0,0.0283,0.0283,0.0283,10000560,2016-09-28,2016-09-28,P,1.85,2016-01-28
8397,2016-05-16 14:58:00,2016-05-16,0.0283,0.0,0.0,3793.0,0.0283,0.0283,0.0283,10000560,2016-09-28,2016-09-28,P,1.85,2016-01-28
8398,2016-05-16 14:59:00,2016-05-16,0.0283,0.0,0.0,3793.0,0.0283,0.0283,0.0283,10000560,2016-09-28,2016-09-28,P,1.85,2016-01-28
8399,2016-05-16 15:00:00,2016-05-16,0.0283,0.0,0.0,3793.0,0.0283,0.0283,0.0283,10000560,2016-09-28,2016-09-28,P,1.85,2016-01-28
8400,2016-05-16 09:31:00,2016-05-16,0.0794,95844.0,125.0,9374.0,0.0745,0.077,0.0749,10000524,2016-06-22,2016-06-22,P,2.1,2016-01-08
8401,2016-05-16 09:32:00,2016-05-16,0.0771,80629.0,106.0,9454.0,0.0763,0.0762,0.0752,10000524,2016-06-22,2016-06-22,P,2.1,2016-01-08
8402,2016-05-16 09:33:00,2016-05-16,0.0774,33524.0,44.0,9485.0,0.0762,0.0774,0.0756,10000524,2016-06-22,2016-06-22,P,2.1,2016-01-08
8403,2016-05-16 09:34:00,2016-05-16,0.0774,0.0,0.0,9485.0,0.0774,0.0774,0.0774,10000524,2016-06-22,2016-06-22,P,2.1,2016-01-08
8404,2016-05-16 09:35:00,2016-05-16,0.0774,30216.0,40.0,9487.0,0.0774,0.0748,0.0748,10000524,2016-06-22,2016-06-22,P,2.1,2016-01-08
8405,2016-05-16 09:36:00,2016-05-16,0.075,46703.0,63.0,9512.0,0.0748,0.0743,0.0725,10000524,2016-06-22,2016-06-22,P,2.1,2016-01-08
8406,2016-05-16 09:37:00,2016-05-16,0.0748,33298.0,45.0,9526.0,0.0743,0.073,0.073,10000524,2016-06-22,2016-06-22,P,2.1,2016-01-08
8407,2016-05-16 09:38:00,2016-05-16,0.0741,5909.0,8.0,9527.0,0.073,0.0733,0.073,10000524,2016-06-22,2016-06-22,P,2.1,2016-01-08
8408,2016-05-16 09:39:00,2016-05-16,0.0749,13243.0,18.0,9530.0,0.0733,0.0733,0.0733,10000524,2016-06-22,2016-06-22,P,2.1,2016-01-08
8409,2016-05-16 09:40:00,2016-05-16,0.0741,11818.0,16.0,9536.0,0.0733,0.0737,0.073,10000524,2016-06-22,2016-06-22,P,2.1,2016-01-08
8410,2016-05-16 09:41:00,2016-05-16,0.0757,17358.0,23.0,9536.0,0.0737,0.0753,0.0737,10000524,2016-06-22,2016-06-22,P,2.1,2016-01-08
8411,2016-05-16 09:42:00,2016-05-16,0.0757,7570.0,10.0,9536.0,0.0753,0.0757,0.0753,10000524,2016-06-22,2016-06-22,P,2.1,2016-01-08
8412,2016-05-16 09:43:00,2016-05-16,0.0757,52728.0,70.0,9594.0,0.0757,0.0756,0.0751,10000524,2016-06-22,2016-06-22,P,2.1,2016-01-08
8413,2016-05-16 09:44:00,2016-05-16,0.0756,7540.0,10.0,9584.0,0.0756,0.0754,0.0754,10000524,2016-06-22,2016-06-22,P,2.1,2016-01-08
8414,2016-05-16 09:45:00,2016-05-16,0.0762,13696.0,18.0,9586.0,0.0754,0.0762,0.0754,10000524,2016-06-22,2016-06-22,P,2.1,2016-01-08
8415,2016-05-16 09:46:00,2016-05-16,0.0762,7620.0,10.0,9591.0,0.0762,0.0762,0.0762,10000524,2016-06-22,2016-06-22,P,2.1,2016-01-08
8416,2016-05-16 09:47:00,2016-05-16,0.0762,7600.0,10.0,9601.0,0.0762,0.076,0.076,10000524,2016-06-22,2016-06-22,P,2.1,2016-01-08
8417,2016-05-16 09:48:00,2016-05-16,0.0763,4578.0,6.0,9601.0,0.076,0.0763,0.076,10000524,2016-06-22,2016-06-22,P,2.1,2016-01-08
8418,2016-05-16 09:49:00,2016-05-16,0.0769,55863.0,73.0,9590.0,0.0763,0.0769,0.0763,10000524,2016-06-22,2016-06-22,P,2.1,2016-01-08
8419,2016-05-16 09:50:00,2016-05-16,0.0769,58126.0,76.0,9570.0,0.0769,0.0766,0.0763,10000524,2016-06-22,2016-06-22,P,2.1,2016-01-08
8420,2016-05-16 09:51:00,2016-05-16,0.0766,6894.0,9.0,9570.0,0.0766,0.0766,0.0766,10000524,2016-06-22,2016-06-22,P,2.1,2016-01-08
8421,2016-05-16 09:52:00,2016-05-16,0.0777,28370.0,37.0,9560.0,0.0766,0.0777,0.0766,10000524,2016-06-22,2016-06-22,P,2.1,2016-01-08
8422,2016-05-16 09:53:00,2016-05-16,0.0807,87695.0,110.0,9550.0,0.0777,0.0807,0.0776,10000524,2016-06-22,2016-06-22,P,2.1,2016-01-08
8423,2016-05-16 09:54:00,2016-05-16,0.08199999999999999,102533.0,127.0,9571.0,0.0807,0.0802,0.0795,10000524,2016-06-22,2016-06-22,P,2.1,2016-01-08
8424,2016-05-16 09:55:00,2016-05-16,0.0825,91693.0,113.0,9540.0,0.0802,0.0804,0.0802,10000524,2016-06-22,2016-06-22,P,2.1,2016-01-08
8425,2016-05-16 09:56:00,2016-05-16,0.0809,90100.0,112.0,9531.0,0.0804,0.0802,0.0801,10000524,2016-06-22,2016-06-22,P,2.1,2016-01-08
8426,2016-05-16 09:57:00,2016-05-16,0.0801,85650.0,107.0,9499.0,0.0801,0.0794,0.0794,10000524,2016-06-22,2016-06-22,P,2.1,2016-01-08
8427,2016-05-16 09:58:00,2016-05-16,0.0812,49400.0,62.0,9515.0,0.0794,0.0812,0.0792,10000524,2016-06-22,2016-06-22,P,2.1,2016-01-08
8428,2016-05-16 09:59:00,2016-05-16,0.08199999999999999,52750.0,65.0,9547.0,0.0812,0.081,0.08,10000524,2016-06-22,2016-06-22,P,2.1,2016-01-08
8429,2016-05-16 10:00:00,2016-05-16,0.081,7960.0,10.0,9557.0,0.081,0.0796,0.0796,10000524,2016-06-22,2016-06-22,P,2.1,2016-01-08
8430,2016-05-16 10:01:00,2016-05-16,0.0811,37924.0,47.0,9559.0,0.0796,0.0811,0.0796,10000524,2016-06-22,2016-06-22,P,2.1,2016-01-08
8431,2016-05-16 10:02:00,2016-05-16,0.0811,34595.0,43.0,9554.0,0.0811,0.0805,0.0799,10000524,2016-06-22,2016-06-22,P,2.1,2016-01-08
8432,2016-05-16 10:03:00,2016-05-16,0.0805,8800.0,11.0,9544.0,0.0805,0.08,0.08,10000524,2016-06-22,2016-06-22,P,2.1,2016-01-08
8433,2016-05-16 10:04:00,2016-05-16,0.08,9537.0,12.0,9543.0,0.08,0.0795,0.0792,10000524,2016-06-22,2016-06-22,P,2.1,2016-01-08
8434,2016-05-16 10:05:00,2016-05-16,0.0799,11927.0,15.0,9537.0,0.0795,0.0799,0.0793,10000524,2016-06-22,2016-06-22,P,2.1,2016-01-08
8435,2016-05-16 10:06:00,2016-05-16,0.0798,19827.0,25.0,9542.0,0.0792,0.0798,0.0792,10000524,2016-06-22,2016-06-22,P,2.1,2016-01-08
8436,2016-05-16 10:07:00,2016-05-16,0.0798,47049.0,60.0,9553.0,0.0798,0.078,0.078,10000524,2016-06-22,2016-06-22,P,2.1,2016-01-08
8437,2016-05-16 10:08:00,2016-05-16,0.0781,31981.0,41.0,9533.0,0.078,0.0781,0.078,10000524,2016-06-22,2016-06-22,P,2.1,2016-01-08
8438,2016-05-16 10:09:00,2016-05-16,0.0781,3100.0,4.0,9529.0,0.0781,0.0775,0.0775,10000524,2016-06-22,2016-06-22,P,2.1,2016-01-08
8439,2016-05-16 10:10:00,2016-05-16,0.0775,0.0,0.0,9529.0,0.0775,0.0775,0.0775,10000524,2016-06-22,2016-06-22,P,2.1,2016-01-08
8440,2016-05-16 10:11:00,2016-05-16,0.0784,39634.0,51.0,9529.0,0.0777,0.0777,0.0777,10000524,2016-06-22,2016-06-22,P,2.1,2016-01-08
8441,2016-05-16 10:12:00,2016-05-16,0.0777,6216.0,8.0,9529.0,0.0777,0.0777,0.0777,10000524,2016-06-22,2016-06-22,P,2.1,2016-01-08
8442,2016-05-16 10:13:00,2016-05-16,0.0777,41097.0,53.0,9537.0,0.0777,0.0768,0.0767,10000524,2016-06-22,2016-06-22,P,2.1,2016-01-08
8443,2016-05-16 10:14:00,2016-05-16,0.0771,6939.0,9.0,9537.0,0.0768,0.0771,0.0768,10000524,2016-06-22,2016-06-22,P,2.1,2016-01-08
8444,2016-05-16 10:15:00,2016-05-16,0.0776,7760.0,10.0,9547.0,0.0771,0.0776,0.0771,10000524,2016-06-22,2016-06-22,P,2.1,2016-01-08
8445,2016-05-16 10:16:00,2016-05-16,0.0776,30710.0,40.0,9548.0,0.0776,0.0765,0.0765,10000524,2016-06-22,2016-06-22,P,2.1,2016-01-08
8446,2016-05-16 10:17:00,2016-05-16,0.0765,0.0,0.0,9548.0,0.0765,0.0765,0.0765,10000524,2016-06-22,2016-06-22,P,2.1,2016-01-08
8447,2016-05-16 10:18:00,2016-05-16,0.0765,35195.0,46.0,9539.0,0.0765,0.0765,0.0765,10000524,2016-06-22,2016-06-22,P,2.1,2016-01-08
8448,2016-05-16 10:19:00,2016-05-16,0.0765,0.0,0.0,9539.0,0.0765,0.0765,0.0765,10000524,2016-06-22,2016-06-22,P,2.1,2016-01-08
8449,2016-05-16 10:20:00,2016-05-16,0.0766,766.0,1.0,9539.0,0.0765,0.0766,0.0765,10000524,2016-06-22,2016-06-22,P,2.1,2016-01-08
8450,2016-05-16 10:21:00,2016-05-16,0.0766,0.0,0.0,9539.0,0.0766,0.0766,0.0766,10000524,2016-06-22,2016-06-22,P,2.1,2016-01-08
8451,2016-05-16 10:22:00,2016-05-16,0.077,3077.0,4.0,9539.0,0.0766,0.0767,0.0766,10000524,2016-06-22,2016-06-22,P,2.1,2016-01-08
8452,2016-05-16 10:23:00,2016-05-16,0.077,15381.0,20.0,9529.0,0.0767,0.0769,0.0767,10000524,2016-06-22,2016-06-22,P,2.1,2016-01-08
8453,2016-05-16 10:24:00,2016-05-16,0.0777,17819.0,23.0,9529.0,0.0769,0.0776,0.0769,10000524,2016-06-22,2016-06-22,P,2.1,2016-01-08
8454,2016-05-16 10:25:00,2016-05-16,0.0777,777.0,1.0,9528.0,0.0777,0.0777,0.0777,10000524,2016-06-22,2016-06-22,P,2.1,2016-01-08
8455,2016-05-16 10:26:00,2016-05-16,0.0777,46410.0,60.0,9539.0,0.0777,0.077,0.077,10000524,2016-06-22,2016-06-22,P,2.1,2016-01-08
8456,2016-05-16 10:27:00,2016-05-16,0.077,23050.0,30.0,9559.0,0.077,0.0769,0.0767,10000524,2016-06-22,2016-06-22,P,2.1,2016-01-08
8457,2016-05-16 10:28:00,2016-05-16,0.0769,13025.0,17.0,9569.0,0.0769,0.0765,0.0765,10000524,2016-06-22,2016-06-22,P,2.1,2016-01-08
8458,2016-05-16 10:29:00,2016-05-16,0.0765,760.0,1.0,9569.0,0.0765,0.076,0.076,10000524,2016-06-22,2016-06-22,P,2.1,2016-01-08
8459,2016-05-16 10:30:00,2016-05-16,0.076,760.0,1.0,9569.0,0.076,0.076,0.076,10000524,2016-06-22,2016-06-22,P,2.1,2016-01-08
8460,2016-05-16 10:31:00,2016-05-16,0.076,0.0,0.0,9569.0,0.076,0.076,0.076,10000524,2016-06-22,2016-06-22,P,2.1,2016-01-08
8461,2016-05-16 10:32:00,2016-05-16,0.076,7530.0,10.0,9579.0,0.076,0.0753,0.0753,10000524,2016-06-22,2016-06-22,P,2.1,2016-01-08
8462,2016-05-16 10:33:00,2016-05-16,0.0753,0.0,0.0,9579.0,0.0753,0.0753,0.0753,10000524,2016-06-22,2016-06-22,P,2.1,2016-01-08
8463,2016-05-16 10:34:00,2016-05-16,0.0753,0.0,0.0,9579.0,0.0753,0.0753,0.0753,10000524,2016-06-22,2016-06-22,P,2.1,2016-01-08
8464,2016-05-16 10:35:00,2016-05-16,0.0753,0.0,0.0,9579.0,0.0753,0.0753,0.0753,10000524,2016-06-22,2016-06-22,P,2.1,2016-01-08
8465,2016-05-16 10:36:00,2016-05-16,0.0753,9689.0,13.0,9584.0,0.0753,0.0743,0.0743,10000524,2016-06-22,2016-06-22,P,2.1,2016-01-08
8466,2016-05-16 10:37:00,2016-05-16,0.0762,7620.0,10.0,9584.0,0.0743,0.0762,0.0743,10000524,2016-06-22,2016-06-22,P,2.1,2016-01-08
8467,2016-05-16 10:38:00,2016-05-16,0.0762,18820.0,25.0,9594.0,0.0762,0.0752,0.0752,10000524,2016-06-22,2016-06-22,P,2.1,2016-01-08
8468,2016-05-16 10:39:00,2016-05-16,0.0757,7570.0,10.0,9594.0,0.0752,0.0757,0.0752,10000524,2016-06-22,2016-06-22,P,2.1,2016-01-08
8469,2016-05-16 10:40:00,2016-05-16,0.0757,1500.0,2.0,9596.0,0.0757,0.075,0.075,10000524,2016-06-22,2016-06-22,P,2.1,2016-01-08
8470,2016-05-16 10:41:00,2016-05-16,0.075,0.0,0.0,9596.0,0.075,0.075,0.075,10000524,2016-06-22,2016-06-22,P,2.1,2016-01-08
8471,2016-05-16 10:42:00,2016-05-16,0.075,0.0,0.0,9596.0,0.075,0.075,0.075,10000524,2016-06-22,2016-06-22,P,2.1,2016-01-08
8472,2016-05-16 10:43:00,2016-05-16,0.0759,5283.0,7.0,9596.0,0.075,0.0759,0.075,10000524,2016-06-22,2016-06-22,P,2.1,2016-01-08
8473,2016-05-16 10:44:00,2016-05-16,0.0759,3770.0,5.0,9596.0,0.0759,0.0754,0.0754,10000524,2016-06-22,2016-06-22,P,2.1,2016-01-08
8474,2016-05-16 10:45:00,2016-05-16,0.0754,0.0,0.0,9596.0,0.0754,0.0754,0.0754,10000524,2016-06-22,2016-06-22,P,2.1,2016-01-08
8475,2016-05-16 10:46:00,2016-05-16,0.0754,0.0,0.0,9596.0,0.0754,0.0754,0.0754,10000524,2016-06-22,2016-06-22,P,2.1,2016-01-08
8476,2016-05-16 10:47:00,2016-05-16,0.0754,1496.0,2.0,9594.0,0.0754,0.0748,0.0748,10000524,2016-06-22,2016-06-22,P,2.1,2016-01-08
8477,2016-05-16 10:48:00,2016-05-16,0.0748,0.0,0.0,9594.0,0.0748,0.0748,0.0748,10000524,2016-06-22,2016-06-22,P,2.1,2016-01-08
8478,2016-05-16 10:49:00,2016-05-16,0.0744,45675.0,62.0,9633.0,0.0744,0.0731,0.0731,10000524,2016-06-22,2016-06-22,P,2.1,2016-01-08
8479,2016-05-16 10:50:00,2016-05-16,0.0741,13881.0,19.0,9651.0,0.0731,0.0729,0.0729,10000524,2016-06-22,2016-06-22,P,2.1,2016-01-08
8480,2016-05-16 10:51:00,2016-05-16,0.0729,35881.0,50.0,9665.0,0.0729,0.0716,0.0711,10000524,2016-06-22,2016-06-22,P,2.1,2016-01-08
8481,2016-05-16 10:52:00,2016-05-16,0.0716,7862.0,11.0,9665.0,0.0716,0.0712,0.0712,10000524,2016-06-22,2016-06-22,P,2.1,2016-01-08
8482,2016-05-16 10:53:00,2016-05-16,0.0722,33658.0,47.0,9668.0,0.0712,0.0722,0.0711,10000524,2016-06-22,2016-06-22,P,2.1,2016-01-08
8483,2016-05-16 10:54:00,2016-05-16,0.0722,16352.0,23.0,9658.0,0.0722,0.0709,0.0709,10000524,2016-06-22,2016-06-22,P,2.1,2016-01-08
8484,2016-05-16 10:55:00,2016-05-16,0.0712,6376.0,9.0,9667.0,0.0709,0.0708,0.0708,10000524,2016-06-22,2016-06-22,P,2.1,2016-01-08
8485,2016-05-16 10:56:00,2016-05-16,0.0708,5612.0,8.0,9668.0,0.0708,0.0691,0.0691,10000524,2016-06-22,2016-06-22,P,2.1,2016-01-08
8486,2016-05-16 10:57:00,2016-05-16,0.0707,707.0,1.0,9668.0,0.0691,0.0707,0.0691,10000524,2016-06-22,2016-06-22,P,2.1,2016-01-08
8487,2016-05-16 10:58:00,2016-05-16,0.0707,76884.0,110.0,9641.0,0.0707,0.0688,0.0688,10000524,2016-06-22,2016-06-22,P,2.1,2016-01-08
8488,2016-05-16 10:59:00,2016-05-16,0.0688,55843.0,82.0,9671.0,0.0688,0.0671,0.0671,10000524,2016-06-22,2016-06-22,P,2.1,2016-01-08
8489,2016-05-16 11:00:00,2016-05-16,0.0678,44284.0,66.0,9684.0,0.0676,0.0678,0.0667,10000524,2016-06-22,2016-06-22,P,2.1,2016-01-08
8490,2016-05-16 11:01:00,2016-05-16,0.0678,15903.0,24.0,9698.0,0.0678,0.0662,0.0657,10000524,2016-06-22,2016-06-22,P,2.1,2016-01-08
8491,2016-05-16 11:02:00,2016-05-16,0.0671,10055.0,15.0,9698.0,0.0662,0.0671,0.0662,10000524,2016-06-22,2016-06-22,P,2.1,2016-01-08
8492,2016-05-16 11:03:00,2016-05-16,0.0679,10809.0,16.0,9699.0,0.0671,0.067,0.067,10000524,2016-06-22,2016-06-22,P,2.1,2016-01-08
8493,2016-05-16 11:04:00,2016-05-16,0.0681,7467.0,11.0,9700.0,0.067,0.0675,0.067,10000524,2016-06-22,2016-06-22,P,2.1,2016-01-08
8494,2016-05-16 11:05:00,2016-05-16,0.0681,3387.0,5.0,9703.0,0.0675,0.0681,0.0675,10000524,2016-06-22,2016-06-22,P,2.1,2016-01-08
8495,2016-05-16 11:06:00,2016-05-16,0.0684,5460.0,8.0,9709.0,0.0681,0.0678,0.0678,10000524,2016-06-22,2016-06-22,P,2.1,2016-01-08
8496,2016-05-16 11:07:00,2016-05-16,0.0685,2048.0,3.0,9709.0,0.0678,0.0685,0.0678,10000524,2016-06-22,2016-06-22,P,2.1,2016-01-08
8497,2016-05-16 11:08:00,2016-05-16,0.0685,2036.0,3.0,9709.0,0.0685,0.0678,0.0678,10000524,2016-06-22,2016-06-22,P,2.1,2016-01-08
8498,2016-05-16 11:09:00,2016-05-16,0.0679,13570.0,20.0,9719.0,0.0678,0.0678,0.0678,10000524,2016-06-22,2016-06-22,P,2.1,2016-01-08
8499,2016-05-16 11:10:00,2016-05-16,0.0678,4068.0,6.0,9719.0,0.0678,0.0678,0.0678,10000524,2016-06-22,2016-06-22,P,2.1,2016-01-08
8500,2016-05-16 11:11:00,2016-05-16,0.0678,0.0,0.0,9719.0,0.0678,0.0678,0.0678,10000524,2016-06-22,2016-06-22,P,2.1,2016-01-08
8501,2016-05-16 11:12:00,2016-05-16,0.0678,0.0,0.0,9719.0,0.0678,0.0678,0.0678,10000524,2016-06-22,2016-06-22,P,2.1,2016-01-08
8502,2016-05-16 11:13:00,2016-05-16,0.0682,1364.0,2.0,9719.0,0.0678,0.0682,0.0678,10000524,2016-06-22,2016-06-22,P,2.1,2016-01-08
8503,2016-05-16 11:14:00,2016-05-16,0.0682,2031.0,3.0,9719.0,0.0682,0.0676,0.0676,10000524,2016-06-22,2016-06-22,P,2.1,2016-01-08
8504,2016-05-16 11:15:00,2016-05-16,0.0676,0.0,0.0,9719.0,0.0676,0.0676,0.0676,10000524,2016-06-22,2016-06-22,P,2.1,2016-01-08
8505,2016-05-16 11:16:00,2016-05-16,0.0676,0.0,0.0,9719.0,0.0676,0.0676,0.0676,10000524,2016-06-22,2016-06-22,P,2.1,2016-01-08
8506,2016-05-16 11:17:00,2016-05-16,0.0676,0.0,0.0,9719.0,0.0676,0.0676,0.0676,10000524,2016-06-22,2016-06-22,P,2.1,2016-01-08
8507,2016-05-16 11:18:00,2016-05-16,0.0676,0.0,0.0,9719.0,0.0676,0.0676,0.0676,10000524,2016-06-22,2016-06-22,P,2.1,2016-01-08
8508,2016-05-16 11:19:00,2016-05-16,0.0676,0.0,0.0,9719.0,0.0676,0.0676,0.0676,10000524,2016-06-22,2016-06-22,P,2.1,2016-01-08
8509,2016-05-16 11:20:00,2016-05-16,0.0676,674.0,1.0,9719.0,0.0676,0.0674,0.0674,10000524,2016-06-22,2016-06-22,P,2.1,2016-01-08
8510,2016-05-16 11:21:00,2016-05-16,0.0675,6750.0,10.0,9719.0,0.0674,0.0675,0.0674,10000524,2016-06-22,2016-06-22,P,2.1,2016-01-08
8511,2016-05-16 11:22:00,2016-05-16,0.0675,674.0,1.0,9718.0,0.0675,0.0674,0.0674,10000524,2016-06-22,2016-06-22,P,2.1,2016-01-08
8512,2016-05-16 11:23:00,2016-05-16,0.0679,6111.0,9.0,9718.0,0.0674,0.0679,0.0674,10000524,2016-06-22,2016-06-22,P,2.1,2016-01-08
8513,2016-05-16 11:24:00,2016-05-16,0.0679,0.0,0.0,9718.0,0.0679,0.0679,0.0679,10000524,2016-06-22,2016-06-22,P,2.1,2016-01-08
8514,2016-05-16 11:25:00,2016-05-16,0.0679,0.0,0.0,9718.0,0.0679,0.0679,0.0679,10000524,2016-06-22,2016-06-22,P,2.1,2016-01-08
8515,2016-05-16 11:26:00,2016-05-16,0.0679,0.0,0.0,9718.0,0.0679,0.0679,0.0679,10000524,2016-06-22,2016-06-22,P,2.1,2016-01-08
8516,2016-05-16 11:27:00,2016-05-16,0.0679,0.0,0.0,9718.0,0.0679,0.0679,0.0679,10000524,2016-06-22,2016-06-22,P,2.1,2016-01-08
8517,2016-05-16 11:28:00,2016-05-16,0.0679,679.0,1.0,9718.0,0.0679,0.0679,0.0679,10000524,2016-06-22,2016-06-22,P,2.1,2016-01-08
8518,2016-05-16 11:29:00,2016-05-16,0.0679,0.0,0.0,9718.0,0.0679,0.0679,0.0679,10000524,2016-06-22,2016-06-22,P,2.1,2016-01-08
8519,2016-05-16 11:30:00,2016-05-16,0.0679,0.0,0.0,9718.0,0.0679,0.0679,0.0679,10000524,2016-06-22,2016-06-22,P,2.1,2016-01-08
8520,2016-05-16 13:01:00,2016-05-16,0.0686,2058.0,3.0,9718.0,0.0686,0.0686,0.0686,10000524,2016-06-22,2016-06-22,P,2.1,2016-01-08
8521,2016-05-16 13:02:00,2016-05-16,0.0696,4161.0,6.0,9716.0,0.0686,0.0694,0.0685,10000524,2016-06-22,2016-06-22,P,2.1,2016-01-08
8522,2016-05-16 13:03:00,2016-05-16,0.0694,0.0,0.0,9716.0,0.0694,0.0694,0.0694,10000524,2016-06-22,2016-06-22,P,2.1,2016-01-08
8523,2016-05-16 13:04:00,2016-05-16,0.0698,16054.0,23.0,9693.0,0.0694,0.0698,0.0694,10000524,2016-06-22,2016-06-22,P,2.1,2016-01-08
8524,2016-05-16 13:05:00,2016-05-16,0.0698,0.0,0.0,9693.0,0.0698,0.0698,0.0698,10000524,2016-06-22,2016-06-22,P,2.1,2016-01-08
8525,2016-05-16 13:06:00,2016-05-16,0.0698,0.0,0.0,9693.0,0.0698,0.0698,0.0698,10000524,2016-06-22,2016-06-22,P,2.1,2016-01-08
8526,2016-05-16 13:07:00,2016-05-16,0.0698,1392.0,2.0,9693.0,0.0698,0.0696,0.0696,10000524,2016-06-22,2016-06-22,P,2.1,2016-01-08
8527,2016-05-16 13:08:00,2016-05-16,0.0699,4193.0,6.0,9694.0,0.0696,0.0699,0.0696,10000524,2016-06-22,2016-06-22,P,2.1,2016-01-08
8528,2016-05-16 13:09:00,2016-05-16,0.0699,0.0,0.0,9694.0,0.0699,0.0699,0.0699,10000524,2016-06-22,2016-06-22,P,2.1,2016-01-08
8529,2016-05-16 13:10:00,2016-05-16,0.0699,3460.0,5.0,9694.0,0.0699,0.0692,0.0692,10000524,2016-06-22,2016-06-22,P,2.1,2016-01-08
8530,2016-05-16 13:11:00,2016-05-16,0.0692,0.0,0.0,9694.0,0.0692,0.0692,0.0692,10000524,2016-06-22,2016-06-22,P,2.1,2016-01-08
8531,2016-05-16 13:12:00,2016-05-16,0.0692,0.0,0.0,9694.0,0.0692,0.0692,0.0692,10000524,2016-06-22,2016-06-22,P,2.1,2016-01-08
8532,2016-05-16 13:13:00,2016-05-16,0.0692,6910.0,10.0,9694.0,0.0692,0.0691,0.0691,10000524,2016-06-22,2016-06-22,P,2.1,2016-01-08
8533,2016-05-16 13:14:00,2016-05-16,0.0691,0.0,0.0,9694.0,0.0691,0.0691,0.0691,10000524,2016-06-22,2016-06-22,P,2.1,2016-01-08
8534,2016-05-16 13:15:00,2016-05-16,0.0691,0.0,0.0,9694.0,0.0691,0.0691,0.0691,10000524,2016-06-22,2016-06-22,P,2.1,2016-01-08
8535,2016-05-16 13:16:00,2016-05-16,0.0691,7580.0,11.0,9704.0,0.0691,0.0689,0.0689,10000524,2016-06-22,2016-06-22,P,2.1,2016-01-08
8536,2016-05-16 13:17:00,2016-05-16,0.0689,0.0,0.0,9704.0,0.0689,0.0689,0.0689,10000524,2016-06-22,2016-06-22,P,2.1,2016-01-08
8537,2016-05-16 13:18:00,2016-05-16,0.0689,0.0,0.0,9704.0,0.0689,0.0689,0.0689,10000524,2016-06-22,2016-06-22,P,2.1,2016-01-08
8538,2016-05-16 13:19:00,2016-05-16,0.0695,3475.0,5.0,9709.0,0.0689,0.0695,0.0689,10000524,2016-06-22,2016-06-22,P,2.1,2016-01-08
8539,2016-05-16 13:20:00,2016-05-16,0.0698,4173.0,6.0,9714.0,0.0695,0.0698,0.0695,10000524,2016-06-22,2016-06-22,P,2.1,2016-01-08
8540,2016-05-16 13:21:00,2016-05-16,0.0698,6980.0,10.0,9724.0,0.0698,0.0698,0.0698,10000524,2016-06-22,2016-06-22,P,2.1,2016-01-08
8541,2016-05-16 13:22:00,2016-05-16,0.0698,0.0,0.0,9724.0,0.0698,0.0698,0.0698,10000524,2016-06-22,2016-06-22,P,2.1,2016-01-08
8542,2016-05-16 13:23:00,2016-05-16,0.0699,1398.0,2.0,9726.0,0.0698,0.0699,0.0698,10000524,2016-06-22,2016-06-22,P,2.1,2016-01-08
8543,2016-05-16 13:24:00,2016-05-16,0.0699,8388.0,12.0,9738.0,0.0699,0.0699,0.0699,10000524,2016-06-22,2016-06-22,P,2.1,2016-01-08
8544,2016-05-16 13:25:00,2016-05-16,0.07,10496.0,15.0,9743.0,0.0699,0.07,0.0699,10000524,2016-06-22,2016-06-22,P,2.1,2016-01-08
8545,2016-05-16 13:26:00,2016-05-16,0.0713,24630.0,35.0,9767.0,0.07,0.0713,0.07,10000524,2016-06-22,2016-06-22,P,2.1,2016-01-08
8546,2016-05-16 13:27:00,2016-05-16,0.0718,28630.0,40.0,9782.0,0.0713,0.0718,0.0713,10000524,2016-06-22,2016-06-22,P,2.1,2016-01-08
8547,2016-05-16 13:28:00,2016-05-16,0.0718,15725.0,22.0,9781.0,0.0718,0.0702,0.0702,10000524,2016-06-22,2016-06-22,P,2.1,2016-01-08
8548,2016-05-16 13:29:00,2016-05-16,0.0702,6318.0,9.0,9781.0,0.0702,0.0702,0.0702,10000524,2016-06-22,2016-06-22,P,2.1,2016-01-08
8549,2016-05-16 13:30:00,2016-05-16,0.0714,6322.0,9.0,9790.0,0.0702,0.0714,0.0701,10000524,2016-06-22,2016-06-22,P,2.1,2016-01-08
8550,2016-05-16 13:31:00,2016-05-16,0.0714,7692.0,11.0,9790.0,0.0714,0.0699,0.0699,10000524,2016-06-22,2016-06-22,P,2.1,2016-01-08
8551,2016-05-16 13:32:00,2016-05-16,0.0699,0.0,0.0,9790.0,0.0699,0.0699,0.0699,10000524,2016-06-22,2016-06-22,P,2.1,2016-01-08
8552,2016-05-16 13:33:00,2016-05-16,0.0699,0.0,0.0,9790.0,0.0699,0.0699,0.0699,10000524,2016-06-22,2016-06-22,P,2.1,2016-01-08
8553,2016-05-16 13:34:00,2016-05-16,0.0699,696.0,1.0,9790.0,0.0699,0.0696,0.0696,10000524,2016-06-22,2016-06-22,P,2.1,2016-01-08
8554,2016-05-16 13:35:00,2016-05-16,0.0696,0.0,0.0,9790.0,0.0696,0.0696,0.0696,10000524,2016-06-22,2016-06-22,P,2.1,2016-01-08
8555,2016-05-16 13:36:00,2016-05-16,0.0707,7727.0,11.0,9789.0,0.0696,0.0707,0.0696,10000524,2016-06-22,2016-06-22,P,2.1,2016-01-08
8556,2016-05-16 13:37:00,2016-05-16,0.0707,1404.0,2.0,9789.0,0.0707,0.0702,0.0702,10000524,2016-06-22,2016-06-22,P,2.1,2016-01-08
8557,2016-05-16 13:38:00,2016-05-16,0.0702,3494.0,5.0,9790.0,0.0702,0.0699,0.0698,10000524,2016-06-22,2016-06-22,P,2.1,2016-01-08
8558,2016-05-16 13:39:00,2016-05-16,0.0699,0.0,0.0,9790.0,0.0699,0.0699,0.0699,10000524,2016-06-22,2016-06-22,P,2.1,2016-01-08
8559,2016-05-16 13:40:00,2016-05-16,0.0699,0.0,0.0,9790.0,0.0699,0.0699,0.0699,10000524,2016-06-22,2016-06-22,P,2.1,2016-01-08
8560,2016-05-16 13:41:00,2016-05-16,0.0699,0.0,0.0,9790.0,0.0699,0.0699,0.0699,10000524,2016-06-22,2016-06-22,P,2.1,2016-01-08
8561,2016-05-16 13:42:00,2016-05-16,0.0699,0.0,0.0,9790.0,0.0699,0.0699,0.0699,10000524,2016-06-22,2016-06-22,P,2.1,2016-01-08
8562,2016-05-16 13:43:00,2016-05-16,0.0699,0.0,0.0,9790.0,0.0699,0.0699,0.0699,10000524,2016-06-22,2016-06-22,P,2.1,2016-01-08
8563,2016-05-16 13:44:00,2016-05-16,0.0699,4136.0,6.0,9796.0,0.0699,0.0686,0.0686,10000524,2016-06-22,2016-06-22,P,2.1,2016-01-08
8564,2016-05-16 13:45:00,2016-05-16,0.0686,0.0,0.0,9796.0,0.0686,0.0686,0.0686,10000524,2016-06-22,2016-06-22,P,2.1,2016-01-08
8565,2016-05-16 13:46:00,2016-05-16,0.0688,1376.0,2.0,9794.0,0.0686,0.0688,0.0686,10000524,2016-06-22,2016-06-22,P,2.1,2016-01-08
8566,2016-05-16 13:47:00,2016-05-16,0.0688,0.0,0.0,9794.0,0.0688,0.0688,0.0688,10000524,2016-06-22,2016-06-22,P,2.1,2016-01-08
8567,2016-05-16 13:48:00,2016-05-16,0.0688,0.0,0.0,9794.0,0.0688,0.0688,0.0688,10000524,2016-06-22,2016-06-22,P,2.1,2016-01-08
8568,2016-05-16 13:49:00,2016-05-16,0.0695,2085.0,3.0,9791.0,0.0688,0.0695,0.0688,10000524,2016-06-22,2016-06-22,P,2.1,2016-01-08
8569,2016-05-16 13:50:00,2016-05-16,0.0695,0.0,0.0,9791.0,0.0695,0.0695,0.0695,10000524,2016-06-22,2016-06-22,P,2.1,2016-01-08
8570,2016-05-16 13:51:00,2016-05-16,0.0695,0.0,0.0,9791.0,0.0695,0.0695,0.0695,10000524,2016-06-22,2016-06-22,P,2.1,2016-01-08
8571,2016-05-16 13:52:00,2016-05-16,0.0701,1402.0,2.0,9791.0,0.0695,0.0701,0.0695,10000524,2016-06-22,2016-06-22,P,2.1,2016-01-08
8572,2016-05-16 13:53:00,2016-05-16,0.0701,5544.0,8.0,9791.0,0.0701,0.0693,0.0693,10000524,2016-06-22,2016-06-22,P,2.1,2016-01-08
8573,2016-05-16 13:54:00,2016-05-16,0.0693,8293.0,12.0,9799.0,0.0693,0.0693,0.069,10000524,2016-06-22,2016-06-22,P,2.1,2016-01-08
8574,2016-05-16 13:55:00,2016-05-16,0.0693,23218.0,34.0,9821.0,0.0693,0.0682,0.0678,10000524,2016-06-22,2016-06-22,P,2.1,2016-01-08
8575,2016-05-16 13:56:00,2016-05-16,0.0682,2709.0,4.0,9821.0,0.0682,0.0677,0.0677,10000524,2016-06-22,2016-06-22,P,2.1,2016-01-08
8576,2016-05-16 13:57:00,2016-05-16,0.0677,0.0,0.0,9821.0,0.0677,0.0677,0.0677,10000524,2016-06-22,2016-06-22,P,2.1,2016-01-08
8577,2016-05-16 13:58:00,2016-05-16,0.0681,1354.0,2.0,9822.0,0.0677,0.0681,0.0673,10000524,2016-06-22,2016-06-22,P,2.1,2016-01-08
8578,2016-05-16 13:59:00,2016-05-16,0.0685,685.0,1.0,9822.0,0.0681,0.0685,0.0681,10000524,2016-06-22,2016-06-22,P,2.1,2016-01-08
8579,2016-05-16 14:00:00,2016-05-16,0.0684,4071.0,6.0,9822.0,0.0684,0.0673,0.0673,10000524,2016-06-22,2016-06-22,P,2.1,2016-01-08
8580,2016-05-16 14:01:00,2016-05-16,0.0683,1366.0,2.0,9822.0,0.0673,0.0683,0.0673,10000524,2016-06-22,2016-06-22,P,2.1,2016-01-08
8581,2016-05-16 14:02:00,2016-05-16,0.0683,0.0,0.0,9822.0,0.0683,0.0683,0.0683,10000524,2016-06-22,2016-06-22,P,2.1,2016-01-08
8582,2016-05-16 14:03:00,2016-05-16,0.0683,2046.0,3.0,9822.0,0.0683,0.0682,0.0682,10000524,2016-06-22,2016-06-22,P,2.1,2016-01-08
8583,2016-05-16 14:04:00,2016-05-16,0.0683,683.0,1.0,9823.0,0.0682,0.0683,0.0682,10000524,2016-06-22,2016-06-22,P,2.1,2016-01-08
8584,2016-05-16 14:05:00,2016-05-16,0.0683,6147.0,9.0,9830.0,0.0683,0.0683,0.0683,10000524,2016-06-22,2016-06-22,P,2.1,2016-01-08
8585,2016-05-16 14:06:00,2016-05-16,0.0683,0.0,0.0,9830.0,0.0683,0.0683,0.0683,10000524,2016-06-22,2016-06-22,P,2.1,2016-01-08
8586,2016-05-16 14:07:00,2016-05-16,0.0683,0.0,0.0,9830.0,0.0683,0.0683,0.0683,10000524,2016-06-22,2016-06-22,P,2.1,2016-01-08
8587,2016-05-16 14:08:00,2016-05-16,0.0684,6840.0,10.0,9830.0,0.0683,0.0684,0.0683,10000524,2016-06-22,2016-06-22,P,2.1,2016-01-08
8588,2016-05-16 14:09:00,2016-05-16,0.0684,0.0,0.0,9830.0,0.0684,0.0684,0.0684,10000524,2016-06-22,2016-06-22,P,2.1,2016-01-08
8589,2016-05-16 14:10:00,2016-05-16,0.0684,0.0,0.0,9830.0,0.0684,0.0684,0.0684,10000524,2016-06-22,2016-06-22,P,2.1,2016-01-08
8590,2016-05-16 14:11:00,2016-05-16,0.0694,6936.0,10.0,9840.0,0.0684,0.0694,0.0684,10000524,2016-06-22,2016-06-22,P,2.1,2016-01-08
8591,2016-05-16 14:12:00,2016-05-16,0.0694,0.0,0.0,9840.0,0.0694,0.0694,0.0694,10000524,2016-06-22,2016-06-22,P,2.1,2016-01-08
8592,2016-05-16 14:13:00,2016-05-16,0.0694,0.0,0.0,9840.0,0.0694,0.0694,0.0694,10000524,2016-06-22,2016-06-22,P,2.1,2016-01-08
8593,2016-05-16 14:14:00,2016-05-16,0.0694,2055.0,3.0,9843.0,0.0694,0.0685,0.0685,10000524,2016-06-22,2016-06-22,P,2.1,2016-01-08
8594,2016-05-16 14:15:00,2016-05-16,0.07,18774.0,27.0,9844.0,0.0685,0.07,0.0685,10000524,2016-06-22,2016-06-22,P,2.1,2016-01-08
8595,2016-05-16 14:16:00,2016-05-16,0.0722,40008.0,56.0,9837.0,0.07,0.0722,0.07,10000524,2016-06-22,2016-06-22,P,2.1,2016-01-08
8596,2016-05-16 14:17:00,2016-05-16,0.0722,13517.0,19.0,9832.0,0.0722,0.071,0.071,10000524,2016-06-22,2016-06-22,P,2.1,2016-01-08
8597,2016-05-16 14:18:00,2016-05-16,0.071,0.0,0.0,9832.0,0.071,0.071,0.071,10000524,2016-06-22,2016-06-22,P,2.1,2016-01-08
8598,2016-05-16 14:19:00,2016-05-16,0.0712,7762.0,11.0,9843.0,0.0712,0.0705,0.0705,10000524,2016-06-22,2016-06-22,P,2.1,2016-01-08
8599,2016-05-16 14:20:00,2016-05-16,0.0709,7090.0,10.0,9844.0,0.0705,0.0709,0.0705,10000524,2016-06-22,2016-06-22,P,2.1,2016-01-08
8600,2016-05-16 14:21:00,2016-05-16,0.0713,9183.0,13.0,9847.0,0.0709,0.071,0.0705,10000524,2016-06-22,2016-06-22,P,2.1,2016-01-08
8601,2016-05-16 14:22:00,2016-05-16,0.0719,4293.0,6.0,9849.0,0.071,0.071,0.071,10000524,2016-06-22,2016-06-22,P,2.1,2016-01-08
8602,2016-05-16 14:23:00,2016-05-16,0.071,709.0,1.0,9850.0,0.071,0.0709,0.0709,10000524,2016-06-22,2016-06-22,P,2.1,2016-01-08
8603,2016-05-16 14:24:00,2016-05-16,0.0709,0.0,0.0,9850.0,0.0709,0.0709,0.0709,10000524,2016-06-22,2016-06-22,P,2.1,2016-01-08
8604,2016-05-16 14:25:00,2016-05-16,0.0709,0.0,0.0,9850.0,0.0709,0.0709,0.0709,10000524,2016-06-22,2016-06-22,P,2.1,2016-01-08
8605,2016-05-16 14:26:00,2016-05-16,0.0709,0.0,0.0,9850.0,0.0709,0.0709,0.0709,10000524,2016-06-22,2016-06-22,P,2.1,2016-01-08
8606,2016-05-16 14:27:00,2016-05-16,0.0709,0.0,0.0,9850.0,0.0709,0.0709,0.0709,10000524,2016-06-22,2016-06-22,P,2.1,2016-01-08
8607,2016-05-16 14:28:00,2016-05-16,0.0711,2133.0,3.0,9853.0,0.0709,0.0711,0.0709,10000524,2016-06-22,2016-06-22,P,2.1,2016-01-08
8608,2016-05-16 14:29:00,2016-05-16,0.0711,14010.0,20.0,9853.0,0.0711,0.0697,0.0697,10000524,2016-06-22,2016-06-22,P,2.1,2016-01-08
8609,2016-05-16 14:30:00,2016-05-16,0.0697,0.0,0.0,9853.0,0.0697,0.0697,0.0697,10000524,2016-06-22,2016-06-22,P,2.1,2016-01-08
8610,2016-05-16 14:31:00,2016-05-16,0.0697,2083.0,3.0,9854.0,0.0697,0.0693,0.0693,10000524,2016-06-22,2016-06-22,P,2.1,2016-01-08
8611,2016-05-16 14:32:00,2016-05-16,0.0693,0.0,0.0,9854.0,0.0693,0.0693,0.0693,10000524,2016-06-22,2016-06-22,P,2.1,2016-01-08
8612,2016-05-16 14:33:00,2016-05-16,0.0693,693.0,1.0,9854.0,0.0693,0.0693,0.0693,10000524,2016-06-22,2016-06-22,P,2.1,2016-01-08
8613,2016-05-16 14:34:00,2016-05-16,0.0693,0.0,0.0,9854.0,0.0693,0.0693,0.0693,10000524,2016-06-22,2016-06-22,P,2.1,2016-01-08
8614,2016-05-16 14:35:00,2016-05-16,0.0693,0.0,0.0,9854.0,0.0693,0.0693,0.0693,10000524,2016-06-22,2016-06-22,P,2.1,2016-01-08
8615,2016-05-16 14:36:00,2016-05-16,0.0693,4121.0,6.0,9853.0,0.0693,0.0681,0.0681,10000524,2016-06-22,2016-06-22,P,2.1,2016-01-08
8616,2016-05-16 14:37:00,2016-05-16,0.0681,1351.0,2.0,9854.0,0.0681,0.0671,0.0671,10000524,2016-06-22,2016-06-22,P,2.1,2016-01-08
8617,2016-05-16 14:38:00,2016-05-16,0.0676,9411.0,14.0,9852.0,0.0671,0.067,0.067,10000524,2016-06-22,2016-06-22,P,2.1,2016-01-08
8618,2016-05-16 14:39:00,2016-05-16,0.0676,676.0,1.0,9852.0,0.067,0.0676,0.067,10000524,2016-06-22,2016-06-22,P,2.1,2016-01-08
8619,2016-05-16 14:40:00,2016-05-16,0.068,1350.0,2.0,9853.0,0.0676,0.068,0.067,10000524,2016-06-22,2016-06-22,P,2.1,2016-01-08
8620,2016-05-16 14:41:00,2016-05-16,0.068,3400.0,5.0,9848.0,0.068,0.068,0.068,10000524,2016-06-22,2016-06-22,P,2.1,2016-01-08
8621,2016-05-16 14:42:00,2016-05-16,0.0681,681.0,1.0,9847.0,0.068,0.0681,0.068,10000524,2016-06-22,2016-06-22,P,2.1,2016-01-08
8622,2016-05-16 14:43:00,2016-05-16,0.0681,0.0,0.0,9847.0,0.0681,0.0681,0.0681,10000524,2016-06-22,2016-06-22,P,2.1,2016-01-08
8623,2016-05-16 14:44:00,2016-05-16,0.0681,0.0,0.0,9847.0,0.0681,0.0681,0.0681,10000524,2016-06-22,2016-06-22,P,2.1,2016-01-08
8624,2016-05-16 14:45:00,2016-05-16,0.0681,1362.0,2.0,9845.0,0.0681,0.0681,0.0681,10000524,2016-06-22,2016-06-22,P,2.1,2016-01-08
8625,2016-05-16 14:46:00,2016-05-16,0.0681,2043.0,3.0,9842.0,0.0681,0.0681,0.0681,10000524,2016-06-22,2016-06-22,P,2.1,2016-01-08
8626,2016-05-16 14:47:00,2016-05-16,0.0681,676.0,1.0,9841.0,0.0681,0.0676,0.0676,10000524,2016-06-22,2016-06-22,P,2.1,2016-01-08
8627,2016-05-16 14:48:00,2016-05-16,0.0677,2708.0,4.0,9840.0,0.0676,0.0677,0.0676,10000524,2016-06-22,2016-06-22,P,2.1,2016-01-08
8628,2016-05-16 14:49:00,2016-05-16,0.0678,1356.0,2.0,9839.0,0.0677,0.0678,0.0677,10000524,2016-06-22,2016-06-22,P,2.1,2016-01-08
8629,2016-05-16 14:50:00,2016-05-16,0.0678,1352.0,2.0,9841.0,0.0678,0.0676,0.0676,10000524,2016-06-22,2016-06-22,P,2.1,2016-01-08
8630,2016-05-16 14:51:00,2016-05-16,0.068,680.0,1.0,9841.0,0.0676,0.068,0.0676,10000524,2016-06-22,2016-06-22,P,2.1,2016-01-08
8631,2016-05-16 14:52:00,2016-05-16,0.068,4055.0,6.0,9840.0,0.068,0.0675,0.0675,10000524,2016-06-22,2016-06-22,P,2.1,2016-01-08
8632,2016-05-16 14:53:00,2016-05-16,0.0675,5397.0,8.0,9846.0,0.0675,0.0673,0.0673,10000524,2016-06-22,2016-06-22,P,2.1,2016-01-08
8633,2016-05-16 14:54:00,2016-05-16,0.068,5389.0,8.0,9854.0,0.0672,0.0671,0.067,10000524,2016-06-22,2016-06-22,P,2.1,2016-01-08
8634,2016-05-16 14:55:00,2016-05-16,0.0671,0.0,0.0,9854.0,0.0671,0.0671,0.0671,10000524,2016-06-22,2016-06-22,P,2.1,2016-01-08
8635,2016-05-16 14:56:00,2016-05-16,0.0671,4026.0,6.0,9858.0,0.0671,0.0671,0.0671,10000524,2016-06-22,2016-06-22,P,2.1,2016-01-08
8636,2016-05-16 14:57:00,2016-05-16,0.0675,2021.0,3.0,9861.0,0.0671,0.0673,0.0671,10000524,2016-06-22,2016-06-22,P,2.1,2016-01-08
8637,2016-05-16 14:58:00,2016-05-16,0.0673,0.0,0.0,9861.0,0.0673,0.0673,0.0673,10000524,2016-06-22,2016-06-22,P,2.1,2016-01-08
8638,2016-05-16 14:59:00,2016-05-16,0.0673,0.0,0.0,9861.0,0.0673,0.0673,0.0673,10000524,2016-06-22,2016-06-22,P,2.1,2016-01-08
8639,2016-05-16 15:00:00,2016-05-16,0.0673,0.0,0.0,9861.0,0.0673,0.0673,0.0673,10000524,2016-06-22,2016-06-22,P,2.1,2016-01-08
8640,2016-05-16 09:31:00,2016-05-16,0.25,2500.0,1.0,2002.0,0.25,0.25,0.2451,10000456,2016-06-22,2016-06-22,P,2.3,2015-10-29
8641,2016-05-16 09:32:00,2016-05-16,0.25,24720.0,10.0,2002.0,0.25,0.2472,0.2472,10000456,2016-06-22,2016-06-22,P,2.3,2015-10-29
8642,2016-05-16 09:33:00,2016-05-16,0.2472,0.0,0.0,2002.0,0.2472,0.2472,0.2472,10000456,2016-06-22,2016-06-22,P,2.3,2015-10-29
8643,2016-05-16 09:34:00,2016-05-16,0.2472,0.0,0.0,2002.0,0.2472,0.2472,0.2472,10000456,2016-06-22,2016-06-22,P,2.3,2015-10-29
8644,2016-05-16 09:35:00,2016-05-16,0.2472,0.0,0.0,2002.0,0.2472,0.2472,0.2472,10000456,2016-06-22,2016-06-22,P,2.3,2015-10-29
8645,2016-05-16 09:36:00,2016-05-16,0.2472,88450.0,36.0,2030.0,0.2472,0.2438,0.2438,10000456,2016-06-22,2016-06-22,P,2.3,2015-10-29
8646,2016-05-16 09:37:00,2016-05-16,0.2447,9788.0,4.0,2030.0,0.2438,0.2447,0.2438,10000456,2016-06-22,2016-06-22,P,2.3,2015-10-29
8647,2016-05-16 09:38:00,2016-05-16,0.2451,9804.0,4.0,2030.0,0.2447,0.2451,0.2447,10000456,2016-06-22,2016-06-22,P,2.3,2015-10-29
8648,2016-05-16 09:39:00,2016-05-16,0.2451,0.0,0.0,2030.0,0.2451,0.2451,0.2451,10000456,2016-06-22,2016-06-22,P,2.3,2015-10-29
8649,2016-05-16 09:40:00,2016-05-16,0.2451,0.0,0.0,2030.0,0.2451,0.2451,0.2451,10000456,2016-06-22,2016-06-22,P,2.3,2015-10-29
8650,2016-05-16 09:41:00,2016-05-16,0.2451,0.0,0.0,2030.0,0.2451,0.2451,0.2451,10000456,2016-06-22,2016-06-22,P,2.3,2015-10-29
8651,2016-05-16 09:42:00,2016-05-16,0.2466,4932.0,2.0,2031.0,0.2466,0.2466,0.2466,10000456,2016-06-22,2016-06-22,P,2.3,2015-10-29
8652,2016-05-16 09:43:00,2016-05-16,0.2466,0.0,0.0,2031.0,0.2466,0.2466,0.2466,10000456,2016-06-22,2016-06-22,P,2.3,2015-10-29
8653,2016-05-16 09:44:00,2016-05-16,0.2466,0.0,0.0,2031.0,0.2466,0.2466,0.2466,10000456,2016-06-22,2016-06-22,P,2.3,2015-10-29
8654,2016-05-16 09:45:00,2016-05-16,0.2466,0.0,0.0,2031.0,0.2466,0.2466,0.2466,10000456,2016-06-22,2016-06-22,P,2.3,2015-10-29
8655,2016-05-16 09:46:00,2016-05-16,0.2466,0.0,0.0,2031.0,0.2466,0.2466,0.2466,10000456,2016-06-22,2016-06-22,P,2.3,2015-10-29
8656,2016-05-16 09:47:00,2016-05-16,0.2489,2489.0,1.0,2030.0,0.2466,0.2489,0.2466,10000456,2016-06-22,2016-06-22,P,2.3,2015-10-29
8657,2016-05-16 09:48:00,2016-05-16,0.2489,2482.0,1.0,2030.0,0.2489,0.2482,0.2482,10000456,2016-06-22,2016-06-22,P,2.3,2015-10-29
8658,2016-05-16 09:49:00,2016-05-16,0.2482,0.0,0.0,2030.0,0.2482,0.2482,0.2482,10000456,2016-06-22,2016-06-22,P,2.3,2015-10-29
8659,2016-05-16 09:50:00,2016-05-16,0.2482,0.0,0.0,2030.0,0.2482,0.2482,0.2482,10000456,2016-06-22,2016-06-22,P,2.3,2015-10-29
8660,2016-05-16 09:51:00,2016-05-16,0.2482,0.0,0.0,2030.0,0.2482,0.2482,0.2482,10000456,2016-06-22,2016-06-22,P,2.3,2015-10-29
8661,2016-05-16 09:52:00,2016-05-16,0.25,2500.0,1.0,2030.0,0.2482,0.25,0.2482,10000456,2016-06-22,2016-06-22,P,2.3,2015-10-29
8662,2016-05-16 09:53:00,2016-05-16,0.2543,101137.0,40.0,2028.0,0.25,0.2543,0.25,10000456,2016-06-22,2016-06-22,P,2.3,2015-10-29
8663,2016-05-16 09:54:00,2016-05-16,0.2562,135132.0,53.0,2037.0,0.2543,0.2544,0.2543,10000456,2016-06-22,2016-06-22,P,2.3,2015-10-29
8664,2016-05-16 09:55:00,2016-05-16,0.2556,2556.0,1.0,2037.0,0.2544,0.2556,0.2544,10000456,2016-06-22,2016-06-22,P,2.3,2015-10-29
8665,2016-05-16 09:56:00,2016-05-16,0.2556,0.0,0.0,2037.0,0.2556,0.2556,0.2556,10000456,2016-06-22,2016-06-22,P,2.3,2015-10-29
8666,2016-05-16 09:57:00,2016-05-16,0.2556,30572.0,12.0,2049.0,0.2556,0.2543,0.2543,10000456,2016-06-22,2016-06-22,P,2.3,2015-10-29
8667,2016-05-16 09:58:00,2016-05-16,0.2543,17801.0,7.0,2056.0,0.2543,0.2543,0.2543,10000456,2016-06-22,2016-06-22,P,2.3,2015-10-29
8668,2016-05-16 09:59:00,2016-05-16,0.2543,0.0,0.0,2056.0,0.2543,0.2543,0.2543,10000456,2016-06-22,2016-06-22,P,2.3,2015-10-29
8669,2016-05-16 10:00:00,2016-05-16,0.2543,0.0,0.0,2056.0,0.2543,0.2543,0.2543,10000456,2016-06-22,2016-06-22,P,2.3,2015-10-29
8670,2016-05-16 10:01:00,2016-05-16,0.2578,7728.0,3.0,2055.0,0.2543,0.2578,0.2543,10000456,2016-06-22,2016-06-22,P,2.3,2015-10-29
8671,2016-05-16 10:02:00,2016-05-16,0.2578,2567.0,1.0,2054.0,0.2578,0.2567,0.2567,10000456,2016-06-22,2016-06-22,P,2.3,2015-10-29
8672,2016-05-16 10:03:00,2016-05-16,0.2567,0.0,0.0,2054.0,0.2567,0.2567,0.2567,10000456,2016-06-22,2016-06-22,P,2.3,2015-10-29
8673,2016-05-16 10:04:00,2016-05-16,0.2567,25600.0,10.0,2054.0,0.2567,0.256,0.256,10000456,2016-06-22,2016-06-22,P,2.3,2015-10-29
8674,2016-05-16 10:05:00,2016-05-16,0.256,0.0,0.0,2054.0,0.256,0.256,0.256,10000456,2016-06-22,2016-06-22,P,2.3,2015-10-29
8675,2016-05-16 10:06:00,2016-05-16,0.256,0.0,0.0,2054.0,0.256,0.256,0.256,10000456,2016-06-22,2016-06-22,P,2.3,2015-10-29
8676,2016-05-16 10:07:00,2016-05-16,0.256,27808.0,11.0,2065.0,0.256,0.2528,0.2528,10000456,2016-06-22,2016-06-22,P,2.3,2015-10-29
8677,2016-05-16 10:08:00,2016-05-16,0.2528,0.0,0.0,2065.0,0.2528,0.2528,0.2528,10000456,2016-06-22,2016-06-22,P,2.3,2015-10-29
8678,2016-05-16 10:09:00,2016-05-16,0.2528,0.0,0.0,2065.0,0.2528,0.2528,0.2528,10000456,2016-06-22,2016-06-22,P,2.3,2015-10-29
8679,2016-05-16 10:10:00,2016-05-16,0.2528,0.0,0.0,2065.0,0.2528,0.2528,0.2528,10000456,2016-06-22,2016-06-22,P,2.3,2015-10-29
8680,2016-05-16 10:11:00,2016-05-16,0.2528,0.0,0.0,2065.0,0.2528,0.2528,0.2528,10000456,2016-06-22,2016-06-22,P,2.3,2015-10-29
8681,2016-05-16 10:12:00,2016-05-16,0.2528,0.0,0.0,2065.0,0.2528,0.2528,0.2528,10000456,2016-06-22,2016-06-22,P,2.3,2015-10-29
8682,2016-05-16 10:13:00,2016-05-16,0.2528,0.0,0.0,2065.0,0.2528,0.2528,0.2528,10000456,2016-06-22,2016-06-22,P,2.3,2015-10-29
8683,2016-05-16 10:14:00,2016-05-16,0.2528,0.0,0.0,2065.0,0.2528,0.2528,0.2528,10000456,2016-06-22,2016-06-22,P,2.3,2015-10-29
8684,2016-05-16 10:15:00,2016-05-16,0.2528,2510.0,1.0,2065.0,0.2528,0.251,0.251,10000456,2016-06-22,2016-06-22,P,2.3,2015-10-29
8685,2016-05-16 10:16:00,2016-05-16,0.251,0.0,0.0,2065.0,0.251,0.251,0.251,10000456,2016-06-22,2016-06-22,P,2.3,2015-10-29
8686,2016-05-16 10:17:00,2016-05-16,0.251,0.0,0.0,2065.0,0.251,0.251,0.251,10000456,2016-06-22,2016-06-22,P,2.3,2015-10-29
8687,2016-05-16 10:18:00,2016-05-16,0.251,24844.0,10.0,2058.0,0.251,0.2483,0.2483,10000456,2016-06-22,2016-06-22,P,2.3,2015-10-29
8688,2016-05-16 10:19:00,2016-05-16,0.2483,0.0,0.0,2058.0,0.2483,0.2483,0.2483,10000456,2016-06-22,2016-06-22,P,2.3,2015-10-29
8689,2016-05-16 10:20:00,2016-05-16,0.2483,0.0,0.0,2058.0,0.2483,0.2483,0.2483,10000456,2016-06-22,2016-06-22,P,2.3,2015-10-29
8690,2016-05-16 10:21:00,2016-05-16,0.2483,0.0,0.0,2058.0,0.2483,0.2483,0.2483,10000456,2016-06-22,2016-06-22,P,2.3,2015-10-29
8691,2016-05-16 10:22:00,2016-05-16,0.2483,0.0,0.0,2058.0,0.2483,0.2483,0.2483,10000456,2016-06-22,2016-06-22,P,2.3,2015-10-29
8692,2016-05-16 10:23:00,2016-05-16,0.251,15060.0,6.0,2058.0,0.2483,0.251,0.2483,10000456,2016-06-22,2016-06-22,P,2.3,2015-10-29
8693,2016-05-16 10:24:00,2016-05-16,0.251,7530.0,3.0,2061.0,0.251,0.251,0.251,10000456,2016-06-22,2016-06-22,P,2.3,2015-10-29
8694,2016-05-16 10:25:00,2016-05-16,0.251,0.0,0.0,2061.0,0.251,0.251,0.251,10000456,2016-06-22,2016-06-22,P,2.3,2015-10-29
8695,2016-05-16 10:26:00,2016-05-16,0.251,0.0,0.0,2061.0,0.251,0.251,0.251,10000456,2016-06-22,2016-06-22,P,2.3,2015-10-29
8696,2016-05-16 10:27:00,2016-05-16,0.251,0.0,0.0,2061.0,0.251,0.251,0.251,10000456,2016-06-22,2016-06-22,P,2.3,2015-10-29
8697,2016-05-16 10:28:00,2016-05-16,0.251,0.0,0.0,2061.0,0.251,0.251,0.251,10000456,2016-06-22,2016-06-22,P,2.3,2015-10-29
8698,2016-05-16 10:29:00,2016-05-16,0.251,0.0,0.0,2061.0,0.251,0.251,0.251,10000456,2016-06-22,2016-06-22,P,2.3,2015-10-29
8699,2016-05-16 10:30:00,2016-05-16,0.251,0.0,0.0,2061.0,0.251,0.251,0.251,10000456,2016-06-22,2016-06-22,P,2.3,2015-10-29
8700,2016-05-16 10:31:00,2016-05-16,0.251,0.0,0.0,2061.0,0.251,0.251,0.251,10000456,2016-06-22,2016-06-22,P,2.3,2015-10-29
8701,2016-05-16 10:32:00,2016-05-16,0.251,0.0,0.0,2061.0,0.251,0.251,0.251,10000456,2016-06-22,2016-06-22,P,2.3,2015-10-29
8702,2016-05-16 10:33:00,2016-05-16,0.251,7449.0,3.0,2064.0,0.251,0.2483,0.2483,10000456,2016-06-22,2016-06-22,P,2.3,2015-10-29
8703,2016-05-16 10:34:00,2016-05-16,0.2483,0.0,0.0,2064.0,0.2483,0.2483,0.2483,10000456,2016-06-22,2016-06-22,P,2.3,2015-10-29
8704,2016-05-16 10:35:00,2016-05-16,0.2499,4998.0,2.0,2066.0,0.2483,0.2499,0.2483,10000456,2016-06-22,2016-06-22,P,2.3,2015-10-29
8705,2016-05-16 10:36:00,2016-05-16,0.2499,0.0,0.0,2066.0,0.2499,0.2499,0.2499,10000456,2016-06-22,2016-06-22,P,2.3,2015-10-29
8706,2016-05-16 10:37:00,2016-05-16,0.2499,0.0,0.0,2066.0,0.2499,0.2499,0.2499,10000456,2016-06-22,2016-06-22,P,2.3,2015-10-29
8707,2016-05-16 10:38:00,2016-05-16,0.2499,2491.0,1.0,2066.0,0.2499,0.2491,0.2491,10000456,2016-06-22,2016-06-22,P,2.3,2015-10-29
8708,2016-05-16 10:39:00,2016-05-16,0.2491,0.0,0.0,2066.0,0.2491,0.2491,0.2491,10000456,2016-06-22,2016-06-22,P,2.3,2015-10-29
8709,2016-05-16 10:40:00,2016-05-16,0.2491,0.0,0.0,2066.0,0.2491,0.2491,0.2491,10000456,2016-06-22,2016-06-22,P,2.3,2015-10-29
8710,2016-05-16 10:41:00,2016-05-16,0.2491,0.0,0.0,2066.0,0.2491,0.2491,0.2491,10000456,2016-06-22,2016-06-22,P,2.3,2015-10-29
8711,2016-05-16 10:42:00,2016-05-16,0.2491,0.0,0.0,2066.0,0.2491,0.2491,0.2491,10000456,2016-06-22,2016-06-22,P,2.3,2015-10-29
8712,2016-05-16 10:43:00,2016-05-16,0.2491,0.0,0.0,2066.0,0.2491,0.2491,0.2491,10000456,2016-06-22,2016-06-22,P,2.3,2015-10-29
8713,2016-05-16 10:44:00,2016-05-16,0.2491,0.0,0.0,2066.0,0.2491,0.2491,0.2491,10000456,2016-06-22,2016-06-22,P,2.3,2015-10-29
8714,2016-05-16 10:45:00,2016-05-16,0.2491,0.0,0.0,2066.0,0.2491,0.2491,0.2491,10000456,2016-06-22,2016-06-22,P,2.3,2015-10-29
8715,2016-05-16 10:46:00,2016-05-16,0.2491,0.0,0.0,2066.0,0.2491,0.2491,0.2491,10000456,2016-06-22,2016-06-22,P,2.3,2015-10-29
8716,2016-05-16 10:47:00,2016-05-16,0.2491,0.0,0.0,2066.0,0.2491,0.2491,0.2491,10000456,2016-06-22,2016-06-22,P,2.3,2015-10-29
8717,2016-05-16 10:48:00,2016-05-16,0.2491,24702.0,10.0,2076.0,0.2491,0.247,0.247,10000456,2016-06-22,2016-06-22,P,2.3,2015-10-29
8718,2016-05-16 10:49:00,2016-05-16,0.247,2470.0,1.0,2077.0,0.247,0.247,0.247,10000456,2016-06-22,2016-06-22,P,2.3,2015-10-29
8719,2016-05-16 10:50:00,2016-05-16,0.247,4937.0,2.0,2078.0,0.247,0.2467,0.2467,10000456,2016-06-22,2016-06-22,P,2.3,2015-10-29
8720,2016-05-16 10:51:00,2016-05-16,0.2467,9776.0,4.0,2078.0,0.2467,0.2442,0.2441,10000456,2016-06-22,2016-06-22,P,2.3,2015-10-29
8721,2016-05-16 10:52:00,2016-05-16,0.2442,2436.0,1.0,2079.0,0.2442,0.2436,0.2436,10000456,2016-06-22,2016-06-22,P,2.3,2015-10-29
8722,2016-05-16 10:53:00,2016-05-16,0.2436,0.0,0.0,2079.0,0.2436,0.2436,0.2436,10000456,2016-06-22,2016-06-22,P,2.3,2015-10-29
8723,2016-05-16 10:54:00,2016-05-16,0.2436,0.0,0.0,2079.0,0.2436,0.2436,0.2436,10000456,2016-06-22,2016-06-22,P,2.3,2015-10-29
8724,2016-05-16 10:55:00,2016-05-16,0.2436,0.0,0.0,2079.0,0.2436,0.2436,0.2436,10000456,2016-06-22,2016-06-22,P,2.3,2015-10-29
8725,2016-05-16 10:56:00,2016-05-16,0.242,26450.0,11.0,2079.0,0.242,0.2403,0.2403,10000456,2016-06-22,2016-06-22,P,2.3,2015-10-29
8726,2016-05-16 10:57:00,2016-05-16,0.2403,0.0,0.0,2079.0,0.2403,0.2403,0.2403,10000456,2016-06-22,2016-06-22,P,2.3,2015-10-29
8727,2016-05-16 10:58:00,2016-05-16,0.241,4813.0,2.0,2081.0,0.2403,0.2403,0.2403,10000456,2016-06-22,2016-06-22,P,2.3,2015-10-29
8728,2016-05-16 10:59:00,2016-05-16,0.2403,36030.0,15.0,2091.0,0.2403,0.24,0.24,10000456,2016-06-22,2016-06-22,P,2.3,2015-10-29
8729,2016-05-16 11:00:00,2016-05-16,0.24,0.0,0.0,2091.0,0.24,0.24,0.24,10000456,2016-06-22,2016-06-22,P,2.3,2015-10-29
8730,2016-05-16 11:01:00,2016-05-16,0.24,0.0,0.0,2091.0,0.24,0.24,0.24,10000456,2016-06-22,2016-06-22,P,2.3,2015-10-29
8731,2016-05-16 11:02:00,2016-05-16,0.24,0.0,0.0,2091.0,0.24,0.24,0.24,10000456,2016-06-22,2016-06-22,P,2.3,2015-10-29
8732,2016-05-16 11:03:00,2016-05-16,0.24,0.0,0.0,2091.0,0.24,0.24,0.24,10000456,2016-06-22,2016-06-22,P,2.3,2015-10-29
8733,2016-05-16 11:04:00,2016-05-16,0.24,0.0,0.0,2091.0,0.24,0.24,0.24,10000456,2016-06-22,2016-06-22,P,2.3,2015-10-29
8734,2016-05-16 11:05:00,2016-05-16,0.24,0.0,0.0,2091.0,0.24,0.24,0.24,10000456,2016-06-22,2016-06-22,P,2.3,2015-10-29
8735,2016-05-16 11:06:00,2016-05-16,0.24,0.0,0.0,2091.0,0.24,0.24,0.24,10000456,2016-06-22,2016-06-22,P,2.3,2015-10-29
8736,2016-05-16 11:07:00,2016-05-16,0.24,0.0,0.0,2091.0,0.24,0.24,0.24,10000456,2016-06-22,2016-06-22,P,2.3,2015-10-29
8737,2016-05-16 11:08:00,2016-05-16,0.24,0.0,0.0,2091.0,0.24,0.24,0.24,10000456,2016-06-22,2016-06-22,P,2.3,2015-10-29
8738,2016-05-16 11:09:00,2016-05-16,0.24,0.0,0.0,2091.0,0.24,0.24,0.24,10000456,2016-06-22,2016-06-22,P,2.3,2015-10-29
8739,2016-05-16 11:10:00,2016-05-16,0.24,0.0,0.0,2091.0,0.24,0.24,0.24,10000456,2016-06-22,2016-06-22,P,2.3,2015-10-29
8740,2016-05-16 11:11:00,2016-05-16,0.24,0.0,0.0,2091.0,0.24,0.24,0.24,10000456,2016-06-22,2016-06-22,P,2.3,2015-10-29
8741,2016-05-16 11:12:00,2016-05-16,0.24,0.0,0.0,2091.0,0.24,0.24,0.24,10000456,2016-06-22,2016-06-22,P,2.3,2015-10-29
8742,2016-05-16 11:13:00,2016-05-16,0.24,0.0,0.0,2091.0,0.24,0.24,0.24,10000456,2016-06-22,2016-06-22,P,2.3,2015-10-29
8743,2016-05-16 11:14:00,2016-05-16,0.24,0.0,0.0,2091.0,0.24,0.24,0.24,10000456,2016-06-22,2016-06-22,P,2.3,2015-10-29
8744,2016-05-16 11:15:00,2016-05-16,0.24,0.0,0.0,2091.0,0.24,0.24,0.24,10000456,2016-06-22,2016-06-22,P,2.3,2015-10-29
8745,2016-05-16 11:16:00,2016-05-16,0.24,0.0,0.0,2091.0,0.24,0.24,0.24,10000456,2016-06-22,2016-06-22,P,2.3,2015-10-29
8746,2016-05-16 11:17:00,2016-05-16,0.24,0.0,0.0,2091.0,0.24,0.24,0.24,10000456,2016-06-22,2016-06-22,P,2.3,2015-10-29
8747,2016-05-16 11:18:00,2016-05-16,0.24,0.0,0.0,2091.0,0.24,0.24,0.24,10000456,2016-06-22,2016-06-22,P,2.3,2015-10-29
8748,2016-05-16 11:19:00,2016-05-16,0.24,0.0,0.0,2091.0,0.24,0.24,0.24,10000456,2016-06-22,2016-06-22,P,2.3,2015-10-29
8749,2016-05-16 11:20:00,2016-05-16,0.24,0.0,0.0,2091.0,0.24,0.24,0.24,10000456,2016-06-22,2016-06-22,P,2.3,2015-10-29
8750,2016-05-16 11:21:00,2016-05-16,0.24,0.0,0.0,2091.0,0.24,0.24,0.24,10000456,2016-06-22,2016-06-22,P,2.3,2015-10-29
8751,2016-05-16 11:22:00,2016-05-16,0.24,0.0,0.0,2091.0,0.24,0.24,0.24,10000456,2016-06-22,2016-06-22,P,2.3,2015-10-29
8752,2016-05-16 11:23:00,2016-05-16,0.24,0.0,0.0,2091.0,0.24,0.24,0.24,10000456,2016-06-22,2016-06-22,P,2.3,2015-10-29
8753,2016-05-16 11:24:00,2016-05-16,0.24,0.0,0.0,2091.0,0.24,0.24,0.24,10000456,2016-06-22,2016-06-22,P,2.3,2015-10-29
8754,2016-05-16 11:25:00,2016-05-16,0.24,0.0,0.0,2091.0,0.24,0.24,0.24,10000456,2016-06-22,2016-06-22,P,2.3,2015-10-29
8755,2016-05-16 11:26:00,2016-05-16,0.24,0.0,0.0,2091.0,0.24,0.24,0.24,10000456,2016-06-22,2016-06-22,P,2.3,2015-10-29
8756,2016-05-16 11:27:00,2016-05-16,0.24,0.0,0.0,2091.0,0.24,0.24,0.24,10000456,2016-06-22,2016-06-22,P,2.3,2015-10-29
8757,2016-05-16 11:28:00,2016-05-16,0.24,0.0,0.0,2091.0,0.24,0.24,0.24,10000456,2016-06-22,2016-06-22,P,2.3,2015-10-29
8758,2016-05-16 11:29:00,2016-05-16,0.24,0.0,0.0,2091.0,0.24,0.24,0.24,10000456,2016-06-22,2016-06-22,P,2.3,2015-10-29
8759,2016-05-16 11:30:00,2016-05-16,0.24,0.0,0.0,2091.0,0.24,0.24,0.24,10000456,2016-06-22,2016-06-22,P,2.3,2015-10-29
8760,2016-05-16 13:01:00,2016-05-16,0.24,0.0,0.0,2091.0,0.24,0.24,0.24,10000456,2016-06-22,2016-06-22,P,2.3,2015-10-29
8761,2016-05-16 13:02:00,2016-05-16,0.2415,2415.0,1.0,2091.0,0.24,0.2415,0.24,10000456,2016-06-22,2016-06-22,P,2.3,2015-10-29
8762,2016-05-16 13:03:00,2016-05-16,0.2415,2408.0,1.0,2091.0,0.2415,0.2408,0.2408,10000456,2016-06-22,2016-06-22,P,2.3,2015-10-29
8763,2016-05-16 13:04:00,2016-05-16,0.2408,0.0,0.0,2091.0,0.2408,0.2408,0.2408,10000456,2016-06-22,2016-06-22,P,2.3,2015-10-29
8764,2016-05-16 13:05:00,2016-05-16,0.2408,0.0,0.0,2091.0,0.2408,0.2408,0.2408,10000456,2016-06-22,2016-06-22,P,2.3,2015-10-29
8765,2016-05-16 13:06:00,2016-05-16,0.2408,0.0,0.0,2091.0,0.2408,0.2408,0.2408,10000456,2016-06-22,2016-06-22,P,2.3,2015-10-29
8766,2016-05-16 13:07:00,2016-05-16,0.2408,0.0,0.0,2091.0,0.2408,0.2408,0.2408,10000456,2016-06-22,2016-06-22,P,2.3,2015-10-29
8767,2016-05-16 13:08:00,2016-05-16,0.2408,0.0,0.0,2091.0,0.2408,0.2408,0.2408,10000456,2016-06-22,2016-06-22,P,2.3,2015-10-29
8768,2016-05-16 13:09:00,2016-05-16,0.2408,0.0,0.0,2091.0,0.2408,0.2408,0.2408,10000456,2016-06-22,2016-06-22,P,2.3,2015-10-29
8769,2016-05-16 13:10:00,2016-05-16,0.2408,0.0,0.0,2091.0,0.2408,0.2408,0.2408,10000456,2016-06-22,2016-06-22,P,2.3,2015-10-29
8770,2016-05-16 13:11:00,2016-05-16,0.2408,0.0,0.0,2091.0,0.2408,0.2408,0.2408,10000456,2016-06-22,2016-06-22,P,2.3,2015-10-29
8771,2016-05-16 13:12:00,2016-05-16,0.2408,0.0,0.0,2091.0,0.2408,0.2408,0.2408,10000456,2016-06-22,2016-06-22,P,2.3,2015-10-29
8772,2016-05-16 13:13:00,2016-05-16,0.2408,0.0,0.0,2091.0,0.2408,0.2408,0.2408,10000456,2016-06-22,2016-06-22,P,2.3,2015-10-29
8773,2016-05-16 13:14:00,2016-05-16,0.2408,0.0,0.0,2091.0,0.2408,0.2408,0.2408,10000456,2016-06-22,2016-06-22,P,2.3,2015-10-29
8774,2016-05-16 13:15:00,2016-05-16,0.2408,0.0,0.0,2091.0,0.2408,0.2408,0.2408,10000456,2016-06-22,2016-06-22,P,2.3,2015-10-29
8775,2016-05-16 13:16:00,2016-05-16,0.2408,0.0,0.0,2091.0,0.2408,0.2408,0.2408,10000456,2016-06-22,2016-06-22,P,2.3,2015-10-29
8776,2016-05-16 13:17:00,2016-05-16,0.2408,0.0,0.0,2091.0,0.2408,0.2408,0.2408,10000456,2016-06-22,2016-06-22,P,2.3,2015-10-29
8777,2016-05-16 13:18:00,2016-05-16,0.2408,0.0,0.0,2091.0,0.2408,0.2408,0.2408,10000456,2016-06-22,2016-06-22,P,2.3,2015-10-29
8778,2016-05-16 13:19:00,2016-05-16,0.2408,0.0,0.0,2091.0,0.2408,0.2408,0.2408,10000456,2016-06-22,2016-06-22,P,2.3,2015-10-29
8779,2016-05-16 13:20:00,2016-05-16,0.2408,0.0,0.0,2091.0,0.2408,0.2408,0.2408,10000456,2016-06-22,2016-06-22,P,2.3,2015-10-29
8780,2016-05-16 13:21:00,2016-05-16,0.2408,0.0,0.0,2091.0,0.2408,0.2408,0.2408,10000456,2016-06-22,2016-06-22,P,2.3,2015-10-29
8781,2016-05-16 13:22:00,2016-05-16,0.2408,0.0,0.0,2091.0,0.2408,0.2408,0.2408,10000456,2016-06-22,2016-06-22,P,2.3,2015-10-29
8782,2016-05-16 13:23:00,2016-05-16,0.2416,12080.0,5.0,2091.0,0.2408,0.2416,0.2408,10000456,2016-06-22,2016-06-22,P,2.3,2015-10-29
8783,2016-05-16 13:24:00,2016-05-16,0.2416,0.0,0.0,2091.0,0.2416,0.2416,0.2416,10000456,2016-06-22,2016-06-22,P,2.3,2015-10-29
8784,2016-05-16 13:25:00,2016-05-16,0.2416,0.0,0.0,2091.0,0.2416,0.2416,0.2416,10000456,2016-06-22,2016-06-22,P,2.3,2015-10-29
8785,2016-05-16 13:26:00,2016-05-16,0.243,24300.0,10.0,2091.0,0.2416,0.243,0.2416,10000456,2016-06-22,2016-06-22,P,2.3,2015-10-29
8786,2016-05-16 13:27:00,2016-05-16,0.243,0.0,0.0,2091.0,0.243,0.243,0.243,10000456,2016-06-22,2016-06-22,P,2.3,2015-10-29
8787,2016-05-16 13:28:00,2016-05-16,0.243,0.0,0.0,2091.0,0.243,0.243,0.243,10000456,2016-06-22,2016-06-22,P,2.3,2015-10-29
8788,2016-05-16 13:29:00,2016-05-16,0.243,0.0,0.0,2091.0,0.243,0.243,0.243,10000456,2016-06-22,2016-06-22,P,2.3,2015-10-29
8789,2016-05-16 13:30:00,2016-05-16,0.243,0.0,0.0,2091.0,0.243,0.243,0.243,10000456,2016-06-22,2016-06-22,P,2.3,2015-10-29
8790,2016-05-16 13:31:00,2016-05-16,0.243,0.0,0.0,2091.0,0.243,0.243,0.243,10000456,2016-06-22,2016-06-22,P,2.3,2015-10-29
8791,2016-05-16 13:32:00,2016-05-16,0.243,0.0,0.0,2091.0,0.243,0.243,0.243,10000456,2016-06-22,2016-06-22,P,2.3,2015-10-29
8792,2016-05-16 13:33:00,2016-05-16,0.243,7272.0,3.0,2091.0,0.243,0.2424,0.2424,10000456,2016-06-22,2016-06-22,P,2.3,2015-10-29
8793,2016-05-16 13:34:00,2016-05-16,0.2424,0.0,0.0,2091.0,0.2424,0.2424,0.2424,10000456,2016-06-22,2016-06-22,P,2.3,2015-10-29
8794,2016-05-16 13:35:00,2016-05-16,0.2424,0.0,0.0,2091.0,0.2424,0.2424,0.2424,10000456,2016-06-22,2016-06-22,P,2.3,2015-10-29
8795,2016-05-16 13:36:00,2016-05-16,0.2424,0.0,0.0,2091.0,0.2424,0.2424,0.2424,10000456,2016-06-22,2016-06-22,P,2.3,2015-10-29
8796,2016-05-16 13:37:00,2016-05-16,0.2424,0.0,0.0,2091.0,0.2424,0.2424,0.2424,10000456,2016-06-22,2016-06-22,P,2.3,2015-10-29
8797,2016-05-16 13:38:00,2016-05-16,0.2424,0.0,0.0,2091.0,0.2424,0.2424,0.2424,10000456,2016-06-22,2016-06-22,P,2.3,2015-10-29
8798,2016-05-16 13:39:00,2016-05-16,0.2424,4848.0,2.0,2091.0,0.2424,0.2424,0.2424,10000456,2016-06-22,2016-06-22,P,2.3,2015-10-29
8799,2016-05-16 13:40:00,2016-05-16,0.2424,0.0,0.0,2091.0,0.2424,0.2424,0.2424,10000456,2016-06-22,2016-06-22,P,2.3,2015-10-29
8800,2016-05-16 13:41:00,2016-05-16,0.2424,0.0,0.0,2091.0,0.2424,0.2424,0.2424,10000456,2016-06-22,2016-06-22,P,2.3,2015-10-29
8801,2016-05-16 13:42:00,2016-05-16,0.2424,0.0,0.0,2091.0,0.2424,0.2424,0.2424,10000456,2016-06-22,2016-06-22,P,2.3,2015-10-29
8802,2016-05-16 13:43:00,2016-05-16,0.2424,2424.0,1.0,2091.0,0.2424,0.2424,0.2424,10000456,2016-06-22,2016-06-22,P,2.3,2015-10-29
8803,2016-05-16 13:44:00,2016-05-16,0.2424,0.0,0.0,2091.0,0.2424,0.2424,0.2424,10000456,2016-06-22,2016-06-22,P,2.3,2015-10-29
8804,2016-05-16 13:45:00,2016-05-16,0.2424,0.0,0.0,2091.0,0.2424,0.2424,0.2424,10000456,2016-06-22,2016-06-22,P,2.3,2015-10-29
8805,2016-05-16 13:46:00,2016-05-16,0.2424,0.0,0.0,2091.0,0.2424,0.2424,0.2424,10000456,2016-06-22,2016-06-22,P,2.3,2015-10-29
8806,2016-05-16 13:47:00,2016-05-16,0.2424,0.0,0.0,2091.0,0.2424,0.2424,0.2424,10000456,2016-06-22,2016-06-22,P,2.3,2015-10-29
8807,2016-05-16 13:48:00,2016-05-16,0.2424,0.0,0.0,2091.0,0.2424,0.2424,0.2424,10000456,2016-06-22,2016-06-22,P,2.3,2015-10-29
8808,2016-05-16 13:49:00,2016-05-16,0.2424,0.0,0.0,2091.0,0.2424,0.2424,0.2424,10000456,2016-06-22,2016-06-22,P,2.3,2015-10-29
8809,2016-05-16 13:50:00,2016-05-16,0.2424,0.0,0.0,2091.0,0.2424,0.2424,0.2424,10000456,2016-06-22,2016-06-22,P,2.3,2015-10-29
8810,2016-05-16 13:51:00,2016-05-16,0.2424,0.0,0.0,2091.0,0.2424,0.2424,0.2424,10000456,2016-06-22,2016-06-22,P,2.3,2015-10-29
8811,2016-05-16 13:52:00,2016-05-16,0.2424,0.0,0.0,2091.0,0.2424,0.2424,0.2424,10000456,2016-06-22,2016-06-22,P,2.3,2015-10-29
8812,2016-05-16 13:53:00,2016-05-16,0.2424,0.0,0.0,2091.0,0.2424,0.2424,0.2424,10000456,2016-06-22,2016-06-22,P,2.3,2015-10-29
8813,2016-05-16 13:54:00,2016-05-16,0.2424,0.0,0.0,2091.0,0.2424,0.2424,0.2424,10000456,2016-06-22,2016-06-22,P,2.3,2015-10-29
8814,2016-05-16 13:55:00,2016-05-16,0.2424,0.0,0.0,2091.0,0.2424,0.2424,0.2424,10000456,2016-06-22,2016-06-22,P,2.3,2015-10-29
8815,2016-05-16 13:56:00,2016-05-16,0.2424,4797.0,2.0,2090.0,0.2424,0.2397,0.2397,10000456,2016-06-22,2016-06-22,P,2.3,2015-10-29
8816,2016-05-16 13:57:00,2016-05-16,0.2397,0.0,0.0,2090.0,0.2397,0.2397,0.2397,10000456,2016-06-22,2016-06-22,P,2.3,2015-10-29
8817,2016-05-16 13:58:00,2016-05-16,0.2397,0.0,0.0,2090.0,0.2397,0.2397,0.2397,10000456,2016-06-22,2016-06-22,P,2.3,2015-10-29
8818,2016-05-16 13:59:00,2016-05-16,0.2397,0.0,0.0,2090.0,0.2397,0.2397,0.2397,10000456,2016-06-22,2016-06-22,P,2.3,2015-10-29
8819,2016-05-16 14:00:00,2016-05-16,0.2397,0.0,0.0,2090.0,0.2397,0.2397,0.2397,10000456,2016-06-22,2016-06-22,P,2.3,2015-10-29
8820,2016-05-16 14:01:00,2016-05-16,0.2397,0.0,0.0,2090.0,0.2397,0.2397,0.2397,10000456,2016-06-22,2016-06-22,P,2.3,2015-10-29
8821,2016-05-16 14:02:00,2016-05-16,0.2397,0.0,0.0,2090.0,0.2397,0.2397,0.2397,10000456,2016-06-22,2016-06-22,P,2.3,2015-10-29
8822,2016-05-16 14:03:00,2016-05-16,0.2397,0.0,0.0,2090.0,0.2397,0.2397,0.2397,10000456,2016-06-22,2016-06-22,P,2.3,2015-10-29
8823,2016-05-16 14:04:00,2016-05-16,0.2397,0.0,0.0,2090.0,0.2397,0.2397,0.2397,10000456,2016-06-22,2016-06-22,P,2.3,2015-10-29
8824,2016-05-16 14:05:00,2016-05-16,0.2397,0.0,0.0,2090.0,0.2397,0.2397,0.2397,10000456,2016-06-22,2016-06-22,P,2.3,2015-10-29
8825,2016-05-16 14:06:00,2016-05-16,0.2397,0.0,0.0,2090.0,0.2397,0.2397,0.2397,10000456,2016-06-22,2016-06-22,P,2.3,2015-10-29
8826,2016-05-16 14:07:00,2016-05-16,0.2397,0.0,0.0,2090.0,0.2397,0.2397,0.2397,10000456,2016-06-22,2016-06-22,P,2.3,2015-10-29
8827,2016-05-16 14:08:00,2016-05-16,0.2397,0.0,0.0,2090.0,0.2397,0.2397,0.2397,10000456,2016-06-22,2016-06-22,P,2.3,2015-10-29
8828,2016-05-16 14:09:00,2016-05-16,0.2397,0.0,0.0,2090.0,0.2397,0.2397,0.2397,10000456,2016-06-22,2016-06-22,P,2.3,2015-10-29
8829,2016-05-16 14:10:00,2016-05-16,0.2397,0.0,0.0,2090.0,0.2397,0.2397,0.2397,10000456,2016-06-22,2016-06-22,P,2.3,2015-10-29
8830,2016-05-16 14:11:00,2016-05-16,0.2397,0.0,0.0,2090.0,0.2397,0.2397,0.2397,10000456,2016-06-22,2016-06-22,P,2.3,2015-10-29
8831,2016-05-16 14:12:00,2016-05-16,0.2397,0.0,0.0,2090.0,0.2397,0.2397,0.2397,10000456,2016-06-22,2016-06-22,P,2.3,2015-10-29
8832,2016-05-16 14:13:00,2016-05-16,0.2397,0.0,0.0,2090.0,0.2397,0.2397,0.2397,10000456,2016-06-22,2016-06-22,P,2.3,2015-10-29
8833,2016-05-16 14:14:00,2016-05-16,0.2397,0.0,0.0,2090.0,0.2397,0.2397,0.2397,10000456,2016-06-22,2016-06-22,P,2.3,2015-10-29
8834,2016-05-16 14:15:00,2016-05-16,0.243,4860.0,2.0,2090.0,0.2397,0.243,0.2397,10000456,2016-06-22,2016-06-22,P,2.3,2015-10-29
8835,2016-05-16 14:16:00,2016-05-16,0.2449,26787.0,11.0,2087.0,0.243,0.2449,0.243,10000456,2016-06-22,2016-06-22,P,2.3,2015-10-29
8836,2016-05-16 14:17:00,2016-05-16,0.2452,7352.0,3.0,2088.0,0.2449,0.2449,0.2449,10000456,2016-06-22,2016-06-22,P,2.3,2015-10-29
8837,2016-05-16 14:18:00,2016-05-16,0.2449,0.0,0.0,2088.0,0.2449,0.2449,0.2449,10000456,2016-06-22,2016-06-22,P,2.3,2015-10-29
8838,2016-05-16 14:19:00,2016-05-16,0.2449,0.0,0.0,2088.0,0.2449,0.2449,0.2449,10000456,2016-06-22,2016-06-22,P,2.3,2015-10-29
8839,2016-05-16 14:20:00,2016-05-16,0.2449,0.0,0.0,2088.0,0.2449,0.2449,0.2449,10000456,2016-06-22,2016-06-22,P,2.3,2015-10-29
8840,2016-05-16 14:21:00,2016-05-16,0.2457,2457.0,1.0,2088.0,0.2449,0.2457,0.2449,10000456,2016-06-22,2016-06-22,P,2.3,2015-10-29
8841,2016-05-16 14:22:00,2016-05-16,0.246,2460.0,1.0,2088.0,0.2457,0.246,0.2457,10000456,2016-06-22,2016-06-22,P,2.3,2015-10-29
8842,2016-05-16 14:23:00,2016-05-16,0.246,0.0,0.0,2088.0,0.246,0.246,0.246,10000456,2016-06-22,2016-06-22,P,2.3,2015-10-29
8843,2016-05-16 14:24:00,2016-05-16,0.246,0.0,0.0,2088.0,0.246,0.246,0.246,10000456,2016-06-22,2016-06-22,P,2.3,2015-10-29
8844,2016-05-16 14:25:00,2016-05-16,0.246,0.0,0.0,2088.0,0.246,0.246,0.246,10000456,2016-06-22,2016-06-22,P,2.3,2015-10-29
8845,2016-05-16 14:26:00,2016-05-16,0.246,0.0,0.0,2088.0,0.246,0.246,0.246,10000456,2016-06-22,2016-06-22,P,2.3,2015-10-29
8846,2016-05-16 14:27:00,2016-05-16,0.246,0.0,0.0,2088.0,0.246,0.246,0.246,10000456,2016-06-22,2016-06-22,P,2.3,2015-10-29
8847,2016-05-16 14:28:00,2016-05-16,0.246,12195.0,5.0,2088.0,0.246,0.2439,0.2439,10000456,2016-06-22,2016-06-22,P,2.3,2015-10-29
8848,2016-05-16 14:29:00,2016-05-16,0.2439,0.0,0.0,2088.0,0.2439,0.2439,0.2439,10000456,2016-06-22,2016-06-22,P,2.3,2015-10-29
8849,2016-05-16 14:30:00,2016-05-16,0.2439,0.0,0.0,2088.0,0.2439,0.2439,0.2439,10000456,2016-06-22,2016-06-22,P,2.3,2015-10-29
8850,2016-05-16 14:31:00,2016-05-16,0.2439,0.0,0.0,2088.0,0.2439,0.2439,0.2439,10000456,2016-06-22,2016-06-22,P,2.3,2015-10-29
8851,2016-05-16 14:32:00,2016-05-16,0.2439,0.0,0.0,2088.0,0.2439,0.2439,0.2439,10000456,2016-06-22,2016-06-22,P,2.3,2015-10-29
8852,2016-05-16 14:33:00,2016-05-16,0.2439,0.0,0.0,2088.0,0.2439,0.2439,0.2439,10000456,2016-06-22,2016-06-22,P,2.3,2015-10-29
8853,2016-05-16 14:34:00,2016-05-16,0.2439,0.0,0.0,2088.0,0.2439,0.2439,0.2439,10000456,2016-06-22,2016-06-22,P,2.3,2015-10-29
8854,2016-05-16 14:35:00,2016-05-16,0.2439,0.0,0.0,2088.0,0.2439,0.2439,0.2439,10000456,2016-06-22,2016-06-22,P,2.3,2015-10-29
8855,2016-05-16 14:36:00,2016-05-16,0.2439,0.0,0.0,2088.0,0.2439,0.2439,0.2439,10000456,2016-06-22,2016-06-22,P,2.3,2015-10-29
8856,2016-05-16 14:37:00,2016-05-16,0.2439,2398.0,1.0,2088.0,0.2439,0.2398,0.2398,10000456,2016-06-22,2016-06-22,P,2.3,2015-10-29
8857,2016-05-16 14:38:00,2016-05-16,0.2398,0.0,0.0,2088.0,0.2398,0.2398,0.2398,10000456,2016-06-22,2016-06-22,P,2.3,2015-10-29
8858,2016-05-16 14:39:00,2016-05-16,0.2398,0.0,0.0,2088.0,0.2398,0.2398,0.2398,10000456,2016-06-22,2016-06-22,P,2.3,2015-10-29
8859,2016-05-16 14:40:00,2016-05-16,0.2398,0.0,0.0,2088.0,0.2398,0.2398,0.2398,10000456,2016-06-22,2016-06-22,P,2.3,2015-10-29
8860,2016-05-16 14:41:00,2016-05-16,0.2398,0.0,0.0,2088.0,0.2398,0.2398,0.2398,10000456,2016-06-22,2016-06-22,P,2.3,2015-10-29
8861,2016-05-16 14:42:00,2016-05-16,0.2398,0.0,0.0,2088.0,0.2398,0.2398,0.2398,10000456,2016-06-22,2016-06-22,P,2.3,2015-10-29
8862,2016-05-16 14:43:00,2016-05-16,0.2398,0.0,0.0,2088.0,0.2398,0.2398,0.2398,10000456,2016-06-22,2016-06-22,P,2.3,2015-10-29
8863,2016-05-16 14:44:00,2016-05-16,0.2398,0.0,0.0,2088.0,0.2398,0.2398,0.2398,10000456,2016-06-22,2016-06-22,P,2.3,2015-10-29
8864,2016-05-16 14:45:00,2016-05-16,0.2398,0.0,0.0,2088.0,0.2398,0.2398,0.2398,10000456,2016-06-22,2016-06-22,P,2.3,2015-10-29
8865,2016-05-16 14:46:00,2016-05-16,0.2398,0.0,0.0,2088.0,0.2398,0.2398,0.2398,10000456,2016-06-22,2016-06-22,P,2.3,2015-10-29
8866,2016-05-16 14:47:00,2016-05-16,0.2398,0.0,0.0,2088.0,0.2398,0.2398,0.2398,10000456,2016-06-22,2016-06-22,P,2.3,2015-10-29
8867,2016-05-16 14:48:00,2016-05-16,0.2398,0.0,0.0,2088.0,0.2398,0.2398,0.2398,10000456,2016-06-22,2016-06-22,P,2.3,2015-10-29
8868,2016-05-16 14:49:00,2016-05-16,0.2398,0.0,0.0,2088.0,0.2398,0.2398,0.2398,10000456,2016-06-22,2016-06-22,P,2.3,2015-10-29
8869,2016-05-16 14:50:00,2016-05-16,0.2398,45306.0,19.0,2069.0,0.2398,0.2382,0.2382,10000456,2016-06-22,2016-06-22,P,2.3,2015-10-29
8870,2016-05-16 14:51:00,2016-05-16,0.2389,57215.0,24.0,2046.0,0.2382,0.2389,0.2378,10000456,2016-06-22,2016-06-22,P,2.3,2015-10-29
8871,2016-05-16 14:52:00,2016-05-16,0.2389,23830.0,10.0,2046.0,0.2389,0.2383,0.2383,10000456,2016-06-22,2016-06-22,P,2.3,2015-10-29
8872,2016-05-16 14:53:00,2016-05-16,0.2383,0.0,0.0,2046.0,0.2383,0.2383,0.2383,10000456,2016-06-22,2016-06-22,P,2.3,2015-10-29
8873,2016-05-16 14:54:00,2016-05-16,0.2383,47590.0,20.0,2026.0,0.2383,0.2378,0.2378,10000456,2016-06-22,2016-06-22,P,2.3,2015-10-29
8874,2016-05-16 14:55:00,2016-05-16,0.2378,0.0,0.0,2026.0,0.2378,0.2378,0.2378,10000456,2016-06-22,2016-06-22,P,2.3,2015-10-29
8875,2016-05-16 14:56:00,2016-05-16,0.2378,0.0,0.0,2026.0,0.2378,0.2378,0.2378,10000456,2016-06-22,2016-06-22,P,2.3,2015-10-29
8876,2016-05-16 14:57:00,2016-05-16,0.2378,0.0,0.0,2026.0,0.2378,0.2378,0.2378,10000456,2016-06-22,2016-06-22,P,2.3,2015-10-29
8877,2016-05-16 14:58:00,2016-05-16,0.2378,0.0,0.0,2026.0,0.2378,0.2378,0.2378,10000456,2016-06-22,2016-06-22,P,2.3,2015-10-29
8878,2016-05-16 14:59:00,2016-05-16,0.2378,0.0,0.0,2026.0,0.2378,0.2378,0.2378,10000456,2016-06-22,2016-06-22,P,2.3,2015-10-29
8879,2016-05-16 15:00:00,2016-05-16,0.2378,0.0,0.0,2026.0,0.2378,0.2378,0.2378,10000456,2016-06-22,2016-06-22,P,2.3,2015-10-29
8880,2016-05-16 09:31:00,2016-05-16,0.0065,5859.0,107.0,36965.0,0.005,0.0054,0.005,10000612,2016-05-25,2016-05-25,P,2.0,2016-03-29
8881,2016-05-16 09:32:00,2016-05-16,0.0057,4547.0,84.0,37028.0,0.0054,0.0055,0.0052,10000612,2016-05-25,2016-05-25,P,2.0,2016-03-29
8882,2016-05-16 09:33:00,2016-05-16,0.0057,1296.0,23.0,37051.0,0.0056,0.0055,0.0055,10000612,2016-05-25,2016-05-25,P,2.0,2016-03-29
8883,2016-05-16 09:34:00,2016-05-16,0.0056,895.0,16.0,37062.0,0.0055,0.0055,0.0055,10000612,2016-05-25,2016-05-25,P,2.0,2016-03-29
8884,2016-05-16 09:35:00,2016-05-16,0.0055,3024.0,56.0,37107.0,0.0054,0.0051,0.0051,10000612,2016-05-25,2016-05-25,P,2.0,2016-03-29
8885,2016-05-16 09:36:00,2016-05-16,0.0055,2605.0,48.0,37154.0,0.0051,0.005,0.005,10000612,2016-05-25,2016-05-25,P,2.0,2016-03-29
8886,2016-05-16 09:37:00,2016-05-16,0.005,238.0,5.0,37153.0,0.005,0.0048,0.0046,10000612,2016-05-25,2016-05-25,P,2.0,2016-03-29
8887,2016-05-16 09:38:00,2016-05-16,0.005,7904.0,171.0,37080.0,0.0048,0.0047,0.0045,10000612,2016-05-25,2016-05-25,P,2.0,2016-03-29
8888,2016-05-16 09:39:00,2016-05-16,0.0047,1822.0,40.0,37058.0,0.0047,0.0045,0.0045,10000612,2016-05-25,2016-05-25,P,2.0,2016-03-29
8889,2016-05-16 09:40:00,2016-05-16,0.0046,1677.0,37.0,37031.0,0.0045,0.0045,0.0045,10000612,2016-05-25,2016-05-25,P,2.0,2016-03-29
8890,2016-05-16 09:41:00,2016-05-16,0.0048,1680.0,35.0,37016.0,0.0045,0.0048,0.0045,10000612,2016-05-25,2016-05-25,P,2.0,2016-03-29
8891,2016-05-16 09:42:00,2016-05-16,0.0049,7478.0,155.0,36996.0,0.0048,0.0048,0.0047,10000612,2016-05-25,2016-05-25,P,2.0,2016-03-29
8892,2016-05-16 09:43:00,2016-05-16,0.005,7597.0,161.0,36996.0,0.0048,0.005,0.0046,10000612,2016-05-25,2016-05-25,P,2.0,2016-03-29
8893,2016-05-16 09:44:00,2016-05-16,0.005,1620.0,35.0,36996.0,0.005,0.0046,0.0046,10000612,2016-05-25,2016-05-25,P,2.0,2016-03-29
8894,2016-05-16 09:45:00,2016-05-16,0.0047,5533.0,118.0,37101.0,0.0047,0.0047,0.0046,10000612,2016-05-25,2016-05-25,P,2.0,2016-03-29
8895,2016-05-16 09:46:00,2016-05-16,0.0047,0.0,0.0,37101.0,0.0047,0.0047,0.0047,10000612,2016-05-25,2016-05-25,P,2.0,2016-03-29
8896,2016-05-16 09:47:00,2016-05-16,0.0051,6355.0,130.0,37166.0,0.0047,0.005,0.0047,10000612,2016-05-25,2016-05-25,P,2.0,2016-03-29
8897,2016-05-16 09:48:00,2016-05-16,0.005,6745.0,135.0,37206.0,0.005,0.0049,0.0049,10000612,2016-05-25,2016-05-25,P,2.0,2016-03-29
8898,2016-05-16 09:49:00,2016-05-16,0.005,5230.0,105.0,37206.0,0.005,0.005,0.0048,10000612,2016-05-25,2016-05-25,P,2.0,2016-03-29
8899,2016-05-16 09:50:00,2016-05-16,0.005,2000.0,40.0,37205.0,0.005,0.005,0.005,10000612,2016-05-25,2016-05-25,P,2.0,2016-03-29
8900,2016-05-16 09:51:00,2016-05-16,0.0052,1525.0,30.0,37190.0,0.005,0.0052,0.005,10000612,2016-05-25,2016-05-25,P,2.0,2016-03-29
8901,2016-05-16 09:52:00,2016-05-16,0.0052,6425.0,125.0,37215.0,0.0052,0.0052,0.005,10000612,2016-05-25,2016-05-25,P,2.0,2016-03-29
8902,2016-05-16 09:53:00,2016-05-16,0.0062,5026.0,88.0,37241.0,0.0052,0.0062,0.0052,10000612,2016-05-25,2016-05-25,P,2.0,2016-03-29
8903,2016-05-16 09:54:00,2016-05-16,0.0064,13108.0,209.0,37271.0,0.0062,0.0063,0.0062,10000612,2016-05-25,2016-05-25,P,2.0,2016-03-29
8904,2016-05-16 09:55:00,2016-05-16,0.0065,6308.0,99.0,37274.0,0.0063,0.0064,0.0063,10000612,2016-05-25,2016-05-25,P,2.0,2016-03-29
8905,2016-05-16 09:56:00,2016-05-16,0.0065,2488.0,39.0,37292.0,0.0064,0.0063,0.0063,10000612,2016-05-25,2016-05-25,P,2.0,2016-03-29
8906,2016-05-16 09:57:00,2016-05-16,0.0065,2875.0,45.0,37282.0,0.0063,0.0064,0.0063,10000612,2016-05-25,2016-05-25,P,2.0,2016-03-29
8907,2016-05-16 09:58:00,2016-05-16,0.0064,5533.0,89.0,37333.0,0.0064,0.0061,0.0061,10000612,2016-05-25,2016-05-25,P,2.0,2016-03-29
8908,2016-05-16 09:59:00,2016-05-16,0.0064,4150.0,67.0,37330.0,0.0061,0.0063,0.0061,10000612,2016-05-25,2016-05-25,P,2.0,2016-03-29
8909,2016-05-16 10:00:00,2016-05-16,0.0064,7905.0,125.0,37451.0,0.0063,0.0063,0.0062,10000612,2016-05-25,2016-05-25,P,2.0,2016-03-29
8910,2016-05-16 10:01:00,2016-05-16,0.0064,2147.0,34.0,37468.0,0.0063,0.0063,0.0063,10000612,2016-05-25,2016-05-25,P,2.0,2016-03-29
8911,2016-05-16 10:02:00,2016-05-16,0.0063,1498.0,24.0,37475.0,0.0063,0.0062,0.0062,10000612,2016-05-25,2016-05-25,P,2.0,2016-03-29
8912,2016-05-16 10:03:00,2016-05-16,0.0063,2821.0,46.0,37462.0,0.0062,0.006,0.006,10000612,2016-05-25,2016-05-25,P,2.0,2016-03-29
8913,2016-05-16 10:04:00,2016-05-16,0.006,2095.0,35.0,37487.0,0.006,0.0059,0.0059,10000612,2016-05-25,2016-05-25,P,2.0,2016-03-29
8914,2016-05-16 10:05:00,2016-05-16,0.0059,1219.0,21.0,37488.0,0.0059,0.0059,0.0058,10000612,2016-05-25,2016-05-25,P,2.0,2016-03-29
8915,2016-05-16 10:06:00,2016-05-16,0.006,820.0,14.0,37488.0,0.0058,0.006,0.0058,10000612,2016-05-25,2016-05-25,P,2.0,2016-03-29
8916,2016-05-16 10:07:00,2016-05-16,0.006,3490.0,60.0,37484.0,0.006,0.0058,0.0058,10000612,2016-05-25,2016-05-25,P,2.0,2016-03-29
8917,2016-05-16 10:08:00,2016-05-16,0.0058,2788.0,49.0,37494.0,0.0058,0.0057,0.0056,10000612,2016-05-25,2016-05-25,P,2.0,2016-03-29
8918,2016-05-16 10:09:00,2016-05-16,0.0057,560.0,10.0,37484.0,0.0057,0.0056,0.0056,10000612,2016-05-25,2016-05-25,P,2.0,2016-03-29
8919,2016-05-16 10:10:00,2016-05-16,0.0056,560.0,10.0,37474.0,0.0056,0.0056,0.0056,10000612,2016-05-25,2016-05-25,P,2.0,2016-03-29
8920,2016-05-16 10:11:00,2016-05-16,0.0056,112.0,2.0,37472.0,0.0056,0.0056,0.0056,10000612,2016-05-25,2016-05-25,P,2.0,2016-03-29
8921,2016-05-16 10:12:00,2016-05-16,0.0058,734.0,13.0,37475.0,0.0056,0.0058,0.0056,10000612,2016-05-25,2016-05-25,P,2.0,2016-03-29
8922,2016-05-16 10:13:00,2016-05-16,0.0058,5928.0,107.0,37475.0,0.0058,0.0055,0.0055,10000612,2016-05-25,2016-05-25,P,2.0,2016-03-29
8923,2016-05-16 10:14:00,2016-05-16,0.0056,4480.0,80.0,37475.0,0.0056,0.0056,0.0056,10000612,2016-05-25,2016-05-25,P,2.0,2016-03-29
8924,2016-05-16 10:15:00,2016-05-16,0.0056,0.0,0.0,37475.0,0.0056,0.0056,0.0056,10000612,2016-05-25,2016-05-25,P,2.0,2016-03-29
8925,2016-05-16 10:16:00,2016-05-16,0.0056,702.0,13.0,37465.0,0.0056,0.0054,0.0054,10000612,2016-05-25,2016-05-25,P,2.0,2016-03-29
8926,2016-05-16 10:17:00,2016-05-16,0.0054,270.0,5.0,37465.0,0.0054,0.0054,0.0054,10000612,2016-05-25,2016-05-25,P,2.0,2016-03-29
8927,2016-05-16 10:18:00,2016-05-16,0.0055,980.0,18.0,37469.0,0.0054,0.0054,0.0054,10000612,2016-05-25,2016-05-25,P,2.0,2016-03-29
8928,2016-05-16 10:19:00,2016-05-16,0.0054,0.0,0.0,37469.0,0.0054,0.0054,0.0054,10000612,2016-05-25,2016-05-25,P,2.0,2016-03-29
8929,2016-05-16 10:20:00,2016-05-16,0.0054,540.0,10.0,37459.0,0.0054,0.0054,0.0054,10000612,2016-05-25,2016-05-25,P,2.0,2016-03-29
8930,2016-05-16 10:21:00,2016-05-16,0.0054,0.0,0.0,37459.0,0.0054,0.0054,0.0054,10000612,2016-05-25,2016-05-25,P,2.0,2016-03-29
8931,2016-05-16 10:22:00,2016-05-16,0.0054,1512.0,28.0,37431.0,0.0054,0.0054,0.0054,10000612,2016-05-25,2016-05-25,P,2.0,2016-03-29
8932,2016-05-16 10:23:00,2016-05-16,0.0055,220.0,4.0,37430.0,0.0055,0.0055,0.0055,10000612,2016-05-25,2016-05-25,P,2.0,2016-03-29
8933,2016-05-16 10:24:00,2016-05-16,0.0056,3589.0,65.0,37477.0,0.0055,0.0054,0.0054,10000612,2016-05-25,2016-05-25,P,2.0,2016-03-29
8934,2016-05-16 10:25:00,2016-05-16,0.0055,1351.0,25.0,37477.0,0.0054,0.0054,0.0054,10000612,2016-05-25,2016-05-25,P,2.0,2016-03-29
8935,2016-05-16 10:26:00,2016-05-16,0.0055,5262.0,97.0,37462.0,0.0054,0.0054,0.0054,10000612,2016-05-25,2016-05-25,P,2.0,2016-03-29
8936,2016-05-16 10:27:00,2016-05-16,0.0054,4280.0,80.0,37392.0,0.0054,0.0053,0.0053,10000612,2016-05-25,2016-05-25,P,2.0,2016-03-29
8937,2016-05-16 10:28:00,2016-05-16,0.0055,1134.0,21.0,37392.0,0.0053,0.0052,0.0052,10000612,2016-05-25,2016-05-25,P,2.0,2016-03-29
8938,2016-05-16 10:29:00,2016-05-16,0.0052,4952.0,96.0,37390.0,0.0052,0.0051,0.0051,10000612,2016-05-25,2016-05-25,P,2.0,2016-03-29
8939,2016-05-16 10:30:00,2016-05-16,0.0051,1020.0,20.0,37390.0,0.0051,0.0051,0.0051,10000612,2016-05-25,2016-05-25,P,2.0,2016-03-29
8940,2016-05-16 10:31:00,2016-05-16,0.0051,6090.0,120.0,37370.0,0.0051,0.005,0.005,10000612,2016-05-25,2016-05-25,P,2.0,2016-03-29
8941,2016-05-16 10:32:00,2016-05-16,0.0051,2260.0,45.0,37370.0,0.005,0.0051,0.005,10000612,2016-05-25,2016-05-25,P,2.0,2016-03-29
8942,2016-05-16 10:33:00,2016-05-16,0.0051,1255.0,25.0,37345.0,0.0051,0.0051,0.005,10000612,2016-05-25,2016-05-25,P,2.0,2016-03-29
8943,2016-05-16 10:34:00,2016-05-16,0.0051,352.0,7.0,37345.0,0.0051,0.0051,0.005,10000612,2016-05-25,2016-05-25,P,2.0,2016-03-29
8944,2016-05-16 10:35:00,2016-05-16,0.0051,0.0,0.0,37345.0,0.0051,0.0051,0.0051,10000612,2016-05-25,2016-05-25,P,2.0,2016-03-29
8945,2016-05-16 10:36:00,2016-05-16,0.005,7460.0,150.0,37273.0,0.005,0.0049,0.0049,10000612,2016-05-25,2016-05-25,P,2.0,2016-03-29
8946,2016-05-16 10:37:00,2016-05-16,0.005,1815.0,37.0,37279.0,0.0049,0.005,0.0049,10000612,2016-05-25,2016-05-25,P,2.0,2016-03-29
8947,2016-05-16 10:38:00,2016-05-16,0.0051,51.0,1.0,37280.0,0.005,0.0051,0.005,10000612,2016-05-25,2016-05-25,P,2.0,2016-03-29
8948,2016-05-16 10:39:00,2016-05-16,0.0051,1990.0,40.0,37299.0,0.0051,0.0049,0.0049,10000612,2016-05-25,2016-05-25,P,2.0,2016-03-29
8949,2016-05-16 10:40:00,2016-05-16,0.0051,2560.0,51.0,37309.0,0.0049,0.005,0.0049,10000612,2016-05-25,2016-05-25,P,2.0,2016-03-29
8950,2016-05-16 10:41:00,2016-05-16,0.005,0.0,0.0,37309.0,0.005,0.005,0.005,10000612,2016-05-25,2016-05-25,P,2.0,2016-03-29
8951,2016-05-16 10:42:00,2016-05-16,0.0049,7761.0,160.0,37177.0,0.0049,0.0048,0.0048,10000612,2016-05-25,2016-05-25,P,2.0,2016-03-29
8952,2016-05-16 10:43:00,2016-05-16,0.0048,480.0,10.0,37167.0,0.0048,0.0048,0.0048,10000612,2016-05-25,2016-05-25,P,2.0,2016-03-29
8953,2016-05-16 10:44:00,2016-05-16,0.0048,0.0,0.0,37167.0,0.0048,0.0048,0.0048,10000612,2016-05-25,2016-05-25,P,2.0,2016-03-29
8954,2016-05-16 10:45:00,2016-05-16,0.0048,0.0,0.0,37167.0,0.0048,0.0048,0.0048,10000612,2016-05-25,2016-05-25,P,2.0,2016-03-29
8955,2016-05-16 10:46:00,2016-05-16,0.005,2500.0,50.0,37177.0,0.0048,0.005,0.0048,10000612,2016-05-25,2016-05-25,P,2.0,2016-03-29
8956,2016-05-16 10:47:00,2016-05-16,0.005,2364.0,49.0,37189.0,0.005,0.0048,0.0048,10000612,2016-05-25,2016-05-25,P,2.0,2016-03-29
8957,2016-05-16 10:48:00,2016-05-16,0.0048,2016.0,42.0,37212.0,0.0048,0.0048,0.0048,10000612,2016-05-25,2016-05-25,P,2.0,2016-03-29
8958,2016-05-16 10:49:00,2016-05-16,0.0047,940.0,20.0,37192.0,0.0047,0.0047,0.0047,10000612,2016-05-25,2016-05-25,P,2.0,2016-03-29
8959,2016-05-16 10:50:00,2016-05-16,0.0047,1410.0,30.0,37172.0,0.0047,0.0047,0.0047,10000612,2016-05-25,2016-05-25,P,2.0,2016-03-29
8960,2016-05-16 10:51:00,2016-05-16,0.0047,5080.0,112.0,37090.0,0.0047,0.0044,0.0044,10000612,2016-05-25,2016-05-25,P,2.0,2016-03-29
8961,2016-05-16 10:52:00,2016-05-16,0.0044,4400.0,100.0,36990.0,0.0044,0.0044,0.0044,10000612,2016-05-25,2016-05-25,P,2.0,2016-03-29
8962,2016-05-16 10:53:00,2016-05-16,0.0044,7125.0,165.0,36825.0,0.0044,0.0043,0.0043,10000612,2016-05-25,2016-05-25,P,2.0,2016-03-29
8963,2016-05-16 10:54:00,2016-05-16,0.0043,10364.0,247.0,36655.0,0.0043,0.0042,0.0041,10000612,2016-05-25,2016-05-25,P,2.0,2016-03-29
8964,2016-05-16 10:55:00,2016-05-16,0.0042,2317.0,56.0,36674.0,0.0042,0.0042,0.0041,10000612,2016-05-25,2016-05-25,P,2.0,2016-03-29
8965,2016-05-16 10:56:00,2016-05-16,0.0042,4152.0,101.0,36615.0,0.0042,0.0041,0.0041,10000612,2016-05-25,2016-05-25,P,2.0,2016-03-29
8966,2016-05-16 10:57:00,2016-05-16,0.0041,4100.0,100.0,36515.0,0.0041,0.0041,0.0041,10000612,2016-05-25,2016-05-25,P,2.0,2016-03-29
8967,2016-05-16 10:58:00,2016-05-16,0.0042,2490.0,60.0,36561.0,0.0041,0.0041,0.0041,10000612,2016-05-25,2016-05-25,P,2.0,2016-03-29
8968,2016-05-16 10:59:00,2016-05-16,0.0042,3158.0,79.0,36582.0,0.0041,0.0038,0.0038,10000612,2016-05-25,2016-05-25,P,2.0,2016-03-29
8969,2016-05-16 11:00:00,2016-05-16,0.0038,1453.0,39.0,36572.0,0.0038,0.0036,0.0036,10000612,2016-05-25,2016-05-25,P,2.0,2016-03-29
8970,2016-05-16 11:01:00,2016-05-16,0.0038,528.0,14.0,36572.0,0.0036,0.0037,0.0036,10000612,2016-05-25,2016-05-25,P,2.0,2016-03-29
8971,2016-05-16 11:02:00,2016-05-16,0.0037,588.0,16.0,36579.0,0.0037,0.0037,0.0036,10000612,2016-05-25,2016-05-25,P,2.0,2016-03-29
8972,2016-05-16 11:03:00,2016-05-16,0.0037,1631.0,45.0,36606.0,0.0037,0.0037,0.0036,10000612,2016-05-25,2016-05-25,P,2.0,2016-03-29
8973,2016-05-16 11:04:00,2016-05-16,0.0038,2650.0,70.0,36669.0,0.0037,0.0038,0.0037,10000612,2016-05-25,2016-05-25,P,2.0,2016-03-29
8974,2016-05-16 11:05:00,2016-05-16,0.0039,575.0,15.0,36679.0,0.0039,0.0039,0.0039,10000612,2016-05-25,2016-05-25,P,2.0,2016-03-29
8975,2016-05-16 11:06:00,2016-05-16,0.0039,760.0,20.0,36696.0,0.0039,0.0038,0.0038,10000612,2016-05-25,2016-05-25,P,2.0,2016-03-29
8976,2016-05-16 11:07:00,2016-05-16,0.0039,466.0,12.0,36706.0,0.0038,0.0039,0.0038,10000612,2016-05-25,2016-05-25,P,2.0,2016-03-29
8977,2016-05-16 11:08:00,2016-05-16,0.0039,1179.0,31.0,36712.0,0.0039,0.0037,0.0037,10000612,2016-05-25,2016-05-25,P,2.0,2016-03-29
8978,2016-05-16 11:09:00,2016-05-16,0.0039,1243.0,33.0,36713.0,0.0037,0.0037,0.0037,10000612,2016-05-25,2016-05-25,P,2.0,2016-03-29
8979,2016-05-16 11:10:00,2016-05-16,0.0037,0.0,0.0,36713.0,0.0037,0.0037,0.0037,10000612,2016-05-25,2016-05-25,P,2.0,2016-03-29
8980,2016-05-16 11:11:00,2016-05-16,0.0037,1326.0,37.0,36707.0,0.0037,0.0035,0.0035,10000612,2016-05-25,2016-05-25,P,2.0,2016-03-29
8981,2016-05-16 11:12:00,2016-05-16,0.0036,1144.0,33.0,36687.0,0.0035,0.0034,0.0034,10000612,2016-05-25,2016-05-25,P,2.0,2016-03-29
8982,2016-05-16 11:13:00,2016-05-16,0.0036,108.0,3.0,36686.0,0.0034,0.0036,0.0034,10000612,2016-05-25,2016-05-25,P,2.0,2016-03-29
8983,2016-05-16 11:14:00,2016-05-16,0.0036,0.0,0.0,36686.0,0.0036,0.0036,0.0036,10000612,2016-05-25,2016-05-25,P,2.0,2016-03-29
8984,2016-05-16 11:15:00,2016-05-16,0.0036,0.0,0.0,36686.0,0.0036,0.0036,0.0036,10000612,2016-05-25,2016-05-25,P,2.0,2016-03-29
8985,2016-05-16 11:16:00,2016-05-16,0.0036,70.0,2.0,36688.0,0.0036,0.0035,0.0035,10000612,2016-05-25,2016-05-25,P,2.0,2016-03-29
8986,2016-05-16 11:17:00,2016-05-16,0.0034,670.0,20.0,36697.0,0.0033,0.0034,0.0033,10000612,2016-05-25,2016-05-25,P,2.0,2016-03-29
8987,2016-05-16 11:18:00,2016-05-16,0.0034,0.0,0.0,36697.0,0.0034,0.0034,0.0034,10000612,2016-05-25,2016-05-25,P,2.0,2016-03-29
8988,2016-05-16 11:19:00,2016-05-16,0.0034,0.0,0.0,36697.0,0.0034,0.0034,0.0034,10000612,2016-05-25,2016-05-25,P,2.0,2016-03-29
8989,2016-05-16 11:20:00,2016-05-16,0.0034,0.0,0.0,36697.0,0.0034,0.0034,0.0034,10000612,2016-05-25,2016-05-25,P,2.0,2016-03-29
8990,2016-05-16 11:21:00,2016-05-16,0.0034,0.0,0.0,36697.0,0.0034,0.0034,0.0034,10000612,2016-05-25,2016-05-25,P,2.0,2016-03-29
8991,2016-05-16 11:22:00,2016-05-16,0.0034,0.0,0.0,36697.0,0.0034,0.0034,0.0034,10000612,2016-05-25,2016-05-25,P,2.0,2016-03-29
8992,2016-05-16 11:23:00,2016-05-16,0.0034,0.0,0.0,36697.0,0.0034,0.0034,0.0034,10000612,2016-05-25,2016-05-25,P,2.0,2016-03-29
8993,2016-05-16 11:24:00,2016-05-16,0.0034,0.0,0.0,36697.0,0.0034,0.0034,0.0034,10000612,2016-05-25,2016-05-25,P,2.0,2016-03-29
8994,2016-05-16 11:25:00,2016-05-16,0.0034,330.0,10.0,36687.0,0.0034,0.0033,0.0033,10000612,2016-05-25,2016-05-25,P,2.0,2016-03-29
8995,2016-05-16 11:26:00,2016-05-16,0.0033,0.0,0.0,36687.0,0.0033,0.0033,0.0033,10000612,2016-05-25,2016-05-25,P,2.0,2016-03-29
8996,2016-05-16 11:27:00,2016-05-16,0.0033,0.0,0.0,36687.0,0.0033,0.0033,0.0033,10000612,2016-05-25,2016-05-25,P,2.0,2016-03-29
8997,2016-05-16 11:28:00,2016-05-16,0.0033,0.0,0.0,36687.0,0.0033,0.0033,0.0033,10000612,2016-05-25,2016-05-25,P,2.0,2016-03-29
8998,2016-05-16 11:29:00,2016-05-16,0.0033,0.0,0.0,36687.0,0.0033,0.0033,0.0033,10000612,2016-05-25,2016-05-25,P,2.0,2016-03-29
8999,2016-05-16 11:30:00,2016-05-16,0.0034,510.0,15.0,36687.0,0.0033,0.0034,0.0033,10000612,2016-05-25,2016-05-25,P,2.0,2016-03-29
9000,2016-05-16 13:01:00,2016-05-16,0.0035,35.0,1.0,36688.0,0.0034,0.0035,0.0034,10000612,2016-05-25,2016-05-25,P,2.0,2016-03-29
9001,2016-05-16 13:02:00,2016-05-16,0.0036,2942.0,82.0,36627.0,0.0035,0.0036,0.0035,10000612,2016-05-25,2016-05-25,P,2.0,2016-03-29
9002,2016-05-16 13:03:00,2016-05-16,0.0036,0.0,0.0,36627.0,0.0036,0.0036,0.0036,10000612,2016-05-25,2016-05-25,P,2.0,2016-03-29
9003,2016-05-16 13:04:00,2016-05-16,0.0037,406.0,11.0,36627.0,0.0036,0.0037,0.0036,10000612,2016-05-25,2016-05-25,P,2.0,2016-03-29
9004,2016-05-16 13:05:00,2016-05-16,0.0037,36.0,1.0,36628.0,0.0037,0.0036,0.0036,10000612,2016-05-25,2016-05-25,P,2.0,2016-03-29
9005,2016-05-16 13:06:00,2016-05-16,0.0036,0.0,0.0,36628.0,0.0036,0.0036,0.0036,10000612,2016-05-25,2016-05-25,P,2.0,2016-03-29
9006,2016-05-16 13:07:00,2016-05-16,0.0036,0.0,0.0,36628.0,0.0036,0.0036,0.0036,10000612,2016-05-25,2016-05-25,P,2.0,2016-03-29
9007,2016-05-16 13:08:00,2016-05-16,0.0037,370.0,10.0,36628.0,0.0036,0.0037,0.0036,10000612,2016-05-25,2016-05-25,P,2.0,2016-03-29
9008,2016-05-16 13:09:00,2016-05-16,0.0037,0.0,0.0,36628.0,0.0037,0.0037,0.0037,10000612,2016-05-25,2016-05-25,P,2.0,2016-03-29
9009,2016-05-16 13:10:00,2016-05-16,0.0037,360.0,10.0,36638.0,0.0037,0.0036,0.0036,10000612,2016-05-25,2016-05-25,P,2.0,2016-03-29
9010,2016-05-16 13:11:00,2016-05-16,0.0036,0.0,0.0,36638.0,0.0036,0.0036,0.0036,10000612,2016-05-25,2016-05-25,P,2.0,2016-03-29
9011,2016-05-16 13:12:00,2016-05-16,0.0036,0.0,0.0,36638.0,0.0036,0.0036,0.0036,10000612,2016-05-25,2016-05-25,P,2.0,2016-03-29
9012,2016-05-16 13:13:00,2016-05-16,0.0037,1110.0,30.0,36618.0,0.0037,0.0037,0.0037,10000612,2016-05-25,2016-05-25,P,2.0,2016-03-29
9013,2016-05-16 13:14:00,2016-05-16,0.0037,0.0,0.0,36618.0,0.0037,0.0037,0.0037,10000612,2016-05-25,2016-05-25,P,2.0,2016-03-29
9014,2016-05-16 13:15:00,2016-05-16,0.0037,0.0,0.0,36618.0,0.0037,0.0037,0.0037,10000612,2016-05-25,2016-05-25,P,2.0,2016-03-29
9015,2016-05-16 13:16:00,2016-05-16,0.0037,0.0,0.0,36618.0,0.0037,0.0037,0.0037,10000612,2016-05-25,2016-05-25,P,2.0,2016-03-29
9016,2016-05-16 13:17:00,2016-05-16,0.0037,468.0,13.0,36608.0,0.0037,0.0036,0.0036,10000612,2016-05-25,2016-05-25,P,2.0,2016-03-29
9017,2016-05-16 13:18:00,2016-05-16,0.0036,0.0,0.0,36608.0,0.0036,0.0036,0.0036,10000612,2016-05-25,2016-05-25,P,2.0,2016-03-29
9018,2016-05-16 13:19:00,2016-05-16,0.0038,380.0,10.0,36618.0,0.0038,0.0038,0.0038,10000612,2016-05-25,2016-05-25,P,2.0,2016-03-29
9019,2016-05-16 13:20:00,2016-05-16,0.0038,0.0,0.0,36618.0,0.0038,0.0038,0.0038,10000612,2016-05-25,2016-05-25,P,2.0,2016-03-29
9020,2016-05-16 13:21:00,2016-05-16,0.0037,407.0,11.0,36618.0,0.0037,0.0037,0.0037,10000612,2016-05-25,2016-05-25,P,2.0,2016-03-29
9021,2016-05-16 13:22:00,2016-05-16,0.0037,0.0,0.0,36618.0,0.0037,0.0037,0.0037,10000612,2016-05-25,2016-05-25,P,2.0,2016-03-29
9022,2016-05-16 13:23:00,2016-05-16,0.0038,1510.0,40.0,36618.0,0.0037,0.0038,0.0037,10000612,2016-05-25,2016-05-25,P,2.0,2016-03-29
9023,2016-05-16 13:24:00,2016-05-16,0.004,5458.0,141.0,36583.0,0.0038,0.0038,0.0036,10000612,2016-05-25,2016-05-25,P,2.0,2016-03-29
9024,2016-05-16 13:25:00,2016-05-16,0.004,1490.0,38.0,36577.0,0.0038,0.004,0.0038,10000612,2016-05-25,2016-05-25,P,2.0,2016-03-29
9025,2016-05-16 13:26:00,2016-05-16,0.0042,1430.0,35.0,36567.0,0.004,0.0042,0.004,10000612,2016-05-25,2016-05-25,P,2.0,2016-03-29
9026,2016-05-16 13:27:00,2016-05-16,0.0042,1260.0,30.0,36547.0,0.0042,0.0042,0.0042,10000612,2016-05-25,2016-05-25,P,2.0,2016-03-29
9027,2016-05-16 13:28:00,2016-05-16,0.0042,840.0,20.0,36557.0,0.0042,0.0042,0.0042,10000612,2016-05-25,2016-05-25,P,2.0,2016-03-29
9028,2016-05-16 13:29:00,2016-05-16,0.0042,117.0,3.0,36559.0,0.0042,0.0039,0.0039,10000612,2016-05-25,2016-05-25,P,2.0,2016-03-29
9029,2016-05-16 13:30:00,2016-05-16,0.0039,0.0,0.0,36559.0,0.0039,0.0039,0.0039,10000612,2016-05-25,2016-05-25,P,2.0,2016-03-29
9030,2016-05-16 13:31:00,2016-05-16,0.0039,0.0,0.0,36559.0,0.0039,0.0039,0.0039,10000612,2016-05-25,2016-05-25,P,2.0,2016-03-29
9031,2016-05-16 13:32:00,2016-05-16,0.0039,770.0,20.0,36560.0,0.0039,0.0038,0.0038,10000612,2016-05-25,2016-05-25,P,2.0,2016-03-29
9032,2016-05-16 13:33:00,2016-05-16,0.0038,0.0,0.0,36560.0,0.0038,0.0038,0.0038,10000612,2016-05-25,2016-05-25,P,2.0,2016-03-29
9033,2016-05-16 13:34:00,2016-05-16,0.0038,0.0,0.0,36560.0,0.0038,0.0038,0.0038,10000612,2016-05-25,2016-05-25,P,2.0,2016-03-29
9034,2016-05-16 13:35:00,2016-05-16,0.004,1240.0,31.0,36551.0,0.0038,0.004,0.0038,10000612,2016-05-25,2016-05-25,P,2.0,2016-03-29
9035,2016-05-16 13:36:00,2016-05-16,0.004,0.0,0.0,36551.0,0.004,0.004,0.004,10000612,2016-05-25,2016-05-25,P,2.0,2016-03-29
9036,2016-05-16 13:37:00,2016-05-16,0.0041,1230.0,30.0,36551.0,0.004,0.0041,0.004,10000612,2016-05-25,2016-05-25,P,2.0,2016-03-29
9037,2016-05-16 13:38:00,2016-05-16,0.0041,164.0,4.0,36552.0,0.0041,0.0041,0.0041,10000612,2016-05-25,2016-05-25,P,2.0,2016-03-29
9038,2016-05-16 13:39:00,2016-05-16,0.0041,321.0,8.0,36560.0,0.0041,0.0041,0.004,10000612,2016-05-25,2016-05-25,P,2.0,2016-03-29
9039,2016-05-16 13:40:00,2016-05-16,0.0041,738.0,18.0,36578.0,0.0041,0.0041,0.0041,10000612,2016-05-25,2016-05-25,P,2.0,2016-03-29
9040,2016-05-16 13:41:00,2016-05-16,0.0041,2255.0,55.0,36568.0,0.0041,0.0041,0.0041,10000612,2016-05-25,2016-05-25,P,2.0,2016-03-29
9041,2016-05-16 13:42:00,2016-05-16,0.0041,1722.0,42.0,36559.0,0.0041,0.0041,0.0041,10000612,2016-05-25,2016-05-25,P,2.0,2016-03-29
9042,2016-05-16 13:43:00,2016-05-16,0.0041,12609.0,324.0,36245.0,0.0041,0.0037,0.0037,10000612,2016-05-25,2016-05-25,P,2.0,2016-03-29
9043,2016-05-16 13:44:00,2016-05-16,0.0037,0.0,0.0,36245.0,0.0037,0.0037,0.0037,10000612,2016-05-25,2016-05-25,P,2.0,2016-03-29
9044,2016-05-16 13:45:00,2016-05-16,0.0037,4699.0,127.0,36138.0,0.0037,0.0037,0.0037,10000612,2016-05-25,2016-05-25,P,2.0,2016-03-29
9045,2016-05-16 13:46:00,2016-05-16,0.0037,8028.0,222.0,35984.0,0.0037,0.0037,0.0035,10000612,2016-05-25,2016-05-25,P,2.0,2016-03-29
9046,2016-05-16 13:47:00,2016-05-16,0.0037,5676.0,155.0,35879.0,0.0036,0.0037,0.0036,10000612,2016-05-25,2016-05-25,P,2.0,2016-03-29
9047,2016-05-16 13:48:00,2016-05-16,0.0037,0.0,0.0,35879.0,0.0037,0.0037,0.0037,10000612,2016-05-25,2016-05-25,P,2.0,2016-03-29
9048,2016-05-16 13:49:00,2016-05-16,0.0038,950.0,25.0,35864.0,0.0037,0.0038,0.0037,10000612,2016-05-25,2016-05-25,P,2.0,2016-03-29
9049,2016-05-16 13:50:00,2016-05-16,0.0038,0.0,0.0,35864.0,0.0038,0.0038,0.0038,10000612,2016-05-25,2016-05-25,P,2.0,2016-03-29
9050,2016-05-16 13:51:00,2016-05-16,0.0039,780.0,20.0,35864.0,0.0038,0.0039,0.0038,10000612,2016-05-25,2016-05-25,P,2.0,2016-03-29
9051,2016-05-16 13:52:00,2016-05-16,0.004,2200.0,55.0,35829.0,0.0039,0.004,0.0039,10000612,2016-05-25,2016-05-25,P,2.0,2016-03-29
9052,2016-05-16 13:53:00,2016-05-16,0.004,234.0,6.0,35833.0,0.004,0.0039,0.0039,10000612,2016-05-25,2016-05-25,P,2.0,2016-03-29
9053,2016-05-16 13:54:00,2016-05-16,0.0039,0.0,0.0,35833.0,0.0039,0.0039,0.0039,10000612,2016-05-25,2016-05-25,P,2.0,2016-03-29
9054,2016-05-16 13:55:00,2016-05-16,0.0039,370.0,10.0,35833.0,0.0039,0.0037,0.0037,10000612,2016-05-25,2016-05-25,P,2.0,2016-03-29
9055,2016-05-16 13:56:00,2016-05-16,0.0037,1800.0,50.0,35843.0,0.0037,0.0036,0.0036,10000612,2016-05-25,2016-05-25,P,2.0,2016-03-29
9056,2016-05-16 13:57:00,2016-05-16,0.0036,1365.0,38.0,35840.0,0.0036,0.0036,0.0035,10000612,2016-05-25,2016-05-25,P,2.0,2016-03-29
9057,2016-05-16 13:58:00,2016-05-16,0.0037,550.0,15.0,35855.0,0.0036,0.0037,0.0036,10000612,2016-05-25,2016-05-25,P,2.0,2016-03-29
9058,2016-05-16 13:59:00,2016-05-16,0.0037,0.0,0.0,35855.0,0.0037,0.0037,0.0037,10000612,2016-05-25,2016-05-25,P,2.0,2016-03-29
9059,2016-05-16 14:00:00,2016-05-16,0.0037,720.0,20.0,35855.0,0.0037,0.0036,0.0036,10000612,2016-05-25,2016-05-25,P,2.0,2016-03-29
9060,2016-05-16 14:01:00,2016-05-16,0.0036,3384.0,94.0,35835.0,0.0036,0.0036,0.0036,10000612,2016-05-25,2016-05-25,P,2.0,2016-03-29
9061,2016-05-16 14:02:00,2016-05-16,0.0036,354.0,10.0,35839.0,0.0036,0.0035,0.0035,10000612,2016-05-25,2016-05-25,P,2.0,2016-03-29
9062,2016-05-16 14:03:00,2016-05-16,0.0036,1362.0,38.0,35839.0,0.0035,0.0036,0.0035,10000612,2016-05-25,2016-05-25,P,2.0,2016-03-29
9063,2016-05-16 14:04:00,2016-05-16,0.0037,777.0,21.0,35860.0,0.0037,0.0037,0.0037,10000612,2016-05-25,2016-05-25,P,2.0,2016-03-29
9064,2016-05-16 14:05:00,2016-05-16,0.0038,187.0,5.0,35860.0,0.0037,0.0037,0.0037,10000612,2016-05-25,2016-05-25,P,2.0,2016-03-29
9065,2016-05-16 14:06:00,2016-05-16,0.0038,3420.0,90.0,35800.0,0.0037,0.0038,0.0037,10000612,2016-05-25,2016-05-25,P,2.0,2016-03-29
9066,2016-05-16 14:07:00,2016-05-16,0.0039,1365.0,35.0,35790.0,0.0038,0.0039,0.0038,10000612,2016-05-25,2016-05-25,P,2.0,2016-03-29
9067,2016-05-16 14:08:00,2016-05-16,0.0039,760.0,20.0,35800.0,0.0039,0.0038,0.0038,10000612,2016-05-25,2016-05-25,P,2.0,2016-03-29
9068,2016-05-16 14:09:00,2016-05-16,0.0039,3050.0,80.0,35785.0,0.0038,0.0039,0.0038,10000612,2016-05-25,2016-05-25,P,2.0,2016-03-29
9069,2016-05-16 14:10:00,2016-05-16,0.0039,0.0,0.0,35785.0,0.0039,0.0039,0.0039,10000612,2016-05-25,2016-05-25,P,2.0,2016-03-29
9070,2016-05-16 14:11:00,2016-05-16,0.0039,0.0,0.0,35785.0,0.0039,0.0039,0.0039,10000612,2016-05-25,2016-05-25,P,2.0,2016-03-29
9071,2016-05-16 14:12:00,2016-05-16,0.0039,2107.0,56.0,35805.0,0.0039,0.0037,0.0037,10000612,2016-05-25,2016-05-25,P,2.0,2016-03-29
9072,2016-05-16 14:13:00,2016-05-16,0.0038,929.0,25.0,35806.0,0.0037,0.0038,0.0036,10000612,2016-05-25,2016-05-25,P,2.0,2016-03-29
9073,2016-05-16 14:14:00,2016-05-16,0.0038,518.0,14.0,35820.0,0.0038,0.0037,0.0037,10000612,2016-05-25,2016-05-25,P,2.0,2016-03-29
9074,2016-05-16 14:15:00,2016-05-16,0.0039,2715.0,72.0,35806.0,0.0037,0.0039,0.0037,10000612,2016-05-25,2016-05-25,P,2.0,2016-03-29
9075,2016-05-16 14:16:00,2016-05-16,0.0042,14060.0,350.0,35487.0,0.0039,0.0042,0.0039,10000612,2016-05-25,2016-05-25,P,2.0,2016-03-29
9076,2016-05-16 14:17:00,2016-05-16,0.0042,4104.0,101.0,35497.0,0.0042,0.0039,0.0039,10000612,2016-05-25,2016-05-25,P,2.0,2016-03-29
9077,2016-05-16 14:18:00,2016-05-16,0.0042,4862.0,117.0,35553.0,0.0039,0.004,0.0039,10000612,2016-05-25,2016-05-25,P,2.0,2016-03-29
9078,2016-05-16 14:19:00,2016-05-16,0.0049,13141.0,308.0,35680.0,0.0041,0.0042,0.0041,10000612,2016-05-25,2016-05-25,P,2.0,2016-03-29
9079,2016-05-16 14:20:00,2016-05-16,0.0042,1798.0,44.0,35690.0,0.0041,0.004,0.004,10000612,2016-05-25,2016-05-25,P,2.0,2016-03-29
9080,2016-05-16 14:21:00,2016-05-16,0.004,0.0,0.0,35690.0,0.004,0.004,0.004,10000612,2016-05-25,2016-05-25,P,2.0,2016-03-29
9081,2016-05-16 14:22:00,2016-05-16,0.0044,6706.0,158.0,35754.0,0.004,0.0041,0.004,10000612,2016-05-25,2016-05-25,P,2.0,2016-03-29
9082,2016-05-16 14:23:00,2016-05-16,0.0043,472.0,11.0,35745.0,0.0041,0.0042,0.0041,10000612,2016-05-25,2016-05-25,P,2.0,2016-03-29
9083,2016-05-16 14:24:00,2016-05-16,0.0043,2193.0,51.0,35742.0,0.0042,0.0043,0.0042,10000612,2016-05-25,2016-05-25,P,2.0,2016-03-29
9084,2016-05-16 14:25:00,2016-05-16,0.0044,2776.0,64.0,35758.0,0.0043,0.0044,0.0043,10000612,2016-05-25,2016-05-25,P,2.0,2016-03-29
9085,2016-05-16 14:26:00,2016-05-16,0.0044,3466.0,79.0,35816.0,0.0044,0.0044,0.0043,10000612,2016-05-25,2016-05-25,P,2.0,2016-03-29
9086,2016-05-16 14:27:00,2016-05-16,0.0045,665.0,15.0,35816.0,0.0044,0.0044,0.0044,10000612,2016-05-25,2016-05-25,P,2.0,2016-03-29
9087,2016-05-16 14:28:00,2016-05-16,0.0047,9589.0,211.0,35810.0,0.0044,0.0046,0.0044,10000612,2016-05-25,2016-05-25,P,2.0,2016-03-29
9088,2016-05-16 14:29:00,2016-05-16,0.0047,3190.0,70.0,35810.0,0.0045,0.0045,0.0045,10000612,2016-05-25,2016-05-25,P,2.0,2016-03-29
9089,2016-05-16 14:30:00,2016-05-16,0.0045,1793.0,40.0,35827.0,0.0045,0.0045,0.0044,10000612,2016-05-25,2016-05-25,P,2.0,2016-03-29
9090,2016-05-16 14:31:00,2016-05-16,0.0043,842.0,20.0,35817.0,0.0043,0.0042,0.0042,10000612,2016-05-25,2016-05-25,P,2.0,2016-03-29
9091,2016-05-16 14:32:00,2016-05-16,0.0042,1402.0,35.0,35817.0,0.0042,0.0039,0.0039,10000612,2016-05-25,2016-05-25,P,2.0,2016-03-29
9092,2016-05-16 14:33:00,2016-05-16,0.0039,507.0,13.0,35817.0,0.0039,0.0039,0.0039,10000612,2016-05-25,2016-05-25,P,2.0,2016-03-29
9093,2016-05-16 14:34:00,2016-05-16,0.004,1873.0,48.0,35824.0,0.0039,0.0039,0.0039,10000612,2016-05-25,2016-05-25,P,2.0,2016-03-29
9094,2016-05-16 14:35:00,2016-05-16,0.0039,233.0,6.0,35825.0,0.0039,0.0039,0.0038,10000612,2016-05-25,2016-05-25,P,2.0,2016-03-29
9095,2016-05-16 14:36:00,2016-05-16,0.0039,2105.0,55.0,35801.0,0.0039,0.0038,0.0038,10000612,2016-05-25,2016-05-25,P,2.0,2016-03-29
9096,2016-05-16 14:37:00,2016-05-16,0.0038,1556.0,42.0,35773.0,0.0038,0.0036,0.0036,10000612,2016-05-25,2016-05-25,P,2.0,2016-03-29
9097,2016-05-16 14:38:00,2016-05-16,0.0037,4685.0,130.0,35693.0,0.0036,0.0037,0.0036,10000612,2016-05-25,2016-05-25,P,2.0,2016-03-29
9098,2016-05-16 14:39:00,2016-05-16,0.0037,2020.0,55.0,35700.0,0.0037,0.0037,0.0036,10000612,2016-05-25,2016-05-25,P,2.0,2016-03-29
9099,2016-05-16 14:40:00,2016-05-16,0.0038,3612.0,96.0,35701.0,0.0037,0.0037,0.0037,10000612,2016-05-25,2016-05-25,P,2.0,2016-03-29
9100,2016-05-16 14:41:00,2016-05-16,0.0038,3980.0,110.0,35779.0,0.0037,0.0036,0.0036,10000612,2016-05-25,2016-05-25,P,2.0,2016-03-29
9101,2016-05-16 14:42:00,2016-05-16,0.0038,380.0,10.0,35784.0,0.0036,0.0038,0.0036,10000612,2016-05-25,2016-05-25,P,2.0,2016-03-29
9102,2016-05-16 14:43:00,2016-05-16,0.004,3487.0,91.0,35843.0,0.0038,0.0039,0.0037,10000612,2016-05-25,2016-05-25,P,2.0,2016-03-29
9103,2016-05-16 14:44:00,2016-05-16,0.0039,4645.0,120.0,35883.0,0.0039,0.0039,0.0038,10000612,2016-05-25,2016-05-25,P,2.0,2016-03-29
9104,2016-05-16 14:45:00,2016-05-16,0.0039,5801.0,152.0,35741.0,0.0039,0.0038,0.0038,10000612,2016-05-25,2016-05-25,P,2.0,2016-03-29
9105,2016-05-16 14:46:00,2016-05-16,0.0038,646.0,17.0,35734.0,0.0038,0.0038,0.0038,10000612,2016-05-25,2016-05-25,P,2.0,2016-03-29
9106,2016-05-16 14:47:00,2016-05-16,0.0038,114.0,3.0,35731.0,0.0038,0.0038,0.0038,10000612,2016-05-25,2016-05-25,P,2.0,2016-03-29
9107,2016-05-16 14:48:00,2016-05-16,0.0038,266.0,7.0,35738.0,0.0038,0.0038,0.0038,10000612,2016-05-25,2016-05-25,P,2.0,2016-03-29
9108,2016-05-16 14:49:00,2016-05-16,0.0038,4440.0,120.0,35718.0,0.0038,0.0037,0.0037,10000612,2016-05-25,2016-05-25,P,2.0,2016-03-29
9109,2016-05-16 14:50:00,2016-05-16,0.0038,1500.0,40.0,35708.0,0.0037,0.0038,0.0037,10000612,2016-05-25,2016-05-25,P,2.0,2016-03-29
9110,2016-05-16 14:51:00,2016-05-16,0.0038,0.0,0.0,35708.0,0.0038,0.0038,0.0038,10000612,2016-05-25,2016-05-25,P,2.0,2016-03-29
9111,2016-05-16 14:52:00,2016-05-16,0.0038,1850.0,50.0,35698.0,0.0038,0.0037,0.0036,10000612,2016-05-25,2016-05-25,P,2.0,2016-03-29
9112,2016-05-16 14:53:00,2016-05-16,0.0037,1460.0,40.0,35698.0,0.0037,0.0036,0.0036,10000612,2016-05-25,2016-05-25,P,2.0,2016-03-29
9113,2016-05-16 14:54:00,2016-05-16,0.0039,1372.0,36.0,35698.0,0.0036,0.0039,0.0036,10000612,2016-05-25,2016-05-25,P,2.0,2016-03-29
9114,2016-05-16 14:55:00,2016-05-16,0.0039,3280.0,90.0,35698.0,0.0039,0.0037,0.0036,10000612,2016-05-25,2016-05-25,P,2.0,2016-03-29
9115,2016-05-16 14:56:00,2016-05-16,0.0037,4964.0,139.0,35718.0,0.0037,0.0036,0.0035,10000612,2016-05-25,2016-05-25,P,2.0,2016-03-29
9116,2016-05-16 14:57:00,2016-05-16,0.0037,4750.0,130.0,35708.0,0.0036,0.0036,0.0036,10000612,2016-05-25,2016-05-25,P,2.0,2016-03-29
9117,2016-05-16 14:58:00,2016-05-16,0.0036,0.0,0.0,35708.0,0.0036,0.0036,0.0036,10000612,2016-05-25,2016-05-25,P,2.0,2016-03-29
9118,2016-05-16 14:59:00,2016-05-16,0.0036,0.0,0.0,35708.0,0.0036,0.0036,0.0036,10000612,2016-05-25,2016-05-25,P,2.0,2016-03-29
9119,2016-05-16 15:00:00,2016-05-16,0.0036,0.0,0.0,35708.0,0.0036,0.0036,0.0036,10000612,2016-05-25,2016-05-25,P,2.0,2016-03-29
9120,2016-05-16 09:31:00,2016-05-16,0.135,0.0,0.0,512.0,0.135,0.135,0.135,10000625,2016-12-28,2016-12-28,C,1.9569999999999999,2016-05-09
9121,2016-05-16 09:32:00,2016-05-16,0.135,0.0,0.0,512.0,0.135,0.135,0.135,10000625,2016-12-28,2016-12-28,C,1.9569999999999999,2016-05-09
9122,2016-05-16 09:33:00,2016-05-16,0.135,0.0,0.0,512.0,0.135,0.135,0.135,10000625,2016-12-28,2016-12-28,C,1.9569999999999999,2016-05-09
9123,2016-05-16 09:34:00,2016-05-16,0.135,0.0,0.0,512.0,0.135,0.135,0.135,10000625,2016-12-28,2016-12-28,C,1.9569999999999999,2016-05-09
9124,2016-05-16 09:35:00,2016-05-16,0.1344,2688.0,2.0,512.0,0.135,0.1344,0.1344,10000625,2016-12-28,2016-12-28,C,1.9569999999999999,2016-05-09
9125,2016-05-16 09:36:00,2016-05-16,0.1358,18956.0,14.0,512.0,0.1344,0.1358,0.1344,10000625,2016-12-28,2016-12-28,C,1.9569999999999999,2016-05-09
9126,2016-05-16 09:37:00,2016-05-16,0.1358,0.0,0.0,512.0,0.1358,0.1358,0.1358,10000625,2016-12-28,2016-12-28,C,1.9569999999999999,2016-05-09
9127,2016-05-16 09:38:00,2016-05-16,0.1358,0.0,0.0,512.0,0.1358,0.1358,0.1358,10000625,2016-12-28,2016-12-28,C,1.9569999999999999,2016-05-09
9128,2016-05-16 09:39:00,2016-05-16,0.1358,0.0,0.0,512.0,0.1358,0.1358,0.1358,10000625,2016-12-28,2016-12-28,C,1.9569999999999999,2016-05-09
9129,2016-05-16 09:40:00,2016-05-16,0.1358,0.0,0.0,512.0,0.1358,0.1358,0.1358,10000625,2016-12-28,2016-12-28,C,1.9569999999999999,2016-05-09
9130,2016-05-16 09:41:00,2016-05-16,0.1358,0.0,0.0,512.0,0.1358,0.1358,0.1358,10000625,2016-12-28,2016-12-28,C,1.9569999999999999,2016-05-09
9131,2016-05-16 09:42:00,2016-05-16,0.1358,0.0,0.0,512.0,0.1358,0.1358,0.1358,10000625,2016-12-28,2016-12-28,C,1.9569999999999999,2016-05-09
9132,2016-05-16 09:43:00,2016-05-16,0.1358,0.0,0.0,512.0,0.1358,0.1358,0.1358,10000625,2016-12-28,2016-12-28,C,1.9569999999999999,2016-05-09
9133,2016-05-16 09:44:00,2016-05-16,0.1358,0.0,0.0,512.0,0.1358,0.1358,0.1358,10000625,2016-12-28,2016-12-28,C,1.9569999999999999,2016-05-09
9134,2016-05-16 09:45:00,2016-05-16,0.1358,0.0,0.0,512.0,0.1358,0.1358,0.1358,10000625,2016-12-28,2016-12-28,C,1.9569999999999999,2016-05-09
9135,2016-05-16 09:46:00,2016-05-16,0.1358,0.0,0.0,512.0,0.1358,0.1358,0.1358,10000625,2016-12-28,2016-12-28,C,1.9569999999999999,2016-05-09
9136,2016-05-16 09:47:00,2016-05-16,0.1358,0.0,0.0,512.0,0.1358,0.1358,0.1358,10000625,2016-12-28,2016-12-28,C,1.9569999999999999,2016-05-09
9137,2016-05-16 09:48:00,2016-05-16,0.1358,0.0,0.0,512.0,0.1358,0.1358,0.1358,10000625,2016-12-28,2016-12-28,C,1.9569999999999999,2016-05-09
9138,2016-05-16 09:49:00,2016-05-16,0.1358,0.0,0.0,512.0,0.1358,0.1358,0.1358,10000625,2016-12-28,2016-12-28,C,1.9569999999999999,2016-05-09
9139,2016-05-16 09:50:00,2016-05-16,0.1358,0.0,0.0,512.0,0.1358,0.1358,0.1358,10000625,2016-12-28,2016-12-28,C,1.9569999999999999,2016-05-09
9140,2016-05-16 09:51:00,2016-05-16,0.1358,0.0,0.0,512.0,0.1358,0.1358,0.1358,10000625,2016-12-28,2016-12-28,C,1.9569999999999999,2016-05-09
9141,2016-05-16 09:52:00,2016-05-16,0.1358,0.0,0.0,512.0,0.1358,0.1358,0.1358,10000625,2016-12-28,2016-12-28,C,1.9569999999999999,2016-05-09
9142,2016-05-16 09:53:00,2016-05-16,0.1358,1320.0,1.0,511.0,0.1358,0.132,0.132,10000625,2016-12-28,2016-12-28,C,1.9569999999999999,2016-05-09
9143,2016-05-16 09:54:00,2016-05-16,0.132,0.0,0.0,511.0,0.132,0.132,0.132,10000625,2016-12-28,2016-12-28,C,1.9569999999999999,2016-05-09
9144,2016-05-16 09:55:00,2016-05-16,0.132,0.0,0.0,511.0,0.132,0.132,0.132,10000625,2016-12-28,2016-12-28,C,1.9569999999999999,2016-05-09
9145,2016-05-16 09:56:00,2016-05-16,0.132,0.0,0.0,511.0,0.132,0.132,0.132,10000625,2016-12-28,2016-12-28,C,1.9569999999999999,2016-05-09
9146,2016-05-16 09:57:00,2016-05-16,0.132,0.0,0.0,511.0,0.132,0.132,0.132,10000625,2016-12-28,2016-12-28,C,1.9569999999999999,2016-05-09
9147,2016-05-16 09:58:00,2016-05-16,0.1321,2642.0,2.0,509.0,0.132,0.1321,0.132,10000625,2016-12-28,2016-12-28,C,1.9569999999999999,2016-05-09
9148,2016-05-16 09:59:00,2016-05-16,0.1321,0.0,0.0,509.0,0.1321,0.1321,0.1321,10000625,2016-12-28,2016-12-28,C,1.9569999999999999,2016-05-09
9149,2016-05-16 10:00:00,2016-05-16,0.1321,0.0,0.0,509.0,0.1321,0.1321,0.1321,10000625,2016-12-28,2016-12-28,C,1.9569999999999999,2016-05-09
9150,2016-05-16 10:01:00,2016-05-16,0.1321,0.0,0.0,509.0,0.1321,0.1321,0.1321,10000625,2016-12-28,2016-12-28,C,1.9569999999999999,2016-05-09
9151,2016-05-16 10:02:00,2016-05-16,0.1321,0.0,0.0,509.0,0.1321,0.1321,0.1321,10000625,2016-12-28,2016-12-28,C,1.9569999999999999,2016-05-09
9152,2016-05-16 10:03:00,2016-05-16,0.1321,0.0,0.0,509.0,0.1321,0.1321,0.1321,10000625,2016-12-28,2016-12-28,C,1.9569999999999999,2016-05-09
9153,2016-05-16 10:04:00,2016-05-16,0.1321,1316.0,1.0,509.0,0.1321,0.1316,0.1316,10000625,2016-12-28,2016-12-28,C,1.9569999999999999,2016-05-09
9154,2016-05-16 10:05:00,2016-05-16,0.1316,0.0,0.0,509.0,0.1316,0.1316,0.1316,10000625,2016-12-28,2016-12-28,C,1.9569999999999999,2016-05-09
9155,2016-05-16 10:06:00,2016-05-16,0.1316,2602.0,2.0,509.0,0.1316,0.1301,0.1301,10000625,2016-12-28,2016-12-28,C,1.9569999999999999,2016-05-09
9156,2016-05-16 10:07:00,2016-05-16,0.1316,6580.0,5.0,509.0,0.1301,0.1316,0.1301,10000625,2016-12-28,2016-12-28,C,1.9569999999999999,2016-05-09
9157,2016-05-16 10:08:00,2016-05-16,0.1316,0.0,0.0,509.0,0.1316,0.1316,0.1316,10000625,2016-12-28,2016-12-28,C,1.9569999999999999,2016-05-09
9158,2016-05-16 10:09:00,2016-05-16,0.1316,0.0,0.0,509.0,0.1316,0.1316,0.1316,10000625,2016-12-28,2016-12-28,C,1.9569999999999999,2016-05-09
9159,2016-05-16 10:10:00,2016-05-16,0.1316,0.0,0.0,509.0,0.1316,0.1316,0.1316,10000625,2016-12-28,2016-12-28,C,1.9569999999999999,2016-05-09
9160,2016-05-16 10:11:00,2016-05-16,0.1316,0.0,0.0,509.0,0.1316,0.1316,0.1316,10000625,2016-12-28,2016-12-28,C,1.9569999999999999,2016-05-09
9161,2016-05-16 10:12:00,2016-05-16,0.1316,0.0,0.0,509.0,0.1316,0.1316,0.1316,10000625,2016-12-28,2016-12-28,C,1.9569999999999999,2016-05-09
9162,2016-05-16 10:13:00,2016-05-16,0.1316,0.0,0.0,509.0,0.1316,0.1316,0.1316,10000625,2016-12-28,2016-12-28,C,1.9569999999999999,2016-05-09
9163,2016-05-16 10:14:00,2016-05-16,0.1316,0.0,0.0,509.0,0.1316,0.1316,0.1316,10000625,2016-12-28,2016-12-28,C,1.9569999999999999,2016-05-09
9164,2016-05-16 10:15:00,2016-05-16,0.1316,0.0,0.0,509.0,0.1316,0.1316,0.1316,10000625,2016-12-28,2016-12-28,C,1.9569999999999999,2016-05-09
9165,2016-05-16 10:16:00,2016-05-16,0.1316,0.0,0.0,509.0,0.1316,0.1316,0.1316,10000625,2016-12-28,2016-12-28,C,1.9569999999999999,2016-05-09
9166,2016-05-16 10:17:00,2016-05-16,0.1316,0.0,0.0,509.0,0.1316,0.1316,0.1316,10000625,2016-12-28,2016-12-28,C,1.9569999999999999,2016-05-09
9167,2016-05-16 10:18:00,2016-05-16,0.1316,0.0,0.0,509.0,0.1316,0.1316,0.1316,10000625,2016-12-28,2016-12-28,C,1.9569999999999999,2016-05-09
9168,2016-05-16 10:19:00,2016-05-16,0.1316,0.0,0.0,509.0,0.1316,0.1316,0.1316,10000625,2016-12-28,2016-12-28,C,1.9569999999999999,2016-05-09
9169,2016-05-16 10:20:00,2016-05-16,0.1316,0.0,0.0,509.0,0.1316,0.1316,0.1316,10000625,2016-12-28,2016-12-28,C,1.9569999999999999,2016-05-09
9170,2016-05-16 10:21:00,2016-05-16,0.1316,0.0,0.0,509.0,0.1316,0.1316,0.1316,10000625,2016-12-28,2016-12-28,C,1.9569999999999999,2016-05-09
9171,2016-05-16 10:22:00,2016-05-16,0.1316,0.0,0.0,509.0,0.1316,0.1316,0.1316,10000625,2016-12-28,2016-12-28,C,1.9569999999999999,2016-05-09
9172,2016-05-16 10:23:00,2016-05-16,0.1316,0.0,0.0,509.0,0.1316,0.1316,0.1316,10000625,2016-12-28,2016-12-28,C,1.9569999999999999,2016-05-09
9173,2016-05-16 10:24:00,2016-05-16,0.1316,1309.0,1.0,510.0,0.1316,0.1309,0.1309,10000625,2016-12-28,2016-12-28,C,1.9569999999999999,2016-05-09
9174,2016-05-16 10:25:00,2016-05-16,0.1309,0.0,0.0,510.0,0.1309,0.1309,0.1309,10000625,2016-12-28,2016-12-28,C,1.9569999999999999,2016-05-09
9175,2016-05-16 10:26:00,2016-05-16,0.1309,0.0,0.0,510.0,0.1309,0.1309,0.1309,10000625,2016-12-28,2016-12-28,C,1.9569999999999999,2016-05-09
9176,2016-05-16 10:27:00,2016-05-16,0.1309,0.0,0.0,510.0,0.1309,0.1309,0.1309,10000625,2016-12-28,2016-12-28,C,1.9569999999999999,2016-05-09
9177,2016-05-16 10:28:00,2016-05-16,0.1309,0.0,0.0,510.0,0.1309,0.1309,0.1309,10000625,2016-12-28,2016-12-28,C,1.9569999999999999,2016-05-09
9178,2016-05-16 10:29:00,2016-05-16,0.1309,0.0,0.0,510.0,0.1309,0.1309,0.1309,10000625,2016-12-28,2016-12-28,C,1.9569999999999999,2016-05-09
9179,2016-05-16 10:30:00,2016-05-16,0.1309,0.0,0.0,510.0,0.1309,0.1309,0.1309,10000625,2016-12-28,2016-12-28,C,1.9569999999999999,2016-05-09
9180,2016-05-16 10:31:00,2016-05-16,0.1309,0.0,0.0,510.0,0.1309,0.1309,0.1309,10000625,2016-12-28,2016-12-28,C,1.9569999999999999,2016-05-09
9181,2016-05-16 10:32:00,2016-05-16,0.1309,0.0,0.0,510.0,0.1309,0.1309,0.1309,10000625,2016-12-28,2016-12-28,C,1.9569999999999999,2016-05-09
9182,2016-05-16 10:33:00,2016-05-16,0.1309,0.0,0.0,510.0,0.1309,0.1309,0.1309,10000625,2016-12-28,2016-12-28,C,1.9569999999999999,2016-05-09
9183,2016-05-16 10:34:00,2016-05-16,0.1309,0.0,0.0,510.0,0.1309,0.1309,0.1309,10000625,2016-12-28,2016-12-28,C,1.9569999999999999,2016-05-09
9184,2016-05-16 10:35:00,2016-05-16,0.1309,0.0,0.0,510.0,0.1309,0.1309,0.1309,10000625,2016-12-28,2016-12-28,C,1.9569999999999999,2016-05-09
9185,2016-05-16 10:36:00,2016-05-16,0.1309,0.0,0.0,510.0,0.1309,0.1309,0.1309,10000625,2016-12-28,2016-12-28,C,1.9569999999999999,2016-05-09
9186,2016-05-16 10:37:00,2016-05-16,0.1309,0.0,0.0,510.0,0.1309,0.1309,0.1309,10000625,2016-12-28,2016-12-28,C,1.9569999999999999,2016-05-09
9187,2016-05-16 10:38:00,2016-05-16,0.1309,1309.0,1.0,511.0,0.1309,0.1309,0.1309,10000625,2016-12-28,2016-12-28,C,1.9569999999999999,2016-05-09
9188,2016-05-16 10:39:00,2016-05-16,0.1309,0.0,0.0,511.0,0.1309,0.1309,0.1309,10000625,2016-12-28,2016-12-28,C,1.9569999999999999,2016-05-09
9189,2016-05-16 10:40:00,2016-05-16,0.1309,0.0,0.0,511.0,0.1309,0.1309,0.1309,10000625,2016-12-28,2016-12-28,C,1.9569999999999999,2016-05-09
9190,2016-05-16 10:41:00,2016-05-16,0.1309,0.0,0.0,511.0,0.1309,0.1309,0.1309,10000625,2016-12-28,2016-12-28,C,1.9569999999999999,2016-05-09
9191,2016-05-16 10:42:00,2016-05-16,0.1309,0.0,0.0,511.0,0.1309,0.1309,0.1309,10000625,2016-12-28,2016-12-28,C,1.9569999999999999,2016-05-09
9192,2016-05-16 10:43:00,2016-05-16,0.1309,0.0,0.0,511.0,0.1309,0.1309,0.1309,10000625,2016-12-28,2016-12-28,C,1.9569999999999999,2016-05-09
9193,2016-05-16 10:44:00,2016-05-16,0.1309,0.0,0.0,511.0,0.1309,0.1309,0.1309,10000625,2016-12-28,2016-12-28,C,1.9569999999999999,2016-05-09
9194,2016-05-16 10:45:00,2016-05-16,0.1309,0.0,0.0,511.0,0.1309,0.1309,0.1309,10000625,2016-12-28,2016-12-28,C,1.9569999999999999,2016-05-09
9195,2016-05-16 10:46:00,2016-05-16,0.1309,0.0,0.0,511.0,0.1309,0.1309,0.1309,10000625,2016-12-28,2016-12-28,C,1.9569999999999999,2016-05-09
9196,2016-05-16 10:47:00,2016-05-16,0.1309,0.0,0.0,511.0,0.1309,0.1309,0.1309,10000625,2016-12-28,2016-12-28,C,1.9569999999999999,2016-05-09
9197,2016-05-16 10:48:00,2016-05-16,0.1309,0.0,0.0,511.0,0.1309,0.1309,0.1309,10000625,2016-12-28,2016-12-28,C,1.9569999999999999,2016-05-09
9198,2016-05-16 10:49:00,2016-05-16,0.1309,0.0,0.0,511.0,0.1309,0.1309,0.1309,10000625,2016-12-28,2016-12-28,C,1.9569999999999999,2016-05-09
9199,2016-05-16 10:50:00,2016-05-16,0.1309,0.0,0.0,511.0,0.1309,0.1309,0.1309,10000625,2016-12-28,2016-12-28,C,1.9569999999999999,2016-05-09
9200,2016-05-16 10:51:00,2016-05-16,0.1344,13440.0,10.0,511.0,0.1309,0.1344,0.1309,10000625,2016-12-28,2016-12-28,C,1.9569999999999999,2016-05-09
9201,2016-05-16 10:52:00,2016-05-16,0.1344,0.0,0.0,511.0,0.1344,0.1344,0.1344,10000625,2016-12-28,2016-12-28,C,1.9569999999999999,2016-05-09
9202,2016-05-16 10:53:00,2016-05-16,0.1344,0.0,0.0,511.0,0.1344,0.1344,0.1344,10000625,2016-12-28,2016-12-28,C,1.9569999999999999,2016-05-09
9203,2016-05-16 10:54:00,2016-05-16,0.1344,0.0,0.0,511.0,0.1344,0.1344,0.1344,10000625,2016-12-28,2016-12-28,C,1.9569999999999999,2016-05-09
9204,2016-05-16 10:55:00,2016-05-16,0.1344,0.0,0.0,511.0,0.1344,0.1344,0.1344,10000625,2016-12-28,2016-12-28,C,1.9569999999999999,2016-05-09
9205,2016-05-16 10:56:00,2016-05-16,0.1344,8034.0,6.0,517.0,0.1344,0.1339,0.1339,10000625,2016-12-28,2016-12-28,C,1.9569999999999999,2016-05-09
9206,2016-05-16 10:57:00,2016-05-16,0.1339,0.0,0.0,517.0,0.1339,0.1339,0.1339,10000625,2016-12-28,2016-12-28,C,1.9569999999999999,2016-05-09
9207,2016-05-16 10:58:00,2016-05-16,0.1339,0.0,0.0,517.0,0.1339,0.1339,0.1339,10000625,2016-12-28,2016-12-28,C,1.9569999999999999,2016-05-09
9208,2016-05-16 10:59:00,2016-05-16,0.1363,23150.0,17.0,534.0,0.1339,0.1363,0.1339,10000625,2016-12-28,2016-12-28,C,1.9569999999999999,2016-05-09
9209,2016-05-16 11:00:00,2016-05-16,0.1363,0.0,0.0,534.0,0.1363,0.1363,0.1363,10000625,2016-12-28,2016-12-28,C,1.9569999999999999,2016-05-09
9210,2016-05-16 11:01:00,2016-05-16,0.1363,0.0,0.0,534.0,0.1363,0.1363,0.1363,10000625,2016-12-28,2016-12-28,C,1.9569999999999999,2016-05-09
9211,2016-05-16 11:02:00,2016-05-16,0.1363,0.0,0.0,534.0,0.1363,0.1363,0.1363,10000625,2016-12-28,2016-12-28,C,1.9569999999999999,2016-05-09
9212,2016-05-16 11:03:00,2016-05-16,0.1363,0.0,0.0,534.0,0.1363,0.1363,0.1363,10000625,2016-12-28,2016-12-28,C,1.9569999999999999,2016-05-09
9213,2016-05-16 11:04:00,2016-05-16,0.1363,0.0,0.0,534.0,0.1363,0.1363,0.1363,10000625,2016-12-28,2016-12-28,C,1.9569999999999999,2016-05-09
9214,2016-05-16 11:05:00,2016-05-16,0.1363,0.0,0.0,534.0,0.1363,0.1363,0.1363,10000625,2016-12-28,2016-12-28,C,1.9569999999999999,2016-05-09
9215,2016-05-16 11:06:00,2016-05-16,0.1363,0.0,0.0,534.0,0.1363,0.1363,0.1363,10000625,2016-12-28,2016-12-28,C,1.9569999999999999,2016-05-09
9216,2016-05-16 11:07:00,2016-05-16,0.1363,0.0,0.0,534.0,0.1363,0.1363,0.1363,10000625,2016-12-28,2016-12-28,C,1.9569999999999999,2016-05-09
9217,2016-05-16 11:08:00,2016-05-16,0.1363,0.0,0.0,534.0,0.1363,0.1363,0.1363,10000625,2016-12-28,2016-12-28,C,1.9569999999999999,2016-05-09
9218,2016-05-16 11:09:00,2016-05-16,0.1363,0.0,0.0,534.0,0.1363,0.1363,0.1363,10000625,2016-12-28,2016-12-28,C,1.9569999999999999,2016-05-09
9219,2016-05-16 11:10:00,2016-05-16,0.1363,0.0,0.0,534.0,0.1363,0.1363,0.1363,10000625,2016-12-28,2016-12-28,C,1.9569999999999999,2016-05-09
9220,2016-05-16 11:11:00,2016-05-16,0.1363,0.0,0.0,534.0,0.1363,0.1363,0.1363,10000625,2016-12-28,2016-12-28,C,1.9569999999999999,2016-05-09
9221,2016-05-16 11:12:00,2016-05-16,0.1363,0.0,0.0,534.0,0.1363,0.1363,0.1363,10000625,2016-12-28,2016-12-28,C,1.9569999999999999,2016-05-09
9222,2016-05-16 11:13:00,2016-05-16,0.1363,0.0,0.0,534.0,0.1363,0.1363,0.1363,10000625,2016-12-28,2016-12-28,C,1.9569999999999999,2016-05-09
9223,2016-05-16 11:14:00,2016-05-16,0.1363,0.0,0.0,534.0,0.1363,0.1363,0.1363,10000625,2016-12-28,2016-12-28,C,1.9569999999999999,2016-05-09
9224,2016-05-16 11:15:00,2016-05-16,0.1363,0.0,0.0,534.0,0.1363,0.1363,0.1363,10000625,2016-12-28,2016-12-28,C,1.9569999999999999,2016-05-09
9225,2016-05-16 11:16:00,2016-05-16,0.1363,0.0,0.0,534.0,0.1363,0.1363,0.1363,10000625,2016-12-28,2016-12-28,C,1.9569999999999999,2016-05-09
9226,2016-05-16 11:17:00,2016-05-16,0.1363,0.0,0.0,534.0,0.1363,0.1363,0.1363,10000625,2016-12-28,2016-12-28,C,1.9569999999999999,2016-05-09
9227,2016-05-16 11:18:00,2016-05-16,0.1355,4065.0,3.0,537.0,0.1355,0.1355,0.1355,10000625,2016-12-28,2016-12-28,C,1.9569999999999999,2016-05-09
9228,2016-05-16 11:19:00,2016-05-16,0.1355,0.0,0.0,537.0,0.1355,0.1355,0.1355,10000625,2016-12-28,2016-12-28,C,1.9569999999999999,2016-05-09
9229,2016-05-16 11:20:00,2016-05-16,0.1355,0.0,0.0,537.0,0.1355,0.1355,0.1355,10000625,2016-12-28,2016-12-28,C,1.9569999999999999,2016-05-09
9230,2016-05-16 11:21:00,2016-05-16,0.1355,0.0,0.0,537.0,0.1355,0.1355,0.1355,10000625,2016-12-28,2016-12-28,C,1.9569999999999999,2016-05-09
9231,2016-05-16 11:22:00,2016-05-16,0.1355,0.0,0.0,537.0,0.1355,0.1355,0.1355,10000625,2016-12-28,2016-12-28,C,1.9569999999999999,2016-05-09
9232,2016-05-16 11:23:00,2016-05-16,0.1355,0.0,0.0,537.0,0.1355,0.1355,0.1355,10000625,2016-12-28,2016-12-28,C,1.9569999999999999,2016-05-09
9233,2016-05-16 11:24:00,2016-05-16,0.1355,0.0,0.0,537.0,0.1355,0.1355,0.1355,10000625,2016-12-28,2016-12-28,C,1.9569999999999999,2016-05-09
9234,2016-05-16 11:25:00,2016-05-16,0.1355,0.0,0.0,537.0,0.1355,0.1355,0.1355,10000625,2016-12-28,2016-12-28,C,1.9569999999999999,2016-05-09
9235,2016-05-16 11:26:00,2016-05-16,0.1355,0.0,0.0,537.0,0.1355,0.1355,0.1355,10000625,2016-12-28,2016-12-28,C,1.9569999999999999,2016-05-09
9236,2016-05-16 11:27:00,2016-05-16,0.1355,0.0,0.0,537.0,0.1355,0.1355,0.1355,10000625,2016-12-28,2016-12-28,C,1.9569999999999999,2016-05-09
9237,2016-05-16 11:28:00,2016-05-16,0.1355,0.0,0.0,537.0,0.1355,0.1355,0.1355,10000625,2016-12-28,2016-12-28,C,1.9569999999999999,2016-05-09
9238,2016-05-16 11:29:00,2016-05-16,0.1355,0.0,0.0,537.0,0.1355,0.1355,0.1355,10000625,2016-12-28,2016-12-28,C,1.9569999999999999,2016-05-09
9239,2016-05-16 11:30:00,2016-05-16,0.1355,0.0,0.0,537.0,0.1355,0.1355,0.1355,10000625,2016-12-28,2016-12-28,C,1.9569999999999999,2016-05-09
9240,2016-05-16 13:01:00,2016-05-16,0.1355,0.0,0.0,537.0,0.1355,0.1355,0.1355,10000625,2016-12-28,2016-12-28,C,1.9569999999999999,2016-05-09
9241,2016-05-16 13:02:00,2016-05-16,0.1355,0.0,0.0,537.0,0.1355,0.1355,0.1355,10000625,2016-12-28,2016-12-28,C,1.9569999999999999,2016-05-09
9242,2016-05-16 13:03:00,2016-05-16,0.1355,0.0,0.0,537.0,0.1355,0.1355,0.1355,10000625,2016-12-28,2016-12-28,C,1.9569999999999999,2016-05-09
9243,2016-05-16 13:04:00,2016-05-16,0.1355,0.0,0.0,537.0,0.1355,0.1355,0.1355,10000625,2016-12-28,2016-12-28,C,1.9569999999999999,2016-05-09
9244,2016-05-16 13:05:00,2016-05-16,0.1355,0.0,0.0,537.0,0.1355,0.1355,0.1355,10000625,2016-12-28,2016-12-28,C,1.9569999999999999,2016-05-09
9245,2016-05-16 13:06:00,2016-05-16,0.1355,0.0,0.0,537.0,0.1355,0.1355,0.1355,10000625,2016-12-28,2016-12-28,C,1.9569999999999999,2016-05-09
9246,2016-05-16 13:07:00,2016-05-16,0.1355,0.0,0.0,537.0,0.1355,0.1355,0.1355,10000625,2016-12-28,2016-12-28,C,1.9569999999999999,2016-05-09
9247,2016-05-16 13:08:00,2016-05-16,0.1355,0.0,0.0,537.0,0.1355,0.1355,0.1355,10000625,2016-12-28,2016-12-28,C,1.9569999999999999,2016-05-09
9248,2016-05-16 13:09:00,2016-05-16,0.1355,0.0,0.0,537.0,0.1355,0.1355,0.1355,10000625,2016-12-28,2016-12-28,C,1.9569999999999999,2016-05-09
9249,2016-05-16 13:10:00,2016-05-16,0.1355,0.0,0.0,537.0,0.1355,0.1355,0.1355,10000625,2016-12-28,2016-12-28,C,1.9569999999999999,2016-05-09
9250,2016-05-16 13:11:00,2016-05-16,0.1355,0.0,0.0,537.0,0.1355,0.1355,0.1355,10000625,2016-12-28,2016-12-28,C,1.9569999999999999,2016-05-09
9251,2016-05-16 13:12:00,2016-05-16,0.1355,0.0,0.0,537.0,0.1355,0.1355,0.1355,10000625,2016-12-28,2016-12-28,C,1.9569999999999999,2016-05-09
9252,2016-05-16 13:13:00,2016-05-16,0.1355,0.0,0.0,537.0,0.1355,0.1355,0.1355,10000625,2016-12-28,2016-12-28,C,1.9569999999999999,2016-05-09
9253,2016-05-16 13:14:00,2016-05-16,0.1355,0.0,0.0,537.0,0.1355,0.1355,0.1355,10000625,2016-12-28,2016-12-28,C,1.9569999999999999,2016-05-09
9254,2016-05-16 13:15:00,2016-05-16,0.1375,32870.0,24.0,557.0,0.1366,0.1375,0.1366,10000625,2016-12-28,2016-12-28,C,1.9569999999999999,2016-05-09
9255,2016-05-16 13:16:00,2016-05-16,0.1375,0.0,0.0,557.0,0.1375,0.1375,0.1375,10000625,2016-12-28,2016-12-28,C,1.9569999999999999,2016-05-09
9256,2016-05-16 13:17:00,2016-05-16,0.1375,0.0,0.0,557.0,0.1375,0.1375,0.1375,10000625,2016-12-28,2016-12-28,C,1.9569999999999999,2016-05-09
9257,2016-05-16 13:18:00,2016-05-16,0.1375,0.0,0.0,557.0,0.1375,0.1375,0.1375,10000625,2016-12-28,2016-12-28,C,1.9569999999999999,2016-05-09
9258,2016-05-16 13:19:00,2016-05-16,0.13699999999999998,15070.0,11.0,558.0,0.13699999999999998,0.13699999999999998,0.13699999999999998,10000625,2016-12-28,2016-12-28,C,1.9569999999999999,2016-05-09
9259,2016-05-16 13:20:00,2016-05-16,0.13699999999999998,0.0,0.0,558.0,0.13699999999999998,0.13699999999999998,0.13699999999999998,10000625,2016-12-28,2016-12-28,C,1.9569999999999999,2016-05-09
9260,2016-05-16 13:21:00,2016-05-16,0.13699999999999998,0.0,0.0,558.0,0.13699999999999998,0.13699999999999998,0.13699999999999998,10000625,2016-12-28,2016-12-28,C,1.9569999999999999,2016-05-09
9261,2016-05-16 13:22:00,2016-05-16,0.13699999999999998,0.0,0.0,558.0,0.13699999999999998,0.13699999999999998,0.13699999999999998,10000625,2016-12-28,2016-12-28,C,1.9569999999999999,2016-05-09
9262,2016-05-16 13:23:00,2016-05-16,0.13699999999999998,0.0,0.0,558.0,0.13699999999999998,0.13699999999999998,0.13699999999999998,10000625,2016-12-28,2016-12-28,C,1.9569999999999999,2016-05-09
9263,2016-05-16 13:24:00,2016-05-16,0.13699999999999998,0.0,0.0,558.0,0.13699999999999998,0.13699999999999998,0.13699999999999998,10000625,2016-12-28,2016-12-28,C,1.9569999999999999,2016-05-09
9264,2016-05-16 13:25:00,2016-05-16,0.13699999999999998,0.0,0.0,558.0,0.13699999999999998,0.13699999999999998,0.13699999999999998,10000625,2016-12-28,2016-12-28,C,1.9569999999999999,2016-05-09
9265,2016-05-16 13:26:00,2016-05-16,0.13699999999999998,1333.0,1.0,558.0,0.13699999999999998,0.1333,0.1333,10000625,2016-12-28,2016-12-28,C,1.9569999999999999,2016-05-09
9266,2016-05-16 13:27:00,2016-05-16,0.1333,0.0,0.0,558.0,0.1333,0.1333,0.1333,10000625,2016-12-28,2016-12-28,C,1.9569999999999999,2016-05-09
9267,2016-05-16 13:28:00,2016-05-16,0.1333,0.0,0.0,558.0,0.1333,0.1333,0.1333,10000625,2016-12-28,2016-12-28,C,1.9569999999999999,2016-05-09
9268,2016-05-16 13:29:00,2016-05-16,0.1333,0.0,0.0,558.0,0.1333,0.1333,0.1333,10000625,2016-12-28,2016-12-28,C,1.9569999999999999,2016-05-09
9269,2016-05-16 13:30:00,2016-05-16,0.1333,10664.0,8.0,558.0,0.1333,0.1333,0.1333,10000625,2016-12-28,2016-12-28,C,1.9569999999999999,2016-05-09
9270,2016-05-16 13:31:00,2016-05-16,0.1333,0.0,0.0,558.0,0.1333,0.1333,0.1333,10000625,2016-12-28,2016-12-28,C,1.9569999999999999,2016-05-09
9271,2016-05-16 13:32:00,2016-05-16,0.1333,0.0,0.0,558.0,0.1333,0.1333,0.1333,10000625,2016-12-28,2016-12-28,C,1.9569999999999999,2016-05-09
9272,2016-05-16 13:33:00,2016-05-16,0.1334,9337.0,7.0,564.0,0.1333,0.1334,0.1333,10000625,2016-12-28,2016-12-28,C,1.9569999999999999,2016-05-09
9273,2016-05-16 13:34:00,2016-05-16,0.1334,0.0,0.0,564.0,0.1334,0.1334,0.1334,10000625,2016-12-28,2016-12-28,C,1.9569999999999999,2016-05-09
9274,2016-05-16 13:35:00,2016-05-16,0.1334,0.0,0.0,564.0,0.1334,0.1334,0.1334,10000625,2016-12-28,2016-12-28,C,1.9569999999999999,2016-05-09
9275,2016-05-16 13:36:00,2016-05-16,0.1334,0.0,0.0,564.0,0.1334,0.1334,0.1334,10000625,2016-12-28,2016-12-28,C,1.9569999999999999,2016-05-09
9276,2016-05-16 13:37:00,2016-05-16,0.1334,1323.0,1.0,564.0,0.1334,0.1323,0.1323,10000625,2016-12-28,2016-12-28,C,1.9569999999999999,2016-05-09
9277,2016-05-16 13:38:00,2016-05-16,0.1323,0.0,0.0,564.0,0.1323,0.1323,0.1323,10000625,2016-12-28,2016-12-28,C,1.9569999999999999,2016-05-09
9278,2016-05-16 13:39:00,2016-05-16,0.1323,0.0,0.0,564.0,0.1323,0.1323,0.1323,10000625,2016-12-28,2016-12-28,C,1.9569999999999999,2016-05-09
9279,2016-05-16 13:40:00,2016-05-16,0.1323,0.0,0.0,564.0,0.1323,0.1323,0.1323,10000625,2016-12-28,2016-12-28,C,1.9569999999999999,2016-05-09
9280,2016-05-16 13:41:00,2016-05-16,0.1323,0.0,0.0,564.0,0.1323,0.1323,0.1323,10000625,2016-12-28,2016-12-28,C,1.9569999999999999,2016-05-09
9281,2016-05-16 13:42:00,2016-05-16,0.1323,0.0,0.0,564.0,0.1323,0.1323,0.1323,10000625,2016-12-28,2016-12-28,C,1.9569999999999999,2016-05-09
9282,2016-05-16 13:43:00,2016-05-16,0.1323,0.0,0.0,564.0,0.1323,0.1323,0.1323,10000625,2016-12-28,2016-12-28,C,1.9569999999999999,2016-05-09
9283,2016-05-16 13:44:00,2016-05-16,0.1323,0.0,0.0,564.0,0.1323,0.1323,0.1323,10000625,2016-12-28,2016-12-28,C,1.9569999999999999,2016-05-09
9284,2016-05-16 13:45:00,2016-05-16,0.1331,5324.0,4.0,564.0,0.1323,0.1331,0.1323,10000625,2016-12-28,2016-12-28,C,1.9569999999999999,2016-05-09
9285,2016-05-16 13:46:00,2016-05-16,0.1331,2662.0,2.0,564.0,0.1331,0.1331,0.1331,10000625,2016-12-28,2016-12-28,C,1.9569999999999999,2016-05-09
9286,2016-05-16 13:47:00,2016-05-16,0.1331,0.0,0.0,564.0,0.1331,0.1331,0.1331,10000625,2016-12-28,2016-12-28,C,1.9569999999999999,2016-05-09
9287,2016-05-16 13:48:00,2016-05-16,0.1331,0.0,0.0,564.0,0.1331,0.1331,0.1331,10000625,2016-12-28,2016-12-28,C,1.9569999999999999,2016-05-09
9288,2016-05-16 13:49:00,2016-05-16,0.1331,3978.0,3.0,567.0,0.1331,0.1326,0.1326,10000625,2016-12-28,2016-12-28,C,1.9569999999999999,2016-05-09
9289,2016-05-16 13:50:00,2016-05-16,0.1326,1325.0,1.0,568.0,0.1326,0.1325,0.1325,10000625,2016-12-28,2016-12-28,C,1.9569999999999999,2016-05-09
9290,2016-05-16 13:51:00,2016-05-16,0.1325,1323.0,1.0,568.0,0.1325,0.1323,0.1323,10000625,2016-12-28,2016-12-28,C,1.9569999999999999,2016-05-09
9291,2016-05-16 13:52:00,2016-05-16,0.1323,3969.0,3.0,568.0,0.1323,0.1323,0.1323,10000625,2016-12-28,2016-12-28,C,1.9569999999999999,2016-05-09
9292,2016-05-16 13:53:00,2016-05-16,0.1323,0.0,0.0,568.0,0.1323,0.1323,0.1323,10000625,2016-12-28,2016-12-28,C,1.9569999999999999,2016-05-09
9293,2016-05-16 13:54:00,2016-05-16,0.1323,0.0,0.0,568.0,0.1323,0.1323,0.1323,10000625,2016-12-28,2016-12-28,C,1.9569999999999999,2016-05-09
9294,2016-05-16 13:55:00,2016-05-16,0.1323,0.0,0.0,568.0,0.1323,0.1323,0.1323,10000625,2016-12-28,2016-12-28,C,1.9569999999999999,2016-05-09
9295,2016-05-16 13:56:00,2016-05-16,0.1323,0.0,0.0,568.0,0.1323,0.1323,0.1323,10000625,2016-12-28,2016-12-28,C,1.9569999999999999,2016-05-09
9296,2016-05-16 13:57:00,2016-05-16,0.1323,0.0,0.0,568.0,0.1323,0.1323,0.1323,10000625,2016-12-28,2016-12-28,C,1.9569999999999999,2016-05-09
9297,2016-05-16 13:58:00,2016-05-16,0.1323,0.0,0.0,568.0,0.1323,0.1323,0.1323,10000625,2016-12-28,2016-12-28,C,1.9569999999999999,2016-05-09
9298,2016-05-16 13:59:00,2016-05-16,0.1323,0.0,0.0,568.0,0.1323,0.1323,0.1323,10000625,2016-12-28,2016-12-28,C,1.9569999999999999,2016-05-09
9299,2016-05-16 14:00:00,2016-05-16,0.1323,0.0,0.0,568.0,0.1323,0.1323,0.1323,10000625,2016-12-28,2016-12-28,C,1.9569999999999999,2016-05-09
9300,2016-05-16 14:01:00,2016-05-16,0.1323,0.0,0.0,568.0,0.1323,0.1323,0.1323,10000625,2016-12-28,2016-12-28,C,1.9569999999999999,2016-05-09
9301,2016-05-16 14:02:00,2016-05-16,0.1323,0.0,0.0,568.0,0.1323,0.1323,0.1323,10000625,2016-12-28,2016-12-28,C,1.9569999999999999,2016-05-09
9302,2016-05-16 14:03:00,2016-05-16,0.1323,0.0,0.0,568.0,0.1323,0.1323,0.1323,10000625,2016-12-28,2016-12-28,C,1.9569999999999999,2016-05-09
9303,2016-05-16 14:04:00,2016-05-16,0.1323,0.0,0.0,568.0,0.1323,0.1323,0.1323,10000625,2016-12-28,2016-12-28,C,1.9569999999999999,2016-05-09
9304,2016-05-16 14:05:00,2016-05-16,0.1323,0.0,0.0,568.0,0.1323,0.1323,0.1323,10000625,2016-12-28,2016-12-28,C,1.9569999999999999,2016-05-09
9305,2016-05-16 14:06:00,2016-05-16,0.1323,0.0,0.0,568.0,0.1323,0.1323,0.1323,10000625,2016-12-28,2016-12-28,C,1.9569999999999999,2016-05-09
9306,2016-05-16 14:07:00,2016-05-16,0.1323,0.0,0.0,568.0,0.1323,0.1323,0.1323,10000625,2016-12-28,2016-12-28,C,1.9569999999999999,2016-05-09
9307,2016-05-16 14:08:00,2016-05-16,0.1323,0.0,0.0,568.0,0.1323,0.1323,0.1323,10000625,2016-12-28,2016-12-28,C,1.9569999999999999,2016-05-09
9308,2016-05-16 14:09:00,2016-05-16,0.1323,0.0,0.0,568.0,0.1323,0.1323,0.1323,10000625,2016-12-28,2016-12-28,C,1.9569999999999999,2016-05-09
9309,2016-05-16 14:10:00,2016-05-16,0.1323,0.0,0.0,568.0,0.1323,0.1323,0.1323,10000625,2016-12-28,2016-12-28,C,1.9569999999999999,2016-05-09
9310,2016-05-16 14:11:00,2016-05-16,0.1323,0.0,0.0,568.0,0.1323,0.1323,0.1323,10000625,2016-12-28,2016-12-28,C,1.9569999999999999,2016-05-09
9311,2016-05-16 14:12:00,2016-05-16,0.1323,0.0,0.0,568.0,0.1323,0.1323,0.1323,10000625,2016-12-28,2016-12-28,C,1.9569999999999999,2016-05-09
9312,2016-05-16 14:13:00,2016-05-16,0.1323,0.0,0.0,568.0,0.1323,0.1323,0.1323,10000625,2016-12-28,2016-12-28,C,1.9569999999999999,2016-05-09
9313,2016-05-16 14:14:00,2016-05-16,0.1323,0.0,0.0,568.0,0.1323,0.1323,0.1323,10000625,2016-12-28,2016-12-28,C,1.9569999999999999,2016-05-09
9314,2016-05-16 14:15:00,2016-05-16,0.1323,0.0,0.0,568.0,0.1323,0.1323,0.1323,10000625,2016-12-28,2016-12-28,C,1.9569999999999999,2016-05-09
9315,2016-05-16 14:16:00,2016-05-16,0.1323,0.0,0.0,568.0,0.1323,0.1323,0.1323,10000625,2016-12-28,2016-12-28,C,1.9569999999999999,2016-05-09
9316,2016-05-16 14:17:00,2016-05-16,0.1323,0.0,0.0,568.0,0.1323,0.1323,0.1323,10000625,2016-12-28,2016-12-28,C,1.9569999999999999,2016-05-09
9317,2016-05-16 14:18:00,2016-05-16,0.1323,0.0,0.0,568.0,0.1323,0.1323,0.1323,10000625,2016-12-28,2016-12-28,C,1.9569999999999999,2016-05-09
9318,2016-05-16 14:19:00,2016-05-16,0.1323,0.0,0.0,568.0,0.1323,0.1323,0.1323,10000625,2016-12-28,2016-12-28,C,1.9569999999999999,2016-05-09
9319,2016-05-16 14:20:00,2016-05-16,0.1323,0.0,0.0,568.0,0.1323,0.1323,0.1323,10000625,2016-12-28,2016-12-28,C,1.9569999999999999,2016-05-09
9320,2016-05-16 14:21:00,2016-05-16,0.1323,0.0,0.0,568.0,0.1323,0.1323,0.1323,10000625,2016-12-28,2016-12-28,C,1.9569999999999999,2016-05-09
9321,2016-05-16 14:22:00,2016-05-16,0.1323,0.0,0.0,568.0,0.1323,0.1323,0.1323,10000625,2016-12-28,2016-12-28,C,1.9569999999999999,2016-05-09
9322,2016-05-16 14:23:00,2016-05-16,0.1323,0.0,0.0,568.0,0.1323,0.1323,0.1323,10000625,2016-12-28,2016-12-28,C,1.9569999999999999,2016-05-09
9323,2016-05-16 14:24:00,2016-05-16,0.1323,0.0,0.0,568.0,0.1323,0.1323,0.1323,10000625,2016-12-28,2016-12-28,C,1.9569999999999999,2016-05-09
9324,2016-05-16 14:25:00,2016-05-16,0.1323,0.0,0.0,568.0,0.1323,0.1323,0.1323,10000625,2016-12-28,2016-12-28,C,1.9569999999999999,2016-05-09
9325,2016-05-16 14:26:00,2016-05-16,0.1323,0.0,0.0,568.0,0.1323,0.1323,0.1323,10000625,2016-12-28,2016-12-28,C,1.9569999999999999,2016-05-09
9326,2016-05-16 14:27:00,2016-05-16,0.1323,0.0,0.0,568.0,0.1323,0.1323,0.1323,10000625,2016-12-28,2016-12-28,C,1.9569999999999999,2016-05-09
9327,2016-05-16 14:28:00,2016-05-16,0.1323,0.0,0.0,568.0,0.1323,0.1323,0.1323,10000625,2016-12-28,2016-12-28,C,1.9569999999999999,2016-05-09
9328,2016-05-16 14:29:00,2016-05-16,0.1323,0.0,0.0,568.0,0.1323,0.1323,0.1323,10000625,2016-12-28,2016-12-28,C,1.9569999999999999,2016-05-09
9329,2016-05-16 14:30:00,2016-05-16,0.1323,0.0,0.0,568.0,0.1323,0.1323,0.1323,10000625,2016-12-28,2016-12-28,C,1.9569999999999999,2016-05-09
9330,2016-05-16 14:31:00,2016-05-16,0.1323,1323.0,1.0,569.0,0.1323,0.1323,0.1323,10000625,2016-12-28,2016-12-28,C,1.9569999999999999,2016-05-09
9331,2016-05-16 14:32:00,2016-05-16,0.1323,2638.0,2.0,571.0,0.1323,0.1319,0.1319,10000625,2016-12-28,2016-12-28,C,1.9569999999999999,2016-05-09
9332,2016-05-16 14:33:00,2016-05-16,0.1319,0.0,0.0,571.0,0.1319,0.1319,0.1319,10000625,2016-12-28,2016-12-28,C,1.9569999999999999,2016-05-09
9333,2016-05-16 14:34:00,2016-05-16,0.1319,0.0,0.0,571.0,0.1319,0.1319,0.1319,10000625,2016-12-28,2016-12-28,C,1.9569999999999999,2016-05-09
9334,2016-05-16 14:35:00,2016-05-16,0.1319,2636.0,2.0,571.0,0.1319,0.1318,0.1318,10000625,2016-12-28,2016-12-28,C,1.9569999999999999,2016-05-09
9335,2016-05-16 14:36:00,2016-05-16,0.1318,0.0,0.0,571.0,0.1318,0.1318,0.1318,10000625,2016-12-28,2016-12-28,C,1.9569999999999999,2016-05-09
9336,2016-05-16 14:37:00,2016-05-16,0.1318,0.0,0.0,571.0,0.1318,0.1318,0.1318,10000625,2016-12-28,2016-12-28,C,1.9569999999999999,2016-05-09
9337,2016-05-16 14:38:00,2016-05-16,0.1318,0.0,0.0,571.0,0.1318,0.1318,0.1318,10000625,2016-12-28,2016-12-28,C,1.9569999999999999,2016-05-09
9338,2016-05-16 14:39:00,2016-05-16,0.1318,0.0,0.0,571.0,0.1318,0.1318,0.1318,10000625,2016-12-28,2016-12-28,C,1.9569999999999999,2016-05-09
9339,2016-05-16 14:40:00,2016-05-16,0.1325,3974.0,3.0,573.0,0.1324,0.1325,0.1324,10000625,2016-12-28,2016-12-28,C,1.9569999999999999,2016-05-09
9340,2016-05-16 14:41:00,2016-05-16,0.1325,0.0,0.0,573.0,0.1325,0.1325,0.1325,10000625,2016-12-28,2016-12-28,C,1.9569999999999999,2016-05-09
9341,2016-05-16 14:42:00,2016-05-16,0.1325,0.0,0.0,573.0,0.1325,0.1325,0.1325,10000625,2016-12-28,2016-12-28,C,1.9569999999999999,2016-05-09
9342,2016-05-16 14:43:00,2016-05-16,0.1325,0.0,0.0,573.0,0.1325,0.1325,0.1325,10000625,2016-12-28,2016-12-28,C,1.9569999999999999,2016-05-09
9343,2016-05-16 14:44:00,2016-05-16,0.1325,0.0,0.0,573.0,0.1325,0.1325,0.1325,10000625,2016-12-28,2016-12-28,C,1.9569999999999999,2016-05-09
9344,2016-05-16 14:45:00,2016-05-16,0.1325,0.0,0.0,573.0,0.1325,0.1325,0.1325,10000625,2016-12-28,2016-12-28,C,1.9569999999999999,2016-05-09
9345,2016-05-16 14:46:00,2016-05-16,0.1325,0.0,0.0,573.0,0.1325,0.1325,0.1325,10000625,2016-12-28,2016-12-28,C,1.9569999999999999,2016-05-09
9346,2016-05-16 14:47:00,2016-05-16,0.1325,0.0,0.0,573.0,0.1325,0.1325,0.1325,10000625,2016-12-28,2016-12-28,C,1.9569999999999999,2016-05-09
9347,2016-05-16 14:48:00,2016-05-16,0.1325,0.0,0.0,573.0,0.1325,0.1325,0.1325,10000625,2016-12-28,2016-12-28,C,1.9569999999999999,2016-05-09
9348,2016-05-16 14:49:00,2016-05-16,0.1325,0.0,0.0,573.0,0.1325,0.1325,0.1325,10000625,2016-12-28,2016-12-28,C,1.9569999999999999,2016-05-09
9349,2016-05-16 14:50:00,2016-05-16,0.1342,1342.0,1.0,574.0,0.1325,0.1342,0.1325,10000625,2016-12-28,2016-12-28,C,1.9569999999999999,2016-05-09
9350,2016-05-16 14:51:00,2016-05-16,0.1342,6710.0,5.0,579.0,0.1342,0.1342,0.1342,10000625,2016-12-28,2016-12-28,C,1.9569999999999999,2016-05-09
9351,2016-05-16 14:52:00,2016-05-16,0.1365,5454.0,4.0,583.0,0.1342,0.1363,0.1342,10000625,2016-12-28,2016-12-28,C,1.9569999999999999,2016-05-09
9352,2016-05-16 14:53:00,2016-05-16,0.1363,5449.0,4.0,587.0,0.1363,0.136,0.136,10000625,2016-12-28,2016-12-28,C,1.9569999999999999,2016-05-09
9353,2016-05-16 14:54:00,2016-05-16,0.136,2720.0,2.0,589.0,0.136,0.136,0.136,10000625,2016-12-28,2016-12-28,C,1.9569999999999999,2016-05-09
9354,2016-05-16 14:55:00,2016-05-16,0.136,0.0,0.0,589.0,0.136,0.136,0.136,10000625,2016-12-28,2016-12-28,C,1.9569999999999999,2016-05-09
9355,2016-05-16 14:56:00,2016-05-16,0.136,0.0,0.0,589.0,0.136,0.136,0.136,10000625,2016-12-28,2016-12-28,C,1.9569999999999999,2016-05-09
9356,2016-05-16 14:57:00,2016-05-16,0.136,0.0,0.0,589.0,0.136,0.136,0.136,10000625,2016-12-28,2016-12-28,C,1.9569999999999999,2016-05-09
9357,2016-05-16 14:58:00,2016-05-16,0.136,0.0,0.0,589.0,0.136,0.136,0.136,10000625,2016-12-28,2016-12-28,C,1.9569999999999999,2016-05-09
9358,2016-05-16 14:59:00,2016-05-16,0.136,0.0,0.0,589.0,0.136,0.136,0.136,10000625,2016-12-28,2016-12-28,C,1.9569999999999999,2016-05-09
9359,2016-05-16 15:00:00,2016-05-16,0.136,0.0,0.0,589.0,0.136,0.136,0.136,10000625,2016-12-28,2016-12-28,C,1.9569999999999999,2016-05-09
9360,2016-05-16 09:31:00,2016-05-16,0.1644,11306.0,7.0,2090.0,0.1657,0.1601,0.1601,10000552,2016-06-22,2016-06-22,C,1.9,2016-01-27
9361,2016-05-16 09:32:00,2016-05-16,0.1601,0.0,0.0,2090.0,0.1601,0.1601,0.1601,10000552,2016-06-22,2016-06-22,C,1.9,2016-01-27
9362,2016-05-16 09:33:00,2016-05-16,0.1601,0.0,0.0,2090.0,0.1601,0.1601,0.1601,10000552,2016-06-22,2016-06-22,C,1.9,2016-01-27
9363,2016-05-16 09:34:00,2016-05-16,0.1601,0.0,0.0,2090.0,0.1601,0.1601,0.1601,10000552,2016-06-22,2016-06-22,C,1.9,2016-01-27
9364,2016-05-16 09:35:00,2016-05-16,0.1642,1642.0,1.0,2091.0,0.1601,0.1642,0.1601,10000552,2016-06-22,2016-06-22,C,1.9,2016-01-27
9365,2016-05-16 09:36:00,2016-05-16,0.1684,34764.0,21.0,2102.0,0.1642,0.1651,0.1642,10000552,2016-06-22,2016-06-22,C,1.9,2016-01-27
9366,2016-05-16 09:37:00,2016-05-16,0.1651,0.0,0.0,2102.0,0.1651,0.1651,0.1651,10000552,2016-06-22,2016-06-22,C,1.9,2016-01-27
9367,2016-05-16 09:38:00,2016-05-16,0.1653,4955.0,3.0,2103.0,0.1651,0.1653,0.165,10000552,2016-06-22,2016-06-22,C,1.9,2016-01-27
9368,2016-05-16 09:39:00,2016-05-16,0.1653,0.0,0.0,2103.0,0.1653,0.1653,0.1653,10000552,2016-06-22,2016-06-22,C,1.9,2016-01-27
9369,2016-05-16 09:40:00,2016-05-16,0.1653,0.0,0.0,2103.0,0.1653,0.1653,0.1653,10000552,2016-06-22,2016-06-22,C,1.9,2016-01-27
9370,2016-05-16 09:41:00,2016-05-16,0.1653,1642.0,1.0,2104.0,0.1653,0.1642,0.1642,10000552,2016-06-22,2016-06-22,C,1.9,2016-01-27
9371,2016-05-16 09:42:00,2016-05-16,0.1642,0.0,0.0,2104.0,0.1642,0.1642,0.1642,10000552,2016-06-22,2016-06-22,C,1.9,2016-01-27
9372,2016-05-16 09:43:00,2016-05-16,0.1642,0.0,0.0,2104.0,0.1642,0.1642,0.1642,10000552,2016-06-22,2016-06-22,C,1.9,2016-01-27
9373,2016-05-16 09:44:00,2016-05-16,0.1642,0.0,0.0,2104.0,0.1642,0.1642,0.1642,10000552,2016-06-22,2016-06-22,C,1.9,2016-01-27
9374,2016-05-16 09:45:00,2016-05-16,0.1651,1651.0,1.0,2105.0,0.1642,0.1651,0.1642,10000552,2016-06-22,2016-06-22,C,1.9,2016-01-27
9375,2016-05-16 09:46:00,2016-05-16,0.1651,6468.0,4.0,2101.0,0.1651,0.1617,0.1617,10000552,2016-06-22,2016-06-22,C,1.9,2016-01-27
9376,2016-05-16 09:47:00,2016-05-16,0.1617,0.0,0.0,2101.0,0.1617,0.1617,0.1617,10000552,2016-06-22,2016-06-22,C,1.9,2016-01-27
9377,2016-05-16 09:48:00,2016-05-16,0.1617,0.0,0.0,2101.0,0.1617,0.1617,0.1617,10000552,2016-06-22,2016-06-22,C,1.9,2016-01-27
9378,2016-05-16 09:49:00,2016-05-16,0.1617,0.0,0.0,2101.0,0.1617,0.1617,0.1617,10000552,2016-06-22,2016-06-22,C,1.9,2016-01-27
9379,2016-05-16 09:50:00,2016-05-16,0.1617,0.0,0.0,2101.0,0.1617,0.1617,0.1617,10000552,2016-06-22,2016-06-22,C,1.9,2016-01-27
9380,2016-05-16 09:51:00,2016-05-16,0.1617,0.0,0.0,2101.0,0.1617,0.1617,0.1617,10000552,2016-06-22,2016-06-22,C,1.9,2016-01-27
9381,2016-05-16 09:52:00,2016-05-16,0.1617,1605.0,1.0,2102.0,0.1617,0.1605,0.1605,10000552,2016-06-22,2016-06-22,C,1.9,2016-01-27
9382,2016-05-16 09:53:00,2016-05-16,0.1605,47495.0,30.0,2104.0,0.1605,0.1559,0.1559,10000552,2016-06-22,2016-06-22,C,1.9,2016-01-27
9383,2016-05-16 09:54:00,2016-05-16,0.1575,39217.0,25.0,2099.0,0.1559,0.1575,0.1558,10000552,2016-06-22,2016-06-22,C,1.9,2016-01-27
9384,2016-05-16 09:55:00,2016-05-16,0.1575,26500.0,17.0,2099.0,0.1575,0.1562,0.155,10000552,2016-06-22,2016-06-22,C,1.9,2016-01-27
9385,2016-05-16 09:56:00,2016-05-16,0.1562,4677.0,3.0,2099.0,0.1562,0.1561,0.1555,10000552,2016-06-22,2016-06-22,C,1.9,2016-01-27
9386,2016-05-16 09:57:00,2016-05-16,0.1567,4701.0,3.0,2099.0,0.1561,0.1567,0.1561,10000552,2016-06-22,2016-06-22,C,1.9,2016-01-27
9387,2016-05-16 09:58:00,2016-05-16,0.1567,0.0,0.0,2099.0,0.1567,0.1567,0.1567,10000552,2016-06-22,2016-06-22,C,1.9,2016-01-27
9388,2016-05-16 09:59:00,2016-05-16,0.1567,3122.0,2.0,2100.0,0.1567,0.1561,0.1561,10000552,2016-06-22,2016-06-22,C,1.9,2016-01-27
9389,2016-05-16 10:00:00,2016-05-16,0.1561,0.0,0.0,2100.0,0.1561,0.1561,0.1561,10000552,2016-06-22,2016-06-22,C,1.9,2016-01-27
9390,2016-05-16 10:01:00,2016-05-16,0.1561,1543.0,1.0,2100.0,0.1561,0.1543,0.1543,10000552,2016-06-22,2016-06-22,C,1.9,2016-01-27
9391,2016-05-16 10:02:00,2016-05-16,0.1543,0.0,0.0,2100.0,0.1543,0.1543,0.1543,10000552,2016-06-22,2016-06-22,C,1.9,2016-01-27
9392,2016-05-16 10:03:00,2016-05-16,0.1543,0.0,0.0,2100.0,0.1543,0.1543,0.1543,10000552,2016-06-22,2016-06-22,C,1.9,2016-01-27
9393,2016-05-16 10:04:00,2016-05-16,0.1543,0.0,0.0,2100.0,0.1543,0.1543,0.1543,10000552,2016-06-22,2016-06-22,C,1.9,2016-01-27
9394,2016-05-16 10:05:00,2016-05-16,0.1543,0.0,0.0,2100.0,0.1543,0.1543,0.1543,10000552,2016-06-22,2016-06-22,C,1.9,2016-01-27
9395,2016-05-16 10:06:00,2016-05-16,0.1543,0.0,0.0,2100.0,0.1543,0.1543,0.1543,10000552,2016-06-22,2016-06-22,C,1.9,2016-01-27
9396,2016-05-16 10:07:00,2016-05-16,0.159,1590.0,1.0,2100.0,0.1543,0.159,0.1543,10000552,2016-06-22,2016-06-22,C,1.9,2016-01-27
9397,2016-05-16 10:08:00,2016-05-16,0.159,0.0,0.0,2100.0,0.159,0.159,0.159,10000552,2016-06-22,2016-06-22,C,1.9,2016-01-27
9398,2016-05-16 10:09:00,2016-05-16,0.159,0.0,0.0,2100.0,0.159,0.159,0.159,10000552,2016-06-22,2016-06-22,C,1.9,2016-01-27
9399,2016-05-16 10:10:00,2016-05-16,0.159,0.0,0.0,2100.0,0.159,0.159,0.159,10000552,2016-06-22,2016-06-22,C,1.9,2016-01-27
9400,2016-05-16 10:11:00,2016-05-16,0.159,0.0,0.0,2100.0,0.159,0.159,0.159,10000552,2016-06-22,2016-06-22,C,1.9,2016-01-27
9401,2016-05-16 10:12:00,2016-05-16,0.159,0.0,0.0,2100.0,0.159,0.159,0.159,10000552,2016-06-22,2016-06-22,C,1.9,2016-01-27
9402,2016-05-16 10:13:00,2016-05-16,0.1608,11226.0,7.0,2106.0,0.159,0.1608,0.159,10000552,2016-06-22,2016-06-22,C,1.9,2016-01-27
9403,2016-05-16 10:14:00,2016-05-16,0.1608,0.0,0.0,2106.0,0.1608,0.1608,0.1608,10000552,2016-06-22,2016-06-22,C,1.9,2016-01-27
9404,2016-05-16 10:15:00,2016-05-16,0.1608,0.0,0.0,2106.0,0.1608,0.1608,0.1608,10000552,2016-06-22,2016-06-22,C,1.9,2016-01-27
9405,2016-05-16 10:16:00,2016-05-16,0.1608,0.0,0.0,2106.0,0.1608,0.1608,0.1608,10000552,2016-06-22,2016-06-22,C,1.9,2016-01-27
9406,2016-05-16 10:17:00,2016-05-16,0.1608,0.0,0.0,2106.0,0.1608,0.1608,0.1608,10000552,2016-06-22,2016-06-22,C,1.9,2016-01-27
9407,2016-05-16 10:18:00,2016-05-16,0.1615,12920.0,8.0,2106.0,0.1608,0.1615,0.1608,10000552,2016-06-22,2016-06-22,C,1.9,2016-01-27
9408,2016-05-16 10:19:00,2016-05-16,0.1615,0.0,0.0,2106.0,0.1615,0.1615,0.1615,10000552,2016-06-22,2016-06-22,C,1.9,2016-01-27
9409,2016-05-16 10:20:00,2016-05-16,0.1615,0.0,0.0,2106.0,0.1615,0.1615,0.1615,10000552,2016-06-22,2016-06-22,C,1.9,2016-01-27
9410,2016-05-16 10:21:00,2016-05-16,0.1615,0.0,0.0,2106.0,0.1615,0.1615,0.1615,10000552,2016-06-22,2016-06-22,C,1.9,2016-01-27
9411,2016-05-16 10:22:00,2016-05-16,0.1615,0.0,0.0,2106.0,0.1615,0.1615,0.1615,10000552,2016-06-22,2016-06-22,C,1.9,2016-01-27
9412,2016-05-16 10:23:00,2016-05-16,0.1615,0.0,0.0,2106.0,0.1615,0.1615,0.1615,10000552,2016-06-22,2016-06-22,C,1.9,2016-01-27
9413,2016-05-16 10:24:00,2016-05-16,0.1615,7915.0,5.0,2106.0,0.1615,0.1583,0.1583,10000552,2016-06-22,2016-06-22,C,1.9,2016-01-27
9414,2016-05-16 10:25:00,2016-05-16,0.1589,1589.0,1.0,2106.0,0.1583,0.1589,0.1583,10000552,2016-06-22,2016-06-22,C,1.9,2016-01-27
9415,2016-05-16 10:26:00,2016-05-16,0.1589,0.0,0.0,2106.0,0.1589,0.1589,0.1589,10000552,2016-06-22,2016-06-22,C,1.9,2016-01-27
9416,2016-05-16 10:27:00,2016-05-16,0.1589,0.0,0.0,2106.0,0.1589,0.1589,0.1589,10000552,2016-06-22,2016-06-22,C,1.9,2016-01-27
9417,2016-05-16 10:28:00,2016-05-16,0.1614,16140.0,10.0,2116.0,0.1589,0.1614,0.1589,10000552,2016-06-22,2016-06-22,C,1.9,2016-01-27
9418,2016-05-16 10:29:00,2016-05-16,0.1614,0.0,0.0,2116.0,0.1614,0.1614,0.1614,10000552,2016-06-22,2016-06-22,C,1.9,2016-01-27
9419,2016-05-16 10:30:00,2016-05-16,0.1614,0.0,0.0,2116.0,0.1614,0.1614,0.1614,10000552,2016-06-22,2016-06-22,C,1.9,2016-01-27
9420,2016-05-16 10:31:00,2016-05-16,0.1614,0.0,0.0,2116.0,0.1614,0.1614,0.1614,10000552,2016-06-22,2016-06-22,C,1.9,2016-01-27
9421,2016-05-16 10:32:00,2016-05-16,0.1614,0.0,0.0,2116.0,0.1614,0.1614,0.1614,10000552,2016-06-22,2016-06-22,C,1.9,2016-01-27
9422,2016-05-16 10:33:00,2016-05-16,0.1614,0.0,0.0,2116.0,0.1614,0.1614,0.1614,10000552,2016-06-22,2016-06-22,C,1.9,2016-01-27
9423,2016-05-16 10:34:00,2016-05-16,0.1614,3226.0,2.0,2116.0,0.1614,0.1613,0.1613,10000552,2016-06-22,2016-06-22,C,1.9,2016-01-27
9424,2016-05-16 10:35:00,2016-05-16,0.1613,0.0,0.0,2116.0,0.1613,0.1613,0.1613,10000552,2016-06-22,2016-06-22,C,1.9,2016-01-27
9425,2016-05-16 10:36:00,2016-05-16,0.1613,0.0,0.0,2116.0,0.1613,0.1613,0.1613,10000552,2016-06-22,2016-06-22,C,1.9,2016-01-27
9426,2016-05-16 10:37:00,2016-05-16,0.1613,0.0,0.0,2116.0,0.1613,0.1613,0.1613,10000552,2016-06-22,2016-06-22,C,1.9,2016-01-27
9427,2016-05-16 10:38:00,2016-05-16,0.1615,1615.0,1.0,2116.0,0.1613,0.1615,0.1613,10000552,2016-06-22,2016-06-22,C,1.9,2016-01-27
9428,2016-05-16 10:39:00,2016-05-16,0.1623,4869.0,3.0,2115.0,0.1615,0.1623,0.1615,10000552,2016-06-22,2016-06-22,C,1.9,2016-01-27
9429,2016-05-16 10:40:00,2016-05-16,0.1623,0.0,0.0,2115.0,0.1623,0.1623,0.1623,10000552,2016-06-22,2016-06-22,C,1.9,2016-01-27
9430,2016-05-16 10:41:00,2016-05-16,0.1623,0.0,0.0,2115.0,0.1623,0.1623,0.1623,10000552,2016-06-22,2016-06-22,C,1.9,2016-01-27
9431,2016-05-16 10:42:00,2016-05-16,0.1623,0.0,0.0,2115.0,0.1623,0.1623,0.1623,10000552,2016-06-22,2016-06-22,C,1.9,2016-01-27
9432,2016-05-16 10:43:00,2016-05-16,0.1623,0.0,0.0,2115.0,0.1623,0.1623,0.1623,10000552,2016-06-22,2016-06-22,C,1.9,2016-01-27
9433,2016-05-16 10:44:00,2016-05-16,0.1623,0.0,0.0,2115.0,0.1623,0.1623,0.1623,10000552,2016-06-22,2016-06-22,C,1.9,2016-01-27
9434,2016-05-16 10:45:00,2016-05-16,0.1607,16072.0,10.0,2115.0,0.1607,0.1607,0.1607,10000552,2016-06-22,2016-06-22,C,1.9,2016-01-27
9435,2016-05-16 10:46:00,2016-05-16,0.1607,16070.0,10.0,2115.0,0.1607,0.1607,0.1607,10000552,2016-06-22,2016-06-22,C,1.9,2016-01-27
9436,2016-05-16 10:47:00,2016-05-16,0.1607,0.0,0.0,2115.0,0.1607,0.1607,0.1607,10000552,2016-06-22,2016-06-22,C,1.9,2016-01-27
9437,2016-05-16 10:48:00,2016-05-16,0.1607,0.0,0.0,2115.0,0.1607,0.1607,0.1607,10000552,2016-06-22,2016-06-22,C,1.9,2016-01-27
9438,2016-05-16 10:49:00,2016-05-16,0.1634,16340.0,10.0,2115.0,0.1607,0.1634,0.1607,10000552,2016-06-22,2016-06-22,C,1.9,2016-01-27
9439,2016-05-16 10:50:00,2016-05-16,0.1646,4938.0,3.0,2117.0,0.1634,0.1646,0.1634,10000552,2016-06-22,2016-06-22,C,1.9,2016-01-27
9440,2016-05-16 10:51:00,2016-05-16,0.1661,19922.0,12.0,2123.0,0.1646,0.1661,0.1646,10000552,2016-06-22,2016-06-22,C,1.9,2016-01-27
9441,2016-05-16 10:52:00,2016-05-16,0.1661,0.0,0.0,2123.0,0.1661,0.1661,0.1661,10000552,2016-06-22,2016-06-22,C,1.9,2016-01-27
9442,2016-05-16 10:53:00,2016-05-16,0.1661,0.0,0.0,2123.0,0.1661,0.1661,0.1661,10000552,2016-06-22,2016-06-22,C,1.9,2016-01-27
9443,2016-05-16 10:54:00,2016-05-16,0.1661,0.0,0.0,2123.0,0.1661,0.1661,0.1661,10000552,2016-06-22,2016-06-22,C,1.9,2016-01-27
9444,2016-05-16 10:55:00,2016-05-16,0.1673,25082.0,15.0,2133.0,0.1661,0.1673,0.1661,10000552,2016-06-22,2016-06-22,C,1.9,2016-01-27
9445,2016-05-16 10:56:00,2016-05-16,0.1685,31885.0,19.0,2139.0,0.1673,0.1675,0.1673,10000552,2016-06-22,2016-06-22,C,1.9,2016-01-27
9446,2016-05-16 10:57:00,2016-05-16,0.1675,0.0,0.0,2139.0,0.1675,0.1675,0.1675,10000552,2016-06-22,2016-06-22,C,1.9,2016-01-27
9447,2016-05-16 10:58:00,2016-05-16,0.1694,15071.0,9.0,2135.0,0.1675,0.1694,0.1665,10000552,2016-06-22,2016-06-22,C,1.9,2016-01-27
9448,2016-05-16 10:59:00,2016-05-16,0.1694,15246.0,9.0,2135.0,0.1694,0.1694,0.1694,10000552,2016-06-22,2016-06-22,C,1.9,2016-01-27
9449,2016-05-16 11:00:00,2016-05-16,0.1723,15476.0,9.0,2140.0,0.1694,0.171,0.1694,10000552,2016-06-22,2016-06-22,C,1.9,2016-01-27
9450,2016-05-16 11:01:00,2016-05-16,0.172,5160.0,3.0,2140.0,0.171,0.172,0.171,10000552,2016-06-22,2016-06-22,C,1.9,2016-01-27
9451,2016-05-16 11:02:00,2016-05-16,0.1725,37934.0,22.0,2140.0,0.172,0.1725,0.1717,10000552,2016-06-22,2016-06-22,C,1.9,2016-01-27
9452,2016-05-16 11:03:00,2016-05-16,0.1725,0.0,0.0,2140.0,0.1725,0.1725,0.1725,10000552,2016-06-22,2016-06-22,C,1.9,2016-01-27
9453,2016-05-16 11:04:00,2016-05-16,0.1725,0.0,0.0,2140.0,0.1725,0.1725,0.1725,10000552,2016-06-22,2016-06-22,C,1.9,2016-01-27
9454,2016-05-16 11:05:00,2016-05-16,0.1725,0.0,0.0,2140.0,0.1725,0.1725,0.1725,10000552,2016-06-22,2016-06-22,C,1.9,2016-01-27
9455,2016-05-16 11:06:00,2016-05-16,0.1725,0.0,0.0,2140.0,0.1725,0.1725,0.1725,10000552,2016-06-22,2016-06-22,C,1.9,2016-01-27
9456,2016-05-16 11:07:00,2016-05-16,0.1725,0.0,0.0,2140.0,0.1725,0.1725,0.1725,10000552,2016-06-22,2016-06-22,C,1.9,2016-01-27
9457,2016-05-16 11:08:00,2016-05-16,0.1725,0.0,0.0,2140.0,0.1725,0.1725,0.1725,10000552,2016-06-22,2016-06-22,C,1.9,2016-01-27
9458,2016-05-16 11:09:00,2016-05-16,0.1725,0.0,0.0,2140.0,0.1725,0.1725,0.1725,10000552,2016-06-22,2016-06-22,C,1.9,2016-01-27
9459,2016-05-16 11:10:00,2016-05-16,0.1725,0.0,0.0,2140.0,0.1725,0.1725,0.1725,10000552,2016-06-22,2016-06-22,C,1.9,2016-01-27
9460,2016-05-16 11:11:00,2016-05-16,0.1725,0.0,0.0,2140.0,0.1725,0.1725,0.1725,10000552,2016-06-22,2016-06-22,C,1.9,2016-01-27
9461,2016-05-16 11:12:00,2016-05-16,0.1725,0.0,0.0,2140.0,0.1725,0.1725,0.1725,10000552,2016-06-22,2016-06-22,C,1.9,2016-01-27
9462,2016-05-16 11:13:00,2016-05-16,0.1725,0.0,0.0,2140.0,0.1725,0.1725,0.1725,10000552,2016-06-22,2016-06-22,C,1.9,2016-01-27
9463,2016-05-16 11:14:00,2016-05-16,0.1725,0.0,0.0,2140.0,0.1725,0.1725,0.1725,10000552,2016-06-22,2016-06-22,C,1.9,2016-01-27
9464,2016-05-16 11:15:00,2016-05-16,0.1725,0.0,0.0,2140.0,0.1725,0.1725,0.1725,10000552,2016-06-22,2016-06-22,C,1.9,2016-01-27
9465,2016-05-16 11:16:00,2016-05-16,0.1725,0.0,0.0,2140.0,0.1725,0.1725,0.1725,10000552,2016-06-22,2016-06-22,C,1.9,2016-01-27
9466,2016-05-16 11:17:00,2016-05-16,0.1725,0.0,0.0,2140.0,0.1725,0.1725,0.1725,10000552,2016-06-22,2016-06-22,C,1.9,2016-01-27
9467,2016-05-16 11:18:00,2016-05-16,0.1725,0.0,0.0,2140.0,0.1725,0.1725,0.1725,10000552,2016-06-22,2016-06-22,C,1.9,2016-01-27
9468,2016-05-16 11:19:00,2016-05-16,0.1725,0.0,0.0,2140.0,0.1725,0.1725,0.1725,10000552,2016-06-22,2016-06-22,C,1.9,2016-01-27
9469,2016-05-16 11:20:00,2016-05-16,0.1725,0.0,0.0,2140.0,0.1725,0.1725,0.1725,10000552,2016-06-22,2016-06-22,C,1.9,2016-01-27
9470,2016-05-16 11:21:00,2016-05-16,0.1725,0.0,0.0,2140.0,0.1725,0.1725,0.1725,10000552,2016-06-22,2016-06-22,C,1.9,2016-01-27
9471,2016-05-16 11:22:00,2016-05-16,0.1725,3388.0,2.0,2140.0,0.1725,0.1694,0.1694,10000552,2016-06-22,2016-06-22,C,1.9,2016-01-27
9472,2016-05-16 11:23:00,2016-05-16,0.1694,0.0,0.0,2140.0,0.1694,0.1694,0.1694,10000552,2016-06-22,2016-06-22,C,1.9,2016-01-27
9473,2016-05-16 11:24:00,2016-05-16,0.1694,0.0,0.0,2140.0,0.1694,0.1694,0.1694,10000552,2016-06-22,2016-06-22,C,1.9,2016-01-27
9474,2016-05-16 11:25:00,2016-05-16,0.1694,0.0,0.0,2140.0,0.1694,0.1694,0.1694,10000552,2016-06-22,2016-06-22,C,1.9,2016-01-27
9475,2016-05-16 11:26:00,2016-05-16,0.1694,0.0,0.0,2140.0,0.1694,0.1694,0.1694,10000552,2016-06-22,2016-06-22,C,1.9,2016-01-27
9476,2016-05-16 11:27:00,2016-05-16,0.1694,0.0,0.0,2140.0,0.1694,0.1694,0.1694,10000552,2016-06-22,2016-06-22,C,1.9,2016-01-27
9477,2016-05-16 11:28:00,2016-05-16,0.1694,0.0,0.0,2140.0,0.1694,0.1694,0.1694,10000552,2016-06-22,2016-06-22,C,1.9,2016-01-27
9478,2016-05-16 11:29:00,2016-05-16,0.1694,0.0,0.0,2140.0,0.1694,0.1694,0.1694,10000552,2016-06-22,2016-06-22,C,1.9,2016-01-27
9479,2016-05-16 11:30:00,2016-05-16,0.1694,0.0,0.0,2140.0,0.1694,0.1694,0.1694,10000552,2016-06-22,2016-06-22,C,1.9,2016-01-27
9480,2016-05-16 13:01:00,2016-05-16,0.1694,0.0,0.0,2140.0,0.1694,0.1694,0.1694,10000552,2016-06-22,2016-06-22,C,1.9,2016-01-27
9481,2016-05-16 13:02:00,2016-05-16,0.1685,21881.0,13.0,2139.0,0.1685,0.1683,0.1683,10000552,2016-06-22,2016-06-22,C,1.9,2016-01-27
9482,2016-05-16 13:03:00,2016-05-16,0.1683,0.0,0.0,2139.0,0.1683,0.1683,0.1683,10000552,2016-06-22,2016-06-22,C,1.9,2016-01-27
9483,2016-05-16 13:04:00,2016-05-16,0.1683,0.0,0.0,2139.0,0.1683,0.1683,0.1683,10000552,2016-06-22,2016-06-22,C,1.9,2016-01-27
9484,2016-05-16 13:05:00,2016-05-16,0.1683,0.0,0.0,2139.0,0.1683,0.1683,0.1683,10000552,2016-06-22,2016-06-22,C,1.9,2016-01-27
9485,2016-05-16 13:06:00,2016-05-16,0.1683,0.0,0.0,2139.0,0.1683,0.1683,0.1683,10000552,2016-06-22,2016-06-22,C,1.9,2016-01-27
9486,2016-05-16 13:07:00,2016-05-16,0.1683,0.0,0.0,2139.0,0.1683,0.1683,0.1683,10000552,2016-06-22,2016-06-22,C,1.9,2016-01-27
9487,2016-05-16 13:08:00,2016-05-16,0.1683,0.0,0.0,2139.0,0.1683,0.1683,0.1683,10000552,2016-06-22,2016-06-22,C,1.9,2016-01-27
9488,2016-05-16 13:09:00,2016-05-16,0.1683,0.0,0.0,2139.0,0.1683,0.1683,0.1683,10000552,2016-06-22,2016-06-22,C,1.9,2016-01-27
9489,2016-05-16 13:10:00,2016-05-16,0.1683,0.0,0.0,2139.0,0.1683,0.1683,0.1683,10000552,2016-06-22,2016-06-22,C,1.9,2016-01-27
9490,2016-05-16 13:11:00,2016-05-16,0.1683,0.0,0.0,2139.0,0.1683,0.1683,0.1683,10000552,2016-06-22,2016-06-22,C,1.9,2016-01-27
9491,2016-05-16 13:12:00,2016-05-16,0.1683,0.0,0.0,2139.0,0.1683,0.1683,0.1683,10000552,2016-06-22,2016-06-22,C,1.9,2016-01-27
9492,2016-05-16 13:13:00,2016-05-16,0.1683,0.0,0.0,2139.0,0.1683,0.1683,0.1683,10000552,2016-06-22,2016-06-22,C,1.9,2016-01-27
9493,2016-05-16 13:14:00,2016-05-16,0.1683,0.0,0.0,2139.0,0.1683,0.1683,0.1683,10000552,2016-06-22,2016-06-22,C,1.9,2016-01-27
9494,2016-05-16 13:15:00,2016-05-16,0.1683,0.0,0.0,2139.0,0.1683,0.1683,0.1683,10000552,2016-06-22,2016-06-22,C,1.9,2016-01-27
9495,2016-05-16 13:16:00,2016-05-16,0.1683,0.0,0.0,2139.0,0.1683,0.1683,0.1683,10000552,2016-06-22,2016-06-22,C,1.9,2016-01-27
9496,2016-05-16 13:17:00,2016-05-16,0.1683,0.0,0.0,2139.0,0.1683,0.1683,0.1683,10000552,2016-06-22,2016-06-22,C,1.9,2016-01-27
9497,2016-05-16 13:18:00,2016-05-16,0.1683,0.0,0.0,2139.0,0.1683,0.1683,0.1683,10000552,2016-06-22,2016-06-22,C,1.9,2016-01-27
9498,2016-05-16 13:19:00,2016-05-16,0.1683,0.0,0.0,2139.0,0.1683,0.1683,0.1683,10000552,2016-06-22,2016-06-22,C,1.9,2016-01-27
9499,2016-05-16 13:20:00,2016-05-16,0.1683,0.0,0.0,2139.0,0.1683,0.1683,0.1683,10000552,2016-06-22,2016-06-22,C,1.9,2016-01-27
9500,2016-05-16 13:21:00,2016-05-16,0.1683,0.0,0.0,2139.0,0.1683,0.1683,0.1683,10000552,2016-06-22,2016-06-22,C,1.9,2016-01-27
9501,2016-05-16 13:22:00,2016-05-16,0.1683,0.0,0.0,2139.0,0.1683,0.1683,0.1683,10000552,2016-06-22,2016-06-22,C,1.9,2016-01-27
9502,2016-05-16 13:23:00,2016-05-16,0.1683,0.0,0.0,2139.0,0.1683,0.1683,0.1683,10000552,2016-06-22,2016-06-22,C,1.9,2016-01-27
9503,2016-05-16 13:24:00,2016-05-16,0.1683,0.0,0.0,2139.0,0.1683,0.1683,0.1683,10000552,2016-06-22,2016-06-22,C,1.9,2016-01-27
9504,2016-05-16 13:25:00,2016-05-16,0.1683,0.0,0.0,2139.0,0.1683,0.1683,0.1683,10000552,2016-06-22,2016-06-22,C,1.9,2016-01-27
9505,2016-05-16 13:26:00,2016-05-16,0.1683,0.0,0.0,2139.0,0.1683,0.1683,0.1683,10000552,2016-06-22,2016-06-22,C,1.9,2016-01-27
9506,2016-05-16 13:27:00,2016-05-16,0.1683,0.0,0.0,2139.0,0.1683,0.1683,0.1683,10000552,2016-06-22,2016-06-22,C,1.9,2016-01-27
9507,2016-05-16 13:28:00,2016-05-16,0.1683,0.0,0.0,2139.0,0.1683,0.1683,0.1683,10000552,2016-06-22,2016-06-22,C,1.9,2016-01-27
9508,2016-05-16 13:29:00,2016-05-16,0.1683,0.0,0.0,2139.0,0.1683,0.1683,0.1683,10000552,2016-06-22,2016-06-22,C,1.9,2016-01-27
9509,2016-05-16 13:30:00,2016-05-16,0.1683,0.0,0.0,2139.0,0.1683,0.1683,0.1683,10000552,2016-06-22,2016-06-22,C,1.9,2016-01-27
9510,2016-05-16 13:31:00,2016-05-16,0.1683,0.0,0.0,2139.0,0.1683,0.1683,0.1683,10000552,2016-06-22,2016-06-22,C,1.9,2016-01-27
9511,2016-05-16 13:32:00,2016-05-16,0.1683,0.0,0.0,2139.0,0.1683,0.1683,0.1683,10000552,2016-06-22,2016-06-22,C,1.9,2016-01-27
9512,2016-05-16 13:33:00,2016-05-16,0.1683,0.0,0.0,2139.0,0.1683,0.1683,0.1683,10000552,2016-06-22,2016-06-22,C,1.9,2016-01-27
9513,2016-05-16 13:34:00,2016-05-16,0.1683,0.0,0.0,2139.0,0.1683,0.1683,0.1683,10000552,2016-06-22,2016-06-22,C,1.9,2016-01-27
9514,2016-05-16 13:35:00,2016-05-16,0.1683,0.0,0.0,2139.0,0.1683,0.1683,0.1683,10000552,2016-06-22,2016-06-22,C,1.9,2016-01-27
9515,2016-05-16 13:36:00,2016-05-16,0.1683,0.0,0.0,2139.0,0.1683,0.1683,0.1683,10000552,2016-06-22,2016-06-22,C,1.9,2016-01-27
9516,2016-05-16 13:37:00,2016-05-16,0.1683,0.0,0.0,2139.0,0.1683,0.1683,0.1683,10000552,2016-06-22,2016-06-22,C,1.9,2016-01-27
9517,2016-05-16 13:38:00,2016-05-16,0.1683,0.0,0.0,2139.0,0.1683,0.1683,0.1683,10000552,2016-06-22,2016-06-22,C,1.9,2016-01-27
9518,2016-05-16 13:39:00,2016-05-16,0.1683,0.0,0.0,2139.0,0.1683,0.1683,0.1683,10000552,2016-06-22,2016-06-22,C,1.9,2016-01-27
9519,2016-05-16 13:40:00,2016-05-16,0.1683,0.0,0.0,2139.0,0.1683,0.1683,0.1683,10000552,2016-06-22,2016-06-22,C,1.9,2016-01-27
9520,2016-05-16 13:41:00,2016-05-16,0.1683,0.0,0.0,2139.0,0.1683,0.1683,0.1683,10000552,2016-06-22,2016-06-22,C,1.9,2016-01-27
9521,2016-05-16 13:42:00,2016-05-16,0.1683,0.0,0.0,2139.0,0.1683,0.1683,0.1683,10000552,2016-06-22,2016-06-22,C,1.9,2016-01-27
9522,2016-05-16 13:43:00,2016-05-16,0.1683,0.0,0.0,2139.0,0.1683,0.1683,0.1683,10000552,2016-06-22,2016-06-22,C,1.9,2016-01-27
9523,2016-05-16 13:44:00,2016-05-16,0.1683,0.0,0.0,2139.0,0.1683,0.1683,0.1683,10000552,2016-06-22,2016-06-22,C,1.9,2016-01-27
9524,2016-05-16 13:45:00,2016-05-16,0.1683,0.0,0.0,2139.0,0.1683,0.1683,0.1683,10000552,2016-06-22,2016-06-22,C,1.9,2016-01-27
9525,2016-05-16 13:46:00,2016-05-16,0.1683,0.0,0.0,2139.0,0.1683,0.1683,0.1683,10000552,2016-06-22,2016-06-22,C,1.9,2016-01-27
9526,2016-05-16 13:47:00,2016-05-16,0.1683,0.0,0.0,2139.0,0.1683,0.1683,0.1683,10000552,2016-06-22,2016-06-22,C,1.9,2016-01-27
9527,2016-05-16 13:48:00,2016-05-16,0.1683,0.0,0.0,2139.0,0.1683,0.1683,0.1683,10000552,2016-06-22,2016-06-22,C,1.9,2016-01-27
9528,2016-05-16 13:49:00,2016-05-16,0.1683,3344.0,2.0,2141.0,0.1683,0.1672,0.1672,10000552,2016-06-22,2016-06-22,C,1.9,2016-01-27
9529,2016-05-16 13:50:00,2016-05-16,0.1672,0.0,0.0,2141.0,0.1672,0.1672,0.1672,10000552,2016-06-22,2016-06-22,C,1.9,2016-01-27
9530,2016-05-16 13:51:00,2016-05-16,0.1672,0.0,0.0,2141.0,0.1672,0.1672,0.1672,10000552,2016-06-22,2016-06-22,C,1.9,2016-01-27
9531,2016-05-16 13:52:00,2016-05-16,0.1672,0.0,0.0,2141.0,0.1672,0.1672,0.1672,10000552,2016-06-22,2016-06-22,C,1.9,2016-01-27
9532,2016-05-16 13:53:00,2016-05-16,0.1672,0.0,0.0,2141.0,0.1672,0.1672,0.1672,10000552,2016-06-22,2016-06-22,C,1.9,2016-01-27
9533,2016-05-16 13:54:00,2016-05-16,0.1672,0.0,0.0,2141.0,0.1672,0.1672,0.1672,10000552,2016-06-22,2016-06-22,C,1.9,2016-01-27
9534,2016-05-16 13:55:00,2016-05-16,0.1672,0.0,0.0,2141.0,0.1672,0.1672,0.1672,10000552,2016-06-22,2016-06-22,C,1.9,2016-01-27
9535,2016-05-16 13:56:00,2016-05-16,0.1672,0.0,0.0,2141.0,0.1672,0.1672,0.1672,10000552,2016-06-22,2016-06-22,C,1.9,2016-01-27
9536,2016-05-16 13:57:00,2016-05-16,0.1672,0.0,0.0,2141.0,0.1672,0.1672,0.1672,10000552,2016-06-22,2016-06-22,C,1.9,2016-01-27
9537,2016-05-16 13:58:00,2016-05-16,0.1672,0.0,0.0,2141.0,0.1672,0.1672,0.1672,10000552,2016-06-22,2016-06-22,C,1.9,2016-01-27
9538,2016-05-16 13:59:00,2016-05-16,0.1672,0.0,0.0,2141.0,0.1672,0.1672,0.1672,10000552,2016-06-22,2016-06-22,C,1.9,2016-01-27
9539,2016-05-16 14:00:00,2016-05-16,0.1672,0.0,0.0,2141.0,0.1672,0.1672,0.1672,10000552,2016-06-22,2016-06-22,C,1.9,2016-01-27
9540,2016-05-16 14:01:00,2016-05-16,0.1672,0.0,0.0,2141.0,0.1672,0.1672,0.1672,10000552,2016-06-22,2016-06-22,C,1.9,2016-01-27
9541,2016-05-16 14:02:00,2016-05-16,0.1672,0.0,0.0,2141.0,0.1672,0.1672,0.1672,10000552,2016-06-22,2016-06-22,C,1.9,2016-01-27
9542,2016-05-16 14:03:00,2016-05-16,0.1672,0.0,0.0,2141.0,0.1672,0.1672,0.1672,10000552,2016-06-22,2016-06-22,C,1.9,2016-01-27
9543,2016-05-16 14:04:00,2016-05-16,0.1672,0.0,0.0,2141.0,0.1672,0.1672,0.1672,10000552,2016-06-22,2016-06-22,C,1.9,2016-01-27
9544,2016-05-16 14:05:00,2016-05-16,0.1672,0.0,0.0,2141.0,0.1672,0.1672,0.1672,10000552,2016-06-22,2016-06-22,C,1.9,2016-01-27
9545,2016-05-16 14:06:00,2016-05-16,0.1672,0.0,0.0,2141.0,0.1672,0.1672,0.1672,10000552,2016-06-22,2016-06-22,C,1.9,2016-01-27
9546,2016-05-16 14:07:00,2016-05-16,0.1672,3340.0,2.0,2141.0,0.1672,0.16699999999999998,0.16699999999999998,10000552,2016-06-22,2016-06-22,C,1.9,2016-01-27
9547,2016-05-16 14:08:00,2016-05-16,0.16699999999999998,0.0,0.0,2141.0,0.16699999999999998,0.16699999999999998,0.16699999999999998,10000552,2016-06-22,2016-06-22,C,1.9,2016-01-27
9548,2016-05-16 14:09:00,2016-05-16,0.16699999999999998,0.0,0.0,2141.0,0.16699999999999998,0.16699999999999998,0.16699999999999998,10000552,2016-06-22,2016-06-22,C,1.9,2016-01-27
9549,2016-05-16 14:10:00,2016-05-16,0.16699999999999998,0.0,0.0,2141.0,0.16699999999999998,0.16699999999999998,0.16699999999999998,10000552,2016-06-22,2016-06-22,C,1.9,2016-01-27
9550,2016-05-16 14:11:00,2016-05-16,0.16699999999999998,0.0,0.0,2141.0,0.16699999999999998,0.16699999999999998,0.16699999999999998,10000552,2016-06-22,2016-06-22,C,1.9,2016-01-27
9551,2016-05-16 14:12:00,2016-05-16,0.16699999999999998,0.0,0.0,2141.0,0.16699999999999998,0.16699999999999998,0.16699999999999998,10000552,2016-06-22,2016-06-22,C,1.9,2016-01-27
9552,2016-05-16 14:13:00,2016-05-16,0.16699999999999998,0.0,0.0,2141.0,0.16699999999999998,0.16699999999999998,0.16699999999999998,10000552,2016-06-22,2016-06-22,C,1.9,2016-01-27
9553,2016-05-16 14:14:00,2016-05-16,0.16699999999999998,0.0,0.0,2141.0,0.16699999999999998,0.16699999999999998,0.16699999999999998,10000552,2016-06-22,2016-06-22,C,1.9,2016-01-27
9554,2016-05-16 14:15:00,2016-05-16,0.16699999999999998,0.0,0.0,2141.0,0.16699999999999998,0.16699999999999998,0.16699999999999998,10000552,2016-06-22,2016-06-22,C,1.9,2016-01-27
9555,2016-05-16 14:16:00,2016-05-16,0.16699999999999998,6544.0,4.0,2141.0,0.16699999999999998,0.1636,0.1636,10000552,2016-06-22,2016-06-22,C,1.9,2016-01-27
9556,2016-05-16 14:17:00,2016-05-16,0.1645,16450.0,10.0,2141.0,0.1636,0.1645,0.1636,10000552,2016-06-22,2016-06-22,C,1.9,2016-01-27
9557,2016-05-16 14:18:00,2016-05-16,0.1645,0.0,0.0,2141.0,0.1645,0.1645,0.1645,10000552,2016-06-22,2016-06-22,C,1.9,2016-01-27
9558,2016-05-16 14:19:00,2016-05-16,0.1645,0.0,0.0,2141.0,0.1645,0.1645,0.1645,10000552,2016-06-22,2016-06-22,C,1.9,2016-01-27
9559,2016-05-16 14:20:00,2016-05-16,0.1645,0.0,0.0,2141.0,0.1645,0.1645,0.1645,10000552,2016-06-22,2016-06-22,C,1.9,2016-01-27
9560,2016-05-16 14:21:00,2016-05-16,0.1645,0.0,0.0,2141.0,0.1645,0.1645,0.1645,10000552,2016-06-22,2016-06-22,C,1.9,2016-01-27
9561,2016-05-16 14:22:00,2016-05-16,0.1645,0.0,0.0,2141.0,0.1645,0.1645,0.1645,10000552,2016-06-22,2016-06-22,C,1.9,2016-01-27
9562,2016-05-16 14:23:00,2016-05-16,0.1645,0.0,0.0,2141.0,0.1645,0.1645,0.1645,10000552,2016-06-22,2016-06-22,C,1.9,2016-01-27
9563,2016-05-16 14:24:00,2016-05-16,0.1645,0.0,0.0,2141.0,0.1645,0.1645,0.1645,10000552,2016-06-22,2016-06-22,C,1.9,2016-01-27
9564,2016-05-16 14:25:00,2016-05-16,0.1645,0.0,0.0,2141.0,0.1645,0.1645,0.1645,10000552,2016-06-22,2016-06-22,C,1.9,2016-01-27
9565,2016-05-16 14:26:00,2016-05-16,0.1645,0.0,0.0,2141.0,0.1645,0.1645,0.1645,10000552,2016-06-22,2016-06-22,C,1.9,2016-01-27
9566,2016-05-16 14:27:00,2016-05-16,0.1645,0.0,0.0,2141.0,0.1645,0.1645,0.1645,10000552,2016-06-22,2016-06-22,C,1.9,2016-01-27
9567,2016-05-16 14:28:00,2016-05-16,0.1645,0.0,0.0,2141.0,0.1645,0.1645,0.1645,10000552,2016-06-22,2016-06-22,C,1.9,2016-01-27
9568,2016-05-16 14:29:00,2016-05-16,0.1645,0.0,0.0,2141.0,0.1645,0.1645,0.1645,10000552,2016-06-22,2016-06-22,C,1.9,2016-01-27
9569,2016-05-16 14:30:00,2016-05-16,0.1652,8260.0,5.0,2136.0,0.1645,0.1652,0.1645,10000552,2016-06-22,2016-06-22,C,1.9,2016-01-27
9570,2016-05-16 14:31:00,2016-05-16,0.1652,0.0,0.0,2136.0,0.1652,0.1652,0.1652,10000552,2016-06-22,2016-06-22,C,1.9,2016-01-27
9571,2016-05-16 14:32:00,2016-05-16,0.1652,0.0,0.0,2136.0,0.1652,0.1652,0.1652,10000552,2016-06-22,2016-06-22,C,1.9,2016-01-27
9572,2016-05-16 14:33:00,2016-05-16,0.1652,0.0,0.0,2136.0,0.1652,0.1652,0.1652,10000552,2016-06-22,2016-06-22,C,1.9,2016-01-27
9573,2016-05-16 14:34:00,2016-05-16,0.1676,16760.0,10.0,2146.0,0.1652,0.1676,0.1652,10000552,2016-06-22,2016-06-22,C,1.9,2016-01-27
9574,2016-05-16 14:35:00,2016-05-16,0.1676,1676.0,1.0,2147.0,0.1676,0.1676,0.1676,10000552,2016-06-22,2016-06-22,C,1.9,2016-01-27
9575,2016-05-16 14:36:00,2016-05-16,0.1676,0.0,0.0,2147.0,0.1676,0.1676,0.1676,10000552,2016-06-22,2016-06-22,C,1.9,2016-01-27
9576,2016-05-16 14:37:00,2016-05-16,0.1676,0.0,0.0,2147.0,0.1676,0.1676,0.1676,10000552,2016-06-22,2016-06-22,C,1.9,2016-01-27
9577,2016-05-16 14:38:00,2016-05-16,0.1676,0.0,0.0,2147.0,0.1676,0.1676,0.1676,10000552,2016-06-22,2016-06-22,C,1.9,2016-01-27
9578,2016-05-16 14:39:00,2016-05-16,0.1676,0.0,0.0,2147.0,0.1676,0.1676,0.1676,10000552,2016-06-22,2016-06-22,C,1.9,2016-01-27
9579,2016-05-16 14:40:00,2016-05-16,0.1676,0.0,0.0,2147.0,0.1676,0.1676,0.1676,10000552,2016-06-22,2016-06-22,C,1.9,2016-01-27
9580,2016-05-16 14:41:00,2016-05-16,0.1676,0.0,0.0,2147.0,0.1676,0.1676,0.1676,10000552,2016-06-22,2016-06-22,C,1.9,2016-01-27
9581,2016-05-16 14:42:00,2016-05-16,0.1676,0.0,0.0,2147.0,0.1676,0.1676,0.1676,10000552,2016-06-22,2016-06-22,C,1.9,2016-01-27
9582,2016-05-16 14:43:00,2016-05-16,0.1676,0.0,0.0,2147.0,0.1676,0.1676,0.1676,10000552,2016-06-22,2016-06-22,C,1.9,2016-01-27
9583,2016-05-16 14:44:00,2016-05-16,0.1676,0.0,0.0,2147.0,0.1676,0.1676,0.1676,10000552,2016-06-22,2016-06-22,C,1.9,2016-01-27
9584,2016-05-16 14:45:00,2016-05-16,0.1676,0.0,0.0,2147.0,0.1676,0.1676,0.1676,10000552,2016-06-22,2016-06-22,C,1.9,2016-01-27
9585,2016-05-16 14:46:00,2016-05-16,0.1676,0.0,0.0,2147.0,0.1676,0.1676,0.1676,10000552,2016-06-22,2016-06-22,C,1.9,2016-01-27
9586,2016-05-16 14:47:00,2016-05-16,0.1676,0.0,0.0,2147.0,0.1676,0.1676,0.1676,10000552,2016-06-22,2016-06-22,C,1.9,2016-01-27
9587,2016-05-16 14:48:00,2016-05-16,0.1676,0.0,0.0,2147.0,0.1676,0.1676,0.1676,10000552,2016-06-22,2016-06-22,C,1.9,2016-01-27
9588,2016-05-16 14:49:00,2016-05-16,0.1676,0.0,0.0,2147.0,0.1676,0.1676,0.1676,10000552,2016-06-22,2016-06-22,C,1.9,2016-01-27
9589,2016-05-16 14:50:00,2016-05-16,0.1676,0.0,0.0,2147.0,0.1676,0.1676,0.1676,10000552,2016-06-22,2016-06-22,C,1.9,2016-01-27
9590,2016-05-16 14:51:00,2016-05-16,0.1676,0.0,0.0,2147.0,0.1676,0.1676,0.1676,10000552,2016-06-22,2016-06-22,C,1.9,2016-01-27
9591,2016-05-16 14:52:00,2016-05-16,0.1676,0.0,0.0,2147.0,0.1676,0.1676,0.1676,10000552,2016-06-22,2016-06-22,C,1.9,2016-01-27
9592,2016-05-16 14:53:00,2016-05-16,0.1676,0.0,0.0,2147.0,0.1676,0.1676,0.1676,10000552,2016-06-22,2016-06-22,C,1.9,2016-01-27
9593,2016-05-16 14:54:00,2016-05-16,0.17,3400.0,2.0,2147.0,0.1676,0.17,0.1676,10000552,2016-06-22,2016-06-22,C,1.9,2016-01-27
9594,2016-05-16 14:55:00,2016-05-16,0.17,0.0,0.0,2147.0,0.17,0.17,0.17,10000552,2016-06-22,2016-06-22,C,1.9,2016-01-27
9595,2016-05-16 14:56:00,2016-05-16,0.17,0.0,0.0,2147.0,0.17,0.17,0.17,10000552,2016-06-22,2016-06-22,C,1.9,2016-01-27
9596,2016-05-16 14:57:00,2016-05-16,0.17,0.0,0.0,2147.0,0.17,0.17,0.17,10000552,2016-06-22,2016-06-22,C,1.9,2016-01-27
9597,2016-05-16 14:58:00,2016-05-16,0.17,0.0,0.0,2147.0,0.17,0.17,0.17,10000552,2016-06-22,2016-06-22,C,1.9,2016-01-27
9598,2016-05-16 14:59:00,2016-05-16,0.17,0.0,0.0,2147.0,0.17,0.17,0.17,10000552,2016-06-22,2016-06-22,C,1.9,2016-01-27
9599,2016-05-16 15:00:00,2016-05-16,0.17,0.0,0.0,2147.0,0.17,0.17,0.17,10000552,2016-06-22,2016-06-22,C,1.9,2016-01-27
9600,2016-05-16 09:31:00,2016-05-16,0.0102,1122.0,11.0,11930.0,0.0102,0.0102,0.0101,10000554,2016-06-22,2016-06-22,P,1.9,2016-01-27
9601,2016-05-16 09:32:00,2016-05-16,0.0102,714.0,7.0,11930.0,0.0102,0.0102,0.0102,10000554,2016-06-22,2016-06-22,P,1.9,2016-01-27
9602,2016-05-16 09:33:00,2016-05-16,0.0102,0.0,0.0,11930.0,0.0102,0.0102,0.0102,10000554,2016-06-22,2016-06-22,P,1.9,2016-01-27
9603,2016-05-16 09:34:00,2016-05-16,0.0102,0.0,0.0,11930.0,0.0102,0.0102,0.0102,10000554,2016-06-22,2016-06-22,P,1.9,2016-01-27
9604,2016-05-16 09:35:00,2016-05-16,0.0102,505.0,5.0,11935.0,0.0102,0.0101,0.0101,10000554,2016-06-22,2016-06-22,P,1.9,2016-01-27
9605,2016-05-16 09:36:00,2016-05-16,0.0101,1481.0,15.0,11936.0,0.0101,0.0098,0.0098,10000554,2016-06-22,2016-06-22,P,1.9,2016-01-27
9606,2016-05-16 09:37:00,2016-05-16,0.0098,0.0,0.0,11936.0,0.0098,0.0098,0.0098,10000554,2016-06-22,2016-06-22,P,1.9,2016-01-27
9607,2016-05-16 09:38:00,2016-05-16,0.01,1260.0,13.0,11938.0,0.0098,0.0096,0.0096,10000554,2016-06-22,2016-06-22,P,1.9,2016-01-27
9608,2016-05-16 09:39:00,2016-05-16,0.0096,576.0,6.0,11938.0,0.0096,0.0096,0.0096,10000554,2016-06-22,2016-06-22,P,1.9,2016-01-27
9609,2016-05-16 09:40:00,2016-05-16,0.01,2145.0,22.0,11943.0,0.0096,0.0096,0.0095,10000554,2016-06-22,2016-06-22,P,1.9,2016-01-27
9610,2016-05-16 09:41:00,2016-05-16,0.0103,3048.0,30.0,11943.0,0.0096,0.0103,0.0096,10000554,2016-06-22,2016-06-22,P,1.9,2016-01-27
9611,2016-05-16 09:42:00,2016-05-16,0.0103,2049.0,20.0,11943.0,0.0103,0.0103,0.0102,10000554,2016-06-22,2016-06-22,P,1.9,2016-01-27
9612,2016-05-16 09:43:00,2016-05-16,0.0103,0.0,0.0,11943.0,0.0103,0.0103,0.0103,10000554,2016-06-22,2016-06-22,P,1.9,2016-01-27
9613,2016-05-16 09:44:00,2016-05-16,0.0103,970.0,10.0,11953.0,0.0103,0.0097,0.0097,10000554,2016-06-22,2016-06-22,P,1.9,2016-01-27
9614,2016-05-16 09:45:00,2016-05-16,0.0102,3120.0,31.0,11954.0,0.0097,0.0102,0.0097,10000554,2016-06-22,2016-06-22,P,1.9,2016-01-27
9615,2016-05-16 09:46:00,2016-05-16,0.0102,990.0,10.0,11954.0,0.0102,0.0099,0.0099,10000554,2016-06-22,2016-06-22,P,1.9,2016-01-27
9616,2016-05-16 09:47:00,2016-05-16,0.0099,990.0,10.0,11964.0,0.0099,0.0099,0.0099,10000554,2016-06-22,2016-06-22,P,1.9,2016-01-27
9617,2016-05-16 09:48:00,2016-05-16,0.0097,1649.0,17.0,11971.0,0.0097,0.0097,0.0097,10000554,2016-06-22,2016-06-22,P,1.9,2016-01-27
9618,2016-05-16 09:49:00,2016-05-16,0.0097,776.0,8.0,11971.0,0.0097,0.0097,0.0097,10000554,2016-06-22,2016-06-22,P,1.9,2016-01-27
9619,2016-05-16 09:50:00,2016-05-16,0.0097,3360.0,35.0,11981.0,0.0097,0.0096,0.0096,10000554,2016-06-22,2016-06-22,P,1.9,2016-01-27
9620,2016-05-16 09:51:00,2016-05-16,0.0096,3456.0,36.0,11981.0,0.0096,0.0096,0.0096,10000554,2016-06-22,2016-06-22,P,1.9,2016-01-27
9621,2016-05-16 09:52:00,2016-05-16,0.0096,0.0,0.0,11981.0,0.0096,0.0096,0.0096,10000554,2016-06-22,2016-06-22,P,1.9,2016-01-27
9622,2016-05-16 09:53:00,2016-05-16,0.0106,2902.0,28.0,11982.0,0.0096,0.0106,0.0096,10000554,2016-06-22,2016-06-22,P,1.9,2016-01-27
9623,2016-05-16 09:54:00,2016-05-16,0.0109,7565.0,70.0,11967.0,0.0106,0.0108,0.0106,10000554,2016-06-22,2016-06-22,P,1.9,2016-01-27
9624,2016-05-16 09:55:00,2016-05-16,0.011,9785.0,90.0,11990.0,0.0108,0.0104,0.0104,10000554,2016-06-22,2016-06-22,P,1.9,2016-01-27
9625,2016-05-16 09:56:00,2016-05-16,0.0108,3790.0,36.0,11990.0,0.0105,0.0108,0.0104,10000554,2016-06-22,2016-06-22,P,1.9,2016-01-27
9626,2016-05-16 09:57:00,2016-05-16,0.0109,1298.0,12.0,12000.0,0.0108,0.0109,0.0108,10000554,2016-06-22,2016-06-22,P,1.9,2016-01-27
9627,2016-05-16 09:58:00,2016-05-16,0.0109,0.0,0.0,12000.0,0.0109,0.0109,0.0109,10000554,2016-06-22,2016-06-22,P,1.9,2016-01-27
9628,2016-05-16 09:59:00,2016-05-16,0.0109,528.0,5.0,12000.0,0.0109,0.0105,0.0105,10000554,2016-06-22,2016-06-22,P,1.9,2016-01-27
9629,2016-05-16 10:00:00,2016-05-16,0.0108,2342.0,22.0,12022.0,0.0105,0.0106,0.0105,10000554,2016-06-22,2016-06-22,P,1.9,2016-01-27
9630,2016-05-16 10:01:00,2016-05-16,0.0112,7100.0,64.0,12083.0,0.0106,0.0112,0.0106,10000554,2016-06-22,2016-06-22,P,1.9,2016-01-27
9631,2016-05-16 10:02:00,2016-05-16,0.0113,12764.0,114.0,12194.0,0.0112,0.0112,0.011,10000554,2016-06-22,2016-06-22,P,1.9,2016-01-27
9632,2016-05-16 10:03:00,2016-05-16,0.0112,9193.0,83.0,12267.0,0.0112,0.0111,0.011,10000554,2016-06-22,2016-06-22,P,1.9,2016-01-27
9633,2016-05-16 10:04:00,2016-05-16,0.0111,1776.0,16.0,12281.0,0.0111,0.0111,0.0111,10000554,2016-06-22,2016-06-22,P,1.9,2016-01-27
9634,2016-05-16 10:05:00,2016-05-16,0.0111,4551.0,41.0,12306.0,0.0111,0.0111,0.0111,10000554,2016-06-22,2016-06-22,P,1.9,2016-01-27
9635,2016-05-16 10:06:00,2016-05-16,0.0111,1165.0,11.0,12306.0,0.0111,0.0105,0.0105,10000554,2016-06-22,2016-06-22,P,1.9,2016-01-27
9636,2016-05-16 10:07:00,2016-05-16,0.0105,0.0,0.0,12306.0,0.0105,0.0105,0.0105,10000554,2016-06-22,2016-06-22,P,1.9,2016-01-27
9637,2016-05-16 10:08:00,2016-05-16,0.0105,622.0,6.0,12310.0,0.0105,0.0103,0.0103,10000554,2016-06-22,2016-06-22,P,1.9,2016-01-27
9638,2016-05-16 10:09:00,2016-05-16,0.0103,0.0,0.0,12310.0,0.0103,0.0103,0.0103,10000554,2016-06-22,2016-06-22,P,1.9,2016-01-27
9639,2016-05-16 10:10:00,2016-05-16,0.0103,1214.0,12.0,12312.0,0.0103,0.0102,0.0101,10000554,2016-06-22,2016-06-22,P,1.9,2016-01-27
9640,2016-05-16 10:11:00,2016-05-16,0.0102,505.0,5.0,12317.0,0.0102,0.0101,0.0101,10000554,2016-06-22,2016-06-22,P,1.9,2016-01-27
9641,2016-05-16 10:12:00,2016-05-16,0.0101,0.0,0.0,12317.0,0.0101,0.0101,0.0101,10000554,2016-06-22,2016-06-22,P,1.9,2016-01-27
9642,2016-05-16 10:13:00,2016-05-16,0.0102,1625.0,16.0,12332.0,0.0101,0.0102,0.01,10000554,2016-06-22,2016-06-22,P,1.9,2016-01-27
9643,2016-05-16 10:14:00,2016-05-16,0.0102,0.0,0.0,12332.0,0.0102,0.0102,0.0102,10000554,2016-06-22,2016-06-22,P,1.9,2016-01-27
9644,2016-05-16 10:15:00,2016-05-16,0.0102,0.0,0.0,12332.0,0.0102,0.0102,0.0102,10000554,2016-06-22,2016-06-22,P,1.9,2016-01-27
9645,2016-05-16 10:16:00,2016-05-16,0.0102,0.0,0.0,12332.0,0.0102,0.0102,0.0102,10000554,2016-06-22,2016-06-22,P,1.9,2016-01-27
9646,2016-05-16 10:17:00,2016-05-16,0.0102,990.0,10.0,12342.0,0.0102,0.0099,0.0099,10000554,2016-06-22,2016-06-22,P,1.9,2016-01-27
9647,2016-05-16 10:18:00,2016-05-16,0.0099,784.0,8.0,12342.0,0.0099,0.0098,0.0098,10000554,2016-06-22,2016-06-22,P,1.9,2016-01-27
9648,2016-05-16 10:19:00,2016-05-16,0.0098,0.0,0.0,12342.0,0.0098,0.0098,0.0098,10000554,2016-06-22,2016-06-22,P,1.9,2016-01-27
9649,2016-05-16 10:20:00,2016-05-16,0.0098,294.0,3.0,12342.0,0.0098,0.0098,0.0098,10000554,2016-06-22,2016-06-22,P,1.9,2016-01-27
9650,2016-05-16 10:21:00,2016-05-16,0.0097,1940.0,20.0,12342.0,0.0097,0.0097,0.0097,10000554,2016-06-22,2016-06-22,P,1.9,2016-01-27
9651,2016-05-16 10:22:00,2016-05-16,0.0097,970.0,10.0,12342.0,0.0097,0.0097,0.0097,10000554,2016-06-22,2016-06-22,P,1.9,2016-01-27
9652,2016-05-16 10:23:00,2016-05-16,0.0097,960.0,10.0,12342.0,0.0097,0.0096,0.0096,10000554,2016-06-22,2016-06-22,P,1.9,2016-01-27
9653,2016-05-16 10:24:00,2016-05-16,0.0101,3397.0,35.0,12345.0,0.0096,0.0098,0.0096,10000554,2016-06-22,2016-06-22,P,1.9,2016-01-27
9654,2016-05-16 10:25:00,2016-05-16,0.0098,0.0,0.0,12345.0,0.0098,0.0098,0.0098,10000554,2016-06-22,2016-06-22,P,1.9,2016-01-27
9655,2016-05-16 10:26:00,2016-05-16,0.0099,1980.0,20.0,12345.0,0.0099,0.0099,0.0099,10000554,2016-06-22,2016-06-22,P,1.9,2016-01-27
9656,2016-05-16 10:27:00,2016-05-16,0.0099,970.0,10.0,12345.0,0.0099,0.0097,0.0097,10000554,2016-06-22,2016-06-22,P,1.9,2016-01-27
9657,2016-05-16 10:28:00,2016-05-16,0.0097,960.0,10.0,12355.0,0.0097,0.0096,0.0096,10000554,2016-06-22,2016-06-22,P,1.9,2016-01-27
9658,2016-05-16 10:29:00,2016-05-16,0.0096,950.0,10.0,12355.0,0.0096,0.0095,0.0095,10000554,2016-06-22,2016-06-22,P,1.9,2016-01-27
9659,2016-05-16 10:30:00,2016-05-16,0.0095,0.0,0.0,12355.0,0.0095,0.0095,0.0095,10000554,2016-06-22,2016-06-22,P,1.9,2016-01-27
9660,2016-05-16 10:31:00,2016-05-16,0.0096,1420.0,15.0,12355.0,0.0095,0.0094,0.0094,10000554,2016-06-22,2016-06-22,P,1.9,2016-01-27
9661,2016-05-16 10:32:00,2016-05-16,0.0094,0.0,0.0,12355.0,0.0094,0.0094,0.0094,10000554,2016-06-22,2016-06-22,P,1.9,2016-01-27
9662,2016-05-16 10:33:00,2016-05-16,0.0094,0.0,0.0,12355.0,0.0094,0.0094,0.0094,10000554,2016-06-22,2016-06-22,P,1.9,2016-01-27
9663,2016-05-16 10:34:00,2016-05-16,0.0095,95.0,1.0,12355.0,0.0094,0.0095,0.0094,10000554,2016-06-22,2016-06-22,P,1.9,2016-01-27
9664,2016-05-16 10:35:00,2016-05-16,0.0095,0.0,0.0,12355.0,0.0095,0.0095,0.0095,10000554,2016-06-22,2016-06-22,P,1.9,2016-01-27
9665,2016-05-16 10:36:00,2016-05-16,0.0095,0.0,0.0,12355.0,0.0095,0.0095,0.0095,10000554,2016-06-22,2016-06-22,P,1.9,2016-01-27
9666,2016-05-16 10:37:00,2016-05-16,0.0095,0.0,0.0,12355.0,0.0095,0.0095,0.0095,10000554,2016-06-22,2016-06-22,P,1.9,2016-01-27
9667,2016-05-16 10:38:00,2016-05-16,0.0095,0.0,0.0,12355.0,0.0095,0.0095,0.0095,10000554,2016-06-22,2016-06-22,P,1.9,2016-01-27
9668,2016-05-16 10:39:00,2016-05-16,0.0095,0.0,0.0,12355.0,0.0095,0.0095,0.0095,10000554,2016-06-22,2016-06-22,P,1.9,2016-01-27
9669,2016-05-16 10:40:00,2016-05-16,0.0095,190.0,2.0,12357.0,0.0095,0.0095,0.0095,10000554,2016-06-22,2016-06-22,P,1.9,2016-01-27
9670,2016-05-16 10:41:00,2016-05-16,0.0095,95.0,1.0,12357.0,0.0095,0.0095,0.0095,10000554,2016-06-22,2016-06-22,P,1.9,2016-01-27
9671,2016-05-16 10:42:00,2016-05-16,0.0095,1880.0,20.0,12364.0,0.0095,0.0094,0.0094,10000554,2016-06-22,2016-06-22,P,1.9,2016-01-27
9672,2016-05-16 10:43:00,2016-05-16,0.0094,940.0,10.0,12364.0,0.0094,0.0094,0.0094,10000554,2016-06-22,2016-06-22,P,1.9,2016-01-27
9673,2016-05-16 10:44:00,2016-05-16,0.0094,2428.0,26.0,12348.0,0.0094,0.0093,0.0093,10000554,2016-06-22,2016-06-22,P,1.9,2016-01-27
9674,2016-05-16 10:45:00,2016-05-16,0.0093,924.0,10.0,12348.0,0.0093,0.0092,0.0092,10000554,2016-06-22,2016-06-22,P,1.9,2016-01-27
9675,2016-05-16 10:46:00,2016-05-16,0.0093,10120.0,110.0,12329.0,0.0092,0.0093,0.0091,10000554,2016-06-22,2016-06-22,P,1.9,2016-01-27
9676,2016-05-16 10:47:00,2016-05-16,0.0093,1840.0,20.0,12329.0,0.0093,0.0092,0.0092,10000554,2016-06-22,2016-06-22,P,1.9,2016-01-27
9677,2016-05-16 10:48:00,2016-05-16,0.0092,1840.0,20.0,12329.0,0.0092,0.0092,0.0092,10000554,2016-06-22,2016-06-22,P,1.9,2016-01-27
9678,2016-05-16 10:49:00,2016-05-16,0.0092,920.0,10.0,12329.0,0.0092,0.0092,0.0092,10000554,2016-06-22,2016-06-22,P,1.9,2016-01-27
9679,2016-05-16 10:50:00,2016-05-16,0.0092,3182.0,35.0,12345.0,0.0092,0.009000000000000001,0.009000000000000001,10000554,2016-06-22,2016-06-22,P,1.9,2016-01-27
9680,2016-05-16 10:51:00,2016-05-16,0.009000000000000001,6060.0,68.0,12381.0,0.009000000000000001,0.0088,0.0088,10000554,2016-06-22,2016-06-22,P,1.9,2016-01-27
9681,2016-05-16 10:52:00,2016-05-16,0.0088,947.0,11.0,12386.0,0.0088,0.0087,0.0086,10000554,2016-06-22,2016-06-22,P,1.9,2016-01-27
9682,2016-05-16 10:53:00,2016-05-16,0.0086,1720.0,20.0,12368.0,0.0086,0.0086,0.0086,10000554,2016-06-22,2016-06-22,P,1.9,2016-01-27
9683,2016-05-16 10:54:00,2016-05-16,0.0086,2540.0,30.0,12368.0,0.0086,0.0084,0.0084,10000554,2016-06-22,2016-06-22,P,1.9,2016-01-27
9684,2016-05-16 10:55:00,2016-05-16,0.0084,2636.0,32.0,12387.0,0.0084,0.0082,0.0082,10000554,2016-06-22,2016-06-22,P,1.9,2016-01-27
9685,2016-05-16 10:56:00,2016-05-16,0.0082,567.0,7.0,12394.0,0.0082,0.0081,0.0081,10000554,2016-06-22,2016-06-22,P,1.9,2016-01-27
9686,2016-05-16 10:57:00,2016-05-16,0.0081,2592.0,32.0,12394.0,0.0081,0.0081,0.0081,10000554,2016-06-22,2016-06-22,P,1.9,2016-01-27
9687,2016-05-16 10:58:00,2016-05-16,0.0081,1580.0,20.0,12384.0,0.0081,0.0078,0.0078,10000554,2016-06-22,2016-06-22,P,1.9,2016-01-27
9688,2016-05-16 10:59:00,2016-05-16,0.0079,1151.0,15.0,12376.0,0.0078,0.0074,0.0074,10000554,2016-06-22,2016-06-22,P,1.9,2016-01-27
9689,2016-05-16 11:00:00,2016-05-16,0.0074,1184.0,16.0,12392.0,0.0074,0.0074,0.0074,10000554,2016-06-22,2016-06-22,P,1.9,2016-01-27
9690,2016-05-16 11:01:00,2016-05-16,0.0074,222.0,3.0,12392.0,0.0074,0.0074,0.0074,10000554,2016-06-22,2016-06-22,P,1.9,2016-01-27
9691,2016-05-16 11:02:00,2016-05-16,0.0078,1670.0,22.0,12412.0,0.0074,0.0074,0.0074,10000554,2016-06-22,2016-06-22,P,1.9,2016-01-27
9692,2016-05-16 11:03:00,2016-05-16,0.0076,3522.0,47.0,12412.0,0.0074,0.0076,0.0074,10000554,2016-06-22,2016-06-22,P,1.9,2016-01-27
9693,2016-05-16 11:04:00,2016-05-16,0.0076,380.0,5.0,12412.0,0.0076,0.0076,0.0076,10000554,2016-06-22,2016-06-22,P,1.9,2016-01-27
9694,2016-05-16 11:05:00,2016-05-16,0.0076,1500.0,20.0,12412.0,0.0076,0.0075,0.0075,10000554,2016-06-22,2016-06-22,P,1.9,2016-01-27
9695,2016-05-16 11:06:00,2016-05-16,0.0075,0.0,0.0,12412.0,0.0075,0.0075,0.0075,10000554,2016-06-22,2016-06-22,P,1.9,2016-01-27
9696,2016-05-16 11:07:00,2016-05-16,0.0075,0.0,0.0,12412.0,0.0075,0.0075,0.0075,10000554,2016-06-22,2016-06-22,P,1.9,2016-01-27
9697,2016-05-16 11:08:00,2016-05-16,0.0078,78.0,1.0,12411.0,0.0075,0.0078,0.0075,10000554,2016-06-22,2016-06-22,P,1.9,2016-01-27
9698,2016-05-16 11:09:00,2016-05-16,0.0078,750.0,10.0,12411.0,0.0078,0.0075,0.0075,10000554,2016-06-22,2016-06-22,P,1.9,2016-01-27
9699,2016-05-16 11:10:00,2016-05-16,0.0075,0.0,0.0,12411.0,0.0075,0.0075,0.0075,10000554,2016-06-22,2016-06-22,P,1.9,2016-01-27
9700,2016-05-16 11:11:00,2016-05-16,0.0075,2230.0,30.0,12412.0,0.0075,0.0074,0.0074,10000554,2016-06-22,2016-06-22,P,1.9,2016-01-27
9701,2016-05-16 11:12:00,2016-05-16,0.0074,0.0,0.0,12412.0,0.0074,0.0074,0.0074,10000554,2016-06-22,2016-06-22,P,1.9,2016-01-27
9702,2016-05-16 11:13:00,2016-05-16,0.0076,1520.0,20.0,12422.0,0.0074,0.0076,0.0074,10000554,2016-06-22,2016-06-22,P,1.9,2016-01-27
9703,2016-05-16 11:14:00,2016-05-16,0.0076,0.0,0.0,12422.0,0.0076,0.0076,0.0076,10000554,2016-06-22,2016-06-22,P,1.9,2016-01-27
9704,2016-05-16 11:15:00,2016-05-16,0.0076,750.0,10.0,12432.0,0.0076,0.0075,0.0075,10000554,2016-06-22,2016-06-22,P,1.9,2016-01-27
9705,2016-05-16 11:16:00,2016-05-16,0.0075,0.0,0.0,12432.0,0.0075,0.0075,0.0075,10000554,2016-06-22,2016-06-22,P,1.9,2016-01-27
9706,2016-05-16 11:17:00,2016-05-16,0.0075,0.0,0.0,12432.0,0.0075,0.0075,0.0075,10000554,2016-06-22,2016-06-22,P,1.9,2016-01-27
9707,2016-05-16 11:18:00,2016-05-16,0.0075,720.0,10.0,12442.0,0.0075,0.0072,0.0072,10000554,2016-06-22,2016-06-22,P,1.9,2016-01-27
9708,2016-05-16 11:19:00,2016-05-16,0.0077,770.0,10.0,12442.0,0.0072,0.0077,0.0072,10000554,2016-06-22,2016-06-22,P,1.9,2016-01-27
9709,2016-05-16 11:20:00,2016-05-16,0.0077,770.0,10.0,12451.0,0.0077,0.0077,0.0077,10000554,2016-06-22,2016-06-22,P,1.9,2016-01-27
9710,2016-05-16 11:21:00,2016-05-16,0.0077,827.0,11.0,12462.0,0.0077,0.0075,0.0075,10000554,2016-06-22,2016-06-22,P,1.9,2016-01-27
9711,2016-05-16 11:22:00,2016-05-16,0.0076,76.0,1.0,12462.0,0.0075,0.0076,0.0075,10000554,2016-06-22,2016-06-22,P,1.9,2016-01-27
9712,2016-05-16 11:23:00,2016-05-16,0.0076,0.0,0.0,12462.0,0.0076,0.0076,0.0076,10000554,2016-06-22,2016-06-22,P,1.9,2016-01-27
9713,2016-05-16 11:24:00,2016-05-16,0.0076,0.0,0.0,12462.0,0.0076,0.0076,0.0076,10000554,2016-06-22,2016-06-22,P,1.9,2016-01-27
9714,2016-05-16 11:25:00,2016-05-16,0.0076,0.0,0.0,12462.0,0.0076,0.0076,0.0076,10000554,2016-06-22,2016-06-22,P,1.9,2016-01-27
9715,2016-05-16 11:26:00,2016-05-16,0.0076,0.0,0.0,12462.0,0.0076,0.0076,0.0076,10000554,2016-06-22,2016-06-22,P,1.9,2016-01-27
9716,2016-05-16 11:27:00,2016-05-16,0.0076,0.0,0.0,12462.0,0.0076,0.0076,0.0076,10000554,2016-06-22,2016-06-22,P,1.9,2016-01-27
9717,2016-05-16 11:28:00,2016-05-16,0.0076,0.0,0.0,12462.0,0.0076,0.0076,0.0076,10000554,2016-06-22,2016-06-22,P,1.9,2016-01-27
9718,2016-05-16 11:29:00,2016-05-16,0.0076,0.0,0.0,12462.0,0.0076,0.0076,0.0076,10000554,2016-06-22,2016-06-22,P,1.9,2016-01-27
9719,2016-05-16 11:30:00,2016-05-16,0.0076,0.0,0.0,12462.0,0.0076,0.0076,0.0076,10000554,2016-06-22,2016-06-22,P,1.9,2016-01-27
9720,2016-05-16 13:01:00,2016-05-16,0.0076,0.0,0.0,12462.0,0.0076,0.0076,0.0076,10000554,2016-06-22,2016-06-22,P,1.9,2016-01-27
9721,2016-05-16 13:02:00,2016-05-16,0.0078,232.0,3.0,12463.0,0.0077,0.0078,0.0077,10000554,2016-06-22,2016-06-22,P,1.9,2016-01-27
9722,2016-05-16 13:03:00,2016-05-16,0.0078,0.0,0.0,12463.0,0.0078,0.0078,0.0078,10000554,2016-06-22,2016-06-22,P,1.9,2016-01-27
9723,2016-05-16 13:04:00,2016-05-16,0.0078,0.0,0.0,12463.0,0.0078,0.0078,0.0078,10000554,2016-06-22,2016-06-22,P,1.9,2016-01-27
9724,2016-05-16 13:05:00,2016-05-16,0.0078,1480.0,20.0,12473.0,0.0078,0.0074,0.0074,10000554,2016-06-22,2016-06-22,P,1.9,2016-01-27
9725,2016-05-16 13:06:00,2016-05-16,0.0074,740.0,10.0,12483.0,0.0074,0.0074,0.0074,10000554,2016-06-22,2016-06-22,P,1.9,2016-01-27
9726,2016-05-16 13:07:00,2016-05-16,0.0078,780.0,10.0,12483.0,0.0074,0.0078,0.0074,10000554,2016-06-22,2016-06-22,P,1.9,2016-01-27
9727,2016-05-16 13:08:00,2016-05-16,0.0078,1560.0,20.0,12493.0,0.0078,0.0078,0.0078,10000554,2016-06-22,2016-06-22,P,1.9,2016-01-27
9728,2016-05-16 13:09:00,2016-05-16,0.0078,2220.0,30.0,12503.0,0.0078,0.0074,0.0074,10000554,2016-06-22,2016-06-22,P,1.9,2016-01-27
9729,2016-05-16 13:10:00,2016-05-16,0.0077,770.0,10.0,12503.0,0.0074,0.0077,0.0074,10000554,2016-06-22,2016-06-22,P,1.9,2016-01-27
9730,2016-05-16 13:11:00,2016-05-16,0.0077,0.0,0.0,12503.0,0.0077,0.0077,0.0077,10000554,2016-06-22,2016-06-22,P,1.9,2016-01-27
9731,2016-05-16 13:12:00,2016-05-16,0.0077,0.0,0.0,12503.0,0.0077,0.0077,0.0077,10000554,2016-06-22,2016-06-22,P,1.9,2016-01-27
9732,2016-05-16 13:13:00,2016-05-16,0.0077,0.0,0.0,12503.0,0.0077,0.0077,0.0077,10000554,2016-06-22,2016-06-22,P,1.9,2016-01-27
9733,2016-05-16 13:14:00,2016-05-16,0.0077,77.0,1.0,12503.0,0.0077,0.0077,0.0077,10000554,2016-06-22,2016-06-22,P,1.9,2016-01-27
9734,2016-05-16 13:15:00,2016-05-16,0.0077,0.0,0.0,12503.0,0.0077,0.0077,0.0077,10000554,2016-06-22,2016-06-22,P,1.9,2016-01-27
9735,2016-05-16 13:16:00,2016-05-16,0.0077,0.0,0.0,12503.0,0.0077,0.0077,0.0077,10000554,2016-06-22,2016-06-22,P,1.9,2016-01-27
9736,2016-05-16 13:17:00,2016-05-16,0.0077,0.0,0.0,12503.0,0.0077,0.0077,0.0077,10000554,2016-06-22,2016-06-22,P,1.9,2016-01-27
9737,2016-05-16 13:18:00,2016-05-16,0.0077,0.0,0.0,12503.0,0.0077,0.0077,0.0077,10000554,2016-06-22,2016-06-22,P,1.9,2016-01-27
9738,2016-05-16 13:19:00,2016-05-16,0.0078,156.0,2.0,12503.0,0.0078,0.0078,0.0078,10000554,2016-06-22,2016-06-22,P,1.9,2016-01-27
9739,2016-05-16 13:20:00,2016-05-16,0.0078,0.0,0.0,12503.0,0.0078,0.0078,0.0078,10000554,2016-06-22,2016-06-22,P,1.9,2016-01-27
9740,2016-05-16 13:21:00,2016-05-16,0.0078,0.0,0.0,12503.0,0.0078,0.0078,0.0078,10000554,2016-06-22,2016-06-22,P,1.9,2016-01-27
9741,2016-05-16 13:22:00,2016-05-16,0.0078,0.0,0.0,12503.0,0.0078,0.0078,0.0078,10000554,2016-06-22,2016-06-22,P,1.9,2016-01-27
9742,2016-05-16 13:23:00,2016-05-16,0.0078,0.0,0.0,12503.0,0.0078,0.0078,0.0078,10000554,2016-06-22,2016-06-22,P,1.9,2016-01-27
9743,2016-05-16 13:24:00,2016-05-16,0.0078,2960.0,40.0,12513.0,0.0078,0.0074,0.0074,10000554,2016-06-22,2016-06-22,P,1.9,2016-01-27
9744,2016-05-16 13:25:00,2016-05-16,0.0074,0.0,0.0,12513.0,0.0074,0.0074,0.0074,10000554,2016-06-22,2016-06-22,P,1.9,2016-01-27
9745,2016-05-16 13:26:00,2016-05-16,0.0074,0.0,0.0,12513.0,0.0074,0.0074,0.0074,10000554,2016-06-22,2016-06-22,P,1.9,2016-01-27
9746,2016-05-16 13:27:00,2016-05-16,0.0078,838.0,11.0,12514.0,0.0074,0.0076,0.0074,10000554,2016-06-22,2016-06-22,P,1.9,2016-01-27
9747,2016-05-16 13:28:00,2016-05-16,0.0078,1520.0,20.0,12524.0,0.0076,0.0078,0.0074,10000554,2016-06-22,2016-06-22,P,1.9,2016-01-27
9748,2016-05-16 13:29:00,2016-05-16,0.0078,750.0,10.0,12524.0,0.0078,0.0075,0.0075,10000554,2016-06-22,2016-06-22,P,1.9,2016-01-27
9749,2016-05-16 13:30:00,2016-05-16,0.0075,0.0,0.0,12524.0,0.0075,0.0075,0.0075,10000554,2016-06-22,2016-06-22,P,1.9,2016-01-27
9750,2016-05-16 13:31:00,2016-05-16,0.0077,1530.0,20.0,12534.0,0.0076,0.0077,0.0076,10000554,2016-06-22,2016-06-22,P,1.9,2016-01-27
9751,2016-05-16 13:32:00,2016-05-16,0.0078,1530.0,20.0,12534.0,0.0077,0.0075,0.0075,10000554,2016-06-22,2016-06-22,P,1.9,2016-01-27
9752,2016-05-16 13:33:00,2016-05-16,0.0075,2190.0,30.0,12524.0,0.0075,0.0073,0.0073,10000554,2016-06-22,2016-06-22,P,1.9,2016-01-27
9753,2016-05-16 13:34:00,2016-05-16,0.0073,0.0,0.0,12524.0,0.0073,0.0073,0.0073,10000554,2016-06-22,2016-06-22,P,1.9,2016-01-27
9754,2016-05-16 13:35:00,2016-05-16,0.0073,0.0,0.0,12524.0,0.0073,0.0073,0.0073,10000554,2016-06-22,2016-06-22,P,1.9,2016-01-27
9755,2016-05-16 13:36:00,2016-05-16,0.0073,0.0,0.0,12524.0,0.0073,0.0073,0.0073,10000554,2016-06-22,2016-06-22,P,1.9,2016-01-27
9756,2016-05-16 13:37:00,2016-05-16,0.0073,0.0,0.0,12524.0,0.0073,0.0073,0.0073,10000554,2016-06-22,2016-06-22,P,1.9,2016-01-27
9757,2016-05-16 13:38:00,2016-05-16,0.0073,0.0,0.0,12524.0,0.0073,0.0073,0.0073,10000554,2016-06-22,2016-06-22,P,1.9,2016-01-27
9758,2016-05-16 13:39:00,2016-05-16,0.0077,77.0,1.0,12525.0,0.0077,0.0077,0.0077,10000554,2016-06-22,2016-06-22,P,1.9,2016-01-27
9759,2016-05-16 13:40:00,2016-05-16,0.0077,0.0,0.0,12525.0,0.0077,0.0077,0.0077,10000554,2016-06-22,2016-06-22,P,1.9,2016-01-27
9760,2016-05-16 13:41:00,2016-05-16,0.0077,0.0,0.0,12525.0,0.0077,0.0077,0.0077,10000554,2016-06-22,2016-06-22,P,1.9,2016-01-27
9761,2016-05-16 13:42:00,2016-05-16,0.0077,0.0,0.0,12525.0,0.0077,0.0077,0.0077,10000554,2016-06-22,2016-06-22,P,1.9,2016-01-27
9762,2016-05-16 13:43:00,2016-05-16,0.0077,73.0,1.0,12526.0,0.0077,0.0073,0.0073,10000554,2016-06-22,2016-06-22,P,1.9,2016-01-27
9763,2016-05-16 13:44:00,2016-05-16,0.0073,1460.0,20.0,12535.0,0.0073,0.0073,0.0073,10000554,2016-06-22,2016-06-22,P,1.9,2016-01-27
9764,2016-05-16 13:45:00,2016-05-16,0.0073,505.0,7.0,12540.0,0.0073,0.0072,0.0072,10000554,2016-06-22,2016-06-22,P,1.9,2016-01-27
9765,2016-05-16 13:46:00,2016-05-16,0.0072,360.0,5.0,12535.0,0.0072,0.0072,0.0072,10000554,2016-06-22,2016-06-22,P,1.9,2016-01-27
9766,2016-05-16 13:47:00,2016-05-16,0.0072,0.0,0.0,12535.0,0.0072,0.0072,0.0072,10000554,2016-06-22,2016-06-22,P,1.9,2016-01-27
9767,2016-05-16 13:48:00,2016-05-16,0.0073,365.0,5.0,12535.0,0.0072,0.0073,0.0072,10000554,2016-06-22,2016-06-22,P,1.9,2016-01-27
9768,2016-05-16 13:49:00,2016-05-16,0.0073,0.0,0.0,12535.0,0.0073,0.0073,0.0073,10000554,2016-06-22,2016-06-22,P,1.9,2016-01-27
9769,2016-05-16 13:50:00,2016-05-16,0.0073,73.0,1.0,12535.0,0.0073,0.0073,0.0073,10000554,2016-06-22,2016-06-22,P,1.9,2016-01-27
9770,2016-05-16 13:51:00,2016-05-16,0.0073,1085.0,15.0,12535.0,0.0072,0.0073,0.0072,10000554,2016-06-22,2016-06-22,P,1.9,2016-01-27
9771,2016-05-16 13:52:00,2016-05-16,0.0073,73.0,1.0,12535.0,0.0073,0.0073,0.0073,10000554,2016-06-22,2016-06-22,P,1.9,2016-01-27
9772,2016-05-16 13:53:00,2016-05-16,0.0073,0.0,0.0,12535.0,0.0073,0.0073,0.0073,10000554,2016-06-22,2016-06-22,P,1.9,2016-01-27
9773,2016-05-16 13:54:00,2016-05-16,0.0073,71.0,1.0,12536.0,0.0073,0.0071,0.0071,10000554,2016-06-22,2016-06-22,P,1.9,2016-01-27
9774,2016-05-16 13:55:00,2016-05-16,0.0071,284.0,4.0,12538.0,0.0071,0.0071,0.0071,10000554,2016-06-22,2016-06-22,P,1.9,2016-01-27
9775,2016-05-16 13:56:00,2016-05-16,0.0073,3650.0,50.0,12518.0,0.0071,0.0073,0.0071,10000554,2016-06-22,2016-06-22,P,1.9,2016-01-27
9776,2016-05-16 13:57:00,2016-05-16,0.0074,370.0,5.0,12518.0,0.0073,0.0074,0.0073,10000554,2016-06-22,2016-06-22,P,1.9,2016-01-27
9777,2016-05-16 13:58:00,2016-05-16,0.0074,720.0,10.0,12528.0,0.0074,0.0072,0.0072,10000554,2016-06-22,2016-06-22,P,1.9,2016-01-27
9778,2016-05-16 13:59:00,2016-05-16,0.0072,0.0,0.0,12528.0,0.0072,0.0072,0.0072,10000554,2016-06-22,2016-06-22,P,1.9,2016-01-27
9779,2016-05-16 14:00:00,2016-05-16,0.0072,0.0,0.0,12528.0,0.0072,0.0072,0.0072,10000554,2016-06-22,2016-06-22,P,1.9,2016-01-27
9780,2016-05-16 14:01:00,2016-05-16,0.0072,0.0,0.0,12528.0,0.0072,0.0072,0.0072,10000554,2016-06-22,2016-06-22,P,1.9,2016-01-27
9781,2016-05-16 14:02:00,2016-05-16,0.0072,0.0,0.0,12528.0,0.0072,0.0072,0.0072,10000554,2016-06-22,2016-06-22,P,1.9,2016-01-27
9782,2016-05-16 14:03:00,2016-05-16,0.0072,0.0,0.0,12528.0,0.0072,0.0072,0.0072,10000554,2016-06-22,2016-06-22,P,1.9,2016-01-27
9783,2016-05-16 14:04:00,2016-05-16,0.0072,0.0,0.0,12528.0,0.0072,0.0072,0.0072,10000554,2016-06-22,2016-06-22,P,1.9,2016-01-27
9784,2016-05-16 14:05:00,2016-05-16,0.0072,720.0,10.0,12538.0,0.0072,0.0072,0.0072,10000554,2016-06-22,2016-06-22,P,1.9,2016-01-27
9785,2016-05-16 14:06:00,2016-05-16,0.0072,0.0,0.0,12538.0,0.0072,0.0072,0.0072,10000554,2016-06-22,2016-06-22,P,1.9,2016-01-27
9786,2016-05-16 14:07:00,2016-05-16,0.0072,0.0,0.0,12538.0,0.0072,0.0072,0.0072,10000554,2016-06-22,2016-06-22,P,1.9,2016-01-27
9787,2016-05-16 14:08:00,2016-05-16,0.0072,0.0,0.0,12538.0,0.0072,0.0072,0.0072,10000554,2016-06-22,2016-06-22,P,1.9,2016-01-27
9788,2016-05-16 14:09:00,2016-05-16,0.0072,0.0,0.0,12538.0,0.0072,0.0072,0.0072,10000554,2016-06-22,2016-06-22,P,1.9,2016-01-27
9789,2016-05-16 14:10:00,2016-05-16,0.0072,0.0,0.0,12538.0,0.0072,0.0072,0.0072,10000554,2016-06-22,2016-06-22,P,1.9,2016-01-27
9790,2016-05-16 14:11:00,2016-05-16,0.0072,0.0,0.0,12538.0,0.0072,0.0072,0.0072,10000554,2016-06-22,2016-06-22,P,1.9,2016-01-27
9791,2016-05-16 14:12:00,2016-05-16,0.0072,0.0,0.0,12538.0,0.0072,0.0072,0.0072,10000554,2016-06-22,2016-06-22,P,1.9,2016-01-27
9792,2016-05-16 14:13:00,2016-05-16,0.0072,720.0,10.0,12538.0,0.0072,0.0072,0.0072,10000554,2016-06-22,2016-06-22,P,1.9,2016-01-27
9793,2016-05-16 14:14:00,2016-05-16,0.0072,0.0,0.0,12538.0,0.0072,0.0072,0.0072,10000554,2016-06-22,2016-06-22,P,1.9,2016-01-27
9794,2016-05-16 14:15:00,2016-05-16,0.0075,375.0,5.0,12538.0,0.0072,0.0075,0.0072,10000554,2016-06-22,2016-06-22,P,1.9,2016-01-27
9795,2016-05-16 14:16:00,2016-05-16,0.0079,316.0,4.0,12536.0,0.0075,0.0079,0.0075,10000554,2016-06-22,2016-06-22,P,1.9,2016-01-27
9796,2016-05-16 14:17:00,2016-05-16,0.0079,790.0,10.0,12546.0,0.0079,0.0079,0.0079,10000554,2016-06-22,2016-06-22,P,1.9,2016-01-27
9797,2016-05-16 14:18:00,2016-05-16,0.0079,78.0,1.0,12547.0,0.0079,0.0078,0.0078,10000554,2016-06-22,2016-06-22,P,1.9,2016-01-27
9798,2016-05-16 14:19:00,2016-05-16,0.0078,0.0,0.0,12547.0,0.0078,0.0078,0.0078,10000554,2016-06-22,2016-06-22,P,1.9,2016-01-27
9799,2016-05-16 14:20:00,2016-05-16,0.0078,0.0,0.0,12547.0,0.0078,0.0078,0.0078,10000554,2016-06-22,2016-06-22,P,1.9,2016-01-27
9800,2016-05-16 14:21:00,2016-05-16,0.0078,75.0,1.0,12547.0,0.0078,0.0075,0.0075,10000554,2016-06-22,2016-06-22,P,1.9,2016-01-27
9801,2016-05-16 14:22:00,2016-05-16,0.0075,0.0,0.0,12547.0,0.0075,0.0075,0.0075,10000554,2016-06-22,2016-06-22,P,1.9,2016-01-27
9802,2016-05-16 14:23:00,2016-05-16,0.0075,0.0,0.0,12547.0,0.0075,0.0075,0.0075,10000554,2016-06-22,2016-06-22,P,1.9,2016-01-27
9803,2016-05-16 14:24:00,2016-05-16,0.0075,0.0,0.0,12547.0,0.0075,0.0075,0.0075,10000554,2016-06-22,2016-06-22,P,1.9,2016-01-27
9804,2016-05-16 14:25:00,2016-05-16,0.0075,0.0,0.0,12547.0,0.0075,0.0075,0.0075,10000554,2016-06-22,2016-06-22,P,1.9,2016-01-27
9805,2016-05-16 14:26:00,2016-05-16,0.0075,0.0,0.0,12547.0,0.0075,0.0075,0.0075,10000554,2016-06-22,2016-06-22,P,1.9,2016-01-27
9806,2016-05-16 14:27:00,2016-05-16,0.0075,0.0,0.0,12547.0,0.0075,0.0075,0.0075,10000554,2016-06-22,2016-06-22,P,1.9,2016-01-27
9807,2016-05-16 14:28:00,2016-05-16,0.0077,3050.0,40.0,12547.0,0.0075,0.0075,0.0075,10000554,2016-06-22,2016-06-22,P,1.9,2016-01-27
9808,2016-05-16 14:29:00,2016-05-16,0.0075,0.0,0.0,12547.0,0.0075,0.0075,0.0075,10000554,2016-06-22,2016-06-22,P,1.9,2016-01-27
9809,2016-05-16 14:30:00,2016-05-16,0.0075,1480.0,20.0,12547.0,0.0075,0.0074,0.0074,10000554,2016-06-22,2016-06-22,P,1.9,2016-01-27
9810,2016-05-16 14:31:00,2016-05-16,0.0074,0.0,0.0,12547.0,0.0074,0.0074,0.0074,10000554,2016-06-22,2016-06-22,P,1.9,2016-01-27
9811,2016-05-16 14:32:00,2016-05-16,0.0074,360.0,5.0,12547.0,0.0074,0.0072,0.0072,10000554,2016-06-22,2016-06-22,P,1.9,2016-01-27
9812,2016-05-16 14:33:00,2016-05-16,0.0072,4260.0,60.0,12552.0,0.0072,0.0071,0.0071,10000554,2016-06-22,2016-06-22,P,1.9,2016-01-27
9813,2016-05-16 14:34:00,2016-05-16,0.0075,1501.0,21.0,12552.0,0.0071,0.006999999999999999,0.006999999999999999,10000554,2016-06-22,2016-06-22,P,1.9,2016-01-27
9814,2016-05-16 14:35:00,2016-05-16,0.0077,5110.0,70.0,12582.0,0.006999999999999999,0.006999999999999999,0.006999999999999999,10000554,2016-06-22,2016-06-22,P,1.9,2016-01-27
9815,2016-05-16 14:36:00,2016-05-16,0.006999999999999999,210.0,3.0,12582.0,0.006999999999999999,0.006999999999999999,0.006999999999999999,10000554,2016-06-22,2016-06-22,P,1.9,2016-01-27
9816,2016-05-16 14:37:00,2016-05-16,0.006999999999999999,2080.0,30.0,12612.0,0.006999999999999999,0.0069,0.0069,10000554,2016-06-22,2016-06-22,P,1.9,2016-01-27
9817,2016-05-16 14:38:00,2016-05-16,0.0069,1360.0,20.0,12612.0,0.0069,0.0068,0.0068,10000554,2016-06-22,2016-06-22,P,1.9,2016-01-27
9818,2016-05-16 14:39:00,2016-05-16,0.0075,1120.0,15.0,12622.0,0.0068,0.0075,0.0068,10000554,2016-06-22,2016-06-22,P,1.9,2016-01-27
9819,2016-05-16 14:40:00,2016-05-16,0.0076,760.0,10.0,12632.0,0.0075,0.0076,0.0075,10000554,2016-06-22,2016-06-22,P,1.9,2016-01-27
9820,2016-05-16 14:41:00,2016-05-16,0.0076,0.0,0.0,12632.0,0.0076,0.0076,0.0076,10000554,2016-06-22,2016-06-22,P,1.9,2016-01-27
9821,2016-05-16 14:42:00,2016-05-16,0.0077,1530.0,20.0,12652.0,0.0076,0.0077,0.0076,10000554,2016-06-22,2016-06-22,P,1.9,2016-01-27
9822,2016-05-16 14:43:00,2016-05-16,0.0077,770.0,10.0,12652.0,0.0077,0.0077,0.0077,10000554,2016-06-22,2016-06-22,P,1.9,2016-01-27
9823,2016-05-16 14:44:00,2016-05-16,0.0077,72.0,1.0,12652.0,0.0077,0.0072,0.0072,10000554,2016-06-22,2016-06-22,P,1.9,2016-01-27
9824,2016-05-16 14:45:00,2016-05-16,0.0072,0.0,0.0,12652.0,0.0072,0.0072,0.0072,10000554,2016-06-22,2016-06-22,P,1.9,2016-01-27
9825,2016-05-16 14:46:00,2016-05-16,0.0073,73.0,1.0,12653.0,0.0072,0.0073,0.0072,10000554,2016-06-22,2016-06-22,P,1.9,2016-01-27
9826,2016-05-16 14:47:00,2016-05-16,0.0073,0.0,0.0,12653.0,0.0073,0.0073,0.0073,10000554,2016-06-22,2016-06-22,P,1.9,2016-01-27
9827,2016-05-16 14:48:00,2016-05-16,0.0077,149.0,2.0,12652.0,0.0073,0.0077,0.0072,10000554,2016-06-22,2016-06-22,P,1.9,2016-01-27
9828,2016-05-16 14:49:00,2016-05-16,0.0077,0.0,0.0,12652.0,0.0077,0.0077,0.0077,10000554,2016-06-22,2016-06-22,P,1.9,2016-01-27
9829,2016-05-16 14:50:00,2016-05-16,0.0077,154.0,2.0,12652.0,0.0077,0.0077,0.0077,10000554,2016-06-22,2016-06-22,P,1.9,2016-01-27
9830,2016-05-16 14:51:00,2016-05-16,0.0077,73.0,1.0,12652.0,0.0077,0.0073,0.0073,10000554,2016-06-22,2016-06-22,P,1.9,2016-01-27
9831,2016-05-16 14:52:00,2016-05-16,0.0073,0.0,0.0,12652.0,0.0073,0.0073,0.0073,10000554,2016-06-22,2016-06-22,P,1.9,2016-01-27
9832,2016-05-16 14:53:00,2016-05-16,0.0073,360.0,5.0,12657.0,0.0073,0.0072,0.0072,10000554,2016-06-22,2016-06-22,P,1.9,2016-01-27
9833,2016-05-16 14:54:00,2016-05-16,0.0072,0.0,0.0,12657.0,0.0072,0.0072,0.0072,10000554,2016-06-22,2016-06-22,P,1.9,2016-01-27
9834,2016-05-16 14:55:00,2016-05-16,0.0072,0.0,0.0,12657.0,0.0072,0.0072,0.0072,10000554,2016-06-22,2016-06-22,P,1.9,2016-01-27
9835,2016-05-16 14:56:00,2016-05-16,0.0072,432.0,6.0,12663.0,0.0072,0.0072,0.0072,10000554,2016-06-22,2016-06-22,P,1.9,2016-01-27
9836,2016-05-16 14:57:00,2016-05-16,0.0072,0.0,0.0,12663.0,0.0072,0.0072,0.0072,10000554,2016-06-22,2016-06-22,P,1.9,2016-01-27
9837,2016-05-16 14:58:00,2016-05-16,0.0072,0.0,0.0,12663.0,0.0072,0.0072,0.0072,10000554,2016-06-22,2016-06-22,P,1.9,2016-01-27
9838,2016-05-16 14:59:00,2016-05-16,0.0072,0.0,0.0,12663.0,0.0072,0.0072,0.0072,10000554,2016-06-22,2016-06-22,P,1.9,2016-01-27
9839,2016-05-16 15:00:00,2016-05-16,0.0072,0.0,0.0,12663.0,0.0072,0.0072,0.0072,10000554,2016-06-22,2016-06-22,P,1.9,2016-01-27
9840,2016-05-16 09:31:00,2016-05-16,0.1934,0.0,0.0,2543.0,0.1934,0.1934,0.1934,10000622,2016-12-28,2016-12-28,P,2.104,2016-04-28
9841,2016-05-16 09:32:00,2016-05-16,0.1934,0.0,0.0,2543.0,0.1934,0.1934,0.1934,10000622,2016-12-28,2016-12-28,P,2.104,2016-04-28
9842,2016-05-16 09:33:00,2016-05-16,0.1934,0.0,0.0,2543.0,0.1934,0.1934,0.1934,10000622,2016-12-28,2016-12-28,P,2.104,2016-04-28
9843,2016-05-16 09:34:00,2016-05-16,0.1934,0.0,0.0,2543.0,0.1934,0.1934,0.1934,10000622,2016-12-28,2016-12-28,P,2.104,2016-04-28
9844,2016-05-16 09:35:00,2016-05-16,0.1934,0.0,0.0,2543.0,0.1934,0.1934,0.1934,10000622,2016-12-28,2016-12-28,P,2.104,2016-04-28
9845,2016-05-16 09:36:00,2016-05-16,0.1934,0.0,0.0,2543.0,0.1934,0.1934,0.1934,10000622,2016-12-28,2016-12-28,P,2.104,2016-04-28
9846,2016-05-16 09:37:00,2016-05-16,0.1934,0.0,0.0,2543.0,0.1934,0.1934,0.1934,10000622,2016-12-28,2016-12-28,P,2.104,2016-04-28
9847,2016-05-16 09:38:00,2016-05-16,0.1934,0.0,0.0,2543.0,0.1934,0.1934,0.1934,10000622,2016-12-28,2016-12-28,P,2.104,2016-04-28
9848,2016-05-16 09:39:00,2016-05-16,0.1899,22788.0,12.0,2533.0,0.1934,0.1899,0.1899,10000622,2016-12-28,2016-12-28,P,2.104,2016-04-28
9849,2016-05-16 09:40:00,2016-05-16,0.1899,0.0,0.0,2533.0,0.1899,0.1899,0.1899,10000622,2016-12-28,2016-12-28,P,2.104,2016-04-28
9850,2016-05-16 09:41:00,2016-05-16,0.1899,0.0,0.0,2533.0,0.1899,0.1899,0.1899,10000622,2016-12-28,2016-12-28,P,2.104,2016-04-28
9851,2016-05-16 09:42:00,2016-05-16,0.1899,0.0,0.0,2533.0,0.1899,0.1899,0.1899,10000622,2016-12-28,2016-12-28,P,2.104,2016-04-28
9852,2016-05-16 09:43:00,2016-05-16,0.1899,0.0,0.0,2533.0,0.1899,0.1899,0.1899,10000622,2016-12-28,2016-12-28,P,2.104,2016-04-28
9853,2016-05-16 09:44:00,2016-05-16,0.1899,0.0,0.0,2533.0,0.1899,0.1899,0.1899,10000622,2016-12-28,2016-12-28,P,2.104,2016-04-28
9854,2016-05-16 09:45:00,2016-05-16,0.1899,0.0,0.0,2533.0,0.1899,0.1899,0.1899,10000622,2016-12-28,2016-12-28,P,2.104,2016-04-28
9855,2016-05-16 09:46:00,2016-05-16,0.1899,0.0,0.0,2533.0,0.1899,0.1899,0.1899,10000622,2016-12-28,2016-12-28,P,2.104,2016-04-28
9856,2016-05-16 09:47:00,2016-05-16,0.1899,0.0,0.0,2533.0,0.1899,0.1899,0.1899,10000622,2016-12-28,2016-12-28,P,2.104,2016-04-28
9857,2016-05-16 09:48:00,2016-05-16,0.1899,0.0,0.0,2533.0,0.1899,0.1899,0.1899,10000622,2016-12-28,2016-12-28,P,2.104,2016-04-28
9858,2016-05-16 09:49:00,2016-05-16,0.1899,0.0,0.0,2533.0,0.1899,0.1899,0.1899,10000622,2016-12-28,2016-12-28,P,2.104,2016-04-28
9859,2016-05-16 09:50:00,2016-05-16,0.1899,0.0,0.0,2533.0,0.1899,0.1899,0.1899,10000622,2016-12-28,2016-12-28,P,2.104,2016-04-28
9860,2016-05-16 09:51:00,2016-05-16,0.1899,0.0,0.0,2533.0,0.1899,0.1899,0.1899,10000622,2016-12-28,2016-12-28,P,2.104,2016-04-28
9861,2016-05-16 09:52:00,2016-05-16,0.1899,0.0,0.0,2533.0,0.1899,0.1899,0.1899,10000622,2016-12-28,2016-12-28,P,2.104,2016-04-28
9862,2016-05-16 09:53:00,2016-05-16,0.1899,0.0,0.0,2533.0,0.1899,0.1899,0.1899,10000622,2016-12-28,2016-12-28,P,2.104,2016-04-28
9863,2016-05-16 09:54:00,2016-05-16,0.1899,0.0,0.0,2533.0,0.1899,0.1899,0.1899,10000622,2016-12-28,2016-12-28,P,2.104,2016-04-28
9864,2016-05-16 09:55:00,2016-05-16,0.1899,0.0,0.0,2533.0,0.1899,0.1899,0.1899,10000622,2016-12-28,2016-12-28,P,2.104,2016-04-28
9865,2016-05-16 09:56:00,2016-05-16,0.1899,0.0,0.0,2533.0,0.1899,0.1899,0.1899,10000622,2016-12-28,2016-12-28,P,2.104,2016-04-28
9866,2016-05-16 09:57:00,2016-05-16,0.1899,0.0,0.0,2533.0,0.1899,0.1899,0.1899,10000622,2016-12-28,2016-12-28,P,2.104,2016-04-28
9867,2016-05-16 09:58:00,2016-05-16,0.1899,0.0,0.0,2533.0,0.1899,0.1899,0.1899,10000622,2016-12-28,2016-12-28,P,2.104,2016-04-28
9868,2016-05-16 09:59:00,2016-05-16,0.1899,0.0,0.0,2533.0,0.1899,0.1899,0.1899,10000622,2016-12-28,2016-12-28,P,2.104,2016-04-28
9869,2016-05-16 10:00:00,2016-05-16,0.1899,0.0,0.0,2533.0,0.1899,0.1899,0.1899,10000622,2016-12-28,2016-12-28,P,2.104,2016-04-28
9870,2016-05-16 10:01:00,2016-05-16,0.1899,0.0,0.0,2533.0,0.1899,0.1899,0.1899,10000622,2016-12-28,2016-12-28,P,2.104,2016-04-28
9871,2016-05-16 10:02:00,2016-05-16,0.1899,0.0,0.0,2533.0,0.1899,0.1899,0.1899,10000622,2016-12-28,2016-12-28,P,2.104,2016-04-28
9872,2016-05-16 10:03:00,2016-05-16,0.1899,0.0,0.0,2533.0,0.1899,0.1899,0.1899,10000622,2016-12-28,2016-12-28,P,2.104,2016-04-28
9873,2016-05-16 10:04:00,2016-05-16,0.1899,0.0,0.0,2533.0,0.1899,0.1899,0.1899,10000622,2016-12-28,2016-12-28,P,2.104,2016-04-28
9874,2016-05-16 10:05:00,2016-05-16,0.1899,0.0,0.0,2533.0,0.1899,0.1899,0.1899,10000622,2016-12-28,2016-12-28,P,2.104,2016-04-28
9875,2016-05-16 10:06:00,2016-05-16,0.1899,0.0,0.0,2533.0,0.1899,0.1899,0.1899,10000622,2016-12-28,2016-12-28,P,2.104,2016-04-28
9876,2016-05-16 10:07:00,2016-05-16,0.1899,0.0,0.0,2533.0,0.1899,0.1899,0.1899,10000622,2016-12-28,2016-12-28,P,2.104,2016-04-28
9877,2016-05-16 10:08:00,2016-05-16,0.1899,0.0,0.0,2533.0,0.1899,0.1899,0.1899,10000622,2016-12-28,2016-12-28,P,2.104,2016-04-28
9878,2016-05-16 10:09:00,2016-05-16,0.1899,0.0,0.0,2533.0,0.1899,0.1899,0.1899,10000622,2016-12-28,2016-12-28,P,2.104,2016-04-28
9879,2016-05-16 10:10:00,2016-05-16,0.1899,0.0,0.0,2533.0,0.1899,0.1899,0.1899,10000622,2016-12-28,2016-12-28,P,2.104,2016-04-28
9880,2016-05-16 10:11:00,2016-05-16,0.1899,0.0,0.0,2533.0,0.1899,0.1899,0.1899,10000622,2016-12-28,2016-12-28,P,2.104,2016-04-28
9881,2016-05-16 10:12:00,2016-05-16,0.1899,0.0,0.0,2533.0,0.1899,0.1899,0.1899,10000622,2016-12-28,2016-12-28,P,2.104,2016-04-28
9882,2016-05-16 10:13:00,2016-05-16,0.195,19500.0,10.0,2533.0,0.1899,0.195,0.1899,10000622,2016-12-28,2016-12-28,P,2.104,2016-04-28
9883,2016-05-16 10:14:00,2016-05-16,0.195,0.0,0.0,2533.0,0.195,0.195,0.195,10000622,2016-12-28,2016-12-28,P,2.104,2016-04-28
9884,2016-05-16 10:15:00,2016-05-16,0.195,0.0,0.0,2533.0,0.195,0.195,0.195,10000622,2016-12-28,2016-12-28,P,2.104,2016-04-28
9885,2016-05-16 10:16:00,2016-05-16,0.195,0.0,0.0,2533.0,0.195,0.195,0.195,10000622,2016-12-28,2016-12-28,P,2.104,2016-04-28
9886,2016-05-16 10:17:00,2016-05-16,0.195,0.0,0.0,2533.0,0.195,0.195,0.195,10000622,2016-12-28,2016-12-28,P,2.104,2016-04-28
9887,2016-05-16 10:18:00,2016-05-16,0.195,0.0,0.0,2533.0,0.195,0.195,0.195,10000622,2016-12-28,2016-12-28,P,2.104,2016-04-28
9888,2016-05-16 10:19:00,2016-05-16,0.195,0.0,0.0,2533.0,0.195,0.195,0.195,10000622,2016-12-28,2016-12-28,P,2.104,2016-04-28
9889,2016-05-16 10:20:00,2016-05-16,0.195,0.0,0.0,2533.0,0.195,0.195,0.195,10000622,2016-12-28,2016-12-28,P,2.104,2016-04-28
9890,2016-05-16 10:21:00,2016-05-16,0.195,0.0,0.0,2533.0,0.195,0.195,0.195,10000622,2016-12-28,2016-12-28,P,2.104,2016-04-28
9891,2016-05-16 10:22:00,2016-05-16,0.195,0.0,0.0,2533.0,0.195,0.195,0.195,10000622,2016-12-28,2016-12-28,P,2.104,2016-04-28
9892,2016-05-16 10:23:00,2016-05-16,0.195,0.0,0.0,2533.0,0.195,0.195,0.195,10000622,2016-12-28,2016-12-28,P,2.104,2016-04-28
9893,2016-05-16 10:24:00,2016-05-16,0.195,0.0,0.0,2533.0,0.195,0.195,0.195,10000622,2016-12-28,2016-12-28,P,2.104,2016-04-28
9894,2016-05-16 10:25:00,2016-05-16,0.195,0.0,0.0,2533.0,0.195,0.195,0.195,10000622,2016-12-28,2016-12-28,P,2.104,2016-04-28
9895,2016-05-16 10:26:00,2016-05-16,0.195,0.0,0.0,2533.0,0.195,0.195,0.195,10000622,2016-12-28,2016-12-28,P,2.104,2016-04-28
9896,2016-05-16 10:27:00,2016-05-16,0.195,0.0,0.0,2533.0,0.195,0.195,0.195,10000622,2016-12-28,2016-12-28,P,2.104,2016-04-28
9897,2016-05-16 10:28:00,2016-05-16,0.195,0.0,0.0,2533.0,0.195,0.195,0.195,10000622,2016-12-28,2016-12-28,P,2.104,2016-04-28
9898,2016-05-16 10:29:00,2016-05-16,0.195,19450.0,10.0,2543.0,0.195,0.1945,0.1945,10000622,2016-12-28,2016-12-28,P,2.104,2016-04-28
9899,2016-05-16 10:30:00,2016-05-16,0.1945,0.0,0.0,2543.0,0.1945,0.1945,0.1945,10000622,2016-12-28,2016-12-28,P,2.104,2016-04-28
9900,2016-05-16 10:31:00,2016-05-16,0.1945,0.0,0.0,2543.0,0.1945,0.1945,0.1945,10000622,2016-12-28,2016-12-28,P,2.104,2016-04-28
9901,2016-05-16 10:32:00,2016-05-16,0.1945,0.0,0.0,2543.0,0.1945,0.1945,0.1945,10000622,2016-12-28,2016-12-28,P,2.104,2016-04-28
9902,2016-05-16 10:33:00,2016-05-16,0.1945,0.0,0.0,2543.0,0.1945,0.1945,0.1945,10000622,2016-12-28,2016-12-28,P,2.104,2016-04-28
9903,2016-05-16 10:34:00,2016-05-16,0.1945,0.0,0.0,2543.0,0.1945,0.1945,0.1945,10000622,2016-12-28,2016-12-28,P,2.104,2016-04-28
9904,2016-05-16 10:35:00,2016-05-16,0.1945,0.0,0.0,2543.0,0.1945,0.1945,0.1945,10000622,2016-12-28,2016-12-28,P,2.104,2016-04-28
9905,2016-05-16 10:36:00,2016-05-16,0.1945,0.0,0.0,2543.0,0.1945,0.1945,0.1945,10000622,2016-12-28,2016-12-28,P,2.104,2016-04-28
9906,2016-05-16 10:37:00,2016-05-16,0.1945,0.0,0.0,2543.0,0.1945,0.1945,0.1945,10000622,2016-12-28,2016-12-28,P,2.104,2016-04-28
9907,2016-05-16 10:38:00,2016-05-16,0.1945,0.0,0.0,2543.0,0.1945,0.1945,0.1945,10000622,2016-12-28,2016-12-28,P,2.104,2016-04-28
9908,2016-05-16 10:39:00,2016-05-16,0.1945,0.0,0.0,2543.0,0.1945,0.1945,0.1945,10000622,2016-12-28,2016-12-28,P,2.104,2016-04-28
9909,2016-05-16 10:40:00,2016-05-16,0.1969,7876.0,4.0,2543.0,0.1945,0.1969,0.1945,10000622,2016-12-28,2016-12-28,P,2.104,2016-04-28
9910,2016-05-16 10:41:00,2016-05-16,0.1969,1969.0,1.0,2543.0,0.1969,0.1969,0.1969,10000622,2016-12-28,2016-12-28,P,2.104,2016-04-28
9911,2016-05-16 10:42:00,2016-05-16,0.1969,0.0,0.0,2543.0,0.1969,0.1969,0.1969,10000622,2016-12-28,2016-12-28,P,2.104,2016-04-28
9912,2016-05-16 10:43:00,2016-05-16,0.1969,0.0,0.0,2543.0,0.1969,0.1969,0.1969,10000622,2016-12-28,2016-12-28,P,2.104,2016-04-28
9913,2016-05-16 10:44:00,2016-05-16,0.1969,0.0,0.0,2543.0,0.1969,0.1969,0.1969,10000622,2016-12-28,2016-12-28,P,2.104,2016-04-28
9914,2016-05-16 10:45:00,2016-05-16,0.1969,0.0,0.0,2543.0,0.1969,0.1969,0.1969,10000622,2016-12-28,2016-12-28,P,2.104,2016-04-28
9915,2016-05-16 10:46:00,2016-05-16,0.1969,0.0,0.0,2543.0,0.1969,0.1969,0.1969,10000622,2016-12-28,2016-12-28,P,2.104,2016-04-28
9916,2016-05-16 10:47:00,2016-05-16,0.1969,0.0,0.0,2543.0,0.1969,0.1969,0.1969,10000622,2016-12-28,2016-12-28,P,2.104,2016-04-28
9917,2016-05-16 10:48:00,2016-05-16,0.1969,0.0,0.0,2543.0,0.1969,0.1969,0.1969,10000622,2016-12-28,2016-12-28,P,2.104,2016-04-28
9918,2016-05-16 10:49:00,2016-05-16,0.1969,0.0,0.0,2543.0,0.1969,0.1969,0.1969,10000622,2016-12-28,2016-12-28,P,2.104,2016-04-28
9919,2016-05-16 10:50:00,2016-05-16,0.1969,0.0,0.0,2543.0,0.1969,0.1969,0.1969,10000622,2016-12-28,2016-12-28,P,2.104,2016-04-28
9920,2016-05-16 10:51:00,2016-05-16,0.1969,0.0,0.0,2543.0,0.1969,0.1969,0.1969,10000622,2016-12-28,2016-12-28,P,2.104,2016-04-28
9921,2016-05-16 10:52:00,2016-05-16,0.1969,0.0,0.0,2543.0,0.1969,0.1969,0.1969,10000622,2016-12-28,2016-12-28,P,2.104,2016-04-28
9922,2016-05-16 10:53:00,2016-05-16,0.1969,0.0,0.0,2543.0,0.1969,0.1969,0.1969,10000622,2016-12-28,2016-12-28,P,2.104,2016-04-28
9923,2016-05-16 10:54:00,2016-05-16,0.1969,0.0,0.0,2543.0,0.1969,0.1969,0.1969,10000622,2016-12-28,2016-12-28,P,2.104,2016-04-28
9924,2016-05-16 10:55:00,2016-05-16,0.1969,0.0,0.0,2543.0,0.1969,0.1969,0.1969,10000622,2016-12-28,2016-12-28,P,2.104,2016-04-28
9925,2016-05-16 10:56:00,2016-05-16,0.1969,0.0,0.0,2543.0,0.1969,0.1969,0.1969,10000622,2016-12-28,2016-12-28,P,2.104,2016-04-28
9926,2016-05-16 10:57:00,2016-05-16,0.1969,0.0,0.0,2543.0,0.1969,0.1969,0.1969,10000622,2016-12-28,2016-12-28,P,2.104,2016-04-28
9927,2016-05-16 10:58:00,2016-05-16,0.1969,0.0,0.0,2543.0,0.1969,0.1969,0.1969,10000622,2016-12-28,2016-12-28,P,2.104,2016-04-28
9928,2016-05-16 10:59:00,2016-05-16,0.1969,0.0,0.0,2543.0,0.1969,0.1969,0.1969,10000622,2016-12-28,2016-12-28,P,2.104,2016-04-28
9929,2016-05-16 11:00:00,2016-05-16,0.1969,0.0,0.0,2543.0,0.1969,0.1969,0.1969,10000622,2016-12-28,2016-12-28,P,2.104,2016-04-28
9930,2016-05-16 11:01:00,2016-05-16,0.1969,0.0,0.0,2543.0,0.1969,0.1969,0.1969,10000622,2016-12-28,2016-12-28,P,2.104,2016-04-28
9931,2016-05-16 11:02:00,2016-05-16,0.1969,0.0,0.0,2543.0,0.1969,0.1969,0.1969,10000622,2016-12-28,2016-12-28,P,2.104,2016-04-28
9932,2016-05-16 11:03:00,2016-05-16,0.1969,0.0,0.0,2543.0,0.1969,0.1969,0.1969,10000622,2016-12-28,2016-12-28,P,2.104,2016-04-28
9933,2016-05-16 11:04:00,2016-05-16,0.1969,0.0,0.0,2543.0,0.1969,0.1969,0.1969,10000622,2016-12-28,2016-12-28,P,2.104,2016-04-28
9934,2016-05-16 11:05:00,2016-05-16,0.1969,0.0,0.0,2543.0,0.1969,0.1969,0.1969,10000622,2016-12-28,2016-12-28,P,2.104,2016-04-28
9935,2016-05-16 11:06:00,2016-05-16,0.1969,0.0,0.0,2543.0,0.1969,0.1969,0.1969,10000622,2016-12-28,2016-12-28,P,2.104,2016-04-28
9936,2016-05-16 11:07:00,2016-05-16,0.1969,38949.0,20.0,2563.0,0.1969,0.195,0.1945,10000622,2016-12-28,2016-12-28,P,2.104,2016-04-28
9937,2016-05-16 11:08:00,2016-05-16,0.195,0.0,0.0,2563.0,0.195,0.195,0.195,10000622,2016-12-28,2016-12-28,P,2.104,2016-04-28
9938,2016-05-16 11:09:00,2016-05-16,0.195,0.0,0.0,2563.0,0.195,0.195,0.195,10000622,2016-12-28,2016-12-28,P,2.104,2016-04-28
9939,2016-05-16 11:10:00,2016-05-16,0.195,0.0,0.0,2563.0,0.195,0.195,0.195,10000622,2016-12-28,2016-12-28,P,2.104,2016-04-28
9940,2016-05-16 11:11:00,2016-05-16,0.195,0.0,0.0,2563.0,0.195,0.195,0.195,10000622,2016-12-28,2016-12-28,P,2.104,2016-04-28
9941,2016-05-16 11:12:00,2016-05-16,0.195,0.0,0.0,2563.0,0.195,0.195,0.195,10000622,2016-12-28,2016-12-28,P,2.104,2016-04-28
9942,2016-05-16 11:13:00,2016-05-16,0.195,0.0,0.0,2563.0,0.195,0.195,0.195,10000622,2016-12-28,2016-12-28,P,2.104,2016-04-28
9943,2016-05-16 11:14:00,2016-05-16,0.195,0.0,0.0,2563.0,0.195,0.195,0.195,10000622,2016-12-28,2016-12-28,P,2.104,2016-04-28
9944,2016-05-16 11:15:00,2016-05-16,0.195,0.0,0.0,2563.0,0.195,0.195,0.195,10000622,2016-12-28,2016-12-28,P,2.104,2016-04-28
9945,2016-05-16 11:16:00,2016-05-16,0.195,0.0,0.0,2563.0,0.195,0.195,0.195,10000622,2016-12-28,2016-12-28,P,2.104,2016-04-28
9946,2016-05-16 11:17:00,2016-05-16,0.195,0.0,0.0,2563.0,0.195,0.195,0.195,10000622,2016-12-28,2016-12-28,P,2.104,2016-04-28
9947,2016-05-16 11:18:00,2016-05-16,0.195,0.0,0.0,2563.0,0.195,0.195,0.195,10000622,2016-12-28,2016-12-28,P,2.104,2016-04-28
9948,2016-05-16 11:19:00,2016-05-16,0.195,0.0,0.0,2563.0,0.195,0.195,0.195,10000622,2016-12-28,2016-12-28,P,2.104,2016-04-28
9949,2016-05-16 11:20:00,2016-05-16,0.195,0.0,0.0,2563.0,0.195,0.195,0.195,10000622,2016-12-28,2016-12-28,P,2.104,2016-04-28
9950,2016-05-16 11:21:00,2016-05-16,0.195,0.0,0.0,2563.0,0.195,0.195,0.195,10000622,2016-12-28,2016-12-28,P,2.104,2016-04-28
9951,2016-05-16 11:22:00,2016-05-16,0.195,0.0,0.0,2563.0,0.195,0.195,0.195,10000622,2016-12-28,2016-12-28,P,2.104,2016-04-28
9952,2016-05-16 11:23:00,2016-05-16,0.195,0.0,0.0,2563.0,0.195,0.195,0.195,10000622,2016-12-28,2016-12-28,P,2.104,2016-04-28
9953,2016-05-16 11:24:00,2016-05-16,0.195,0.0,0.0,2563.0,0.195,0.195,0.195,10000622,2016-12-28,2016-12-28,P,2.104,2016-04-28
9954,2016-05-16 11:25:00,2016-05-16,0.195,0.0,0.0,2563.0,0.195,0.195,0.195,10000622,2016-12-28,2016-12-28,P,2.104,2016-04-28
9955,2016-05-16 11:26:00,2016-05-16,0.195,0.0,0.0,2563.0,0.195,0.195,0.195,10000622,2016-12-28,2016-12-28,P,2.104,2016-04-28
9956,2016-05-16 11:27:00,2016-05-16,0.195,0.0,0.0,2563.0,0.195,0.195,0.195,10000622,2016-12-28,2016-12-28,P,2.104,2016-04-28
9957,2016-05-16 11:28:00,2016-05-16,0.195,0.0,0.0,2563.0,0.195,0.195,0.195,10000622,2016-12-28,2016-12-28,P,2.104,2016-04-28
9958,2016-05-16 11:29:00,2016-05-16,0.195,0.0,0.0,2563.0,0.195,0.195,0.195,10000622,2016-12-28,2016-12-28,P,2.104,2016-04-28
9959,2016-05-16 11:30:00,2016-05-16,0.1975,1975.0,1.0,2563.0,0.195,0.1975,0.195,10000622,2016-12-28,2016-12-28,P,2.104,2016-04-28
9960,2016-05-16 13:01:00,2016-05-16,0.198,17808.0,9.0,2563.0,0.1975,0.198,0.1975,10000622,2016-12-28,2016-12-28,P,2.104,2016-04-28
9961,2016-05-16 13:02:00,2016-05-16,0.198,0.0,0.0,2563.0,0.198,0.198,0.198,10000622,2016-12-28,2016-12-28,P,2.104,2016-04-28
9962,2016-05-16 13:03:00,2016-05-16,0.198,0.0,0.0,2563.0,0.198,0.198,0.198,10000622,2016-12-28,2016-12-28,P,2.104,2016-04-28
9963,2016-05-16 13:04:00,2016-05-16,0.198,0.0,0.0,2563.0,0.198,0.198,0.198,10000622,2016-12-28,2016-12-28,P,2.104,2016-04-28
9964,2016-05-16 13:05:00,2016-05-16,0.198,0.0,0.0,2563.0,0.198,0.198,0.198,10000622,2016-12-28,2016-12-28,P,2.104,2016-04-28
9965,2016-05-16 13:06:00,2016-05-16,0.198,0.0,0.0,2563.0,0.198,0.198,0.198,10000622,2016-12-28,2016-12-28,P,2.104,2016-04-28
9966,2016-05-16 13:07:00,2016-05-16,0.198,0.0,0.0,2563.0,0.198,0.198,0.198,10000622,2016-12-28,2016-12-28,P,2.104,2016-04-28
9967,2016-05-16 13:08:00,2016-05-16,0.198,0.0,0.0,2563.0,0.198,0.198,0.198,10000622,2016-12-28,2016-12-28,P,2.104,2016-04-28
9968,2016-05-16 13:09:00,2016-05-16,0.198,0.0,0.0,2563.0,0.198,0.198,0.198,10000622,2016-12-28,2016-12-28,P,2.104,2016-04-28
9969,2016-05-16 13:10:00,2016-05-16,0.198,0.0,0.0,2563.0,0.198,0.198,0.198,10000622,2016-12-28,2016-12-28,P,2.104,2016-04-28
9970,2016-05-16 13:11:00,2016-05-16,0.198,0.0,0.0,2563.0,0.198,0.198,0.198,10000622,2016-12-28,2016-12-28,P,2.104,2016-04-28
9971,2016-05-16 13:12:00,2016-05-16,0.198,0.0,0.0,2563.0,0.198,0.198,0.198,10000622,2016-12-28,2016-12-28,P,2.104,2016-04-28
9972,2016-05-16 13:13:00,2016-05-16,0.198,0.0,0.0,2563.0,0.198,0.198,0.198,10000622,2016-12-28,2016-12-28,P,2.104,2016-04-28
9973,2016-05-16 13:14:00,2016-05-16,0.198,0.0,0.0,2563.0,0.198,0.198,0.198,10000622,2016-12-28,2016-12-28,P,2.104,2016-04-28
9974,2016-05-16 13:15:00,2016-05-16,0.198,0.0,0.0,2563.0,0.198,0.198,0.198,10000622,2016-12-28,2016-12-28,P,2.104,2016-04-28
9975,2016-05-16 13:16:00,2016-05-16,0.198,0.0,0.0,2563.0,0.198,0.198,0.198,10000622,2016-12-28,2016-12-28,P,2.104,2016-04-28
9976,2016-05-16 13:17:00,2016-05-16,0.198,0.0,0.0,2563.0,0.198,0.198,0.198,10000622,2016-12-28,2016-12-28,P,2.104,2016-04-28
9977,2016-05-16 13:18:00,2016-05-16,0.198,0.0,0.0,2563.0,0.198,0.198,0.198,10000622,2016-12-28,2016-12-28,P,2.104,2016-04-28
9978,2016-05-16 13:19:00,2016-05-16,0.198,0.0,0.0,2563.0,0.198,0.198,0.198,10000622,2016-12-28,2016-12-28,P,2.104,2016-04-28
9979,2016-05-16 13:20:00,2016-05-16,0.198,0.0,0.0,2563.0,0.198,0.198,0.198,10000622,2016-12-28,2016-12-28,P,2.104,2016-04-28
9980,2016-05-16 13:21:00,2016-05-16,0.1989,1989.0,1.0,2563.0,0.198,0.1989,0.198,10000622,2016-12-28,2016-12-28,P,2.104,2016-04-28
9981,2016-05-16 13:22:00,2016-05-16,0.1989,0.0,0.0,2563.0,0.1989,0.1989,0.1989,10000622,2016-12-28,2016-12-28,P,2.104,2016-04-28
9982,2016-05-16 13:23:00,2016-05-16,0.1989,0.0,0.0,2563.0,0.1989,0.1989,0.1989,10000622,2016-12-28,2016-12-28,P,2.104,2016-04-28
9983,2016-05-16 13:24:00,2016-05-16,0.1989,0.0,0.0,2563.0,0.1989,0.1989,0.1989,10000622,2016-12-28,2016-12-28,P,2.104,2016-04-28
9984,2016-05-16 13:25:00,2016-05-16,0.1989,7952.0,4.0,2559.0,0.1989,0.1988,0.1988,10000622,2016-12-28,2016-12-28,P,2.104,2016-04-28
9985,2016-05-16 13:26:00,2016-05-16,0.1988,11928.0,6.0,2553.0,0.1988,0.1988,0.1988,10000622,2016-12-28,2016-12-28,P,2.104,2016-04-28
9986,2016-05-16 13:27:00,2016-05-16,0.1988,0.0,0.0,2553.0,0.1988,0.1988,0.1988,10000622,2016-12-28,2016-12-28,P,2.104,2016-04-28
9987,2016-05-16 13:28:00,2016-05-16,0.1988,0.0,0.0,2553.0,0.1988,0.1988,0.1988,10000622,2016-12-28,2016-12-28,P,2.104,2016-04-28
9988,2016-05-16 13:29:00,2016-05-16,0.1988,0.0,0.0,2553.0,0.1988,0.1988,0.1988,10000622,2016-12-28,2016-12-28,P,2.104,2016-04-28
9989,2016-05-16 13:30:00,2016-05-16,0.1988,0.0,0.0,2553.0,0.1988,0.1988,0.1988,10000622,2016-12-28,2016-12-28,P,2.104,2016-04-28
9990,2016-05-16 13:31:00,2016-05-16,0.1988,0.0,0.0,2553.0,0.1988,0.1988,0.1988,10000622,2016-12-28,2016-12-28,P,2.104,2016-04-28
9991,2016-05-16 13:32:00,2016-05-16,0.1988,0.0,0.0,2553.0,0.1988,0.1988,0.1988,10000622,2016-12-28,2016-12-28,P,2.104,2016-04-28
9992,2016-05-16 13:33:00,2016-05-16,0.1988,0.0,0.0,2553.0,0.1988,0.1988,0.1988,10000622,2016-12-28,2016-12-28,P,2.104,2016-04-28
9993,2016-05-16 13:34:00,2016-05-16,0.1988,0.0,0.0,2553.0,0.1988,0.1988,0.1988,10000622,2016-12-28,2016-12-28,P,2.104,2016-04-28
9994,2016-05-16 13:35:00,2016-05-16,0.1988,0.0,0.0,2553.0,0.1988,0.1988,0.1988,10000622,2016-12-28,2016-12-28,P,2.104,2016-04-28
9995,2016-05-16 13:36:00,2016-05-16,0.1988,0.0,0.0,2553.0,0.1988,0.1988,0.1988,10000622,2016-12-28,2016-12-28,P,2.104,2016-04-28
9996,2016-05-16 13:37:00,2016-05-16,0.1988,0.0,0.0,2553.0,0.1988,0.1988,0.1988,10000622,2016-12-28,2016-12-28,P,2.104,2016-04-28
9997,2016-05-16 13:38:00,2016-05-16,0.1988,0.0,0.0,2553.0,0.1988,0.1988,0.1988,10000622,2016-12-28,2016-12-28,P,2.104,2016-04-28
9998,2016-05-16 13:39:00,2016-05-16,0.1995,1995.0,1.0,2553.0,0.1988,0.1995,0.1988,10000622,2016-12-28,2016-12-28,P,2.104,2016-04-28
9999,2016-05-16 13:40:00,2016-05-16,0.1995,0.0,0.0,2553.0,0.1995,0.1995,0.1995,10000622,2016-12-28,2016-12-28,P,2.104,2016-04-28
10000,2016-05-16 13:41:00,2016-05-16,0.1995,0.0,0.0,2553.0,0.1995,0.1995,0.1995,10000622,2016-12-28,2016-12-28,P,2.104,2016-04-28
10001,2016-05-16 13:42:00,2016-05-16,0.1995,0.0,0.0,2553.0,0.1995,0.1995,0.1995,10000622,2016-12-28,2016-12-28,P,2.104,2016-04-28
10002,2016-05-16 13:43:00,2016-05-16,0.1995,0.0,0.0,2553.0,0.1995,0.1995,0.1995,10000622,2016-12-28,2016-12-28,P,2.104,2016-04-28
10003,2016-05-16 13:44:00,2016-05-16,0.1995,0.0,0.0,2553.0,0.1995,0.1995,0.1995,10000622,2016-12-28,2016-12-28,P,2.104,2016-04-28
10004,2016-05-16 13:45:00,2016-05-16,0.1995,0.0,0.0,2553.0,0.1995,0.1995,0.1995,10000622,2016-12-28,2016-12-28,P,2.104,2016-04-28
10005,2016-05-16 13:46:00,2016-05-16,0.1995,0.0,0.0,2553.0,0.1995,0.1995,0.1995,10000622,2016-12-28,2016-12-28,P,2.104,2016-04-28
10006,2016-05-16 13:47:00,2016-05-16,0.1995,0.0,0.0,2553.0,0.1995,0.1995,0.1995,10000622,2016-12-28,2016-12-28,P,2.104,2016-04-28
10007,2016-05-16 13:48:00,2016-05-16,0.1995,0.0,0.0,2553.0,0.1995,0.1995,0.1995,10000622,2016-12-28,2016-12-28,P,2.104,2016-04-28
10008,2016-05-16 13:49:00,2016-05-16,0.1995,0.0,0.0,2553.0,0.1995,0.1995,0.1995,10000622,2016-12-28,2016-12-28,P,2.104,2016-04-28
10009,2016-05-16 13:50:00,2016-05-16,0.1995,0.0,0.0,2553.0,0.1995,0.1995,0.1995,10000622,2016-12-28,2016-12-28,P,2.104,2016-04-28
10010,2016-05-16 13:51:00,2016-05-16,0.1995,0.0,0.0,2553.0,0.1995,0.1995,0.1995,10000622,2016-12-28,2016-12-28,P,2.104,2016-04-28
10011,2016-05-16 13:52:00,2016-05-16,0.1995,0.0,0.0,2553.0,0.1995,0.1995,0.1995,10000622,2016-12-28,2016-12-28,P,2.104,2016-04-28
10012,2016-05-16 13:53:00,2016-05-16,0.1995,0.0,0.0,2553.0,0.1995,0.1995,0.1995,10000622,2016-12-28,2016-12-28,P,2.104,2016-04-28
10013,2016-05-16 13:54:00,2016-05-16,0.1995,0.0,0.0,2553.0,0.1995,0.1995,0.1995,10000622,2016-12-28,2016-12-28,P,2.104,2016-04-28
10014,2016-05-16 13:55:00,2016-05-16,0.1995,0.0,0.0,2553.0,0.1995,0.1995,0.1995,10000622,2016-12-28,2016-12-28,P,2.104,2016-04-28
10015,2016-05-16 13:56:00,2016-05-16,0.1995,0.0,0.0,2553.0,0.1995,0.1995,0.1995,10000622,2016-12-28,2016-12-28,P,2.104,2016-04-28
10016,2016-05-16 13:57:00,2016-05-16,0.1995,0.0,0.0,2553.0,0.1995,0.1995,0.1995,10000622,2016-12-28,2016-12-28,P,2.104,2016-04-28
10017,2016-05-16 13:58:00,2016-05-16,0.1995,0.0,0.0,2553.0,0.1995,0.1995,0.1995,10000622,2016-12-28,2016-12-28,P,2.104,2016-04-28
10018,2016-05-16 13:59:00,2016-05-16,0.1995,0.0,0.0,2553.0,0.1995,0.1995,0.1995,10000622,2016-12-28,2016-12-28,P,2.104,2016-04-28
10019,2016-05-16 14:00:00,2016-05-16,0.1995,0.0,0.0,2553.0,0.1995,0.1995,0.1995,10000622,2016-12-28,2016-12-28,P,2.104,2016-04-28
10020,2016-05-16 14:01:00,2016-05-16,0.1951,11706.0,6.0,2548.0,0.1951,0.1951,0.1951,10000622,2016-12-28,2016-12-28,P,2.104,2016-04-28
10021,2016-05-16 14:02:00,2016-05-16,0.1951,0.0,0.0,2548.0,0.1951,0.1951,0.1951,10000622,2016-12-28,2016-12-28,P,2.104,2016-04-28
10022,2016-05-16 14:03:00,2016-05-16,0.1951,0.0,0.0,2548.0,0.1951,0.1951,0.1951,10000622,2016-12-28,2016-12-28,P,2.104,2016-04-28
10023,2016-05-16 14:04:00,2016-05-16,0.1951,0.0,0.0,2548.0,0.1951,0.1951,0.1951,10000622,2016-12-28,2016-12-28,P,2.104,2016-04-28
10024,2016-05-16 14:05:00,2016-05-16,0.1951,0.0,0.0,2548.0,0.1951,0.1951,0.1951,10000622,2016-12-28,2016-12-28,P,2.104,2016-04-28
10025,2016-05-16 14:06:00,2016-05-16,0.1951,0.0,0.0,2548.0,0.1951,0.1951,0.1951,10000622,2016-12-28,2016-12-28,P,2.104,2016-04-28
10026,2016-05-16 14:07:00,2016-05-16,0.1951,0.0,0.0,2548.0,0.1951,0.1951,0.1951,10000622,2016-12-28,2016-12-28,P,2.104,2016-04-28
10027,2016-05-16 14:08:00,2016-05-16,0.1951,0.0,0.0,2548.0,0.1951,0.1951,0.1951,10000622,2016-12-28,2016-12-28,P,2.104,2016-04-28
10028,2016-05-16 14:09:00,2016-05-16,0.1951,0.0,0.0,2548.0,0.1951,0.1951,0.1951,10000622,2016-12-28,2016-12-28,P,2.104,2016-04-28
10029,2016-05-16 14:10:00,2016-05-16,0.1951,0.0,0.0,2548.0,0.1951,0.1951,0.1951,10000622,2016-12-28,2016-12-28,P,2.104,2016-04-28
10030,2016-05-16 14:11:00,2016-05-16,0.1951,0.0,0.0,2548.0,0.1951,0.1951,0.1951,10000622,2016-12-28,2016-12-28,P,2.104,2016-04-28
10031,2016-05-16 14:12:00,2016-05-16,0.1951,0.0,0.0,2548.0,0.1951,0.1951,0.1951,10000622,2016-12-28,2016-12-28,P,2.104,2016-04-28
10032,2016-05-16 14:13:00,2016-05-16,0.1951,0.0,0.0,2548.0,0.1951,0.1951,0.1951,10000622,2016-12-28,2016-12-28,P,2.104,2016-04-28
10033,2016-05-16 14:14:00,2016-05-16,0.1951,0.0,0.0,2548.0,0.1951,0.1951,0.1951,10000622,2016-12-28,2016-12-28,P,2.104,2016-04-28
10034,2016-05-16 14:15:00,2016-05-16,0.1966,1966.0,1.0,2548.0,0.1951,0.1966,0.1951,10000622,2016-12-28,2016-12-28,P,2.104,2016-04-28
10035,2016-05-16 14:16:00,2016-05-16,0.199,9929.0,5.0,2548.0,0.1966,0.199,0.1966,10000622,2016-12-28,2016-12-28,P,2.104,2016-04-28
10036,2016-05-16 14:17:00,2016-05-16,0.199,0.0,0.0,2548.0,0.199,0.199,0.199,10000622,2016-12-28,2016-12-28,P,2.104,2016-04-28
10037,2016-05-16 14:18:00,2016-05-16,0.199,0.0,0.0,2548.0,0.199,0.199,0.199,10000622,2016-12-28,2016-12-28,P,2.104,2016-04-28
10038,2016-05-16 14:19:00,2016-05-16,0.199,0.0,0.0,2548.0,0.199,0.199,0.199,10000622,2016-12-28,2016-12-28,P,2.104,2016-04-28
10039,2016-05-16 14:20:00,2016-05-16,0.199,0.0,0.0,2548.0,0.199,0.199,0.199,10000622,2016-12-28,2016-12-28,P,2.104,2016-04-28
10040,2016-05-16 14:21:00,2016-05-16,0.199,0.0,0.0,2548.0,0.199,0.199,0.199,10000622,2016-12-28,2016-12-28,P,2.104,2016-04-28
10041,2016-05-16 14:22:00,2016-05-16,0.199,0.0,0.0,2548.0,0.199,0.199,0.199,10000622,2016-12-28,2016-12-28,P,2.104,2016-04-28
10042,2016-05-16 14:23:00,2016-05-16,0.199,0.0,0.0,2548.0,0.199,0.199,0.199,10000622,2016-12-28,2016-12-28,P,2.104,2016-04-28
10043,2016-05-16 14:24:00,2016-05-16,0.199,0.0,0.0,2548.0,0.199,0.199,0.199,10000622,2016-12-28,2016-12-28,P,2.104,2016-04-28
10044,2016-05-16 14:25:00,2016-05-16,0.199,0.0,0.0,2548.0,0.199,0.199,0.199,10000622,2016-12-28,2016-12-28,P,2.104,2016-04-28
10045,2016-05-16 14:26:00,2016-05-16,0.199,0.0,0.0,2548.0,0.199,0.199,0.199,10000622,2016-12-28,2016-12-28,P,2.104,2016-04-28
10046,2016-05-16 14:27:00,2016-05-16,0.199,0.0,0.0,2548.0,0.199,0.199,0.199,10000622,2016-12-28,2016-12-28,P,2.104,2016-04-28
10047,2016-05-16 14:28:00,2016-05-16,0.199,0.0,0.0,2548.0,0.199,0.199,0.199,10000622,2016-12-28,2016-12-28,P,2.104,2016-04-28
10048,2016-05-16 14:29:00,2016-05-16,0.199,0.0,0.0,2548.0,0.199,0.199,0.199,10000622,2016-12-28,2016-12-28,P,2.104,2016-04-28
10049,2016-05-16 14:30:00,2016-05-16,0.199,0.0,0.0,2548.0,0.199,0.199,0.199,10000622,2016-12-28,2016-12-28,P,2.104,2016-04-28
10050,2016-05-16 14:31:00,2016-05-16,0.2001,4002.0,2.0,2548.0,0.199,0.2001,0.199,10000622,2016-12-28,2016-12-28,P,2.104,2016-04-28
10051,2016-05-16 14:32:00,2016-05-16,0.2001,6003.0,3.0,2548.0,0.2001,0.2001,0.2001,10000622,2016-12-28,2016-12-28,P,2.104,2016-04-28
10052,2016-05-16 14:33:00,2016-05-16,0.2001,0.0,0.0,2548.0,0.2001,0.2001,0.2001,10000622,2016-12-28,2016-12-28,P,2.104,2016-04-28
10053,2016-05-16 14:34:00,2016-05-16,0.2001,0.0,0.0,2548.0,0.2001,0.2001,0.2001,10000622,2016-12-28,2016-12-28,P,2.104,2016-04-28
10054,2016-05-16 14:35:00,2016-05-16,0.2001,0.0,0.0,2548.0,0.2001,0.2001,0.2001,10000622,2016-12-28,2016-12-28,P,2.104,2016-04-28
10055,2016-05-16 14:36:00,2016-05-16,0.2001,0.0,0.0,2548.0,0.2001,0.2001,0.2001,10000622,2016-12-28,2016-12-28,P,2.104,2016-04-28
10056,2016-05-16 14:37:00,2016-05-16,0.2001,0.0,0.0,2548.0,0.2001,0.2001,0.2001,10000622,2016-12-28,2016-12-28,P,2.104,2016-04-28
10057,2016-05-16 14:38:00,2016-05-16,0.2001,0.0,0.0,2548.0,0.2001,0.2001,0.2001,10000622,2016-12-28,2016-12-28,P,2.104,2016-04-28
10058,2016-05-16 14:39:00,2016-05-16,0.2001,0.0,0.0,2548.0,0.2001,0.2001,0.2001,10000622,2016-12-28,2016-12-28,P,2.104,2016-04-28
10059,2016-05-16 14:40:00,2016-05-16,0.2001,1995.0,1.0,2548.0,0.2001,0.1995,0.1995,10000622,2016-12-28,2016-12-28,P,2.104,2016-04-28
10060,2016-05-16 14:41:00,2016-05-16,0.1995,0.0,0.0,2548.0,0.1995,0.1995,0.1995,10000622,2016-12-28,2016-12-28,P,2.104,2016-04-28
10061,2016-05-16 14:42:00,2016-05-16,0.1995,0.0,0.0,2548.0,0.1995,0.1995,0.1995,10000622,2016-12-28,2016-12-28,P,2.104,2016-04-28
10062,2016-05-16 14:43:00,2016-05-16,0.1995,0.0,0.0,2548.0,0.1995,0.1995,0.1995,10000622,2016-12-28,2016-12-28,P,2.104,2016-04-28
10063,2016-05-16 14:44:00,2016-05-16,0.1995,0.0,0.0,2548.0,0.1995,0.1995,0.1995,10000622,2016-12-28,2016-12-28,P,2.104,2016-04-28
10064,2016-05-16 14:45:00,2016-05-16,0.1995,0.0,0.0,2548.0,0.1995,0.1995,0.1995,10000622,2016-12-28,2016-12-28,P,2.104,2016-04-28
10065,2016-05-16 14:46:00,2016-05-16,0.1995,0.0,0.0,2548.0,0.1995,0.1995,0.1995,10000622,2016-12-28,2016-12-28,P,2.104,2016-04-28
10066,2016-05-16 14:47:00,2016-05-16,0.1995,0.0,0.0,2548.0,0.1995,0.1995,0.1995,10000622,2016-12-28,2016-12-28,P,2.104,2016-04-28
10067,2016-05-16 14:48:00,2016-05-16,0.1995,0.0,0.0,2548.0,0.1995,0.1995,0.1995,10000622,2016-12-28,2016-12-28,P,2.104,2016-04-28
10068,2016-05-16 14:49:00,2016-05-16,0.1995,0.0,0.0,2548.0,0.1995,0.1995,0.1995,10000622,2016-12-28,2016-12-28,P,2.104,2016-04-28
10069,2016-05-16 14:50:00,2016-05-16,0.2009,2009.0,1.0,2548.0,0.1995,0.2009,0.1995,10000622,2016-12-28,2016-12-28,P,2.104,2016-04-28
10070,2016-05-16 14:51:00,2016-05-16,0.2009,0.0,0.0,2548.0,0.2009,0.2009,0.2009,10000622,2016-12-28,2016-12-28,P,2.104,2016-04-28
10071,2016-05-16 14:52:00,2016-05-16,0.2009,0.0,0.0,2548.0,0.2009,0.2009,0.2009,10000622,2016-12-28,2016-12-28,P,2.104,2016-04-28
10072,2016-05-16 14:53:00,2016-05-16,0.201,12060.0,6.0,2548.0,0.2009,0.201,0.2009,10000622,2016-12-28,2016-12-28,P,2.104,2016-04-28
10073,2016-05-16 14:54:00,2016-05-16,0.201,0.0,0.0,2548.0,0.201,0.201,0.201,10000622,2016-12-28,2016-12-28,P,2.104,2016-04-28
10074,2016-05-16 14:55:00,2016-05-16,0.201,0.0,0.0,2548.0,0.201,0.201,0.201,10000622,2016-12-28,2016-12-28,P,2.104,2016-04-28
10075,2016-05-16 14:56:00,2016-05-16,0.201,0.0,0.0,2548.0,0.201,0.201,0.201,10000622,2016-12-28,2016-12-28,P,2.104,2016-04-28
10076,2016-05-16 14:57:00,2016-05-16,0.201,0.0,0.0,2548.0,0.201,0.201,0.201,10000622,2016-12-28,2016-12-28,P,2.104,2016-04-28
10077,2016-05-16 14:58:00,2016-05-16,0.201,0.0,0.0,2548.0,0.201,0.201,0.201,10000622,2016-12-28,2016-12-28,P,2.104,2016-04-28
10078,2016-05-16 14:59:00,2016-05-16,0.201,0.0,0.0,2548.0,0.201,0.201,0.201,10000622,2016-12-28,2016-12-28,P,2.104,2016-04-28
10079,2016-05-16 15:00:00,2016-05-16,0.201,0.0,0.0,2548.0,0.201,0.201,0.201,10000622,2016-12-28,2016-12-28,P,2.104,2016-04-28
10080,2016-05-16 09:31:00,2016-05-16,0.1606,0.0,0.0,633.0,0.1606,0.1606,0.1606,10000629,2016-12-28,2016-12-28,C,1.9080000000000001,2016-05-10
10081,2016-05-16 09:32:00,2016-05-16,0.1606,0.0,0.0,633.0,0.1606,0.1606,0.1606,10000629,2016-12-28,2016-12-28,C,1.9080000000000001,2016-05-10
10082,2016-05-16 09:33:00,2016-05-16,0.1606,0.0,0.0,633.0,0.1606,0.1606,0.1606,10000629,2016-12-28,2016-12-28,C,1.9080000000000001,2016-05-10
10083,2016-05-16 09:34:00,2016-05-16,0.1602,52847.0,33.0,663.0,0.1606,0.1602,0.1588,10000629,2016-12-28,2016-12-28,C,1.9080000000000001,2016-05-10
10084,2016-05-16 09:35:00,2016-05-16,0.1602,0.0,0.0,663.0,0.1602,0.1602,0.1602,10000629,2016-12-28,2016-12-28,C,1.9080000000000001,2016-05-10
10085,2016-05-16 09:36:00,2016-05-16,0.1635,122095.0,75.0,711.0,0.1602,0.1635,0.1602,10000629,2016-12-28,2016-12-28,C,1.9080000000000001,2016-05-10
10086,2016-05-16 09:37:00,2016-05-16,0.1635,0.0,0.0,711.0,0.1635,0.1635,0.1635,10000629,2016-12-28,2016-12-28,C,1.9080000000000001,2016-05-10
10087,2016-05-16 09:38:00,2016-05-16,0.1635,0.0,0.0,711.0,0.1635,0.1635,0.1635,10000629,2016-12-28,2016-12-28,C,1.9080000000000001,2016-05-10
10088,2016-05-16 09:39:00,2016-05-16,0.1635,0.0,0.0,711.0,0.1635,0.1635,0.1635,10000629,2016-12-28,2016-12-28,C,1.9080000000000001,2016-05-10
10089,2016-05-16 09:40:00,2016-05-16,0.1635,0.0,0.0,711.0,0.1635,0.1635,0.1635,10000629,2016-12-28,2016-12-28,C,1.9080000000000001,2016-05-10
10090,2016-05-16 09:41:00,2016-05-16,0.1635,8070.0,5.0,716.0,0.1635,0.1614,0.1614,10000629,2016-12-28,2016-12-28,C,1.9080000000000001,2016-05-10
10091,2016-05-16 09:42:00,2016-05-16,0.1614,0.0,0.0,716.0,0.1614,0.1614,0.1614,10000629,2016-12-28,2016-12-28,C,1.9080000000000001,2016-05-10
10092,2016-05-16 09:43:00,2016-05-16,0.1614,0.0,0.0,716.0,0.1614,0.1614,0.1614,10000629,2016-12-28,2016-12-28,C,1.9080000000000001,2016-05-10
10093,2016-05-16 09:44:00,2016-05-16,0.1614,0.0,0.0,716.0,0.1614,0.1614,0.1614,10000629,2016-12-28,2016-12-28,C,1.9080000000000001,2016-05-10
10094,2016-05-16 09:45:00,2016-05-16,0.1614,0.0,0.0,716.0,0.1614,0.1614,0.1614,10000629,2016-12-28,2016-12-28,C,1.9080000000000001,2016-05-10
10095,2016-05-16 09:46:00,2016-05-16,0.1614,0.0,0.0,716.0,0.1614,0.1614,0.1614,10000629,2016-12-28,2016-12-28,C,1.9080000000000001,2016-05-10
10096,2016-05-16 09:47:00,2016-05-16,0.1614,0.0,0.0,716.0,0.1614,0.1614,0.1614,10000629,2016-12-28,2016-12-28,C,1.9080000000000001,2016-05-10
10097,2016-05-16 09:48:00,2016-05-16,0.1614,0.0,0.0,716.0,0.1614,0.1614,0.1614,10000629,2016-12-28,2016-12-28,C,1.9080000000000001,2016-05-10
10098,2016-05-16 09:49:00,2016-05-16,0.1614,0.0,0.0,716.0,0.1614,0.1614,0.1614,10000629,2016-12-28,2016-12-28,C,1.9080000000000001,2016-05-10
10099,2016-05-16 09:50:00,2016-05-16,0.1623,81070.0,50.0,736.0,0.1614,0.1622,0.1614,10000629,2016-12-28,2016-12-28,C,1.9080000000000001,2016-05-10
10100,2016-05-16 09:51:00,2016-05-16,0.1622,0.0,0.0,736.0,0.1622,0.1622,0.1622,10000629,2016-12-28,2016-12-28,C,1.9080000000000001,2016-05-10
10101,2016-05-16 09:52:00,2016-05-16,0.1622,32000.0,20.0,756.0,0.1622,0.16,0.16,10000629,2016-12-28,2016-12-28,C,1.9080000000000001,2016-05-10
10102,2016-05-16 09:53:00,2016-05-16,0.16,151751.0,95.0,832.0,0.16,0.1582,0.1582,10000629,2016-12-28,2016-12-28,C,1.9080000000000001,2016-05-10
10103,2016-05-16 09:54:00,2016-05-16,0.159,42746.0,27.0,838.0,0.1582,0.159,0.1582,10000629,2016-12-28,2016-12-28,C,1.9080000000000001,2016-05-10
10104,2016-05-16 09:55:00,2016-05-16,0.159,0.0,0.0,838.0,0.159,0.159,0.159,10000629,2016-12-28,2016-12-28,C,1.9080000000000001,2016-05-10
10105,2016-05-16 09:56:00,2016-05-16,0.159,0.0,0.0,838.0,0.159,0.159,0.159,10000629,2016-12-28,2016-12-28,C,1.9080000000000001,2016-05-10
10106,2016-05-16 09:57:00,2016-05-16,0.159,0.0,0.0,838.0,0.159,0.159,0.159,10000629,2016-12-28,2016-12-28,C,1.9080000000000001,2016-05-10
10107,2016-05-16 09:58:00,2016-05-16,0.159,158920.0,100.0,931.0,0.159,0.159,0.1588,10000629,2016-12-28,2016-12-28,C,1.9080000000000001,2016-05-10
10108,2016-05-16 09:59:00,2016-05-16,0.159,0.0,0.0,931.0,0.159,0.159,0.159,10000629,2016-12-28,2016-12-28,C,1.9080000000000001,2016-05-10
10109,2016-05-16 10:00:00,2016-05-16,0.1555,1555.0,1.0,931.0,0.1555,0.1555,0.1555,10000629,2016-12-28,2016-12-28,C,1.9080000000000001,2016-05-10
10110,2016-05-16 10:01:00,2016-05-16,0.1555,0.0,0.0,931.0,0.1555,0.1555,0.1555,10000629,2016-12-28,2016-12-28,C,1.9080000000000001,2016-05-10
10111,2016-05-16 10:02:00,2016-05-16,0.1555,0.0,0.0,931.0,0.1555,0.1555,0.1555,10000629,2016-12-28,2016-12-28,C,1.9080000000000001,2016-05-10
10112,2016-05-16 10:03:00,2016-05-16,0.16,79755.0,50.0,981.0,0.1555,0.1588,0.1555,10000629,2016-12-28,2016-12-28,C,1.9080000000000001,2016-05-10
10113,2016-05-16 10:04:00,2016-05-16,0.1588,0.0,0.0,981.0,0.1588,0.1588,0.1588,10000629,2016-12-28,2016-12-28,C,1.9080000000000001,2016-05-10
10114,2016-05-16 10:05:00,2016-05-16,0.1588,0.0,0.0,981.0,0.1588,0.1588,0.1588,10000629,2016-12-28,2016-12-28,C,1.9080000000000001,2016-05-10
10115,2016-05-16 10:06:00,2016-05-16,0.1588,23820.0,15.0,996.0,0.1588,0.1588,0.1588,10000629,2016-12-28,2016-12-28,C,1.9080000000000001,2016-05-10
10116,2016-05-16 10:07:00,2016-05-16,0.1588,0.0,0.0,996.0,0.1588,0.1588,0.1588,10000629,2016-12-28,2016-12-28,C,1.9080000000000001,2016-05-10
10117,2016-05-16 10:08:00,2016-05-16,0.1588,0.0,0.0,996.0,0.1588,0.1588,0.1588,10000629,2016-12-28,2016-12-28,C,1.9080000000000001,2016-05-10
10118,2016-05-16 10:09:00,2016-05-16,0.1588,0.0,0.0,996.0,0.1588,0.1588,0.1588,10000629,2016-12-28,2016-12-28,C,1.9080000000000001,2016-05-10
10119,2016-05-16 10:10:00,2016-05-16,0.1588,0.0,0.0,996.0,0.1588,0.1588,0.1588,10000629,2016-12-28,2016-12-28,C,1.9080000000000001,2016-05-10
10120,2016-05-16 10:11:00,2016-05-16,0.1588,0.0,0.0,996.0,0.1588,0.1588,0.1588,10000629,2016-12-28,2016-12-28,C,1.9080000000000001,2016-05-10
10121,2016-05-16 10:12:00,2016-05-16,0.1588,0.0,0.0,996.0,0.1588,0.1588,0.1588,10000629,2016-12-28,2016-12-28,C,1.9080000000000001,2016-05-10
10122,2016-05-16 10:13:00,2016-05-16,0.1588,0.0,0.0,996.0,0.1588,0.1588,0.1588,10000629,2016-12-28,2016-12-28,C,1.9080000000000001,2016-05-10
10123,2016-05-16 10:14:00,2016-05-16,0.1588,0.0,0.0,996.0,0.1588,0.1588,0.1588,10000629,2016-12-28,2016-12-28,C,1.9080000000000001,2016-05-10
10124,2016-05-16 10:15:00,2016-05-16,0.1588,0.0,0.0,996.0,0.1588,0.1588,0.1588,10000629,2016-12-28,2016-12-28,C,1.9080000000000001,2016-05-10
10125,2016-05-16 10:16:00,2016-05-16,0.1588,0.0,0.0,996.0,0.1588,0.1588,0.1588,10000629,2016-12-28,2016-12-28,C,1.9080000000000001,2016-05-10
10126,2016-05-16 10:17:00,2016-05-16,0.1588,0.0,0.0,996.0,0.1588,0.1588,0.1588,10000629,2016-12-28,2016-12-28,C,1.9080000000000001,2016-05-10
10127,2016-05-16 10:18:00,2016-05-16,0.1588,0.0,0.0,996.0,0.1588,0.1588,0.1588,10000629,2016-12-28,2016-12-28,C,1.9080000000000001,2016-05-10
10128,2016-05-16 10:19:00,2016-05-16,0.1588,0.0,0.0,996.0,0.1588,0.1588,0.1588,10000629,2016-12-28,2016-12-28,C,1.9080000000000001,2016-05-10
10129,2016-05-16 10:20:00,2016-05-16,0.1588,3151.0,2.0,996.0,0.1588,0.1575,0.1575,10000629,2016-12-28,2016-12-28,C,1.9080000000000001,2016-05-10
10130,2016-05-16 10:21:00,2016-05-16,0.1575,0.0,0.0,996.0,0.1575,0.1575,0.1575,10000629,2016-12-28,2016-12-28,C,1.9080000000000001,2016-05-10
10131,2016-05-16 10:22:00,2016-05-16,0.1575,0.0,0.0,996.0,0.1575,0.1575,0.1575,10000629,2016-12-28,2016-12-28,C,1.9080000000000001,2016-05-10
10132,2016-05-16 10:23:00,2016-05-16,0.1575,0.0,0.0,996.0,0.1575,0.1575,0.1575,10000629,2016-12-28,2016-12-28,C,1.9080000000000001,2016-05-10
10133,2016-05-16 10:24:00,2016-05-16,0.1575,0.0,0.0,996.0,0.1575,0.1575,0.1575,10000629,2016-12-28,2016-12-28,C,1.9080000000000001,2016-05-10
10134,2016-05-16 10:25:00,2016-05-16,0.1575,3140.0,2.0,996.0,0.1575,0.1571,0.1569,10000629,2016-12-28,2016-12-28,C,1.9080000000000001,2016-05-10
10135,2016-05-16 10:26:00,2016-05-16,0.1571,3142.0,2.0,996.0,0.1571,0.1571,0.1571,10000629,2016-12-28,2016-12-28,C,1.9080000000000001,2016-05-10
10136,2016-05-16 10:27:00,2016-05-16,0.1571,0.0,0.0,996.0,0.1571,0.1571,0.1571,10000629,2016-12-28,2016-12-28,C,1.9080000000000001,2016-05-10
10137,2016-05-16 10:28:00,2016-05-16,0.1596,15960.0,10.0,1006.0,0.1571,0.1596,0.1571,10000629,2016-12-28,2016-12-28,C,1.9080000000000001,2016-05-10
10138,2016-05-16 10:29:00,2016-05-16,0.1596,0.0,0.0,1006.0,0.1596,0.1596,0.1596,10000629,2016-12-28,2016-12-28,C,1.9080000000000001,2016-05-10
10139,2016-05-16 10:30:00,2016-05-16,0.1596,0.0,0.0,1006.0,0.1596,0.1596,0.1596,10000629,2016-12-28,2016-12-28,C,1.9080000000000001,2016-05-10
10140,2016-05-16 10:31:00,2016-05-16,0.16,16000.0,10.0,1016.0,0.1596,0.16,0.1596,10000629,2016-12-28,2016-12-28,C,1.9080000000000001,2016-05-10
10141,2016-05-16 10:32:00,2016-05-16,0.16,3155.0,2.0,1017.0,0.16,0.1579,0.1576,10000629,2016-12-28,2016-12-28,C,1.9080000000000001,2016-05-10
10142,2016-05-16 10:33:00,2016-05-16,0.1579,1579.0,1.0,1018.0,0.1579,0.1579,0.1579,10000629,2016-12-28,2016-12-28,C,1.9080000000000001,2016-05-10
10143,2016-05-16 10:34:00,2016-05-16,0.1579,6301.0,4.0,1018.0,0.1579,0.1575,0.1575,10000629,2016-12-28,2016-12-28,C,1.9080000000000001,2016-05-10
10144,2016-05-16 10:35:00,2016-05-16,0.1575,0.0,0.0,1018.0,0.1575,0.1575,0.1575,10000629,2016-12-28,2016-12-28,C,1.9080000000000001,2016-05-10
10145,2016-05-16 10:36:00,2016-05-16,0.1575,0.0,0.0,1018.0,0.1575,0.1575,0.1575,10000629,2016-12-28,2016-12-28,C,1.9080000000000001,2016-05-10
10146,2016-05-16 10:37:00,2016-05-16,0.1575,0.0,0.0,1018.0,0.1575,0.1575,0.1575,10000629,2016-12-28,2016-12-28,C,1.9080000000000001,2016-05-10
10147,2016-05-16 10:38:00,2016-05-16,0.1577,9462.0,6.0,1024.0,0.1575,0.1577,0.1575,10000629,2016-12-28,2016-12-28,C,1.9080000000000001,2016-05-10
10148,2016-05-16 10:39:00,2016-05-16,0.1577,6304.0,4.0,1025.0,0.1577,0.1575,0.1575,10000629,2016-12-28,2016-12-28,C,1.9080000000000001,2016-05-10
10149,2016-05-16 10:40:00,2016-05-16,0.1575,0.0,0.0,1025.0,0.1575,0.1575,0.1575,10000629,2016-12-28,2016-12-28,C,1.9080000000000001,2016-05-10
10150,2016-05-16 10:41:00,2016-05-16,0.1575,0.0,0.0,1025.0,0.1575,0.1575,0.1575,10000629,2016-12-28,2016-12-28,C,1.9080000000000001,2016-05-10
10151,2016-05-16 10:42:00,2016-05-16,0.1575,0.0,0.0,1025.0,0.1575,0.1575,0.1575,10000629,2016-12-28,2016-12-28,C,1.9080000000000001,2016-05-10
10152,2016-05-16 10:43:00,2016-05-16,0.1575,0.0,0.0,1025.0,0.1575,0.1575,0.1575,10000629,2016-12-28,2016-12-28,C,1.9080000000000001,2016-05-10
10153,2016-05-16 10:44:00,2016-05-16,0.1575,0.0,0.0,1025.0,0.1575,0.1575,0.1575,10000629,2016-12-28,2016-12-28,C,1.9080000000000001,2016-05-10
10154,2016-05-16 10:45:00,2016-05-16,0.1575,0.0,0.0,1025.0,0.1575,0.1575,0.1575,10000629,2016-12-28,2016-12-28,C,1.9080000000000001,2016-05-10
10155,2016-05-16 10:46:00,2016-05-16,0.1575,0.0,0.0,1025.0,0.1575,0.1575,0.1575,10000629,2016-12-28,2016-12-28,C,1.9080000000000001,2016-05-10
10156,2016-05-16 10:47:00,2016-05-16,0.1575,0.0,0.0,1025.0,0.1575,0.1575,0.1575,10000629,2016-12-28,2016-12-28,C,1.9080000000000001,2016-05-10
10157,2016-05-16 10:48:00,2016-05-16,0.1575,0.0,0.0,1025.0,0.1575,0.1575,0.1575,10000629,2016-12-28,2016-12-28,C,1.9080000000000001,2016-05-10
10158,2016-05-16 10:49:00,2016-05-16,0.1575,0.0,0.0,1025.0,0.1575,0.1575,0.1575,10000629,2016-12-28,2016-12-28,C,1.9080000000000001,2016-05-10
10159,2016-05-16 10:50:00,2016-05-16,0.1575,0.0,0.0,1025.0,0.1575,0.1575,0.1575,10000629,2016-12-28,2016-12-28,C,1.9080000000000001,2016-05-10
10160,2016-05-16 10:51:00,2016-05-16,0.1615,8075.0,5.0,1025.0,0.1575,0.1615,0.1575,10000629,2016-12-28,2016-12-28,C,1.9080000000000001,2016-05-10
10161,2016-05-16 10:52:00,2016-05-16,0.1615,0.0,0.0,1025.0,0.1615,0.1615,0.1615,10000629,2016-12-28,2016-12-28,C,1.9080000000000001,2016-05-10
10162,2016-05-16 10:53:00,2016-05-16,0.1615,0.0,0.0,1025.0,0.1615,0.1615,0.1615,10000629,2016-12-28,2016-12-28,C,1.9080000000000001,2016-05-10
10163,2016-05-16 10:54:00,2016-05-16,0.1615,0.0,0.0,1025.0,0.1615,0.1615,0.1615,10000629,2016-12-28,2016-12-28,C,1.9080000000000001,2016-05-10
10164,2016-05-16 10:55:00,2016-05-16,0.1615,3188.0,2.0,1025.0,0.1615,0.1594,0.1594,10000629,2016-12-28,2016-12-28,C,1.9080000000000001,2016-05-10
10165,2016-05-16 10:56:00,2016-05-16,0.161,3220.0,2.0,1025.0,0.1594,0.161,0.1594,10000629,2016-12-28,2016-12-28,C,1.9080000000000001,2016-05-10
10166,2016-05-16 10:57:00,2016-05-16,0.161,3214.0,2.0,1025.0,0.161,0.1607,0.1607,10000629,2016-12-28,2016-12-28,C,1.9080000000000001,2016-05-10
10167,2016-05-16 10:58:00,2016-05-16,0.1607,0.0,0.0,1025.0,0.1607,0.1607,0.1607,10000629,2016-12-28,2016-12-28,C,1.9080000000000001,2016-05-10
10168,2016-05-16 10:59:00,2016-05-16,0.1626,16260.0,10.0,1035.0,0.1607,0.1626,0.1607,10000629,2016-12-28,2016-12-28,C,1.9080000000000001,2016-05-10
10169,2016-05-16 11:00:00,2016-05-16,0.1626,0.0,0.0,1035.0,0.1626,0.1626,0.1626,10000629,2016-12-28,2016-12-28,C,1.9080000000000001,2016-05-10
10170,2016-05-16 11:01:00,2016-05-16,0.1637,3274.0,2.0,1035.0,0.1626,0.1637,0.1626,10000629,2016-12-28,2016-12-28,C,1.9080000000000001,2016-05-10
10171,2016-05-16 11:02:00,2016-05-16,0.1638,4913.0,3.0,1035.0,0.1637,0.1638,0.1637,10000629,2016-12-28,2016-12-28,C,1.9080000000000001,2016-05-10
10172,2016-05-16 11:03:00,2016-05-16,0.1638,0.0,0.0,1035.0,0.1638,0.1638,0.1638,10000629,2016-12-28,2016-12-28,C,1.9080000000000001,2016-05-10
10173,2016-05-16 11:04:00,2016-05-16,0.1631,6524.0,4.0,1035.0,0.1631,0.1631,0.1631,10000629,2016-12-28,2016-12-28,C,1.9080000000000001,2016-05-10
10174,2016-05-16 11:05:00,2016-05-16,0.1631,4893.0,3.0,1035.0,0.1631,0.1631,0.1631,10000629,2016-12-28,2016-12-28,C,1.9080000000000001,2016-05-10
10175,2016-05-16 11:06:00,2016-05-16,0.1631,4893.0,3.0,1035.0,0.1631,0.1631,0.1631,10000629,2016-12-28,2016-12-28,C,1.9080000000000001,2016-05-10
10176,2016-05-16 11:07:00,2016-05-16,0.1631,0.0,0.0,1035.0,0.1631,0.1631,0.1631,10000629,2016-12-28,2016-12-28,C,1.9080000000000001,2016-05-10
10177,2016-05-16 11:08:00,2016-05-16,0.1631,0.0,0.0,1035.0,0.1631,0.1631,0.1631,10000629,2016-12-28,2016-12-28,C,1.9080000000000001,2016-05-10
10178,2016-05-16 11:09:00,2016-05-16,0.1631,0.0,0.0,1035.0,0.1631,0.1631,0.1631,10000629,2016-12-28,2016-12-28,C,1.9080000000000001,2016-05-10
10179,2016-05-16 11:10:00,2016-05-16,0.1631,0.0,0.0,1035.0,0.1631,0.1631,0.1631,10000629,2016-12-28,2016-12-28,C,1.9080000000000001,2016-05-10
10180,2016-05-16 11:11:00,2016-05-16,0.1631,0.0,0.0,1035.0,0.1631,0.1631,0.1631,10000629,2016-12-28,2016-12-28,C,1.9080000000000001,2016-05-10
10181,2016-05-16 11:12:00,2016-05-16,0.1631,0.0,0.0,1035.0,0.1631,0.1631,0.1631,10000629,2016-12-28,2016-12-28,C,1.9080000000000001,2016-05-10
10182,2016-05-16 11:13:00,2016-05-16,0.1631,0.0,0.0,1035.0,0.1631,0.1631,0.1631,10000629,2016-12-28,2016-12-28,C,1.9080000000000001,2016-05-10
10183,2016-05-16 11:14:00,2016-05-16,0.1631,0.0,0.0,1035.0,0.1631,0.1631,0.1631,10000629,2016-12-28,2016-12-28,C,1.9080000000000001,2016-05-10
10184,2016-05-16 11:15:00,2016-05-16,0.1631,0.0,0.0,1035.0,0.1631,0.1631,0.1631,10000629,2016-12-28,2016-12-28,C,1.9080000000000001,2016-05-10
10185,2016-05-16 11:16:00,2016-05-16,0.1631,0.0,0.0,1035.0,0.1631,0.1631,0.1631,10000629,2016-12-28,2016-12-28,C,1.9080000000000001,2016-05-10
10186,2016-05-16 11:17:00,2016-05-16,0.1631,0.0,0.0,1035.0,0.1631,0.1631,0.1631,10000629,2016-12-28,2016-12-28,C,1.9080000000000001,2016-05-10
10187,2016-05-16 11:18:00,2016-05-16,0.1631,0.0,0.0,1035.0,0.1631,0.1631,0.1631,10000629,2016-12-28,2016-12-28,C,1.9080000000000001,2016-05-10
10188,2016-05-16 11:19:00,2016-05-16,0.1631,0.0,0.0,1035.0,0.1631,0.1631,0.1631,10000629,2016-12-28,2016-12-28,C,1.9080000000000001,2016-05-10
10189,2016-05-16 11:20:00,2016-05-16,0.1631,0.0,0.0,1035.0,0.1631,0.1631,0.1631,10000629,2016-12-28,2016-12-28,C,1.9080000000000001,2016-05-10
10190,2016-05-16 11:21:00,2016-05-16,0.1631,0.0,0.0,1035.0,0.1631,0.1631,0.1631,10000629,2016-12-28,2016-12-28,C,1.9080000000000001,2016-05-10
10191,2016-05-16 11:22:00,2016-05-16,0.1638,1638.0,1.0,1036.0,0.1631,0.1638,0.1631,10000629,2016-12-28,2016-12-28,C,1.9080000000000001,2016-05-10
10192,2016-05-16 11:23:00,2016-05-16,0.1638,0.0,0.0,1036.0,0.1638,0.1638,0.1638,10000629,2016-12-28,2016-12-28,C,1.9080000000000001,2016-05-10
10193,2016-05-16 11:24:00,2016-05-16,0.1638,0.0,0.0,1036.0,0.1638,0.1638,0.1638,10000629,2016-12-28,2016-12-28,C,1.9080000000000001,2016-05-10
10194,2016-05-16 11:25:00,2016-05-16,0.1638,0.0,0.0,1036.0,0.1638,0.1638,0.1638,10000629,2016-12-28,2016-12-28,C,1.9080000000000001,2016-05-10
10195,2016-05-16 11:26:00,2016-05-16,0.1638,0.0,0.0,1036.0,0.1638,0.1638,0.1638,10000629,2016-12-28,2016-12-28,C,1.9080000000000001,2016-05-10
10196,2016-05-16 11:27:00,2016-05-16,0.1638,0.0,0.0,1036.0,0.1638,0.1638,0.1638,10000629,2016-12-28,2016-12-28,C,1.9080000000000001,2016-05-10
10197,2016-05-16 11:28:00,2016-05-16,0.1638,0.0,0.0,1036.0,0.1638,0.1638,0.1638,10000629,2016-12-28,2016-12-28,C,1.9080000000000001,2016-05-10
10198,2016-05-16 11:29:00,2016-05-16,0.1638,0.0,0.0,1036.0,0.1638,0.1638,0.1638,10000629,2016-12-28,2016-12-28,C,1.9080000000000001,2016-05-10
10199,2016-05-16 11:30:00,2016-05-16,0.1638,0.0,0.0,1036.0,0.1638,0.1638,0.1638,10000629,2016-12-28,2016-12-28,C,1.9080000000000001,2016-05-10
10200,2016-05-16 13:01:00,2016-05-16,0.1638,0.0,0.0,1036.0,0.1638,0.1638,0.1638,10000629,2016-12-28,2016-12-28,C,1.9080000000000001,2016-05-10
10201,2016-05-16 13:02:00,2016-05-16,0.1638,0.0,0.0,1036.0,0.1638,0.1638,0.1638,10000629,2016-12-28,2016-12-28,C,1.9080000000000001,2016-05-10
10202,2016-05-16 13:03:00,2016-05-16,0.1638,0.0,0.0,1036.0,0.1638,0.1638,0.1638,10000629,2016-12-28,2016-12-28,C,1.9080000000000001,2016-05-10
10203,2016-05-16 13:04:00,2016-05-16,0.1638,0.0,0.0,1036.0,0.1638,0.1638,0.1638,10000629,2016-12-28,2016-12-28,C,1.9080000000000001,2016-05-10
10204,2016-05-16 13:05:00,2016-05-16,0.1638,0.0,0.0,1036.0,0.1638,0.1638,0.1638,10000629,2016-12-28,2016-12-28,C,1.9080000000000001,2016-05-10
10205,2016-05-16 13:06:00,2016-05-16,0.1638,0.0,0.0,1036.0,0.1638,0.1638,0.1638,10000629,2016-12-28,2016-12-28,C,1.9080000000000001,2016-05-10
10206,2016-05-16 13:07:00,2016-05-16,0.1638,0.0,0.0,1036.0,0.1638,0.1638,0.1638,10000629,2016-12-28,2016-12-28,C,1.9080000000000001,2016-05-10
10207,2016-05-16 13:08:00,2016-05-16,0.1638,0.0,0.0,1036.0,0.1638,0.1638,0.1638,10000629,2016-12-28,2016-12-28,C,1.9080000000000001,2016-05-10
10208,2016-05-16 13:09:00,2016-05-16,0.1638,0.0,0.0,1036.0,0.1638,0.1638,0.1638,10000629,2016-12-28,2016-12-28,C,1.9080000000000001,2016-05-10
10209,2016-05-16 13:10:00,2016-05-16,0.1638,0.0,0.0,1036.0,0.1638,0.1638,0.1638,10000629,2016-12-28,2016-12-28,C,1.9080000000000001,2016-05-10
10210,2016-05-16 13:11:00,2016-05-16,0.1638,0.0,0.0,1036.0,0.1638,0.1638,0.1638,10000629,2016-12-28,2016-12-28,C,1.9080000000000001,2016-05-10
10211,2016-05-16 13:12:00,2016-05-16,0.1638,0.0,0.0,1036.0,0.1638,0.1638,0.1638,10000629,2016-12-28,2016-12-28,C,1.9080000000000001,2016-05-10
10212,2016-05-16 13:13:00,2016-05-16,0.1638,0.0,0.0,1036.0,0.1638,0.1638,0.1638,10000629,2016-12-28,2016-12-28,C,1.9080000000000001,2016-05-10
10213,2016-05-16 13:14:00,2016-05-16,0.1638,0.0,0.0,1036.0,0.1638,0.1638,0.1638,10000629,2016-12-28,2016-12-28,C,1.9080000000000001,2016-05-10
10214,2016-05-16 13:15:00,2016-05-16,0.1638,0.0,0.0,1036.0,0.1638,0.1638,0.1638,10000629,2016-12-28,2016-12-28,C,1.9080000000000001,2016-05-10
10215,2016-05-16 13:16:00,2016-05-16,0.1638,0.0,0.0,1036.0,0.1638,0.1638,0.1638,10000629,2016-12-28,2016-12-28,C,1.9080000000000001,2016-05-10
10216,2016-05-16 13:17:00,2016-05-16,0.1638,0.0,0.0,1036.0,0.1638,0.1638,0.1638,10000629,2016-12-28,2016-12-28,C,1.9080000000000001,2016-05-10
10217,2016-05-16 13:18:00,2016-05-16,0.1638,0.0,0.0,1036.0,0.1638,0.1638,0.1638,10000629,2016-12-28,2016-12-28,C,1.9080000000000001,2016-05-10
10218,2016-05-16 13:19:00,2016-05-16,0.1638,0.0,0.0,1036.0,0.1638,0.1638,0.1638,10000629,2016-12-28,2016-12-28,C,1.9080000000000001,2016-05-10
10219,2016-05-16 13:20:00,2016-05-16,0.1638,0.0,0.0,1036.0,0.1638,0.1638,0.1638,10000629,2016-12-28,2016-12-28,C,1.9080000000000001,2016-05-10
10220,2016-05-16 13:21:00,2016-05-16,0.1638,0.0,0.0,1036.0,0.1638,0.1638,0.1638,10000629,2016-12-28,2016-12-28,C,1.9080000000000001,2016-05-10
10221,2016-05-16 13:22:00,2016-05-16,0.1638,0.0,0.0,1036.0,0.1638,0.1638,0.1638,10000629,2016-12-28,2016-12-28,C,1.9080000000000001,2016-05-10
10222,2016-05-16 13:23:00,2016-05-16,0.1638,0.0,0.0,1036.0,0.1638,0.1638,0.1638,10000629,2016-12-28,2016-12-28,C,1.9080000000000001,2016-05-10
10223,2016-05-16 13:24:00,2016-05-16,0.1638,0.0,0.0,1036.0,0.1638,0.1638,0.1638,10000629,2016-12-28,2016-12-28,C,1.9080000000000001,2016-05-10
10224,2016-05-16 13:25:00,2016-05-16,0.1638,0.0,0.0,1036.0,0.1638,0.1638,0.1638,10000629,2016-12-28,2016-12-28,C,1.9080000000000001,2016-05-10
10225,2016-05-16 13:26:00,2016-05-16,0.1638,0.0,0.0,1036.0,0.1638,0.1638,0.1638,10000629,2016-12-28,2016-12-28,C,1.9080000000000001,2016-05-10
10226,2016-05-16 13:27:00,2016-05-16,0.1638,8100.0,5.0,1041.0,0.1638,0.162,0.162,10000629,2016-12-28,2016-12-28,C,1.9080000000000001,2016-05-10
10227,2016-05-16 13:28:00,2016-05-16,0.162,0.0,0.0,1041.0,0.162,0.162,0.162,10000629,2016-12-28,2016-12-28,C,1.9080000000000001,2016-05-10
10228,2016-05-16 13:29:00,2016-05-16,0.162,0.0,0.0,1041.0,0.162,0.162,0.162,10000629,2016-12-28,2016-12-28,C,1.9080000000000001,2016-05-10
10229,2016-05-16 13:30:00,2016-05-16,0.162,0.0,0.0,1041.0,0.162,0.162,0.162,10000629,2016-12-28,2016-12-28,C,1.9080000000000001,2016-05-10
10230,2016-05-16 13:31:00,2016-05-16,0.162,0.0,0.0,1041.0,0.162,0.162,0.162,10000629,2016-12-28,2016-12-28,C,1.9080000000000001,2016-05-10
10231,2016-05-16 13:32:00,2016-05-16,0.162,0.0,0.0,1041.0,0.162,0.162,0.162,10000629,2016-12-28,2016-12-28,C,1.9080000000000001,2016-05-10
10232,2016-05-16 13:33:00,2016-05-16,0.162,0.0,0.0,1041.0,0.162,0.162,0.162,10000629,2016-12-28,2016-12-28,C,1.9080000000000001,2016-05-10
10233,2016-05-16 13:34:00,2016-05-16,0.162,0.0,0.0,1041.0,0.162,0.162,0.162,10000629,2016-12-28,2016-12-28,C,1.9080000000000001,2016-05-10
10234,2016-05-16 13:35:00,2016-05-16,0.162,0.0,0.0,1041.0,0.162,0.162,0.162,10000629,2016-12-28,2016-12-28,C,1.9080000000000001,2016-05-10
10235,2016-05-16 13:36:00,2016-05-16,0.162,0.0,0.0,1041.0,0.162,0.162,0.162,10000629,2016-12-28,2016-12-28,C,1.9080000000000001,2016-05-10
10236,2016-05-16 13:37:00,2016-05-16,0.162,0.0,0.0,1041.0,0.162,0.162,0.162,10000629,2016-12-28,2016-12-28,C,1.9080000000000001,2016-05-10
10237,2016-05-16 13:38:00,2016-05-16,0.162,0.0,0.0,1041.0,0.162,0.162,0.162,10000629,2016-12-28,2016-12-28,C,1.9080000000000001,2016-05-10
10238,2016-05-16 13:39:00,2016-05-16,0.162,1620.0,1.0,1042.0,0.162,0.162,0.162,10000629,2016-12-28,2016-12-28,C,1.9080000000000001,2016-05-10
10239,2016-05-16 13:40:00,2016-05-16,0.162,0.0,0.0,1042.0,0.162,0.162,0.162,10000629,2016-12-28,2016-12-28,C,1.9080000000000001,2016-05-10
10240,2016-05-16 13:41:00,2016-05-16,0.162,0.0,0.0,1042.0,0.162,0.162,0.162,10000629,2016-12-28,2016-12-28,C,1.9080000000000001,2016-05-10
10241,2016-05-16 13:42:00,2016-05-16,0.162,0.0,0.0,1042.0,0.162,0.162,0.162,10000629,2016-12-28,2016-12-28,C,1.9080000000000001,2016-05-10
10242,2016-05-16 13:43:00,2016-05-16,0.162,0.0,0.0,1042.0,0.162,0.162,0.162,10000629,2016-12-28,2016-12-28,C,1.9080000000000001,2016-05-10
10243,2016-05-16 13:44:00,2016-05-16,0.162,0.0,0.0,1042.0,0.162,0.162,0.162,10000629,2016-12-28,2016-12-28,C,1.9080000000000001,2016-05-10
10244,2016-05-16 13:45:00,2016-05-16,0.162,0.0,0.0,1042.0,0.162,0.162,0.162,10000629,2016-12-28,2016-12-28,C,1.9080000000000001,2016-05-10
10245,2016-05-16 13:46:00,2016-05-16,0.162,0.0,0.0,1042.0,0.162,0.162,0.162,10000629,2016-12-28,2016-12-28,C,1.9080000000000001,2016-05-10
10246,2016-05-16 13:47:00,2016-05-16,0.162,0.0,0.0,1042.0,0.162,0.162,0.162,10000629,2016-12-28,2016-12-28,C,1.9080000000000001,2016-05-10
10247,2016-05-16 13:48:00,2016-05-16,0.162,0.0,0.0,1042.0,0.162,0.162,0.162,10000629,2016-12-28,2016-12-28,C,1.9080000000000001,2016-05-10
10248,2016-05-16 13:49:00,2016-05-16,0.162,0.0,0.0,1042.0,0.162,0.162,0.162,10000629,2016-12-28,2016-12-28,C,1.9080000000000001,2016-05-10
10249,2016-05-16 13:50:00,2016-05-16,0.162,6356.0,4.0,1046.0,0.162,0.1589,0.1589,10000629,2016-12-28,2016-12-28,C,1.9080000000000001,2016-05-10
10250,2016-05-16 13:51:00,2016-05-16,0.1589,0.0,0.0,1046.0,0.1589,0.1589,0.1589,10000629,2016-12-28,2016-12-28,C,1.9080000000000001,2016-05-10
10251,2016-05-16 13:52:00,2016-05-16,0.1589,0.0,0.0,1046.0,0.1589,0.1589,0.1589,10000629,2016-12-28,2016-12-28,C,1.9080000000000001,2016-05-10
10252,2016-05-16 13:53:00,2016-05-16,0.1589,0.0,0.0,1046.0,0.1589,0.1589,0.1589,10000629,2016-12-28,2016-12-28,C,1.9080000000000001,2016-05-10
10253,2016-05-16 13:54:00,2016-05-16,0.1589,0.0,0.0,1046.0,0.1589,0.1589,0.1589,10000629,2016-12-28,2016-12-28,C,1.9080000000000001,2016-05-10
10254,2016-05-16 13:55:00,2016-05-16,0.1589,0.0,0.0,1046.0,0.1589,0.1589,0.1589,10000629,2016-12-28,2016-12-28,C,1.9080000000000001,2016-05-10
10255,2016-05-16 13:56:00,2016-05-16,0.1589,0.0,0.0,1046.0,0.1589,0.1589,0.1589,10000629,2016-12-28,2016-12-28,C,1.9080000000000001,2016-05-10
10256,2016-05-16 13:57:00,2016-05-16,0.1589,0.0,0.0,1046.0,0.1589,0.1589,0.1589,10000629,2016-12-28,2016-12-28,C,1.9080000000000001,2016-05-10
10257,2016-05-16 13:58:00,2016-05-16,0.1589,0.0,0.0,1046.0,0.1589,0.1589,0.1589,10000629,2016-12-28,2016-12-28,C,1.9080000000000001,2016-05-10
10258,2016-05-16 13:59:00,2016-05-16,0.1589,0.0,0.0,1046.0,0.1589,0.1589,0.1589,10000629,2016-12-28,2016-12-28,C,1.9080000000000001,2016-05-10
10259,2016-05-16 14:00:00,2016-05-16,0.1589,0.0,0.0,1046.0,0.1589,0.1589,0.1589,10000629,2016-12-28,2016-12-28,C,1.9080000000000001,2016-05-10
10260,2016-05-16 14:01:00,2016-05-16,0.1589,0.0,0.0,1046.0,0.1589,0.1589,0.1589,10000629,2016-12-28,2016-12-28,C,1.9080000000000001,2016-05-10
10261,2016-05-16 14:02:00,2016-05-16,0.1589,0.0,0.0,1046.0,0.1589,0.1589,0.1589,10000629,2016-12-28,2016-12-28,C,1.9080000000000001,2016-05-10
10262,2016-05-16 14:03:00,2016-05-16,0.1589,0.0,0.0,1046.0,0.1589,0.1589,0.1589,10000629,2016-12-28,2016-12-28,C,1.9080000000000001,2016-05-10
10263,2016-05-16 14:04:00,2016-05-16,0.1589,0.0,0.0,1046.0,0.1589,0.1589,0.1589,10000629,2016-12-28,2016-12-28,C,1.9080000000000001,2016-05-10
10264,2016-05-16 14:05:00,2016-05-16,0.1589,0.0,0.0,1046.0,0.1589,0.1589,0.1589,10000629,2016-12-28,2016-12-28,C,1.9080000000000001,2016-05-10
10265,2016-05-16 14:06:00,2016-05-16,0.1589,0.0,0.0,1046.0,0.1589,0.1589,0.1589,10000629,2016-12-28,2016-12-28,C,1.9080000000000001,2016-05-10
10266,2016-05-16 14:07:00,2016-05-16,0.1589,0.0,0.0,1046.0,0.1589,0.1589,0.1589,10000629,2016-12-28,2016-12-28,C,1.9080000000000001,2016-05-10
10267,2016-05-16 14:08:00,2016-05-16,0.1589,0.0,0.0,1046.0,0.1589,0.1589,0.1589,10000629,2016-12-28,2016-12-28,C,1.9080000000000001,2016-05-10
10268,2016-05-16 14:09:00,2016-05-16,0.1589,0.0,0.0,1046.0,0.1589,0.1589,0.1589,10000629,2016-12-28,2016-12-28,C,1.9080000000000001,2016-05-10
10269,2016-05-16 14:10:00,2016-05-16,0.1589,0.0,0.0,1046.0,0.1589,0.1589,0.1589,10000629,2016-12-28,2016-12-28,C,1.9080000000000001,2016-05-10
10270,2016-05-16 14:11:00,2016-05-16,0.1589,0.0,0.0,1046.0,0.1589,0.1589,0.1589,10000629,2016-12-28,2016-12-28,C,1.9080000000000001,2016-05-10
10271,2016-05-16 14:12:00,2016-05-16,0.1589,0.0,0.0,1046.0,0.1589,0.1589,0.1589,10000629,2016-12-28,2016-12-28,C,1.9080000000000001,2016-05-10
10272,2016-05-16 14:13:00,2016-05-16,0.1589,0.0,0.0,1046.0,0.1589,0.1589,0.1589,10000629,2016-12-28,2016-12-28,C,1.9080000000000001,2016-05-10
10273,2016-05-16 14:14:00,2016-05-16,0.1589,0.0,0.0,1046.0,0.1589,0.1589,0.1589,10000629,2016-12-28,2016-12-28,C,1.9080000000000001,2016-05-10
10274,2016-05-16 14:15:00,2016-05-16,0.1589,0.0,0.0,1046.0,0.1589,0.1589,0.1589,10000629,2016-12-28,2016-12-28,C,1.9080000000000001,2016-05-10
10275,2016-05-16 14:16:00,2016-05-16,0.1589,23735.0,15.0,1061.0,0.1589,0.1575,0.1575,10000629,2016-12-28,2016-12-28,C,1.9080000000000001,2016-05-10
10276,2016-05-16 14:17:00,2016-05-16,0.1575,0.0,0.0,1061.0,0.1575,0.1575,0.1575,10000629,2016-12-28,2016-12-28,C,1.9080000000000001,2016-05-10
10277,2016-05-16 14:18:00,2016-05-16,0.1575,0.0,0.0,1061.0,0.1575,0.1575,0.1575,10000629,2016-12-28,2016-12-28,C,1.9080000000000001,2016-05-10
10278,2016-05-16 14:19:00,2016-05-16,0.1575,0.0,0.0,1061.0,0.1575,0.1575,0.1575,10000629,2016-12-28,2016-12-28,C,1.9080000000000001,2016-05-10
10279,2016-05-16 14:20:00,2016-05-16,0.1575,0.0,0.0,1061.0,0.1575,0.1575,0.1575,10000629,2016-12-28,2016-12-28,C,1.9080000000000001,2016-05-10
10280,2016-05-16 14:21:00,2016-05-16,0.1575,0.0,0.0,1061.0,0.1575,0.1575,0.1575,10000629,2016-12-28,2016-12-28,C,1.9080000000000001,2016-05-10
10281,2016-05-16 14:22:00,2016-05-16,0.1575,0.0,0.0,1061.0,0.1575,0.1575,0.1575,10000629,2016-12-28,2016-12-28,C,1.9080000000000001,2016-05-10
10282,2016-05-16 14:23:00,2016-05-16,0.1575,0.0,0.0,1061.0,0.1575,0.1575,0.1575,10000629,2016-12-28,2016-12-28,C,1.9080000000000001,2016-05-10
10283,2016-05-16 14:24:00,2016-05-16,0.1575,0.0,0.0,1061.0,0.1575,0.1575,0.1575,10000629,2016-12-28,2016-12-28,C,1.9080000000000001,2016-05-10
10284,2016-05-16 14:25:00,2016-05-16,0.1575,0.0,0.0,1061.0,0.1575,0.1575,0.1575,10000629,2016-12-28,2016-12-28,C,1.9080000000000001,2016-05-10
10285,2016-05-16 14:26:00,2016-05-16,0.1575,0.0,0.0,1061.0,0.1575,0.1575,0.1575,10000629,2016-12-28,2016-12-28,C,1.9080000000000001,2016-05-10
10286,2016-05-16 14:27:00,2016-05-16,0.1575,0.0,0.0,1061.0,0.1575,0.1575,0.1575,10000629,2016-12-28,2016-12-28,C,1.9080000000000001,2016-05-10
10287,2016-05-16 14:28:00,2016-05-16,0.1575,0.0,0.0,1061.0,0.1575,0.1575,0.1575,10000629,2016-12-28,2016-12-28,C,1.9080000000000001,2016-05-10
10288,2016-05-16 14:29:00,2016-05-16,0.1575,0.0,0.0,1061.0,0.1575,0.1575,0.1575,10000629,2016-12-28,2016-12-28,C,1.9080000000000001,2016-05-10
10289,2016-05-16 14:30:00,2016-05-16,0.1575,0.0,0.0,1061.0,0.1575,0.1575,0.1575,10000629,2016-12-28,2016-12-28,C,1.9080000000000001,2016-05-10
10290,2016-05-16 14:31:00,2016-05-16,0.1575,0.0,0.0,1061.0,0.1575,0.1575,0.1575,10000629,2016-12-28,2016-12-28,C,1.9080000000000001,2016-05-10
10291,2016-05-16 14:32:00,2016-05-16,0.1575,0.0,0.0,1061.0,0.1575,0.1575,0.1575,10000629,2016-12-28,2016-12-28,C,1.9080000000000001,2016-05-10
10292,2016-05-16 14:33:00,2016-05-16,0.1575,0.0,0.0,1061.0,0.1575,0.1575,0.1575,10000629,2016-12-28,2016-12-28,C,1.9080000000000001,2016-05-10
10293,2016-05-16 14:34:00,2016-05-16,0.1575,0.0,0.0,1061.0,0.1575,0.1575,0.1575,10000629,2016-12-28,2016-12-28,C,1.9080000000000001,2016-05-10
10294,2016-05-16 14:35:00,2016-05-16,0.1575,0.0,0.0,1061.0,0.1575,0.1575,0.1575,10000629,2016-12-28,2016-12-28,C,1.9080000000000001,2016-05-10
10295,2016-05-16 14:36:00,2016-05-16,0.1581,1581.0,1.0,1062.0,0.1575,0.1581,0.1575,10000629,2016-12-28,2016-12-28,C,1.9080000000000001,2016-05-10
10296,2016-05-16 14:37:00,2016-05-16,0.1616,8080.0,5.0,1067.0,0.1581,0.1616,0.1581,10000629,2016-12-28,2016-12-28,C,1.9080000000000001,2016-05-10
10297,2016-05-16 14:38:00,2016-05-16,0.1616,0.0,0.0,1067.0,0.1616,0.1616,0.1616,10000629,2016-12-28,2016-12-28,C,1.9080000000000001,2016-05-10
10298,2016-05-16 14:39:00,2016-05-16,0.1616,1615.0,1.0,1068.0,0.1616,0.1615,0.1615,10000629,2016-12-28,2016-12-28,C,1.9080000000000001,2016-05-10
10299,2016-05-16 14:40:00,2016-05-16,0.1615,0.0,0.0,1068.0,0.1615,0.1615,0.1615,10000629,2016-12-28,2016-12-28,C,1.9080000000000001,2016-05-10
10300,2016-05-16 14:41:00,2016-05-16,0.1615,0.0,0.0,1068.0,0.1615,0.1615,0.1615,10000629,2016-12-28,2016-12-28,C,1.9080000000000001,2016-05-10
10301,2016-05-16 14:42:00,2016-05-16,0.1615,0.0,0.0,1068.0,0.1615,0.1615,0.1615,10000629,2016-12-28,2016-12-28,C,1.9080000000000001,2016-05-10
10302,2016-05-16 14:43:00,2016-05-16,0.1615,0.0,0.0,1068.0,0.1615,0.1615,0.1615,10000629,2016-12-28,2016-12-28,C,1.9080000000000001,2016-05-10
10303,2016-05-16 14:44:00,2016-05-16,0.1615,0.0,0.0,1068.0,0.1615,0.1615,0.1615,10000629,2016-12-28,2016-12-28,C,1.9080000000000001,2016-05-10
10304,2016-05-16 14:45:00,2016-05-16,0.1615,0.0,0.0,1068.0,0.1615,0.1615,0.1615,10000629,2016-12-28,2016-12-28,C,1.9080000000000001,2016-05-10
10305,2016-05-16 14:46:00,2016-05-16,0.1615,0.0,0.0,1068.0,0.1615,0.1615,0.1615,10000629,2016-12-28,2016-12-28,C,1.9080000000000001,2016-05-10
10306,2016-05-16 14:47:00,2016-05-16,0.1615,0.0,0.0,1068.0,0.1615,0.1615,0.1615,10000629,2016-12-28,2016-12-28,C,1.9080000000000001,2016-05-10
10307,2016-05-16 14:48:00,2016-05-16,0.1615,1578.0,1.0,1069.0,0.1615,0.1578,0.1578,10000629,2016-12-28,2016-12-28,C,1.9080000000000001,2016-05-10
10308,2016-05-16 14:49:00,2016-05-16,0.1578,0.0,0.0,1069.0,0.1578,0.1578,0.1578,10000629,2016-12-28,2016-12-28,C,1.9080000000000001,2016-05-10
10309,2016-05-16 14:50:00,2016-05-16,0.158,1580.0,1.0,1069.0,0.1578,0.158,0.1578,10000629,2016-12-28,2016-12-28,C,1.9080000000000001,2016-05-10
10310,2016-05-16 14:51:00,2016-05-16,0.158,7900.0,5.0,1069.0,0.158,0.158,0.158,10000629,2016-12-28,2016-12-28,C,1.9080000000000001,2016-05-10
10311,2016-05-16 14:52:00,2016-05-16,0.158,6320.0,4.0,1069.0,0.158,0.158,0.158,10000629,2016-12-28,2016-12-28,C,1.9080000000000001,2016-05-10
10312,2016-05-16 14:53:00,2016-05-16,0.1581,6320.0,4.0,1070.0,0.1581,0.1579,0.1579,10000629,2016-12-28,2016-12-28,C,1.9080000000000001,2016-05-10
10313,2016-05-16 14:54:00,2016-05-16,0.158,3159.0,2.0,1070.0,0.1579,0.1579,0.1579,10000629,2016-12-28,2016-12-28,C,1.9080000000000001,2016-05-10
10314,2016-05-16 14:55:00,2016-05-16,0.1579,0.0,0.0,1070.0,0.1579,0.1579,0.1579,10000629,2016-12-28,2016-12-28,C,1.9080000000000001,2016-05-10
10315,2016-05-16 14:56:00,2016-05-16,0.1579,0.0,0.0,1070.0,0.1579,0.1579,0.1579,10000629,2016-12-28,2016-12-28,C,1.9080000000000001,2016-05-10
10316,2016-05-16 14:57:00,2016-05-16,0.1579,0.0,0.0,1070.0,0.1579,0.1579,0.1579,10000629,2016-12-28,2016-12-28,C,1.9080000000000001,2016-05-10
10317,2016-05-16 14:58:00,2016-05-16,0.1579,0.0,0.0,1070.0,0.1579,0.1579,0.1579,10000629,2016-12-28,2016-12-28,C,1.9080000000000001,2016-05-10
10318,2016-05-16 14:59:00,2016-05-16,0.1579,0.0,0.0,1070.0,0.1579,0.1579,0.1579,10000629,2016-12-28,2016-12-28,C,1.9080000000000001,2016-05-10
10319,2016-05-16 15:00:00,2016-05-16,0.1579,0.0,0.0,1070.0,0.1579,0.1579,0.1579,10000629,2016-12-28,2016-12-28,C,1.9080000000000001,2016-05-10
10320,2016-05-16 09:31:00,2016-05-16,0.0032,644.0,21.0,51012.0,0.003,0.0032,0.003,10000603,2016-05-25,2016-05-25,C,2.15,2016-03-24
10321,2016-05-16 09:32:00,2016-05-16,0.0034,1209.0,39.0,51025.0,0.0032,0.003,0.003,10000603,2016-05-25,2016-05-25,C,2.15,2016-03-24
10322,2016-05-16 09:33:00,2016-05-16,0.003,510.0,17.0,51025.0,0.003,0.003,0.003,10000603,2016-05-25,2016-05-25,C,2.15,2016-03-24
10323,2016-05-16 09:34:00,2016-05-16,0.003,90.0,3.0,51022.0,0.003,0.003,0.003,10000603,2016-05-25,2016-05-25,C,2.15,2016-03-24
10324,2016-05-16 09:35:00,2016-05-16,0.0031,2192.0,73.0,51071.0,0.003,0.003,0.003,10000603,2016-05-25,2016-05-25,C,2.15,2016-03-24
10325,2016-05-16 09:36:00,2016-05-16,0.0033,2668.0,83.0,51118.0,0.003,0.0032,0.003,10000603,2016-05-25,2016-05-25,C,2.15,2016-03-24
10326,2016-05-16 09:37:00,2016-05-16,0.0034,1390.0,42.0,51138.0,0.0032,0.0033,0.0032,10000603,2016-05-25,2016-05-25,C,2.15,2016-03-24
10327,2016-05-16 09:38:00,2016-05-16,0.0033,709.0,22.0,51140.0,0.0033,0.0032,0.0032,10000603,2016-05-25,2016-05-25,C,2.15,2016-03-24
10328,2016-05-16 09:39:00,2016-05-16,0.0032,2636.0,86.0,51186.0,0.0032,0.003,0.003,10000603,2016-05-25,2016-05-25,C,2.15,2016-03-24
10329,2016-05-16 09:40:00,2016-05-16,0.0032,2952.0,98.0,51280.0,0.003,0.0029,0.0029,10000603,2016-05-25,2016-05-25,C,2.15,2016-03-24
10330,2016-05-16 09:41:00,2016-05-16,0.003,1500.0,52.0,51298.0,0.0029,0.0029,0.0027,10000603,2016-05-25,2016-05-25,C,2.15,2016-03-24
10331,2016-05-16 09:42:00,2016-05-16,0.0029,3591.0,135.0,51264.0,0.0029,0.0026,0.0026,10000603,2016-05-25,2016-05-25,C,2.15,2016-03-24
10332,2016-05-16 09:43:00,2016-05-16,0.0029,5627.0,205.0,51229.0,0.0026,0.0029,0.0026,10000603,2016-05-25,2016-05-25,C,2.15,2016-03-24
10333,2016-05-16 09:44:00,2016-05-16,0.0031,3278.0,112.0,51233.0,0.0029,0.003,0.0028,10000603,2016-05-25,2016-05-25,C,2.15,2016-03-24
10334,2016-05-16 09:45:00,2016-05-16,0.003,1139.0,41.0,51242.0,0.003,0.0027,0.0027,10000603,2016-05-25,2016-05-25,C,2.15,2016-03-24
10335,2016-05-16 09:46:00,2016-05-16,0.0028,1238.0,45.0,51217.0,0.0027,0.0028,0.0027,10000603,2016-05-25,2016-05-25,C,2.15,2016-03-24
10336,2016-05-16 09:47:00,2016-05-16,0.0028,1200.0,44.0,51213.0,0.0028,0.0028,0.0027,10000603,2016-05-25,2016-05-25,C,2.15,2016-03-24
10337,2016-05-16 09:48:00,2016-05-16,0.0029,1402.0,50.0,51210.0,0.0028,0.0027,0.0027,10000603,2016-05-25,2016-05-25,C,2.15,2016-03-24
10338,2016-05-16 09:49:00,2016-05-16,0.0029,1835.0,65.0,51225.0,0.0027,0.0028,0.0027,10000603,2016-05-25,2016-05-25,C,2.15,2016-03-24
10339,2016-05-16 09:50:00,2016-05-16,0.0028,682.0,26.0,51208.0,0.0028,0.0027,0.0026,10000603,2016-05-25,2016-05-25,C,2.15,2016-03-24
10340,2016-05-16 09:51:00,2016-05-16,0.0028,2313.0,86.0,51198.0,0.0027,0.0028,0.0026,10000603,2016-05-25,2016-05-25,C,2.15,2016-03-24
10341,2016-05-16 09:52:00,2016-05-16,0.0028,1242.0,46.0,51175.0,0.0028,0.0027,0.0027,10000603,2016-05-25,2016-05-25,C,2.15,2016-03-24
10342,2016-05-16 09:53:00,2016-05-16,0.0027,14523.0,561.0,51033.0,0.0027,0.002,0.002,10000603,2016-05-25,2016-05-25,C,2.15,2016-03-24
10343,2016-05-16 09:54:00,2016-05-16,0.0023,835.0,39.0,51004.0,0.002,0.0022,0.002,10000603,2016-05-25,2016-05-25,C,2.15,2016-03-24
10344,2016-05-16 09:55:00,2016-05-16,0.0024,860.0,38.0,50990.0,0.0022,0.0023,0.0022,10000603,2016-05-25,2016-05-25,C,2.15,2016-03-24
10345,2016-05-16 09:56:00,2016-05-16,0.0024,5441.0,245.0,50991.0,0.0023,0.0022,0.0022,10000603,2016-05-25,2016-05-25,C,2.15,2016-03-24
10346,2016-05-16 09:57:00,2016-05-16,0.0025,1816.0,77.0,50971.0,0.0022,0.0025,0.0022,10000603,2016-05-25,2016-05-25,C,2.15,2016-03-24
10347,2016-05-16 09:58:00,2016-05-16,0.0026,5123.0,205.0,50959.0,0.0025,0.0025,0.0024,10000603,2016-05-25,2016-05-25,C,2.15,2016-03-24
10348,2016-05-16 09:59:00,2016-05-16,0.0026,3035.0,121.0,50953.0,0.0025,0.0025,0.0025,10000603,2016-05-25,2016-05-25,C,2.15,2016-03-24
10349,2016-05-16 10:00:00,2016-05-16,0.0025,375.0,15.0,50948.0,0.0025,0.0025,0.0025,10000603,2016-05-25,2016-05-25,C,2.15,2016-03-24
10350,2016-05-16 10:01:00,2016-05-16,0.0026,1272.0,52.0,50945.0,0.0025,0.0024,0.0024,10000603,2016-05-25,2016-05-25,C,2.15,2016-03-24
10351,2016-05-16 10:02:00,2016-05-16,0.0025,1186.0,49.0,50931.0,0.0024,0.0024,0.0024,10000603,2016-05-25,2016-05-25,C,2.15,2016-03-24
10352,2016-05-16 10:03:00,2016-05-16,0.0027,3215.0,125.0,50921.0,0.0024,0.0024,0.0024,10000603,2016-05-25,2016-05-25,C,2.15,2016-03-24
10353,2016-05-16 10:04:00,2016-05-16,0.0027,1574.0,61.0,50945.0,0.0024,0.0026,0.0024,10000603,2016-05-25,2016-05-25,C,2.15,2016-03-24
10354,2016-05-16 10:05:00,2016-05-16,0.0025,300.0,12.0,50943.0,0.0025,0.0025,0.0025,10000603,2016-05-25,2016-05-25,C,2.15,2016-03-24
10355,2016-05-16 10:06:00,2016-05-16,0.0027,135.0,5.0,50948.0,0.0025,0.0027,0.0025,10000603,2016-05-25,2016-05-25,C,2.15,2016-03-24
10356,2016-05-16 10:07:00,2016-05-16,0.0028,917.0,34.0,50967.0,0.0027,0.0028,0.0025,10000603,2016-05-25,2016-05-25,C,2.15,2016-03-24
10357,2016-05-16 10:08:00,2016-05-16,0.0028,522.0,19.0,50967.0,0.0028,0.0027,0.0027,10000603,2016-05-25,2016-05-25,C,2.15,2016-03-24
10358,2016-05-16 10:09:00,2016-05-16,0.0029,860.0,30.0,50987.0,0.0027,0.0029,0.0027,10000603,2016-05-25,2016-05-25,C,2.15,2016-03-24
10359,2016-05-16 10:10:00,2016-05-16,0.0029,2812.0,99.0,51042.0,0.0029,0.0028,0.0026,10000603,2016-05-25,2016-05-25,C,2.15,2016-03-24
10360,2016-05-16 10:11:00,2016-05-16,0.003,1197.0,41.0,51033.0,0.0028,0.0029,0.0028,10000603,2016-05-25,2016-05-25,C,2.15,2016-03-24
10361,2016-05-16 10:12:00,2016-05-16,0.0029,318.0,11.0,51034.0,0.0029,0.0029,0.0028,10000603,2016-05-25,2016-05-25,C,2.15,2016-03-24
10362,2016-05-16 10:13:00,2016-05-16,0.003,1288.0,44.0,51061.0,0.0029,0.0028,0.0028,10000603,2016-05-25,2016-05-25,C,2.15,2016-03-24
10363,2016-05-16 10:14:00,2016-05-16,0.0028,0.0,0.0,51061.0,0.0028,0.0028,0.0028,10000603,2016-05-25,2016-05-25,C,2.15,2016-03-24
10364,2016-05-16 10:15:00,2016-05-16,0.003,1046.0,35.0,51045.0,0.0028,0.0029,0.0028,10000603,2016-05-25,2016-05-25,C,2.15,2016-03-24
10365,2016-05-16 10:16:00,2016-05-16,0.0029,290.0,10.0,51035.0,0.0029,0.0029,0.0029,10000603,2016-05-25,2016-05-25,C,2.15,2016-03-24
10366,2016-05-16 10:17:00,2016-05-16,0.0029,6340.0,220.0,50838.0,0.0029,0.0029,0.0028,10000603,2016-05-25,2016-05-25,C,2.15,2016-03-24
10367,2016-05-16 10:18:00,2016-05-16,0.003,3675.0,130.0,50753.0,0.0029,0.0028,0.0028,10000603,2016-05-25,2016-05-25,C,2.15,2016-03-24
10368,2016-05-16 10:19:00,2016-05-16,0.003,2050.0,70.0,50713.0,0.0029,0.003,0.0029,10000603,2016-05-25,2016-05-25,C,2.15,2016-03-24
10369,2016-05-16 10:20:00,2016-05-16,0.003,29.0,1.0,50712.0,0.003,0.0029,0.0029,10000603,2016-05-25,2016-05-25,C,2.15,2016-03-24
10370,2016-05-16 10:21:00,2016-05-16,0.0029,29.0,1.0,50711.0,0.0029,0.0029,0.0029,10000603,2016-05-25,2016-05-25,C,2.15,2016-03-24
10371,2016-05-16 10:22:00,2016-05-16,0.0029,58.0,2.0,50709.0,0.0029,0.0029,0.0029,10000603,2016-05-25,2016-05-25,C,2.15,2016-03-24
10372,2016-05-16 10:23:00,2016-05-16,0.0029,232.0,8.0,50705.0,0.0029,0.0029,0.0029,10000603,2016-05-25,2016-05-25,C,2.15,2016-03-24
10373,2016-05-16 10:24:00,2016-05-16,0.0029,604.0,21.0,50707.0,0.0029,0.0028,0.0028,10000603,2016-05-25,2016-05-25,C,2.15,2016-03-24
10374,2016-05-16 10:25:00,2016-05-16,0.0028,1377.0,51.0,50697.0,0.0028,0.0027,0.0027,10000603,2016-05-25,2016-05-25,C,2.15,2016-03-24
10375,2016-05-16 10:26:00,2016-05-16,0.0028,928.0,34.0,50695.0,0.0027,0.0027,0.0027,10000603,2016-05-25,2016-05-25,C,2.15,2016-03-24
10376,2016-05-16 10:27:00,2016-05-16,0.003,300.0,10.0,50685.0,0.0027,0.003,0.0027,10000603,2016-05-25,2016-05-25,C,2.15,2016-03-24
10377,2016-05-16 10:28:00,2016-05-16,0.003,562.0,19.0,50688.0,0.003,0.003,0.0029,10000603,2016-05-25,2016-05-25,C,2.15,2016-03-24
10378,2016-05-16 10:29:00,2016-05-16,0.003,962.0,33.0,50702.0,0.003,0.0029,0.0029,10000603,2016-05-25,2016-05-25,C,2.15,2016-03-24
10379,2016-05-16 10:30:00,2016-05-16,0.0029,290.0,10.0,50702.0,0.0029,0.0029,0.0029,10000603,2016-05-25,2016-05-25,C,2.15,2016-03-24
10380,2016-05-16 10:31:00,2016-05-16,0.003,300.0,10.0,50692.0,0.0029,0.003,0.0029,10000603,2016-05-25,2016-05-25,C,2.15,2016-03-24
10381,2016-05-16 10:32:00,2016-05-16,0.003,0.0,0.0,50692.0,0.003,0.003,0.003,10000603,2016-05-25,2016-05-25,C,2.15,2016-03-24
10382,2016-05-16 10:33:00,2016-05-16,0.003,600.0,20.0,50677.0,0.003,0.003,0.003,10000603,2016-05-25,2016-05-25,C,2.15,2016-03-24
10383,2016-05-16 10:34:00,2016-05-16,0.003,0.0,0.0,50677.0,0.003,0.003,0.003,10000603,2016-05-25,2016-05-25,C,2.15,2016-03-24
10384,2016-05-16 10:35:00,2016-05-16,0.003,0.0,0.0,50677.0,0.003,0.003,0.003,10000603,2016-05-25,2016-05-25,C,2.15,2016-03-24
10385,2016-05-16 10:36:00,2016-05-16,0.003,1715.0,59.0,50697.0,0.003,0.003,0.0029,10000603,2016-05-25,2016-05-25,C,2.15,2016-03-24
10386,2016-05-16 10:37:00,2016-05-16,0.003,0.0,0.0,50697.0,0.003,0.003,0.003,10000603,2016-05-25,2016-05-25,C,2.15,2016-03-24
10387,2016-05-16 10:38:00,2016-05-16,0.003,1450.0,50.0,50690.0,0.003,0.0029,0.0029,10000603,2016-05-25,2016-05-25,C,2.15,2016-03-24
10388,2016-05-16 10:39:00,2016-05-16,0.0029,145.0,5.0,50685.0,0.0029,0.0029,0.0029,10000603,2016-05-25,2016-05-25,C,2.15,2016-03-24
10389,2016-05-16 10:40:00,2016-05-16,0.003,300.0,10.0,50676.0,0.0029,0.003,0.0029,10000603,2016-05-25,2016-05-25,C,2.15,2016-03-24
10390,2016-05-16 10:41:00,2016-05-16,0.003,0.0,0.0,50676.0,0.003,0.003,0.003,10000603,2016-05-25,2016-05-25,C,2.15,2016-03-24
10391,2016-05-16 10:42:00,2016-05-16,0.003,204.0,7.0,50671.0,0.0029,0.003,0.0029,10000603,2016-05-25,2016-05-25,C,2.15,2016-03-24
10392,2016-05-16 10:43:00,2016-05-16,0.003,0.0,0.0,50671.0,0.003,0.003,0.003,10000603,2016-05-25,2016-05-25,C,2.15,2016-03-24
10393,2016-05-16 10:44:00,2016-05-16,0.003,0.0,0.0,50671.0,0.003,0.003,0.003,10000603,2016-05-25,2016-05-25,C,2.15,2016-03-24
10394,2016-05-16 10:45:00,2016-05-16,0.003,1305.0,45.0,50631.0,0.003,0.0029,0.0029,10000603,2016-05-25,2016-05-25,C,2.15,2016-03-24
10395,2016-05-16 10:46:00,2016-05-16,0.0029,1661.0,59.0,50632.0,0.0029,0.0029,0.0028,10000603,2016-05-25,2016-05-25,C,2.15,2016-03-24
10396,2016-05-16 10:47:00,2016-05-16,0.003,299.0,10.0,50633.0,0.0029,0.003,0.0029,10000603,2016-05-25,2016-05-25,C,2.15,2016-03-24
10397,2016-05-16 10:48:00,2016-05-16,0.003,1880.0,65.0,50633.0,0.003,0.0029,0.0028,10000603,2016-05-25,2016-05-25,C,2.15,2016-03-24
10398,2016-05-16 10:49:00,2016-05-16,0.0031,1000.0,33.0,50614.0,0.0029,0.0031,0.0029,10000603,2016-05-25,2016-05-25,C,2.15,2016-03-24
10399,2016-05-16 10:50:00,2016-05-16,0.0031,1302.0,42.0,50584.0,0.0031,0.0031,0.0031,10000603,2016-05-25,2016-05-25,C,2.15,2016-03-24
10400,2016-05-16 10:51:00,2016-05-16,0.0032,2357.0,74.0,50558.0,0.0031,0.0031,0.0031,10000603,2016-05-25,2016-05-25,C,2.15,2016-03-24
10401,2016-05-16 10:52:00,2016-05-16,0.0032,1344.0,42.0,50528.0,0.0031,0.0032,0.0031,10000603,2016-05-25,2016-05-25,C,2.15,2016-03-24
10402,2016-05-16 10:53:00,2016-05-16,0.0033,1921.0,60.0,50549.0,0.0032,0.0032,0.0031,10000603,2016-05-25,2016-05-25,C,2.15,2016-03-24
10403,2016-05-16 10:54:00,2016-05-16,0.0033,660.0,20.0,50559.0,0.0032,0.0033,0.0032,10000603,2016-05-25,2016-05-25,C,2.15,2016-03-24
10404,2016-05-16 10:55:00,2016-05-16,0.0034,2845.0,85.0,50521.0,0.0033,0.0033,0.0032,10000603,2016-05-25,2016-05-25,C,2.15,2016-03-24
10405,2016-05-16 10:56:00,2016-05-16,0.0035,2738.0,81.0,50521.0,0.0033,0.0035,0.0033,10000603,2016-05-25,2016-05-25,C,2.15,2016-03-24
10406,2016-05-16 10:57:00,2016-05-16,0.0036,1264.0,36.0,50521.0,0.0035,0.0034,0.0034,10000603,2016-05-25,2016-05-25,C,2.15,2016-03-24
10407,2016-05-16 10:58:00,2016-05-16,0.0036,1495.0,42.0,50531.0,0.0034,0.0036,0.0034,10000603,2016-05-25,2016-05-25,C,2.15,2016-03-24
10408,2016-05-16 10:59:00,2016-05-16,0.0037,982.0,27.0,50541.0,0.0036,0.0036,0.0036,10000603,2016-05-25,2016-05-25,C,2.15,2016-03-24
10409,2016-05-16 11:00:00,2016-05-16,0.0038,1710.0,45.0,50531.0,0.0036,0.0038,0.0036,10000603,2016-05-25,2016-05-25,C,2.15,2016-03-24
10410,2016-05-16 11:01:00,2016-05-16,0.004,3872.0,98.0,50469.0,0.0038,0.004,0.0038,10000603,2016-05-25,2016-05-25,C,2.15,2016-03-24
10411,2016-05-16 11:02:00,2016-05-16,0.004,1909.0,51.0,50429.0,0.004,0.0037,0.0037,10000603,2016-05-25,2016-05-25,C,2.15,2016-03-24
10412,2016-05-16 11:03:00,2016-05-16,0.0037,444.0,12.0,50424.0,0.0037,0.0037,0.0037,10000603,2016-05-25,2016-05-25,C,2.15,2016-03-24
10413,2016-05-16 11:04:00,2016-05-16,0.0037,1152.0,32.0,50412.0,0.0037,0.0036,0.0036,10000603,2016-05-25,2016-05-25,C,2.15,2016-03-24
10414,2016-05-16 11:05:00,2016-05-16,0.0037,5371.0,146.0,50371.0,0.0036,0.0037,0.0036,10000603,2016-05-25,2016-05-25,C,2.15,2016-03-24
10415,2016-05-16 11:06:00,2016-05-16,0.0037,1105.0,30.0,50366.0,0.0037,0.0036,0.0036,10000603,2016-05-25,2016-05-25,C,2.15,2016-03-24
10416,2016-05-16 11:07:00,2016-05-16,0.0037,535.0,15.0,50361.0,0.0035,0.0037,0.0035,10000603,2016-05-25,2016-05-25,C,2.15,2016-03-24
10417,2016-05-16 11:08:00,2016-05-16,0.0037,0.0,0.0,50361.0,0.0037,0.0037,0.0037,10000603,2016-05-25,2016-05-25,C,2.15,2016-03-24
10418,2016-05-16 11:09:00,2016-05-16,0.0037,3351.0,94.0,50301.0,0.0037,0.0035,0.0035,10000603,2016-05-25,2016-05-25,C,2.15,2016-03-24
10419,2016-05-16 11:10:00,2016-05-16,0.0035,6084.0,174.0,50159.0,0.0035,0.0035,0.0034,10000603,2016-05-25,2016-05-25,C,2.15,2016-03-24
10420,2016-05-16 11:11:00,2016-05-16,0.0035,1015.0,29.0,50151.0,0.0035,0.0035,0.0035,10000603,2016-05-25,2016-05-25,C,2.15,2016-03-24
10421,2016-05-16 11:12:00,2016-05-16,0.0035,2656.0,79.0,50154.0,0.0035,0.0033,0.0033,10000603,2016-05-25,2016-05-25,C,2.15,2016-03-24
10422,2016-05-16 11:13:00,2016-05-16,0.0033,1417.0,44.0,50166.0,0.0033,0.0032,0.0032,10000603,2016-05-25,2016-05-25,C,2.15,2016-03-24
10423,2016-05-16 11:14:00,2016-05-16,0.0033,66.0,2.0,50166.0,0.0033,0.0033,0.0033,10000603,2016-05-25,2016-05-25,C,2.15,2016-03-24
10424,2016-05-16 11:15:00,2016-05-16,0.0034,408.0,12.0,50164.0,0.0033,0.0034,0.0033,10000603,2016-05-25,2016-05-25,C,2.15,2016-03-24
10425,2016-05-16 11:16:00,2016-05-16,0.0034,0.0,0.0,50164.0,0.0034,0.0034,0.0034,10000603,2016-05-25,2016-05-25,C,2.15,2016-03-24
10426,2016-05-16 11:17:00,2016-05-16,0.0034,2782.0,84.0,50164.0,0.0034,0.0033,0.0033,10000603,2016-05-25,2016-05-25,C,2.15,2016-03-24
10427,2016-05-16 11:18:00,2016-05-16,0.0033,1970.0,60.0,50213.0,0.0033,0.0033,0.0032,10000603,2016-05-25,2016-05-25,C,2.15,2016-03-24
10428,2016-05-16 11:19:00,2016-05-16,0.0035,1931.0,57.0,50213.0,0.0033,0.0035,0.0033,10000603,2016-05-25,2016-05-25,C,2.15,2016-03-24
10429,2016-05-16 11:20:00,2016-05-16,0.0035,952.0,28.0,50203.0,0.0035,0.0035,0.0033,10000603,2016-05-25,2016-05-25,C,2.15,2016-03-24
10430,2016-05-16 11:21:00,2016-05-16,0.0035,102.0,3.0,50203.0,0.0035,0.0034,0.0034,10000603,2016-05-25,2016-05-25,C,2.15,2016-03-24
10431,2016-05-16 11:22:00,2016-05-16,0.0035,1196.0,35.0,50203.0,0.0034,0.0033,0.0033,10000603,2016-05-25,2016-05-25,C,2.15,2016-03-24
10432,2016-05-16 11:23:00,2016-05-16,0.0033,64.0,2.0,50203.0,0.0033,0.0032,0.0032,10000603,2016-05-25,2016-05-25,C,2.15,2016-03-24
10433,2016-05-16 11:24:00,2016-05-16,0.0033,1800.0,55.0,50203.0,0.0032,0.0032,0.0032,10000603,2016-05-25,2016-05-25,C,2.15,2016-03-24
10434,2016-05-16 11:25:00,2016-05-16,0.0032,0.0,0.0,50203.0,0.0032,0.0032,0.0032,10000603,2016-05-25,2016-05-25,C,2.15,2016-03-24
10435,2016-05-16 11:26:00,2016-05-16,0.0032,0.0,0.0,50203.0,0.0032,0.0032,0.0032,10000603,2016-05-25,2016-05-25,C,2.15,2016-03-24
10436,2016-05-16 11:27:00,2016-05-16,0.0033,330.0,10.0,50207.0,0.0032,0.0033,0.0032,10000603,2016-05-25,2016-05-25,C,2.15,2016-03-24
10437,2016-05-16 11:28:00,2016-05-16,0.0034,694.0,21.0,50217.0,0.0033,0.0032,0.0032,10000603,2016-05-25,2016-05-25,C,2.15,2016-03-24
10438,2016-05-16 11:29:00,2016-05-16,0.0033,2057.0,64.0,50261.0,0.0032,0.0032,0.0032,10000603,2016-05-25,2016-05-25,C,2.15,2016-03-24
10439,2016-05-16 11:30:00,2016-05-16,0.0034,364.0,11.0,50261.0,0.0032,0.0034,0.0032,10000603,2016-05-25,2016-05-25,C,2.15,2016-03-24
10440,2016-05-16 13:01:00,2016-05-16,0.0036,5724.0,177.0,50432.0,0.0034,0.0032,0.0032,10000603,2016-05-25,2016-05-25,C,2.15,2016-03-24
10441,2016-05-16 13:02:00,2016-05-16,0.0032,1798.0,58.0,50434.0,0.0032,0.0029,0.0029,10000603,2016-05-25,2016-05-25,C,2.15,2016-03-24
10442,2016-05-16 13:03:00,2016-05-16,0.0029,0.0,0.0,50434.0,0.0029,0.0029,0.0029,10000603,2016-05-25,2016-05-25,C,2.15,2016-03-24
10443,2016-05-16 13:04:00,2016-05-16,0.0029,0.0,0.0,50434.0,0.0029,0.0029,0.0029,10000603,2016-05-25,2016-05-25,C,2.15,2016-03-24
10444,2016-05-16 13:05:00,2016-05-16,0.0032,537.0,17.0,50441.0,0.0029,0.0032,0.0029,10000603,2016-05-25,2016-05-25,C,2.15,2016-03-24
10445,2016-05-16 13:06:00,2016-05-16,0.0032,0.0,0.0,50441.0,0.0032,0.0032,0.0032,10000603,2016-05-25,2016-05-25,C,2.15,2016-03-24
10446,2016-05-16 13:07:00,2016-05-16,0.0032,640.0,20.0,50461.0,0.0032,0.0032,0.0032,10000603,2016-05-25,2016-05-25,C,2.15,2016-03-24
10447,2016-05-16 13:08:00,2016-05-16,0.0032,0.0,0.0,50461.0,0.0032,0.0032,0.0032,10000603,2016-05-25,2016-05-25,C,2.15,2016-03-24
10448,2016-05-16 13:09:00,2016-05-16,0.0032,32.0,1.0,50462.0,0.0032,0.0032,0.0032,10000603,2016-05-25,2016-05-25,C,2.15,2016-03-24
10449,2016-05-16 13:10:00,2016-05-16,0.0032,1500.0,50.0,50432.0,0.0032,0.003,0.003,10000603,2016-05-25,2016-05-25,C,2.15,2016-03-24
10450,2016-05-16 13:11:00,2016-05-16,0.003,1500.0,50.0,50382.0,0.003,0.003,0.003,10000603,2016-05-25,2016-05-25,C,2.15,2016-03-24
10451,2016-05-16 13:12:00,2016-05-16,0.003,300.0,10.0,50372.0,0.003,0.003,0.003,10000603,2016-05-25,2016-05-25,C,2.15,2016-03-24
10452,2016-05-16 13:13:00,2016-05-16,0.0032,1849.0,60.0,50367.0,0.003,0.0032,0.003,10000603,2016-05-25,2016-05-25,C,2.15,2016-03-24
10453,2016-05-16 13:14:00,2016-05-16,0.0032,0.0,0.0,50367.0,0.0032,0.0032,0.0032,10000603,2016-05-25,2016-05-25,C,2.15,2016-03-24
10454,2016-05-16 13:15:00,2016-05-16,0.0032,928.0,29.0,50368.0,0.0032,0.0032,0.0032,10000603,2016-05-25,2016-05-25,C,2.15,2016-03-24
10455,2016-05-16 13:16:00,2016-05-16,0.0032,910.0,30.0,50338.0,0.0032,0.003,0.003,10000603,2016-05-25,2016-05-25,C,2.15,2016-03-24
10456,2016-05-16 13:17:00,2016-05-16,0.0031,62.0,2.0,50338.0,0.003,0.0031,0.003,10000603,2016-05-25,2016-05-25,C,2.15,2016-03-24
10457,2016-05-16 13:18:00,2016-05-16,0.0032,2572.0,82.0,50368.0,0.0031,0.0032,0.0031,10000603,2016-05-25,2016-05-25,C,2.15,2016-03-24
10458,2016-05-16 13:19:00,2016-05-16,0.0032,1260.0,40.0,50368.0,0.0032,0.0031,0.0031,10000603,2016-05-25,2016-05-25,C,2.15,2016-03-24
10459,2016-05-16 13:20:00,2016-05-16,0.0031,600.0,20.0,50368.0,0.0031,0.003,0.003,10000603,2016-05-25,2016-05-25,C,2.15,2016-03-24
10460,2016-05-16 13:21:00,2016-05-16,0.003,600.0,20.0,50378.0,0.003,0.003,0.003,10000603,2016-05-25,2016-05-25,C,2.15,2016-03-24
10461,2016-05-16 13:22:00,2016-05-16,0.003,750.0,25.0,50378.0,0.003,0.003,0.003,10000603,2016-05-25,2016-05-25,C,2.15,2016-03-24
10462,2016-05-16 13:23:00,2016-05-16,0.003,2245.0,75.0,50391.0,0.003,0.003,0.0029,10000603,2016-05-25,2016-05-25,C,2.15,2016-03-24
10463,2016-05-16 13:24:00,2016-05-16,0.003,870.0,29.0,50392.0,0.003,0.003,0.003,10000603,2016-05-25,2016-05-25,C,2.15,2016-03-24
10464,2016-05-16 13:25:00,2016-05-16,0.003,1890.0,63.0,50393.0,0.003,0.003,0.003,10000603,2016-05-25,2016-05-25,C,2.15,2016-03-24
10465,2016-05-16 13:26:00,2016-05-16,0.003,0.0,0.0,50393.0,0.003,0.003,0.003,10000603,2016-05-25,2016-05-25,C,2.15,2016-03-24
10466,2016-05-16 13:27:00,2016-05-16,0.003,638.0,22.0,50393.0,0.003,0.0029,0.0029,10000603,2016-05-25,2016-05-25,C,2.15,2016-03-24
10467,2016-05-16 13:28:00,2016-05-16,0.003,449.0,15.0,50390.0,0.0029,0.003,0.0029,10000603,2016-05-25,2016-05-25,C,2.15,2016-03-24
10468,2016-05-16 13:29:00,2016-05-16,0.0031,1855.0,61.0,50377.0,0.003,0.0031,0.003,10000603,2016-05-25,2016-05-25,C,2.15,2016-03-24
10469,2016-05-16 13:30:00,2016-05-16,0.0031,31.0,1.0,50377.0,0.0031,0.0031,0.0031,10000603,2016-05-25,2016-05-25,C,2.15,2016-03-24
10470,2016-05-16 13:31:00,2016-05-16,0.0031,0.0,0.0,50377.0,0.0031,0.0031,0.0031,10000603,2016-05-25,2016-05-25,C,2.15,2016-03-24
10471,2016-05-16 13:32:00,2016-05-16,0.0031,434.0,14.0,50377.0,0.0031,0.0031,0.0031,10000603,2016-05-25,2016-05-25,C,2.15,2016-03-24
10472,2016-05-16 13:33:00,2016-05-16,0.0032,1600.0,50.0,50415.0,0.0031,0.0032,0.0031,10000603,2016-05-25,2016-05-25,C,2.15,2016-03-24
10473,2016-05-16 13:34:00,2016-05-16,0.0034,1000.0,30.0,50445.0,0.0032,0.0034,0.0032,10000603,2016-05-25,2016-05-25,C,2.15,2016-03-24
10474,2016-05-16 13:35:00,2016-05-16,0.0034,64.0,2.0,50446.0,0.0034,0.0032,0.0032,10000603,2016-05-25,2016-05-25,C,2.15,2016-03-24
10475,2016-05-16 13:36:00,2016-05-16,0.0032,256.0,8.0,50450.0,0.0032,0.0032,0.0032,10000603,2016-05-25,2016-05-25,C,2.15,2016-03-24
10476,2016-05-16 13:37:00,2016-05-16,0.0032,3675.0,115.0,50435.0,0.0032,0.0031,0.0031,10000603,2016-05-25,2016-05-25,C,2.15,2016-03-24
10477,2016-05-16 13:38:00,2016-05-16,0.0032,320.0,10.0,50445.0,0.0031,0.0032,0.0031,10000603,2016-05-25,2016-05-25,C,2.15,2016-03-24
10478,2016-05-16 13:39:00,2016-05-16,0.0034,1630.0,50.0,50485.0,0.0032,0.0034,0.0032,10000603,2016-05-25,2016-05-25,C,2.15,2016-03-24
10479,2016-05-16 13:40:00,2016-05-16,0.0033,495.0,15.0,50500.0,0.0033,0.0033,0.0033,10000603,2016-05-25,2016-05-25,C,2.15,2016-03-24
10480,2016-05-16 13:41:00,2016-05-16,0.0033,0.0,0.0,50500.0,0.0033,0.0033,0.0033,10000603,2016-05-25,2016-05-25,C,2.15,2016-03-24
10481,2016-05-16 13:42:00,2016-05-16,0.0033,33.0,1.0,50500.0,0.0033,0.0033,0.0033,10000603,2016-05-25,2016-05-25,C,2.15,2016-03-24
10482,2016-05-16 13:43:00,2016-05-16,0.0033,330.0,10.0,50494.0,0.0033,0.0033,0.0033,10000603,2016-05-25,2016-05-25,C,2.15,2016-03-24
10483,2016-05-16 13:44:00,2016-05-16,0.0033,0.0,0.0,50494.0,0.0033,0.0033,0.0033,10000603,2016-05-25,2016-05-25,C,2.15,2016-03-24
10484,2016-05-16 13:45:00,2016-05-16,0.0033,0.0,0.0,50494.0,0.0033,0.0033,0.0033,10000603,2016-05-25,2016-05-25,C,2.15,2016-03-24
10485,2016-05-16 13:46:00,2016-05-16,0.0033,0.0,0.0,50494.0,0.0033,0.0033,0.0033,10000603,2016-05-25,2016-05-25,C,2.15,2016-03-24
10486,2016-05-16 13:47:00,2016-05-16,0.0033,0.0,0.0,50494.0,0.0033,0.0033,0.0033,10000603,2016-05-25,2016-05-25,C,2.15,2016-03-24
10487,2016-05-16 13:48:00,2016-05-16,0.0034,236.0,7.0,50492.0,0.0033,0.0034,0.0033,10000603,2016-05-25,2016-05-25,C,2.15,2016-03-24
10488,2016-05-16 13:49:00,2016-05-16,0.0034,924.0,28.0,50492.0,0.0034,0.0033,0.0033,10000603,2016-05-25,2016-05-25,C,2.15,2016-03-24
10489,2016-05-16 13:50:00,2016-05-16,0.0033,0.0,0.0,50492.0,0.0033,0.0033,0.0033,10000603,2016-05-25,2016-05-25,C,2.15,2016-03-24
10490,2016-05-16 13:51:00,2016-05-16,0.0033,930.0,30.0,50482.0,0.0033,0.0031,0.0031,10000603,2016-05-25,2016-05-25,C,2.15,2016-03-24
10491,2016-05-16 13:52:00,2016-05-16,0.0031,330.0,11.0,50472.0,0.0031,0.003,0.003,10000603,2016-05-25,2016-05-25,C,2.15,2016-03-24
10492,2016-05-16 13:53:00,2016-05-16,0.0031,31.0,1.0,50472.0,0.003,0.0031,0.003,10000603,2016-05-25,2016-05-25,C,2.15,2016-03-24
10493,2016-05-16 13:54:00,2016-05-16,0.0031,341.0,11.0,50474.0,0.0031,0.0031,0.0031,10000603,2016-05-25,2016-05-25,C,2.15,2016-03-24
10494,2016-05-16 13:55:00,2016-05-16,0.0031,0.0,0.0,50474.0,0.0031,0.0031,0.0031,10000603,2016-05-25,2016-05-25,C,2.15,2016-03-24
10495,2016-05-16 13:56:00,2016-05-16,0.0034,1672.0,51.0,50489.0,0.0032,0.0034,0.0032,10000603,2016-05-25,2016-05-25,C,2.15,2016-03-24
10496,2016-05-16 13:57:00,2016-05-16,0.0035,412.0,12.0,50493.0,0.0034,0.0035,0.0034,10000603,2016-05-25,2016-05-25,C,2.15,2016-03-24
10497,2016-05-16 13:58:00,2016-05-16,0.0035,330.0,10.0,50503.0,0.0035,0.0033,0.0033,10000603,2016-05-25,2016-05-25,C,2.15,2016-03-24
10498,2016-05-16 13:59:00,2016-05-16,0.0033,561.0,17.0,50503.0,0.0033,0.0033,0.0033,10000603,2016-05-25,2016-05-25,C,2.15,2016-03-24
10499,2016-05-16 14:00:00,2016-05-16,0.0033,96.0,3.0,50504.0,0.0033,0.0032,0.0032,10000603,2016-05-25,2016-05-25,C,2.15,2016-03-24
10500,2016-05-16 14:01:00,2016-05-16,0.0033,990.0,30.0,50504.0,0.0032,0.0033,0.0032,10000603,2016-05-25,2016-05-25,C,2.15,2016-03-24
10501,2016-05-16 14:02:00,2016-05-16,0.0032,32.0,1.0,50505.0,0.0032,0.0032,0.0032,10000603,2016-05-25,2016-05-25,C,2.15,2016-03-24
10502,2016-05-16 14:03:00,2016-05-16,0.0032,960.0,30.0,50525.0,0.0032,0.0032,0.0032,10000603,2016-05-25,2016-05-25,C,2.15,2016-03-24
10503,2016-05-16 14:04:00,2016-05-16,0.0033,1560.0,48.0,50548.0,0.0032,0.0032,0.0032,10000603,2016-05-25,2016-05-25,C,2.15,2016-03-24
10504,2016-05-16 14:05:00,2016-05-16,0.0032,448.0,14.0,50556.0,0.0032,0.0032,0.0032,10000603,2016-05-25,2016-05-25,C,2.15,2016-03-24
10505,2016-05-16 14:06:00,2016-05-16,0.0032,0.0,0.0,50556.0,0.0032,0.0032,0.0032,10000603,2016-05-25,2016-05-25,C,2.15,2016-03-24
10506,2016-05-16 14:07:00,2016-05-16,0.0032,1022.0,33.0,50578.0,0.0032,0.003,0.003,10000603,2016-05-25,2016-05-25,C,2.15,2016-03-24
10507,2016-05-16 14:08:00,2016-05-16,0.003,30.0,1.0,50579.0,0.003,0.003,0.003,10000603,2016-05-25,2016-05-25,C,2.15,2016-03-24
10508,2016-05-16 14:09:00,2016-05-16,0.0032,930.0,30.0,50588.0,0.003,0.0032,0.003,10000603,2016-05-25,2016-05-25,C,2.15,2016-03-24
10509,2016-05-16 14:10:00,2016-05-16,0.0032,0.0,0.0,50588.0,0.0032,0.0032,0.0032,10000603,2016-05-25,2016-05-25,C,2.15,2016-03-24
10510,2016-05-16 14:11:00,2016-05-16,0.0032,1152.0,36.0,50585.0,0.0032,0.0032,0.0032,10000603,2016-05-25,2016-05-25,C,2.15,2016-03-24
10511,2016-05-16 14:12:00,2016-05-16,0.0032,32.0,1.0,50585.0,0.0032,0.0032,0.0032,10000603,2016-05-25,2016-05-25,C,2.15,2016-03-24
10512,2016-05-16 14:13:00,2016-05-16,0.0032,224.0,7.0,50591.0,0.0032,0.0032,0.0032,10000603,2016-05-25,2016-05-25,C,2.15,2016-03-24
10513,2016-05-16 14:14:00,2016-05-16,0.0032,1090.0,35.0,50591.0,0.0032,0.0031,0.0031,10000603,2016-05-25,2016-05-25,C,2.15,2016-03-24
10514,2016-05-16 14:15:00,2016-05-16,0.0032,2096.0,68.0,50585.0,0.0031,0.003,0.003,10000603,2016-05-25,2016-05-25,C,2.15,2016-03-24
10515,2016-05-16 14:16:00,2016-05-16,0.003,5234.0,183.0,50530.0,0.003,0.0028,0.0027,10000603,2016-05-25,2016-05-25,C,2.15,2016-03-24
10516,2016-05-16 14:17:00,2016-05-16,0.003,3368.0,119.0,50497.0,0.0028,0.003,0.0027,10000603,2016-05-25,2016-05-25,C,2.15,2016-03-24
10517,2016-05-16 14:18:00,2016-05-16,0.0031,3237.0,108.0,50484.0,0.003,0.0029,0.0029,10000603,2016-05-25,2016-05-25,C,2.15,2016-03-24
10518,2016-05-16 14:19:00,2016-05-16,0.0031,4564.0,150.0,50425.0,0.0029,0.0031,0.0029,10000603,2016-05-25,2016-05-25,C,2.15,2016-03-24
10519,2016-05-16 14:20:00,2016-05-16,0.0032,4765.0,155.0,50378.0,0.0031,0.0031,0.003,10000603,2016-05-25,2016-05-25,C,2.15,2016-03-24
10520,2016-05-16 14:21:00,2016-05-16,0.0031,3655.0,125.0,50364.0,0.0031,0.0028,0.0028,10000603,2016-05-25,2016-05-25,C,2.15,2016-03-24
10521,2016-05-16 14:22:00,2016-05-16,0.0031,1195.0,40.0,50339.0,0.0028,0.003,0.0028,10000603,2016-05-25,2016-05-25,C,2.15,2016-03-24
10522,2016-05-16 14:23:00,2016-05-16,0.0031,1497.0,49.0,50319.0,0.003,0.0031,0.0029,10000603,2016-05-25,2016-05-25,C,2.15,2016-03-24
10523,2016-05-16 14:24:00,2016-05-16,0.0031,3050.0,100.0,50299.0,0.0031,0.0029,0.0029,10000603,2016-05-25,2016-05-25,C,2.15,2016-03-24
10524,2016-05-16 14:25:00,2016-05-16,0.0029,0.0,0.0,50299.0,0.0029,0.0029,0.0029,10000603,2016-05-25,2016-05-25,C,2.15,2016-03-24
10525,2016-05-16 14:26:00,2016-05-16,0.0031,629.0,21.0,50288.0,0.0031,0.0029,0.0029,10000603,2016-05-25,2016-05-25,C,2.15,2016-03-24
10526,2016-05-16 14:27:00,2016-05-16,0.0031,1200.0,40.0,50278.0,0.0029,0.003,0.0029,10000603,2016-05-25,2016-05-25,C,2.15,2016-03-24
10527,2016-05-16 14:28:00,2016-05-16,0.0031,920.0,30.0,50268.0,0.003,0.0031,0.003,10000603,2016-05-25,2016-05-25,C,2.15,2016-03-24
10528,2016-05-16 14:29:00,2016-05-16,0.0031,2512.0,82.0,50258.0,0.0031,0.003,0.003,10000603,2016-05-25,2016-05-25,C,2.15,2016-03-24
10529,2016-05-16 14:30:00,2016-05-16,0.0032,2140.0,70.0,50245.0,0.003,0.003,0.003,10000603,2016-05-25,2016-05-25,C,2.15,2016-03-24
10530,2016-05-16 14:31:00,2016-05-16,0.0032,3506.0,113.0,50196.0,0.0032,0.0031,0.003,10000603,2016-05-25,2016-05-25,C,2.15,2016-03-24
10531,2016-05-16 14:32:00,2016-05-16,0.0032,1978.0,63.0,50194.0,0.0032,0.0031,0.0031,10000603,2016-05-25,2016-05-25,C,2.15,2016-03-24
10532,2016-05-16 14:33:00,2016-05-16,0.0036,4213.0,125.0,50151.0,0.0031,0.0036,0.0031,10000603,2016-05-25,2016-05-25,C,2.15,2016-03-24
10533,2016-05-16 14:34:00,2016-05-16,0.0036,1313.0,40.0,50151.0,0.0036,0.0032,0.0032,10000603,2016-05-25,2016-05-25,C,2.15,2016-03-24
10534,2016-05-16 14:35:00,2016-05-16,0.0032,620.0,20.0,50131.0,0.0032,0.0031,0.0031,10000603,2016-05-25,2016-05-25,C,2.15,2016-03-24
10535,2016-05-16 14:36:00,2016-05-16,0.0033,2112.0,66.0,50088.0,0.0031,0.0032,0.0031,10000603,2016-05-25,2016-05-25,C,2.15,2016-03-24
10536,2016-05-16 14:37:00,2016-05-16,0.0033,1384.0,42.0,50078.0,0.0032,0.0033,0.0031,10000603,2016-05-25,2016-05-25,C,2.15,2016-03-24
10537,2016-05-16 14:38:00,2016-05-16,0.0033,1945.0,60.0,50033.0,0.0033,0.0032,0.0032,10000603,2016-05-25,2016-05-25,C,2.15,2016-03-24
10538,2016-05-16 14:39:00,2016-05-16,0.0033,2672.0,84.0,49963.0,0.0032,0.0031,0.0031,10000603,2016-05-25,2016-05-25,C,2.15,2016-03-24
10539,2016-05-16 14:40:00,2016-05-16,0.0032,1580.0,50.0,49943.0,0.0031,0.0032,0.0031,10000603,2016-05-25,2016-05-25,C,2.15,2016-03-24
10540,2016-05-16 14:41:00,2016-05-16,0.0032,310.0,10.0,49943.0,0.0032,0.0031,0.0031,10000603,2016-05-25,2016-05-25,C,2.15,2016-03-24
10541,2016-05-16 14:42:00,2016-05-16,0.0031,917.0,30.0,49930.0,0.0031,0.0031,0.003,10000603,2016-05-25,2016-05-25,C,2.15,2016-03-24
10542,2016-05-16 14:43:00,2016-05-16,0.0032,249.0,8.0,49937.0,0.0032,0.0031,0.0031,10000603,2016-05-25,2016-05-25,C,2.15,2016-03-24
10543,2016-05-16 14:44:00,2016-05-16,0.0031,2570.0,85.0,49905.0,0.0031,0.003,0.003,10000603,2016-05-25,2016-05-25,C,2.15,2016-03-24
10544,2016-05-16 14:45:00,2016-05-16,0.003,1860.0,62.0,49940.0,0.003,0.003,0.003,10000603,2016-05-25,2016-05-25,C,2.15,2016-03-24
10545,2016-05-16 14:46:00,2016-05-16,0.003,300.0,10.0,49931.0,0.003,0.003,0.003,10000603,2016-05-25,2016-05-25,C,2.15,2016-03-24
10546,2016-05-16 14:47:00,2016-05-16,0.0031,931.0,31.0,49954.0,0.003,0.003,0.003,10000603,2016-05-25,2016-05-25,C,2.15,2016-03-24
10547,2016-05-16 14:48:00,2016-05-16,0.003,1015.0,35.0,49954.0,0.003,0.0029,0.0029,10000603,2016-05-25,2016-05-25,C,2.15,2016-03-24
10548,2016-05-16 14:49:00,2016-05-16,0.0032,3526.0,119.0,49921.0,0.0029,0.003,0.0029,10000603,2016-05-25,2016-05-25,C,2.15,2016-03-24
10549,2016-05-16 14:50:00,2016-05-16,0.003,0.0,0.0,49921.0,0.003,0.003,0.003,10000603,2016-05-25,2016-05-25,C,2.15,2016-03-24
10550,2016-05-16 14:51:00,2016-05-16,0.0031,951.0,31.0,49911.0,0.003,0.0031,0.003,10000603,2016-05-25,2016-05-25,C,2.15,2016-03-24
10551,2016-05-16 14:52:00,2016-05-16,0.0031,1685.0,55.0,49911.0,0.0031,0.0031,0.003,10000603,2016-05-25,2016-05-25,C,2.15,2016-03-24
10552,2016-05-16 14:53:00,2016-05-16,0.0032,950.0,30.0,49920.0,0.0031,0.0032,0.0031,10000603,2016-05-25,2016-05-25,C,2.15,2016-03-24
10553,2016-05-16 14:54:00,2016-05-16,0.0031,2242.0,73.0,49919.0,0.0031,0.0031,0.003,10000603,2016-05-25,2016-05-25,C,2.15,2016-03-24
10554,2016-05-16 14:55:00,2016-05-16,0.0031,750.0,25.0,49894.0,0.0031,0.003,0.003,10000603,2016-05-25,2016-05-25,C,2.15,2016-03-24
10555,2016-05-16 14:56:00,2016-05-16,0.0031,2407.0,82.0,49831.0,0.003,0.0029,0.0029,10000603,2016-05-25,2016-05-25,C,2.15,2016-03-24
10556,2016-05-16 14:57:00,2016-05-16,0.0031,465.0,15.0,49832.0,0.0031,0.0031,0.0031,10000603,2016-05-25,2016-05-25,C,2.15,2016-03-24
10557,2016-05-16 14:58:00,2016-05-16,0.0031,0.0,0.0,49832.0,0.0031,0.0031,0.0031,10000603,2016-05-25,2016-05-25,C,2.15,2016-03-24
10558,2016-05-16 14:59:00,2016-05-16,0.0031,0.0,0.0,49832.0,0.0031,0.0031,0.0031,10000603,2016-05-25,2016-05-25,C,2.15,2016-03-24
10559,2016-05-16 15:00:00,2016-05-16,0.0031,0.0,0.0,49832.0,0.0031,0.0031,0.0031,10000603,2016-05-25,2016-05-25,C,2.15,2016-03-24
10560,2016-05-16 09:31:00,2016-05-16,0.0201,597.0,3.0,14517.0,0.0198,0.0201,0.0198,10000570,2016-09-28,2016-09-28,P,1.8,2016-01-29
10561,2016-05-16 09:32:00,2016-05-16,0.0201,0.0,0.0,14517.0,0.0201,0.0201,0.0201,10000570,2016-09-28,2016-09-28,P,1.8,2016-01-29
10562,2016-05-16 09:33:00,2016-05-16,0.0201,0.0,0.0,14517.0,0.0201,0.0201,0.0201,10000570,2016-09-28,2016-09-28,P,1.8,2016-01-29
10563,2016-05-16 09:34:00,2016-05-16,0.0191,382.0,2.0,14519.0,0.0191,0.0191,0.0191,10000570,2016-09-28,2016-09-28,P,1.8,2016-01-29
10564,2016-05-16 09:35:00,2016-05-16,0.0191,0.0,0.0,14519.0,0.0191,0.0191,0.0191,10000570,2016-09-28,2016-09-28,P,1.8,2016-01-29
10565,2016-05-16 09:36:00,2016-05-16,0.0194,5381.0,28.0,14540.0,0.0191,0.019,0.019,10000570,2016-09-28,2016-09-28,P,1.8,2016-01-29
10566,2016-05-16 09:37:00,2016-05-16,0.019,0.0,0.0,14540.0,0.019,0.019,0.019,10000570,2016-09-28,2016-09-28,P,1.8,2016-01-29
10567,2016-05-16 09:38:00,2016-05-16,0.0191,573.0,3.0,14543.0,0.019,0.0191,0.019,10000570,2016-09-28,2016-09-28,P,1.8,2016-01-29
10568,2016-05-16 09:39:00,2016-05-16,0.0191,760.0,4.0,14546.0,0.0191,0.019,0.019,10000570,2016-09-28,2016-09-28,P,1.8,2016-01-29
10569,2016-05-16 09:40:00,2016-05-16,0.019,570.0,3.0,14549.0,0.019,0.019,0.019,10000570,2016-09-28,2016-09-28,P,1.8,2016-01-29
10570,2016-05-16 09:41:00,2016-05-16,0.019,1880.0,10.0,14559.0,0.019,0.0188,0.0188,10000570,2016-09-28,2016-09-28,P,1.8,2016-01-29
10571,2016-05-16 09:42:00,2016-05-16,0.0188,0.0,0.0,14559.0,0.0188,0.0188,0.0188,10000570,2016-09-28,2016-09-28,P,1.8,2016-01-29
10572,2016-05-16 09:43:00,2016-05-16,0.0188,0.0,0.0,14559.0,0.0188,0.0188,0.0188,10000570,2016-09-28,2016-09-28,P,1.8,2016-01-29
10573,2016-05-16 09:44:00,2016-05-16,0.0188,0.0,0.0,14559.0,0.0188,0.0188,0.0188,10000570,2016-09-28,2016-09-28,P,1.8,2016-01-29
10574,2016-05-16 09:45:00,2016-05-16,0.0188,0.0,0.0,14559.0,0.0188,0.0188,0.0188,10000570,2016-09-28,2016-09-28,P,1.8,2016-01-29
10575,2016-05-16 09:46:00,2016-05-16,0.0193,193.0,1.0,14560.0,0.0188,0.0193,0.0188,10000570,2016-09-28,2016-09-28,P,1.8,2016-01-29
10576,2016-05-16 09:47:00,2016-05-16,0.0193,0.0,0.0,14560.0,0.0193,0.0193,0.0193,10000570,2016-09-28,2016-09-28,P,1.8,2016-01-29
10577,2016-05-16 09:48:00,2016-05-16,0.0193,0.0,0.0,14560.0,0.0193,0.0193,0.0193,10000570,2016-09-28,2016-09-28,P,1.8,2016-01-29
10578,2016-05-16 09:49:00,2016-05-16,0.0193,0.0,0.0,14560.0,0.0193,0.0193,0.0193,10000570,2016-09-28,2016-09-28,P,1.8,2016-01-29
10579,2016-05-16 09:50:00,2016-05-16,0.0195,195.0,1.0,14560.0,0.0193,0.0195,0.0193,10000570,2016-09-28,2016-09-28,P,1.8,2016-01-29
10580,2016-05-16 09:51:00,2016-05-16,0.0195,0.0,0.0,14560.0,0.0195,0.0195,0.0195,10000570,2016-09-28,2016-09-28,P,1.8,2016-01-29
10581,2016-05-16 09:52:00,2016-05-16,0.0195,0.0,0.0,14560.0,0.0195,0.0195,0.0195,10000570,2016-09-28,2016-09-28,P,1.8,2016-01-29
10582,2016-05-16 09:53:00,2016-05-16,0.0196,2152.0,11.0,14549.0,0.0195,0.0196,0.0195,10000570,2016-09-28,2016-09-28,P,1.8,2016-01-29
10583,2016-05-16 09:54:00,2016-05-16,0.0202,1010.0,5.0,14549.0,0.0196,0.0202,0.0196,10000570,2016-09-28,2016-09-28,P,1.8,2016-01-29
10584,2016-05-16 09:55:00,2016-05-16,0.0207,1035.0,5.0,14549.0,0.0202,0.0207,0.0202,10000570,2016-09-28,2016-09-28,P,1.8,2016-01-29
10585,2016-05-16 09:56:00,2016-05-16,0.0207,0.0,0.0,14549.0,0.0207,0.0207,0.0207,10000570,2016-09-28,2016-09-28,P,1.8,2016-01-29
10586,2016-05-16 09:57:00,2016-05-16,0.0207,408.0,2.0,14551.0,0.0207,0.0204,0.0204,10000570,2016-09-28,2016-09-28,P,1.8,2016-01-29
10587,2016-05-16 09:58:00,2016-05-16,0.0204,203.0,1.0,14552.0,0.0204,0.0203,0.0203,10000570,2016-09-28,2016-09-28,P,1.8,2016-01-29
10588,2016-05-16 09:59:00,2016-05-16,0.0203,0.0,0.0,14552.0,0.0203,0.0203,0.0203,10000570,2016-09-28,2016-09-28,P,1.8,2016-01-29
10589,2016-05-16 10:00:00,2016-05-16,0.0203,1000.0,5.0,14552.0,0.0203,0.02,0.02,10000570,2016-09-28,2016-09-28,P,1.8,2016-01-29
10590,2016-05-16 10:01:00,2016-05-16,0.02,0.0,0.0,14552.0,0.02,0.02,0.02,10000570,2016-09-28,2016-09-28,P,1.8,2016-01-29
10591,2016-05-16 10:02:00,2016-05-16,0.02,0.0,0.0,14552.0,0.02,0.02,0.02,10000570,2016-09-28,2016-09-28,P,1.8,2016-01-29
10592,2016-05-16 10:03:00,2016-05-16,0.0206,412.0,2.0,14554.0,0.02,0.0206,0.02,10000570,2016-09-28,2016-09-28,P,1.8,2016-01-29
10593,2016-05-16 10:04:00,2016-05-16,0.0206,0.0,0.0,14554.0,0.0206,0.0206,0.0206,10000570,2016-09-28,2016-09-28,P,1.8,2016-01-29
10594,2016-05-16 10:05:00,2016-05-16,0.0206,0.0,0.0,14554.0,0.0206,0.0206,0.0206,10000570,2016-09-28,2016-09-28,P,1.8,2016-01-29
10595,2016-05-16 10:06:00,2016-05-16,0.0206,0.0,0.0,14554.0,0.0206,0.0206,0.0206,10000570,2016-09-28,2016-09-28,P,1.8,2016-01-29
10596,2016-05-16 10:07:00,2016-05-16,0.0206,0.0,0.0,14554.0,0.0206,0.0206,0.0206,10000570,2016-09-28,2016-09-28,P,1.8,2016-01-29
10597,2016-05-16 10:08:00,2016-05-16,0.0206,0.0,0.0,14554.0,0.0206,0.0206,0.0206,10000570,2016-09-28,2016-09-28,P,1.8,2016-01-29
10598,2016-05-16 10:09:00,2016-05-16,0.0206,0.0,0.0,14554.0,0.0206,0.0206,0.0206,10000570,2016-09-28,2016-09-28,P,1.8,2016-01-29
10599,2016-05-16 10:10:00,2016-05-16,0.0206,0.0,0.0,14554.0,0.0206,0.0206,0.0206,10000570,2016-09-28,2016-09-28,P,1.8,2016-01-29
10600,2016-05-16 10:11:00,2016-05-16,0.0206,0.0,0.0,14554.0,0.0206,0.0206,0.0206,10000570,2016-09-28,2016-09-28,P,1.8,2016-01-29
10601,2016-05-16 10:12:00,2016-05-16,0.0206,0.0,0.0,14554.0,0.0206,0.0206,0.0206,10000570,2016-09-28,2016-09-28,P,1.8,2016-01-29
10602,2016-05-16 10:13:00,2016-05-16,0.0206,0.0,0.0,14554.0,0.0206,0.0206,0.0206,10000570,2016-09-28,2016-09-28,P,1.8,2016-01-29
10603,2016-05-16 10:14:00,2016-05-16,0.0206,3803.0,19.0,14568.0,0.0206,0.0202,0.0198,10000570,2016-09-28,2016-09-28,P,1.8,2016-01-29
10604,2016-05-16 10:15:00,2016-05-16,0.0202,0.0,0.0,14568.0,0.0202,0.0202,0.0202,10000570,2016-09-28,2016-09-28,P,1.8,2016-01-29
10605,2016-05-16 10:16:00,2016-05-16,0.0202,3940.0,20.0,14568.0,0.0202,0.0197,0.0197,10000570,2016-09-28,2016-09-28,P,1.8,2016-01-29
10606,2016-05-16 10:17:00,2016-05-16,0.0197,0.0,0.0,14568.0,0.0197,0.0197,0.0197,10000570,2016-09-28,2016-09-28,P,1.8,2016-01-29
10607,2016-05-16 10:18:00,2016-05-16,0.0197,0.0,0.0,14568.0,0.0197,0.0197,0.0197,10000570,2016-09-28,2016-09-28,P,1.8,2016-01-29
10608,2016-05-16 10:19:00,2016-05-16,0.0197,0.0,0.0,14568.0,0.0197,0.0197,0.0197,10000570,2016-09-28,2016-09-28,P,1.8,2016-01-29
10609,2016-05-16 10:20:00,2016-05-16,0.0197,0.0,0.0,14568.0,0.0197,0.0197,0.0197,10000570,2016-09-28,2016-09-28,P,1.8,2016-01-29
10610,2016-05-16 10:21:00,2016-05-16,0.0197,0.0,0.0,14568.0,0.0197,0.0197,0.0197,10000570,2016-09-28,2016-09-28,P,1.8,2016-01-29
10611,2016-05-16 10:22:00,2016-05-16,0.0197,0.0,0.0,14568.0,0.0197,0.0197,0.0197,10000570,2016-09-28,2016-09-28,P,1.8,2016-01-29
10612,2016-05-16 10:23:00,2016-05-16,0.0197,0.0,0.0,14568.0,0.0197,0.0197,0.0197,10000570,2016-09-28,2016-09-28,P,1.8,2016-01-29
10613,2016-05-16 10:24:00,2016-05-16,0.0197,0.0,0.0,14568.0,0.0197,0.0197,0.0197,10000570,2016-09-28,2016-09-28,P,1.8,2016-01-29
10614,2016-05-16 10:25:00,2016-05-16,0.0197,0.0,0.0,14568.0,0.0197,0.0197,0.0197,10000570,2016-09-28,2016-09-28,P,1.8,2016-01-29
10615,2016-05-16 10:26:00,2016-05-16,0.0197,0.0,0.0,14568.0,0.0197,0.0197,0.0197,10000570,2016-09-28,2016-09-28,P,1.8,2016-01-29
10616,2016-05-16 10:27:00,2016-05-16,0.0197,0.0,0.0,14568.0,0.0197,0.0197,0.0197,10000570,2016-09-28,2016-09-28,P,1.8,2016-01-29
10617,2016-05-16 10:28:00,2016-05-16,0.0197,1970.0,10.0,14568.0,0.0197,0.0197,0.0197,10000570,2016-09-28,2016-09-28,P,1.8,2016-01-29
10618,2016-05-16 10:29:00,2016-05-16,0.0201,3364.0,17.0,14575.0,0.0197,0.0196,0.0196,10000570,2016-09-28,2016-09-28,P,1.8,2016-01-29
10619,2016-05-16 10:30:00,2016-05-16,0.02,2400.0,12.0,14587.0,0.02,0.02,0.02,10000570,2016-09-28,2016-09-28,P,1.8,2016-01-29
10620,2016-05-16 10:31:00,2016-05-16,0.02,2000.0,10.0,14587.0,0.02,0.02,0.02,10000570,2016-09-28,2016-09-28,P,1.8,2016-01-29
10621,2016-05-16 10:32:00,2016-05-16,0.02,0.0,0.0,14587.0,0.02,0.02,0.02,10000570,2016-09-28,2016-09-28,P,1.8,2016-01-29
10622,2016-05-16 10:33:00,2016-05-16,0.02,0.0,0.0,14587.0,0.02,0.02,0.02,10000570,2016-09-28,2016-09-28,P,1.8,2016-01-29
10623,2016-05-16 10:34:00,2016-05-16,0.02,0.0,0.0,14587.0,0.02,0.02,0.02,10000570,2016-09-28,2016-09-28,P,1.8,2016-01-29
10624,2016-05-16 10:35:00,2016-05-16,0.02,0.0,0.0,14587.0,0.02,0.02,0.02,10000570,2016-09-28,2016-09-28,P,1.8,2016-01-29
10625,2016-05-16 10:36:00,2016-05-16,0.02,0.0,0.0,14587.0,0.02,0.02,0.02,10000570,2016-09-28,2016-09-28,P,1.8,2016-01-29
10626,2016-05-16 10:37:00,2016-05-16,0.02,396.0,2.0,14589.0,0.02,0.0198,0.0198,10000570,2016-09-28,2016-09-28,P,1.8,2016-01-29
10627,2016-05-16 10:38:00,2016-05-16,0.0199,199.0,1.0,14590.0,0.0199,0.0199,0.0199,10000570,2016-09-28,2016-09-28,P,1.8,2016-01-29
10628,2016-05-16 10:39:00,2016-05-16,0.0199,199.0,1.0,14591.0,0.0199,0.0199,0.0199,10000570,2016-09-28,2016-09-28,P,1.8,2016-01-29
10629,2016-05-16 10:40:00,2016-05-16,0.0199,0.0,0.0,14591.0,0.0199,0.0199,0.0199,10000570,2016-09-28,2016-09-28,P,1.8,2016-01-29
10630,2016-05-16 10:41:00,2016-05-16,0.0199,0.0,0.0,14591.0,0.0199,0.0199,0.0199,10000570,2016-09-28,2016-09-28,P,1.8,2016-01-29
10631,2016-05-16 10:42:00,2016-05-16,0.0199,0.0,0.0,14591.0,0.0199,0.0199,0.0199,10000570,2016-09-28,2016-09-28,P,1.8,2016-01-29
10632,2016-05-16 10:43:00,2016-05-16,0.0199,0.0,0.0,14591.0,0.0199,0.0199,0.0199,10000570,2016-09-28,2016-09-28,P,1.8,2016-01-29
10633,2016-05-16 10:44:00,2016-05-16,0.0199,0.0,0.0,14591.0,0.0199,0.0199,0.0199,10000570,2016-09-28,2016-09-28,P,1.8,2016-01-29
10634,2016-05-16 10:45:00,2016-05-16,0.0199,0.0,0.0,14591.0,0.0199,0.0199,0.0199,10000570,2016-09-28,2016-09-28,P,1.8,2016-01-29
10635,2016-05-16 10:46:00,2016-05-16,0.0199,0.0,0.0,14591.0,0.0199,0.0199,0.0199,10000570,2016-09-28,2016-09-28,P,1.8,2016-01-29
10636,2016-05-16 10:47:00,2016-05-16,0.0199,0.0,0.0,14591.0,0.0199,0.0199,0.0199,10000570,2016-09-28,2016-09-28,P,1.8,2016-01-29
10637,2016-05-16 10:48:00,2016-05-16,0.02,2000.0,10.0,14591.0,0.0199,0.02,0.0199,10000570,2016-09-28,2016-09-28,P,1.8,2016-01-29
10638,2016-05-16 10:49:00,2016-05-16,0.02,199.0,1.0,14592.0,0.02,0.0199,0.0199,10000570,2016-09-28,2016-09-28,P,1.8,2016-01-29
10639,2016-05-16 10:50:00,2016-05-16,0.0199,3383.0,17.0,14609.0,0.0199,0.0199,0.0199,10000570,2016-09-28,2016-09-28,P,1.8,2016-01-29
10640,2016-05-16 10:51:00,2016-05-16,0.0199,960.0,5.0,14613.0,0.0199,0.0192,0.0192,10000570,2016-09-28,2016-09-28,P,1.8,2016-01-29
10641,2016-05-16 10:52:00,2016-05-16,0.0192,384.0,2.0,14615.0,0.0192,0.0192,0.0192,10000570,2016-09-28,2016-09-28,P,1.8,2016-01-29
10642,2016-05-16 10:53:00,2016-05-16,0.0192,1910.0,10.0,14615.0,0.0192,0.0191,0.0191,10000570,2016-09-28,2016-09-28,P,1.8,2016-01-29
10643,2016-05-16 10:54:00,2016-05-16,0.0191,0.0,0.0,14615.0,0.0191,0.0191,0.0191,10000570,2016-09-28,2016-09-28,P,1.8,2016-01-29
10644,2016-05-16 10:55:00,2016-05-16,0.0195,4630.0,24.0,14629.0,0.0191,0.019,0.019,10000570,2016-09-28,2016-09-28,P,1.8,2016-01-29
10645,2016-05-16 10:56:00,2016-05-16,0.0192,4978.0,26.0,14647.0,0.019,0.0192,0.019,10000570,2016-09-28,2016-09-28,P,1.8,2016-01-29
10646,2016-05-16 10:57:00,2016-05-16,0.0192,0.0,0.0,14647.0,0.0192,0.0192,0.0192,10000570,2016-09-28,2016-09-28,P,1.8,2016-01-29
10647,2016-05-16 10:58:00,2016-05-16,0.0192,5702.0,30.0,14648.0,0.0192,0.019,0.019,10000570,2016-09-28,2016-09-28,P,1.8,2016-01-29
10648,2016-05-16 10:59:00,2016-05-16,0.0191,4190.0,22.0,14649.0,0.019,0.019,0.019,10000570,2016-09-28,2016-09-28,P,1.8,2016-01-29
10649,2016-05-16 11:00:00,2016-05-16,0.019,8280.0,44.0,14680.0,0.019,0.0188,0.0188,10000570,2016-09-28,2016-09-28,P,1.8,2016-01-29
10650,2016-05-16 11:01:00,2016-05-16,0.0188,187.0,1.0,14680.0,0.0188,0.0187,0.0187,10000570,2016-09-28,2016-09-28,P,1.8,2016-01-29
10651,2016-05-16 11:02:00,2016-05-16,0.0187,0.0,0.0,14680.0,0.0187,0.0187,0.0187,10000570,2016-09-28,2016-09-28,P,1.8,2016-01-29
10652,2016-05-16 11:03:00,2016-05-16,0.0187,0.0,0.0,14680.0,0.0187,0.0187,0.0187,10000570,2016-09-28,2016-09-28,P,1.8,2016-01-29
10653,2016-05-16 11:04:00,2016-05-16,0.0187,0.0,0.0,14680.0,0.0187,0.0187,0.0187,10000570,2016-09-28,2016-09-28,P,1.8,2016-01-29
10654,2016-05-16 11:05:00,2016-05-16,0.0187,0.0,0.0,14680.0,0.0187,0.0187,0.0187,10000570,2016-09-28,2016-09-28,P,1.8,2016-01-29
10655,2016-05-16 11:06:00,2016-05-16,0.0187,0.0,0.0,14680.0,0.0187,0.0187,0.0187,10000570,2016-09-28,2016-09-28,P,1.8,2016-01-29
10656,2016-05-16 11:07:00,2016-05-16,0.0187,0.0,0.0,14680.0,0.0187,0.0187,0.0187,10000570,2016-09-28,2016-09-28,P,1.8,2016-01-29
10657,2016-05-16 11:08:00,2016-05-16,0.0187,0.0,0.0,14680.0,0.0187,0.0187,0.0187,10000570,2016-09-28,2016-09-28,P,1.8,2016-01-29
10658,2016-05-16 11:09:00,2016-05-16,0.0187,0.0,0.0,14680.0,0.0187,0.0187,0.0187,10000570,2016-09-28,2016-09-28,P,1.8,2016-01-29
10659,2016-05-16 11:10:00,2016-05-16,0.0187,0.0,0.0,14680.0,0.0187,0.0187,0.0187,10000570,2016-09-28,2016-09-28,P,1.8,2016-01-29
10660,2016-05-16 11:11:00,2016-05-16,0.0187,0.0,0.0,14680.0,0.0187,0.0187,0.0187,10000570,2016-09-28,2016-09-28,P,1.8,2016-01-29
10661,2016-05-16 11:12:00,2016-05-16,0.0187,0.0,0.0,14680.0,0.0187,0.0187,0.0187,10000570,2016-09-28,2016-09-28,P,1.8,2016-01-29
10662,2016-05-16 11:13:00,2016-05-16,0.0187,0.0,0.0,14680.0,0.0187,0.0187,0.0187,10000570,2016-09-28,2016-09-28,P,1.8,2016-01-29
10663,2016-05-16 11:14:00,2016-05-16,0.0187,0.0,0.0,14680.0,0.0187,0.0187,0.0187,10000570,2016-09-28,2016-09-28,P,1.8,2016-01-29
10664,2016-05-16 11:15:00,2016-05-16,0.0187,0.0,0.0,14680.0,0.0187,0.0187,0.0187,10000570,2016-09-28,2016-09-28,P,1.8,2016-01-29
10665,2016-05-16 11:16:00,2016-05-16,0.0187,0.0,0.0,14680.0,0.0187,0.0187,0.0187,10000570,2016-09-28,2016-09-28,P,1.8,2016-01-29
10666,2016-05-16 11:17:00,2016-05-16,0.0187,0.0,0.0,14680.0,0.0187,0.0187,0.0187,10000570,2016-09-28,2016-09-28,P,1.8,2016-01-29
10667,2016-05-16 11:18:00,2016-05-16,0.0187,0.0,0.0,14680.0,0.0187,0.0187,0.0187,10000570,2016-09-28,2016-09-28,P,1.8,2016-01-29
10668,2016-05-16 11:19:00,2016-05-16,0.0187,0.0,0.0,14680.0,0.0187,0.0187,0.0187,10000570,2016-09-28,2016-09-28,P,1.8,2016-01-29
10669,2016-05-16 11:20:00,2016-05-16,0.0187,0.0,0.0,14680.0,0.0187,0.0187,0.0187,10000570,2016-09-28,2016-09-28,P,1.8,2016-01-29
10670,2016-05-16 11:21:00,2016-05-16,0.0187,0.0,0.0,14680.0,0.0187,0.0187,0.0187,10000570,2016-09-28,2016-09-28,P,1.8,2016-01-29
10671,2016-05-16 11:22:00,2016-05-16,0.0187,0.0,0.0,14680.0,0.0187,0.0187,0.0187,10000570,2016-09-28,2016-09-28,P,1.8,2016-01-29
10672,2016-05-16 11:23:00,2016-05-16,0.0187,0.0,0.0,14680.0,0.0187,0.0187,0.0187,10000570,2016-09-28,2016-09-28,P,1.8,2016-01-29
10673,2016-05-16 11:24:00,2016-05-16,0.0187,0.0,0.0,14680.0,0.0187,0.0187,0.0187,10000570,2016-09-28,2016-09-28,P,1.8,2016-01-29
10674,2016-05-16 11:25:00,2016-05-16,0.0187,0.0,0.0,14680.0,0.0187,0.0187,0.0187,10000570,2016-09-28,2016-09-28,P,1.8,2016-01-29
10675,2016-05-16 11:26:00,2016-05-16,0.0188,188.0,1.0,14681.0,0.0188,0.0188,0.0188,10000570,2016-09-28,2016-09-28,P,1.8,2016-01-29
10676,2016-05-16 11:27:00,2016-05-16,0.0188,0.0,0.0,14681.0,0.0188,0.0188,0.0188,10000570,2016-09-28,2016-09-28,P,1.8,2016-01-29
10677,2016-05-16 11:28:00,2016-05-16,0.0191,955.0,5.0,14681.0,0.0188,0.0191,0.0188,10000570,2016-09-28,2016-09-28,P,1.8,2016-01-29
10678,2016-05-16 11:29:00,2016-05-16,0.0191,0.0,0.0,14681.0,0.0191,0.0191,0.0191,10000570,2016-09-28,2016-09-28,P,1.8,2016-01-29
10679,2016-05-16 11:30:00,2016-05-16,0.0194,1938.0,10.0,14681.0,0.0194,0.0194,0.0194,10000570,2016-09-28,2016-09-28,P,1.8,2016-01-29
10680,2016-05-16 13:01:00,2016-05-16,0.0194,2895.0,15.0,14676.0,0.0194,0.0191,0.0191,10000570,2016-09-28,2016-09-28,P,1.8,2016-01-29
10681,2016-05-16 13:02:00,2016-05-16,0.0193,1930.0,10.0,14686.0,0.0191,0.0193,0.0191,10000570,2016-09-28,2016-09-28,P,1.8,2016-01-29
10682,2016-05-16 13:03:00,2016-05-16,0.0193,0.0,0.0,14686.0,0.0193,0.0193,0.0193,10000570,2016-09-28,2016-09-28,P,1.8,2016-01-29
10683,2016-05-16 13:04:00,2016-05-16,0.0193,191.0,1.0,14686.0,0.0193,0.0191,0.0191,10000570,2016-09-28,2016-09-28,P,1.8,2016-01-29
10684,2016-05-16 13:05:00,2016-05-16,0.0197,1970.0,10.0,14686.0,0.0197,0.0197,0.0197,10000570,2016-09-28,2016-09-28,P,1.8,2016-01-29
10685,2016-05-16 13:06:00,2016-05-16,0.0197,5880.0,30.0,14686.0,0.0197,0.0196,0.0196,10000570,2016-09-28,2016-09-28,P,1.8,2016-01-29
10686,2016-05-16 13:07:00,2016-05-16,0.0196,0.0,0.0,14686.0,0.0196,0.0196,0.0196,10000570,2016-09-28,2016-09-28,P,1.8,2016-01-29
10687,2016-05-16 13:08:00,2016-05-16,0.0196,0.0,0.0,14686.0,0.0196,0.0196,0.0196,10000570,2016-09-28,2016-09-28,P,1.8,2016-01-29
10688,2016-05-16 13:09:00,2016-05-16,0.0196,0.0,0.0,14686.0,0.0196,0.0196,0.0196,10000570,2016-09-28,2016-09-28,P,1.8,2016-01-29
10689,2016-05-16 13:10:00,2016-05-16,0.0198,3960.0,20.0,14686.0,0.0196,0.0198,0.0196,10000570,2016-09-28,2016-09-28,P,1.8,2016-01-29
10690,2016-05-16 13:11:00,2016-05-16,0.0198,0.0,0.0,14686.0,0.0198,0.0198,0.0198,10000570,2016-09-28,2016-09-28,P,1.8,2016-01-29
10691,2016-05-16 13:12:00,2016-05-16,0.02,17990.0,90.0,14663.0,0.0199,0.02,0.0199,10000570,2016-09-28,2016-09-28,P,1.8,2016-01-29
10692,2016-05-16 13:13:00,2016-05-16,0.02,13980.0,70.0,14648.0,0.02,0.0198,0.0198,10000570,2016-09-28,2016-09-28,P,1.8,2016-01-29
10693,2016-05-16 13:14:00,2016-05-16,0.02,13393.0,67.0,14646.0,0.02,0.02,0.0199,10000570,2016-09-28,2016-09-28,P,1.8,2016-01-29
10694,2016-05-16 13:15:00,2016-05-16,0.02,6600.0,33.0,14644.0,0.02,0.02,0.02,10000570,2016-09-28,2016-09-28,P,1.8,2016-01-29
10695,2016-05-16 13:16:00,2016-05-16,0.02,8400.0,42.0,14642.0,0.02,0.02,0.02,10000570,2016-09-28,2016-09-28,P,1.8,2016-01-29
10696,2016-05-16 13:17:00,2016-05-16,0.02,7800.0,39.0,14636.0,0.02,0.02,0.02,10000570,2016-09-28,2016-09-28,P,1.8,2016-01-29
10697,2016-05-16 13:18:00,2016-05-16,0.0201,5010.0,25.0,14632.0,0.02,0.0201,0.02,10000570,2016-09-28,2016-09-28,P,1.8,2016-01-29
10698,2016-05-16 13:19:00,2016-05-16,0.0201,3618.0,18.0,14632.0,0.0201,0.0201,0.0201,10000570,2016-09-28,2016-09-28,P,1.8,2016-01-29
10699,2016-05-16 13:20:00,2016-05-16,0.0201,402.0,2.0,14631.0,0.0201,0.0201,0.0201,10000570,2016-09-28,2016-09-28,P,1.8,2016-01-29
10700,2016-05-16 13:21:00,2016-05-16,0.0201,8399.0,42.0,14629.0,0.0201,0.02,0.0199,10000570,2016-09-28,2016-09-28,P,1.8,2016-01-29
10701,2016-05-16 13:22:00,2016-05-16,0.02,200.0,1.0,14628.0,0.02,0.02,0.02,10000570,2016-09-28,2016-09-28,P,1.8,2016-01-29
10702,2016-05-16 13:23:00,2016-05-16,0.0202,4040.0,20.0,14628.0,0.02,0.0202,0.02,10000570,2016-09-28,2016-09-28,P,1.8,2016-01-29
10703,2016-05-16 13:24:00,2016-05-16,0.0204,8750.0,43.0,14625.0,0.0203,0.0204,0.02,10000570,2016-09-28,2016-09-28,P,1.8,2016-01-29
10704,2016-05-16 13:25:00,2016-05-16,0.0204,2240.0,11.0,14617.0,0.0204,0.02,0.02,10000570,2016-09-28,2016-09-28,P,1.8,2016-01-29
10705,2016-05-16 13:26:00,2016-05-16,0.02,0.0,0.0,14617.0,0.02,0.02,0.02,10000570,2016-09-28,2016-09-28,P,1.8,2016-01-29
10706,2016-05-16 13:27:00,2016-05-16,0.0204,10200.0,50.0,14603.0,0.02,0.0204,0.02,10000570,2016-09-28,2016-09-28,P,1.8,2016-01-29
10707,2016-05-16 13:28:00,2016-05-16,0.0205,12300.0,60.0,14603.0,0.0204,0.0205,0.0204,10000570,2016-09-28,2016-09-28,P,1.8,2016-01-29
10708,2016-05-16 13:29:00,2016-05-16,0.0205,6150.0,30.0,14602.0,0.0205,0.0205,0.0205,10000570,2016-09-28,2016-09-28,P,1.8,2016-01-29
10709,2016-05-16 13:30:00,2016-05-16,0.0205,1000.0,5.0,14602.0,0.0205,0.02,0.02,10000570,2016-09-28,2016-09-28,P,1.8,2016-01-29
10710,2016-05-16 13:31:00,2016-05-16,0.0205,12300.0,60.0,14601.0,0.0205,0.0205,0.0205,10000570,2016-09-28,2016-09-28,P,1.8,2016-01-29
10711,2016-05-16 13:32:00,2016-05-16,0.0205,0.0,0.0,14601.0,0.0205,0.0205,0.0205,10000570,2016-09-28,2016-09-28,P,1.8,2016-01-29
10712,2016-05-16 13:33:00,2016-05-16,0.0205,10200.0,50.0,14601.0,0.02,0.0205,0.02,10000570,2016-09-28,2016-09-28,P,1.8,2016-01-29
10713,2016-05-16 13:34:00,2016-05-16,0.0205,4100.0,20.0,14601.0,0.0205,0.0205,0.0205,10000570,2016-09-28,2016-09-28,P,1.8,2016-01-29
10714,2016-05-16 13:35:00,2016-05-16,0.0205,7380.0,36.0,14591.0,0.0205,0.0205,0.0205,10000570,2016-09-28,2016-09-28,P,1.8,2016-01-29
10715,2016-05-16 13:36:00,2016-05-16,0.0205,0.0,0.0,14591.0,0.0205,0.0205,0.0205,10000570,2016-09-28,2016-09-28,P,1.8,2016-01-29
10716,2016-05-16 13:37:00,2016-05-16,0.0207,4130.0,20.0,14584.0,0.0206,0.0207,0.0206,10000570,2016-09-28,2016-09-28,P,1.8,2016-01-29
10717,2016-05-16 13:38:00,2016-05-16,0.0207,6150.0,30.0,14584.0,0.0207,0.0205,0.0205,10000570,2016-09-28,2016-09-28,P,1.8,2016-01-29
10718,2016-05-16 13:39:00,2016-05-16,0.0208,6835.0,33.0,14584.0,0.0205,0.0208,0.0205,10000570,2016-09-28,2016-09-28,P,1.8,2016-01-29
10719,2016-05-16 13:40:00,2016-05-16,0.0208,2080.0,10.0,14584.0,0.0208,0.0208,0.0208,10000570,2016-09-28,2016-09-28,P,1.8,2016-01-29
10720,2016-05-16 13:41:00,2016-05-16,0.0208,4100.0,20.0,14584.0,0.0208,0.0205,0.0205,10000570,2016-09-28,2016-09-28,P,1.8,2016-01-29
10721,2016-05-16 13:42:00,2016-05-16,0.0205,0.0,0.0,14584.0,0.0205,0.0205,0.0205,10000570,2016-09-28,2016-09-28,P,1.8,2016-01-29
10722,2016-05-16 13:43:00,2016-05-16,0.0209,1451.0,7.0,14588.0,0.0205,0.0205,0.0205,10000570,2016-09-28,2016-09-28,P,1.8,2016-01-29
10723,2016-05-16 13:44:00,2016-05-16,0.0207,9920.0,48.0,14588.0,0.0205,0.0205,0.0205,10000570,2016-09-28,2016-09-28,P,1.8,2016-01-29
10724,2016-05-16 13:45:00,2016-05-16,0.0205,8200.0,40.0,14588.0,0.0205,0.0205,0.0205,10000570,2016-09-28,2016-09-28,P,1.8,2016-01-29
10725,2016-05-16 13:46:00,2016-05-16,0.0205,4000.0,20.0,14588.0,0.0205,0.02,0.02,10000570,2016-09-28,2016-09-28,P,1.8,2016-01-29
10726,2016-05-16 13:47:00,2016-05-16,0.0205,4920.0,24.0,14588.0,0.02,0.0205,0.02,10000570,2016-09-28,2016-09-28,P,1.8,2016-01-29
10727,2016-05-16 13:48:00,2016-05-16,0.0205,615.0,3.0,14588.0,0.0205,0.0205,0.0205,10000570,2016-09-28,2016-09-28,P,1.8,2016-01-29
10728,2016-05-16 13:49:00,2016-05-16,0.0207,8670.0,42.0,14588.0,0.0205,0.0205,0.0205,10000570,2016-09-28,2016-09-28,P,1.8,2016-01-29
10729,2016-05-16 13:50:00,2016-05-16,0.0205,1845.0,9.0,14588.0,0.0205,0.0205,0.0205,10000570,2016-09-28,2016-09-28,P,1.8,2016-01-29
10730,2016-05-16 13:51:00,2016-05-16,0.0205,0.0,0.0,14588.0,0.0205,0.0205,0.0205,10000570,2016-09-28,2016-09-28,P,1.8,2016-01-29
10731,2016-05-16 13:52:00,2016-05-16,0.0207,8073.0,39.0,14588.0,0.0205,0.0207,0.0205,10000570,2016-09-28,2016-09-28,P,1.8,2016-01-29
10732,2016-05-16 13:53:00,2016-05-16,0.0207,4347.0,21.0,14588.0,0.0207,0.0207,0.0207,10000570,2016-09-28,2016-09-28,P,1.8,2016-01-29
10733,2016-05-16 13:54:00,2016-05-16,0.0207,4140.0,20.0,14588.0,0.0207,0.0207,0.0207,10000570,2016-09-28,2016-09-28,P,1.8,2016-01-29
10734,2016-05-16 13:55:00,2016-05-16,0.0207,0.0,0.0,14588.0,0.0207,0.0207,0.0207,10000570,2016-09-28,2016-09-28,P,1.8,2016-01-29
10735,2016-05-16 13:56:00,2016-05-16,0.0207,6150.0,30.0,14588.0,0.0207,0.0205,0.0205,10000570,2016-09-28,2016-09-28,P,1.8,2016-01-29
10736,2016-05-16 13:57:00,2016-05-16,0.0205,2460.0,12.0,14578.0,0.0205,0.0205,0.0205,10000570,2016-09-28,2016-09-28,P,1.8,2016-01-29
10737,2016-05-16 13:58:00,2016-05-16,0.0205,10630.0,52.0,14578.0,0.0205,0.0205,0.02,10000570,2016-09-28,2016-09-28,P,1.8,2016-01-29
10738,2016-05-16 13:59:00,2016-05-16,0.0205,4100.0,20.0,14578.0,0.0205,0.0205,0.0205,10000570,2016-09-28,2016-09-28,P,1.8,2016-01-29
10739,2016-05-16 14:00:00,2016-05-16,0.0205,0.0,0.0,14578.0,0.0205,0.0205,0.0205,10000570,2016-09-28,2016-09-28,P,1.8,2016-01-29
10740,2016-05-16 14:01:00,2016-05-16,0.0205,0.0,0.0,14578.0,0.0205,0.0205,0.0205,10000570,2016-09-28,2016-09-28,P,1.8,2016-01-29
10741,2016-05-16 14:02:00,2016-05-16,0.0205,4295.0,21.0,14568.0,0.0205,0.0205,0.0204,10000570,2016-09-28,2016-09-28,P,1.8,2016-01-29
10742,2016-05-16 14:03:00,2016-05-16,0.0207,9705.0,47.0,14568.0,0.0205,0.0207,0.0205,10000570,2016-09-28,2016-09-28,P,1.8,2016-01-29
10743,2016-05-16 14:04:00,2016-05-16,0.0207,12750.0,62.0,14539.0,0.0207,0.0205,0.0205,10000570,2016-09-28,2016-09-28,P,1.8,2016-01-29
10744,2016-05-16 14:05:00,2016-05-16,0.0205,0.0,0.0,14539.0,0.0205,0.0205,0.0205,10000570,2016-09-28,2016-09-28,P,1.8,2016-01-29
10745,2016-05-16 14:06:00,2016-05-16,0.0205,0.0,0.0,14539.0,0.0205,0.0205,0.0205,10000570,2016-09-28,2016-09-28,P,1.8,2016-01-29
10746,2016-05-16 14:07:00,2016-05-16,0.0208,2080.0,10.0,14539.0,0.0205,0.0208,0.0205,10000570,2016-09-28,2016-09-28,P,1.8,2016-01-29
10747,2016-05-16 14:08:00,2016-05-16,0.0208,2080.0,10.0,14539.0,0.0208,0.0208,0.0208,10000570,2016-09-28,2016-09-28,P,1.8,2016-01-29
10748,2016-05-16 14:09:00,2016-05-16,0.0208,2080.0,10.0,14539.0,0.0208,0.0208,0.0208,10000570,2016-09-28,2016-09-28,P,1.8,2016-01-29
10749,2016-05-16 14:10:00,2016-05-16,0.0208,6180.0,30.0,14539.0,0.0208,0.0205,0.0205,10000570,2016-09-28,2016-09-28,P,1.8,2016-01-29
10750,2016-05-16 14:11:00,2016-05-16,0.0205,0.0,0.0,14539.0,0.0205,0.0205,0.0205,10000570,2016-09-28,2016-09-28,P,1.8,2016-01-29
10751,2016-05-16 14:12:00,2016-05-16,0.0205,0.0,0.0,14539.0,0.0205,0.0205,0.0205,10000570,2016-09-28,2016-09-28,P,1.8,2016-01-29
10752,2016-05-16 14:13:00,2016-05-16,0.0209,2090.0,10.0,14539.0,0.0205,0.0209,0.0205,10000570,2016-09-28,2016-09-28,P,1.8,2016-01-29
10753,2016-05-16 14:14:00,2016-05-16,0.021,2100.0,10.0,14539.0,0.021,0.021,0.021,10000570,2016-09-28,2016-09-28,P,1.8,2016-01-29
10754,2016-05-16 14:15:00,2016-05-16,0.021,0.0,0.0,14539.0,0.021,0.021,0.021,10000570,2016-09-28,2016-09-28,P,1.8,2016-01-29
10755,2016-05-16 14:16:00,2016-05-16,0.0212,1472.0,7.0,14544.0,0.021,0.0212,0.021,10000570,2016-09-28,2016-09-28,P,1.8,2016-01-29
10756,2016-05-16 14:17:00,2016-05-16,0.0216,31110.0,145.0,14559.0,0.0212,0.0214,0.021,10000570,2016-09-28,2016-09-28,P,1.8,2016-01-29
10757,2016-05-16 14:18:00,2016-05-16,0.0215,19310.0,90.0,14559.0,0.0214,0.0215,0.0214,10000570,2016-09-28,2016-09-28,P,1.8,2016-01-29
10758,2016-05-16 14:19:00,2016-05-16,0.0217,21770.0,101.0,14566.0,0.0215,0.0217,0.0212,10000570,2016-09-28,2016-09-28,P,1.8,2016-01-29
10759,2016-05-16 14:20:00,2016-05-16,0.0217,14970.0,70.0,14566.0,0.0217,0.0215,0.0213,10000570,2016-09-28,2016-09-28,P,1.8,2016-01-29
10760,2016-05-16 14:21:00,2016-05-16,0.0217,23740.0,110.0,14566.0,0.0215,0.0217,0.0213,10000570,2016-09-28,2016-09-28,P,1.8,2016-01-29
10761,2016-05-16 14:22:00,2016-05-16,0.0217,6490.0,30.0,14566.0,0.0217,0.0215,0.0215,10000570,2016-09-28,2016-09-28,P,1.8,2016-01-29
10762,2016-05-16 14:23:00,2016-05-16,0.0218,10612.0,49.0,14566.0,0.0215,0.0217,0.0215,10000570,2016-09-28,2016-09-28,P,1.8,2016-01-29
10763,2016-05-16 14:24:00,2016-05-16,0.0217,0.0,0.0,14566.0,0.0217,0.0217,0.0217,10000570,2016-09-28,2016-09-28,P,1.8,2016-01-29
10764,2016-05-16 14:25:00,2016-05-16,0.0217,24972.0,116.0,14576.0,0.0217,0.0216,0.0214,10000570,2016-09-28,2016-09-28,P,1.8,2016-01-29
10765,2016-05-16 14:26:00,2016-05-16,0.0216,4955.0,23.0,14576.0,0.0216,0.0215,0.0215,10000570,2016-09-28,2016-09-28,P,1.8,2016-01-29
10766,2016-05-16 14:27:00,2016-05-16,0.0215,0.0,0.0,14576.0,0.0215,0.0215,0.0215,10000570,2016-09-28,2016-09-28,P,1.8,2016-01-29
10767,2016-05-16 14:28:00,2016-05-16,0.0215,0.0,0.0,14576.0,0.0215,0.0215,0.0215,10000570,2016-09-28,2016-09-28,P,1.8,2016-01-29
10768,2016-05-16 14:29:00,2016-05-16,0.0215,0.0,0.0,14576.0,0.0215,0.0215,0.0215,10000570,2016-09-28,2016-09-28,P,1.8,2016-01-29
10769,2016-05-16 14:30:00,2016-05-16,0.0215,0.0,0.0,14576.0,0.0215,0.0215,0.0215,10000570,2016-09-28,2016-09-28,P,1.8,2016-01-29
10770,2016-05-16 14:31:00,2016-05-16,0.0215,2020.0,10.0,14576.0,0.0215,0.0202,0.0202,10000570,2016-09-28,2016-09-28,P,1.8,2016-01-29
10771,2016-05-16 14:32:00,2016-05-16,0.0202,0.0,0.0,14576.0,0.0202,0.0202,0.0202,10000570,2016-09-28,2016-09-28,P,1.8,2016-01-29
10772,2016-05-16 14:33:00,2016-05-16,0.0202,0.0,0.0,14576.0,0.0202,0.0202,0.0202,10000570,2016-09-28,2016-09-28,P,1.8,2016-01-29
10773,2016-05-16 14:34:00,2016-05-16,0.0202,0.0,0.0,14576.0,0.0202,0.0202,0.0202,10000570,2016-09-28,2016-09-28,P,1.8,2016-01-29
10774,2016-05-16 14:35:00,2016-05-16,0.0209,209.0,1.0,14577.0,0.0202,0.0209,0.0202,10000570,2016-09-28,2016-09-28,P,1.8,2016-01-29
10775,2016-05-16 14:36:00,2016-05-16,0.0209,0.0,0.0,14577.0,0.0209,0.0209,0.0209,10000570,2016-09-28,2016-09-28,P,1.8,2016-01-29
10776,2016-05-16 14:37:00,2016-05-16,0.0209,0.0,0.0,14577.0,0.0209,0.0209,0.0209,10000570,2016-09-28,2016-09-28,P,1.8,2016-01-29
10777,2016-05-16 14:38:00,2016-05-16,0.0209,4790.0,24.0,14573.0,0.0209,0.02,0.0199,10000570,2016-09-28,2016-09-28,P,1.8,2016-01-29
10778,2016-05-16 14:39:00,2016-05-16,0.02,0.0,0.0,14573.0,0.02,0.02,0.02,10000570,2016-09-28,2016-09-28,P,1.8,2016-01-29
10779,2016-05-16 14:40:00,2016-05-16,0.0206,4292.0,21.0,14573.0,0.02,0.0206,0.02,10000570,2016-09-28,2016-09-28,P,1.8,2016-01-29
10780,2016-05-16 14:41:00,2016-05-16,0.0209,10202.0,49.0,14573.0,0.0206,0.0209,0.0206,10000570,2016-09-28,2016-09-28,P,1.8,2016-01-29
10781,2016-05-16 14:42:00,2016-05-16,0.021,4388.0,21.0,14567.0,0.021,0.0208,0.0208,10000570,2016-09-28,2016-09-28,P,1.8,2016-01-29
10782,2016-05-16 14:43:00,2016-05-16,0.0211,14453.0,69.0,14567.0,0.0208,0.021,0.0208,10000570,2016-09-28,2016-09-28,P,1.8,2016-01-29
10783,2016-05-16 14:44:00,2016-05-16,0.0214,25617.0,121.0,14567.0,0.021,0.0211,0.021,10000570,2016-09-28,2016-09-28,P,1.8,2016-01-29
10784,2016-05-16 14:45:00,2016-05-16,0.0215,37167.0,176.0,14573.0,0.0211,0.0209,0.0207,10000570,2016-09-28,2016-09-28,P,1.8,2016-01-29
10785,2016-05-16 14:46:00,2016-05-16,0.0214,12826.0,61.0,14573.0,0.0209,0.0209,0.0209,10000570,2016-09-28,2016-09-28,P,1.8,2016-01-29
10786,2016-05-16 14:47:00,2016-05-16,0.0209,0.0,0.0,14573.0,0.0209,0.0209,0.0209,10000570,2016-09-28,2016-09-28,P,1.8,2016-01-29
10787,2016-05-16 14:48:00,2016-05-16,0.0209,0.0,0.0,14573.0,0.0209,0.0209,0.0209,10000570,2016-09-28,2016-09-28,P,1.8,2016-01-29
10788,2016-05-16 14:49:00,2016-05-16,0.0211,2110.0,10.0,14583.0,0.0209,0.0211,0.0209,10000570,2016-09-28,2016-09-28,P,1.8,2016-01-29
10789,2016-05-16 14:50:00,2016-05-16,0.0211,0.0,0.0,14583.0,0.0211,0.0211,0.0211,10000570,2016-09-28,2016-09-28,P,1.8,2016-01-29
10790,2016-05-16 14:51:00,2016-05-16,0.0211,0.0,0.0,14583.0,0.0211,0.0211,0.0211,10000570,2016-09-28,2016-09-28,P,1.8,2016-01-29
10791,2016-05-16 14:52:00,2016-05-16,0.0211,0.0,0.0,14583.0,0.0211,0.0211,0.0211,10000570,2016-09-28,2016-09-28,P,1.8,2016-01-29
10792,2016-05-16 14:53:00,2016-05-16,0.0211,830.0,4.0,14583.0,0.0211,0.0209,0.0203,10000570,2016-09-28,2016-09-28,P,1.8,2016-01-29
10793,2016-05-16 14:54:00,2016-05-16,0.0209,816.0,4.0,14583.0,0.0209,0.0204,0.0204,10000570,2016-09-28,2016-09-28,P,1.8,2016-01-29
10794,2016-05-16 14:55:00,2016-05-16,0.0204,0.0,0.0,14583.0,0.0204,0.0204,0.0204,10000570,2016-09-28,2016-09-28,P,1.8,2016-01-29
10795,2016-05-16 14:56:00,2016-05-16,0.0204,0.0,0.0,14583.0,0.0204,0.0204,0.0204,10000570,2016-09-28,2016-09-28,P,1.8,2016-01-29
10796,2016-05-16 14:57:00,2016-05-16,0.0204,606.0,3.0,14583.0,0.0204,0.0202,0.0202,10000570,2016-09-28,2016-09-28,P,1.8,2016-01-29
10797,2016-05-16 14:58:00,2016-05-16,0.0202,0.0,0.0,14583.0,0.0202,0.0202,0.0202,10000570,2016-09-28,2016-09-28,P,1.8,2016-01-29
10798,2016-05-16 14:59:00,2016-05-16,0.0202,0.0,0.0,14583.0,0.0202,0.0202,0.0202,10000570,2016-09-28,2016-09-28,P,1.8,2016-01-29
10799,2016-05-16 15:00:00,2016-05-16,0.0202,0.0,0.0,14583.0,0.0202,0.0202,0.0202,10000570,2016-09-28,2016-09-28,P,1.8,2016-01-29
10800,2016-05-16 09:31:00,2016-05-16,0.2161,2161.0,1.0,1272.0,0.2161,0.2161,0.2161,10000555,2016-09-28,2016-09-28,C,1.85,2016-01-28
10801,2016-05-16 09:32:00,2016-05-16,0.2161,0.0,0.0,1272.0,0.2161,0.2161,0.2161,10000555,2016-09-28,2016-09-28,C,1.85,2016-01-28
10802,2016-05-16 09:33:00,2016-05-16,0.2161,0.0,0.0,1272.0,0.2161,0.2161,0.2161,10000555,2016-09-28,2016-09-28,C,1.85,2016-01-28
10803,2016-05-16 09:34:00,2016-05-16,0.2161,0.0,0.0,1272.0,0.2161,0.2161,0.2161,10000555,2016-09-28,2016-09-28,C,1.85,2016-01-28
10804,2016-05-16 09:35:00,2016-05-16,0.2161,0.0,0.0,1272.0,0.2161,0.2161,0.2161,10000555,2016-09-28,2016-09-28,C,1.85,2016-01-28
10805,2016-05-16 09:36:00,2016-05-16,0.2161,0.0,0.0,1272.0,0.2161,0.2161,0.2161,10000555,2016-09-28,2016-09-28,C,1.85,2016-01-28
10806,2016-05-16 09:37:00,2016-05-16,0.2161,0.0,0.0,1272.0,0.2161,0.2161,0.2161,10000555,2016-09-28,2016-09-28,C,1.85,2016-01-28
10807,2016-05-16 09:38:00,2016-05-16,0.2162,10810.0,5.0,1277.0,0.2161,0.2162,0.2161,10000555,2016-09-28,2016-09-28,C,1.85,2016-01-28
10808,2016-05-16 09:39:00,2016-05-16,0.2162,0.0,0.0,1277.0,0.2162,0.2162,0.2162,10000555,2016-09-28,2016-09-28,C,1.85,2016-01-28
10809,2016-05-16 09:40:00,2016-05-16,0.2162,0.0,0.0,1277.0,0.2162,0.2162,0.2162,10000555,2016-09-28,2016-09-28,C,1.85,2016-01-28
10810,2016-05-16 09:41:00,2016-05-16,0.2162,0.0,0.0,1277.0,0.2162,0.2162,0.2162,10000555,2016-09-28,2016-09-28,C,1.85,2016-01-28
10811,2016-05-16 09:42:00,2016-05-16,0.2162,0.0,0.0,1277.0,0.2162,0.2162,0.2162,10000555,2016-09-28,2016-09-28,C,1.85,2016-01-28
10812,2016-05-16 09:43:00,2016-05-16,0.2162,0.0,0.0,1277.0,0.2162,0.2162,0.2162,10000555,2016-09-28,2016-09-28,C,1.85,2016-01-28
10813,2016-05-16 09:44:00,2016-05-16,0.2162,0.0,0.0,1277.0,0.2162,0.2162,0.2162,10000555,2016-09-28,2016-09-28,C,1.85,2016-01-28
10814,2016-05-16 09:45:00,2016-05-16,0.2162,0.0,0.0,1277.0,0.2162,0.2162,0.2162,10000555,2016-09-28,2016-09-28,C,1.85,2016-01-28
10815,2016-05-16 09:46:00,2016-05-16,0.2162,0.0,0.0,1277.0,0.2162,0.2162,0.2162,10000555,2016-09-28,2016-09-28,C,1.85,2016-01-28
10816,2016-05-16 09:47:00,2016-05-16,0.2162,0.0,0.0,1277.0,0.2162,0.2162,0.2162,10000555,2016-09-28,2016-09-28,C,1.85,2016-01-28
10817,2016-05-16 09:48:00,2016-05-16,0.2162,0.0,0.0,1277.0,0.2162,0.2162,0.2162,10000555,2016-09-28,2016-09-28,C,1.85,2016-01-28
10818,2016-05-16 09:49:00,2016-05-16,0.2162,0.0,0.0,1277.0,0.2162,0.2162,0.2162,10000555,2016-09-28,2016-09-28,C,1.85,2016-01-28
10819,2016-05-16 09:50:00,2016-05-16,0.2162,0.0,0.0,1277.0,0.2162,0.2162,0.2162,10000555,2016-09-28,2016-09-28,C,1.85,2016-01-28
10820,2016-05-16 09:51:00,2016-05-16,0.2162,0.0,0.0,1277.0,0.2162,0.2162,0.2162,10000555,2016-09-28,2016-09-28,C,1.85,2016-01-28
10821,2016-05-16 09:52:00,2016-05-16,0.2162,0.0,0.0,1277.0,0.2162,0.2162,0.2162,10000555,2016-09-28,2016-09-28,C,1.85,2016-01-28
10822,2016-05-16 09:53:00,2016-05-16,0.2081,4161.0,2.0,1277.0,0.2081,0.208,0.208,10000555,2016-09-28,2016-09-28,C,1.85,2016-01-28
10823,2016-05-16 09:54:00,2016-05-16,0.208,0.0,0.0,1277.0,0.208,0.208,0.208,10000555,2016-09-28,2016-09-28,C,1.85,2016-01-28
10824,2016-05-16 09:55:00,2016-05-16,0.208,0.0,0.0,1277.0,0.208,0.208,0.208,10000555,2016-09-28,2016-09-28,C,1.85,2016-01-28
10825,2016-05-16 09:56:00,2016-05-16,0.208,0.0,0.0,1277.0,0.208,0.208,0.208,10000555,2016-09-28,2016-09-28,C,1.85,2016-01-28
10826,2016-05-16 09:57:00,2016-05-16,0.208,0.0,0.0,1277.0,0.208,0.208,0.208,10000555,2016-09-28,2016-09-28,C,1.85,2016-01-28
10827,2016-05-16 09:58:00,2016-05-16,0.208,0.0,0.0,1277.0,0.208,0.208,0.208,10000555,2016-09-28,2016-09-28,C,1.85,2016-01-28
10828,2016-05-16 09:59:00,2016-05-16,0.208,0.0,0.0,1277.0,0.208,0.208,0.208,10000555,2016-09-28,2016-09-28,C,1.85,2016-01-28
10829,2016-05-16 10:00:00,2016-05-16,0.208,0.0,0.0,1277.0,0.208,0.208,0.208,10000555,2016-09-28,2016-09-28,C,1.85,2016-01-28
10830,2016-05-16 10:01:00,2016-05-16,0.208,0.0,0.0,1277.0,0.208,0.208,0.208,10000555,2016-09-28,2016-09-28,C,1.85,2016-01-28
10831,2016-05-16 10:02:00,2016-05-16,0.208,0.0,0.0,1277.0,0.208,0.208,0.208,10000555,2016-09-28,2016-09-28,C,1.85,2016-01-28
10832,2016-05-16 10:03:00,2016-05-16,0.208,0.0,0.0,1277.0,0.208,0.208,0.208,10000555,2016-09-28,2016-09-28,C,1.85,2016-01-28
10833,2016-05-16 10:04:00,2016-05-16,0.208,0.0,0.0,1277.0,0.208,0.208,0.208,10000555,2016-09-28,2016-09-28,C,1.85,2016-01-28
10834,2016-05-16 10:05:00,2016-05-16,0.208,0.0,0.0,1277.0,0.208,0.208,0.208,10000555,2016-09-28,2016-09-28,C,1.85,2016-01-28
10835,2016-05-16 10:06:00,2016-05-16,0.208,0.0,0.0,1277.0,0.208,0.208,0.208,10000555,2016-09-28,2016-09-28,C,1.85,2016-01-28
10836,2016-05-16 10:07:00,2016-05-16,0.208,0.0,0.0,1277.0,0.208,0.208,0.208,10000555,2016-09-28,2016-09-28,C,1.85,2016-01-28
10837,2016-05-16 10:08:00,2016-05-16,0.208,0.0,0.0,1277.0,0.208,0.208,0.208,10000555,2016-09-28,2016-09-28,C,1.85,2016-01-28
10838,2016-05-16 10:09:00,2016-05-16,0.208,0.0,0.0,1277.0,0.208,0.208,0.208,10000555,2016-09-28,2016-09-28,C,1.85,2016-01-28
10839,2016-05-16 10:10:00,2016-05-16,0.208,0.0,0.0,1277.0,0.208,0.208,0.208,10000555,2016-09-28,2016-09-28,C,1.85,2016-01-28
10840,2016-05-16 10:11:00,2016-05-16,0.208,0.0,0.0,1277.0,0.208,0.208,0.208,10000555,2016-09-28,2016-09-28,C,1.85,2016-01-28
10841,2016-05-16 10:12:00,2016-05-16,0.208,0.0,0.0,1277.0,0.208,0.208,0.208,10000555,2016-09-28,2016-09-28,C,1.85,2016-01-28
10842,2016-05-16 10:13:00,2016-05-16,0.209,2090.0,1.0,1277.0,0.208,0.209,0.208,10000555,2016-09-28,2016-09-28,C,1.85,2016-01-28
10843,2016-05-16 10:14:00,2016-05-16,0.209,0.0,0.0,1277.0,0.209,0.209,0.209,10000555,2016-09-28,2016-09-28,C,1.85,2016-01-28
10844,2016-05-16 10:15:00,2016-05-16,0.209,0.0,0.0,1277.0,0.209,0.209,0.209,10000555,2016-09-28,2016-09-28,C,1.85,2016-01-28
10845,2016-05-16 10:16:00,2016-05-16,0.209,0.0,0.0,1277.0,0.209,0.209,0.209,10000555,2016-09-28,2016-09-28,C,1.85,2016-01-28
10846,2016-05-16 10:17:00,2016-05-16,0.209,0.0,0.0,1277.0,0.209,0.209,0.209,10000555,2016-09-28,2016-09-28,C,1.85,2016-01-28
10847,2016-05-16 10:18:00,2016-05-16,0.209,0.0,0.0,1277.0,0.209,0.209,0.209,10000555,2016-09-28,2016-09-28,C,1.85,2016-01-28
10848,2016-05-16 10:19:00,2016-05-16,0.209,0.0,0.0,1277.0,0.209,0.209,0.209,10000555,2016-09-28,2016-09-28,C,1.85,2016-01-28
10849,2016-05-16 10:20:00,2016-05-16,0.209,0.0,0.0,1277.0,0.209,0.209,0.209,10000555,2016-09-28,2016-09-28,C,1.85,2016-01-28
10850,2016-05-16 10:21:00,2016-05-16,0.209,0.0,0.0,1277.0,0.209,0.209,0.209,10000555,2016-09-28,2016-09-28,C,1.85,2016-01-28
10851,2016-05-16 10:22:00,2016-05-16,0.209,0.0,0.0,1277.0,0.209,0.209,0.209,10000555,2016-09-28,2016-09-28,C,1.85,2016-01-28
10852,2016-05-16 10:23:00,2016-05-16,0.209,0.0,0.0,1277.0,0.209,0.209,0.209,10000555,2016-09-28,2016-09-28,C,1.85,2016-01-28
10853,2016-05-16 10:24:00,2016-05-16,0.209,0.0,0.0,1277.0,0.209,0.209,0.209,10000555,2016-09-28,2016-09-28,C,1.85,2016-01-28
10854,2016-05-16 10:25:00,2016-05-16,0.209,0.0,0.0,1277.0,0.209,0.209,0.209,10000555,2016-09-28,2016-09-28,C,1.85,2016-01-28
10855,2016-05-16 10:26:00,2016-05-16,0.209,0.0,0.0,1277.0,0.209,0.209,0.209,10000555,2016-09-28,2016-09-28,C,1.85,2016-01-28
10856,2016-05-16 10:27:00,2016-05-16,0.209,2087.0,1.0,1278.0,0.209,0.2087,0.2087,10000555,2016-09-28,2016-09-28,C,1.85,2016-01-28
10857,2016-05-16 10:28:00,2016-05-16,0.209,2090.0,1.0,1277.0,0.2087,0.209,0.2087,10000555,2016-09-28,2016-09-28,C,1.85,2016-01-28
10858,2016-05-16 10:29:00,2016-05-16,0.209,20900.0,10.0,1277.0,0.209,0.209,0.209,10000555,2016-09-28,2016-09-28,C,1.85,2016-01-28
10859,2016-05-16 10:30:00,2016-05-16,0.209,16720.0,8.0,1277.0,0.209,0.209,0.209,10000555,2016-09-28,2016-09-28,C,1.85,2016-01-28
10860,2016-05-16 10:31:00,2016-05-16,0.209,0.0,0.0,1277.0,0.209,0.209,0.209,10000555,2016-09-28,2016-09-28,C,1.85,2016-01-28
10861,2016-05-16 10:32:00,2016-05-16,0.209,0.0,0.0,1277.0,0.209,0.209,0.209,10000555,2016-09-28,2016-09-28,C,1.85,2016-01-28
10862,2016-05-16 10:33:00,2016-05-16,0.209,0.0,0.0,1277.0,0.209,0.209,0.209,10000555,2016-09-28,2016-09-28,C,1.85,2016-01-28
10863,2016-05-16 10:34:00,2016-05-16,0.209,0.0,0.0,1277.0,0.209,0.209,0.209,10000555,2016-09-28,2016-09-28,C,1.85,2016-01-28
10864,2016-05-16 10:35:00,2016-05-16,0.209,0.0,0.0,1277.0,0.209,0.209,0.209,10000555,2016-09-28,2016-09-28,C,1.85,2016-01-28
10865,2016-05-16 10:36:00,2016-05-16,0.209,0.0,0.0,1277.0,0.209,0.209,0.209,10000555,2016-09-28,2016-09-28,C,1.85,2016-01-28
10866,2016-05-16 10:37:00,2016-05-16,0.209,0.0,0.0,1277.0,0.209,0.209,0.209,10000555,2016-09-28,2016-09-28,C,1.85,2016-01-28
10867,2016-05-16 10:38:00,2016-05-16,0.209,8360.0,4.0,1277.0,0.209,0.209,0.209,10000555,2016-09-28,2016-09-28,C,1.85,2016-01-28
10868,2016-05-16 10:39:00,2016-05-16,0.209,0.0,0.0,1277.0,0.209,0.209,0.209,10000555,2016-09-28,2016-09-28,C,1.85,2016-01-28
10869,2016-05-16 10:40:00,2016-05-16,0.209,0.0,0.0,1277.0,0.209,0.209,0.209,10000555,2016-09-28,2016-09-28,C,1.85,2016-01-28
10870,2016-05-16 10:41:00,2016-05-16,0.209,0.0,0.0,1277.0,0.209,0.209,0.209,10000555,2016-09-28,2016-09-28,C,1.85,2016-01-28
10871,2016-05-16 10:42:00,2016-05-16,0.209,0.0,0.0,1277.0,0.209,0.209,0.209,10000555,2016-09-28,2016-09-28,C,1.85,2016-01-28
10872,2016-05-16 10:43:00,2016-05-16,0.209,0.0,0.0,1277.0,0.209,0.209,0.209,10000555,2016-09-28,2016-09-28,C,1.85,2016-01-28
10873,2016-05-16 10:44:00,2016-05-16,0.209,0.0,0.0,1277.0,0.209,0.209,0.209,10000555,2016-09-28,2016-09-28,C,1.85,2016-01-28
10874,2016-05-16 10:45:00,2016-05-16,0.209,0.0,0.0,1277.0,0.209,0.209,0.209,10000555,2016-09-28,2016-09-28,C,1.85,2016-01-28
10875,2016-05-16 10:46:00,2016-05-16,0.209,0.0,0.0,1277.0,0.209,0.209,0.209,10000555,2016-09-28,2016-09-28,C,1.85,2016-01-28
10876,2016-05-16 10:47:00,2016-05-16,0.209,0.0,0.0,1277.0,0.209,0.209,0.209,10000555,2016-09-28,2016-09-28,C,1.85,2016-01-28
10877,2016-05-16 10:48:00,2016-05-16,0.209,0.0,0.0,1277.0,0.209,0.209,0.209,10000555,2016-09-28,2016-09-28,C,1.85,2016-01-28
10878,2016-05-16 10:49:00,2016-05-16,0.209,0.0,0.0,1277.0,0.209,0.209,0.209,10000555,2016-09-28,2016-09-28,C,1.85,2016-01-28
10879,2016-05-16 10:50:00,2016-05-16,0.209,0.0,0.0,1277.0,0.209,0.209,0.209,10000555,2016-09-28,2016-09-28,C,1.85,2016-01-28
10880,2016-05-16 10:51:00,2016-05-16,0.209,0.0,0.0,1277.0,0.209,0.209,0.209,10000555,2016-09-28,2016-09-28,C,1.85,2016-01-28
10881,2016-05-16 10:52:00,2016-05-16,0.209,0.0,0.0,1277.0,0.209,0.209,0.209,10000555,2016-09-28,2016-09-28,C,1.85,2016-01-28
10882,2016-05-16 10:53:00,2016-05-16,0.209,0.0,0.0,1277.0,0.209,0.209,0.209,10000555,2016-09-28,2016-09-28,C,1.85,2016-01-28
10883,2016-05-16 10:54:00,2016-05-16,0.209,0.0,0.0,1277.0,0.209,0.209,0.209,10000555,2016-09-28,2016-09-28,C,1.85,2016-01-28
10884,2016-05-16 10:55:00,2016-05-16,0.209,0.0,0.0,1277.0,0.209,0.209,0.209,10000555,2016-09-28,2016-09-28,C,1.85,2016-01-28
10885,2016-05-16 10:56:00,2016-05-16,0.209,0.0,0.0,1277.0,0.209,0.209,0.209,10000555,2016-09-28,2016-09-28,C,1.85,2016-01-28
10886,2016-05-16 10:57:00,2016-05-16,0.209,0.0,0.0,1277.0,0.209,0.209,0.209,10000555,2016-09-28,2016-09-28,C,1.85,2016-01-28
10887,2016-05-16 10:58:00,2016-05-16,0.209,0.0,0.0,1277.0,0.209,0.209,0.209,10000555,2016-09-28,2016-09-28,C,1.85,2016-01-28
10888,2016-05-16 10:59:00,2016-05-16,0.219,2190.0,1.0,1278.0,0.209,0.219,0.209,10000555,2016-09-28,2016-09-28,C,1.85,2016-01-28
10889,2016-05-16 11:00:00,2016-05-16,0.219,0.0,0.0,1278.0,0.219,0.219,0.219,10000555,2016-09-28,2016-09-28,C,1.85,2016-01-28
10890,2016-05-16 11:01:00,2016-05-16,0.219,0.0,0.0,1278.0,0.219,0.219,0.219,10000555,2016-09-28,2016-09-28,C,1.85,2016-01-28
10891,2016-05-16 11:02:00,2016-05-16,0.219,0.0,0.0,1278.0,0.219,0.219,0.219,10000555,2016-09-28,2016-09-28,C,1.85,2016-01-28
10892,2016-05-16 11:03:00,2016-05-16,0.219,0.0,0.0,1278.0,0.219,0.219,0.219,10000555,2016-09-28,2016-09-28,C,1.85,2016-01-28
10893,2016-05-16 11:04:00,2016-05-16,0.219,0.0,0.0,1278.0,0.219,0.219,0.219,10000555,2016-09-28,2016-09-28,C,1.85,2016-01-28
10894,2016-05-16 11:05:00,2016-05-16,0.219,0.0,0.0,1278.0,0.219,0.219,0.219,10000555,2016-09-28,2016-09-28,C,1.85,2016-01-28
10895,2016-05-16 11:06:00,2016-05-16,0.219,0.0,0.0,1278.0,0.219,0.219,0.219,10000555,2016-09-28,2016-09-28,C,1.85,2016-01-28
10896,2016-05-16 11:07:00,2016-05-16,0.219,0.0,0.0,1278.0,0.219,0.219,0.219,10000555,2016-09-28,2016-09-28,C,1.85,2016-01-28
10897,2016-05-16 11:08:00,2016-05-16,0.219,0.0,0.0,1278.0,0.219,0.219,0.219,10000555,2016-09-28,2016-09-28,C,1.85,2016-01-28
10898,2016-05-16 11:09:00,2016-05-16,0.219,0.0,0.0,1278.0,0.219,0.219,0.219,10000555,2016-09-28,2016-09-28,C,1.85,2016-01-28
10899,2016-05-16 11:10:00,2016-05-16,0.219,0.0,0.0,1278.0,0.219,0.219,0.219,10000555,2016-09-28,2016-09-28,C,1.85,2016-01-28
10900,2016-05-16 11:11:00,2016-05-16,0.219,0.0,0.0,1278.0,0.219,0.219,0.219,10000555,2016-09-28,2016-09-28,C,1.85,2016-01-28
10901,2016-05-16 11:12:00,2016-05-16,0.219,0.0,0.0,1278.0,0.219,0.219,0.219,10000555,2016-09-28,2016-09-28,C,1.85,2016-01-28
10902,2016-05-16 11:13:00,2016-05-16,0.219,0.0,0.0,1278.0,0.219,0.219,0.219,10000555,2016-09-28,2016-09-28,C,1.85,2016-01-28
10903,2016-05-16 11:14:00,2016-05-16,0.219,6552.0,3.0,1281.0,0.219,0.2184,0.2184,10000555,2016-09-28,2016-09-28,C,1.85,2016-01-28
10904,2016-05-16 11:15:00,2016-05-16,0.2184,0.0,0.0,1281.0,0.2184,0.2184,0.2184,10000555,2016-09-28,2016-09-28,C,1.85,2016-01-28
10905,2016-05-16 11:16:00,2016-05-16,0.2184,0.0,0.0,1281.0,0.2184,0.2184,0.2184,10000555,2016-09-28,2016-09-28,C,1.85,2016-01-28
10906,2016-05-16 11:17:00,2016-05-16,0.2184,0.0,0.0,1281.0,0.2184,0.2184,0.2184,10000555,2016-09-28,2016-09-28,C,1.85,2016-01-28
10907,2016-05-16 11:18:00,2016-05-16,0.2184,0.0,0.0,1281.0,0.2184,0.2184,0.2184,10000555,2016-09-28,2016-09-28,C,1.85,2016-01-28
10908,2016-05-16 11:19:00,2016-05-16,0.2184,0.0,0.0,1281.0,0.2184,0.2184,0.2184,10000555,2016-09-28,2016-09-28,C,1.85,2016-01-28
10909,2016-05-16 11:20:00,2016-05-16,0.2184,0.0,0.0,1281.0,0.2184,0.2184,0.2184,10000555,2016-09-28,2016-09-28,C,1.85,2016-01-28
10910,2016-05-16 11:21:00,2016-05-16,0.2184,0.0,0.0,1281.0,0.2184,0.2184,0.2184,10000555,2016-09-28,2016-09-28,C,1.85,2016-01-28
10911,2016-05-16 11:22:00,2016-05-16,0.2184,0.0,0.0,1281.0,0.2184,0.2184,0.2184,10000555,2016-09-28,2016-09-28,C,1.85,2016-01-28
10912,2016-05-16 11:23:00,2016-05-16,0.2184,0.0,0.0,1281.0,0.2184,0.2184,0.2184,10000555,2016-09-28,2016-09-28,C,1.85,2016-01-28
10913,2016-05-16 11:24:00,2016-05-16,0.2184,0.0,0.0,1281.0,0.2184,0.2184,0.2184,10000555,2016-09-28,2016-09-28,C,1.85,2016-01-28
10914,2016-05-16 11:25:00,2016-05-16,0.2184,0.0,0.0,1281.0,0.2184,0.2184,0.2184,10000555,2016-09-28,2016-09-28,C,1.85,2016-01-28
10915,2016-05-16 11:26:00,2016-05-16,0.2184,0.0,0.0,1281.0,0.2184,0.2184,0.2184,10000555,2016-09-28,2016-09-28,C,1.85,2016-01-28
10916,2016-05-16 11:27:00,2016-05-16,0.2184,0.0,0.0,1281.0,0.2184,0.2184,0.2184,10000555,2016-09-28,2016-09-28,C,1.85,2016-01-28
10917,2016-05-16 11:28:00,2016-05-16,0.2184,0.0,0.0,1281.0,0.2184,0.2184,0.2184,10000555,2016-09-28,2016-09-28,C,1.85,2016-01-28
10918,2016-05-16 11:29:00,2016-05-16,0.2184,0.0,0.0,1281.0,0.2184,0.2184,0.2184,10000555,2016-09-28,2016-09-28,C,1.85,2016-01-28
10919,2016-05-16 11:30:00,2016-05-16,0.2184,0.0,0.0,1281.0,0.2184,0.2184,0.2184,10000555,2016-09-28,2016-09-28,C,1.85,2016-01-28
10920,2016-05-16 13:01:00,2016-05-16,0.2184,0.0,0.0,1281.0,0.2184,0.2184,0.2184,10000555,2016-09-28,2016-09-28,C,1.85,2016-01-28
10921,2016-05-16 13:02:00,2016-05-16,0.2184,0.0,0.0,1281.0,0.2184,0.2184,0.2184,10000555,2016-09-28,2016-09-28,C,1.85,2016-01-28
10922,2016-05-16 13:03:00,2016-05-16,0.2184,0.0,0.0,1281.0,0.2184,0.2184,0.2184,10000555,2016-09-28,2016-09-28,C,1.85,2016-01-28
10923,2016-05-16 13:04:00,2016-05-16,0.2184,0.0,0.0,1281.0,0.2184,0.2184,0.2184,10000555,2016-09-28,2016-09-28,C,1.85,2016-01-28
10924,2016-05-16 13:05:00,2016-05-16,0.2184,0.0,0.0,1281.0,0.2184,0.2184,0.2184,10000555,2016-09-28,2016-09-28,C,1.85,2016-01-28
10925,2016-05-16 13:06:00,2016-05-16,0.2184,0.0,0.0,1281.0,0.2184,0.2184,0.2184,10000555,2016-09-28,2016-09-28,C,1.85,2016-01-28
10926,2016-05-16 13:07:00,2016-05-16,0.2184,0.0,0.0,1281.0,0.2184,0.2184,0.2184,10000555,2016-09-28,2016-09-28,C,1.85,2016-01-28
10927,2016-05-16 13:08:00,2016-05-16,0.2184,0.0,0.0,1281.0,0.2184,0.2184,0.2184,10000555,2016-09-28,2016-09-28,C,1.85,2016-01-28
10928,2016-05-16 13:09:00,2016-05-16,0.2184,0.0,0.0,1281.0,0.2184,0.2184,0.2184,10000555,2016-09-28,2016-09-28,C,1.85,2016-01-28
10929,2016-05-16 13:10:00,2016-05-16,0.2184,0.0,0.0,1281.0,0.2184,0.2184,0.2184,10000555,2016-09-28,2016-09-28,C,1.85,2016-01-28
10930,2016-05-16 13:11:00,2016-05-16,0.2184,0.0,0.0,1281.0,0.2184,0.2184,0.2184,10000555,2016-09-28,2016-09-28,C,1.85,2016-01-28
10931,2016-05-16 13:12:00,2016-05-16,0.2184,0.0,0.0,1281.0,0.2184,0.2184,0.2184,10000555,2016-09-28,2016-09-28,C,1.85,2016-01-28
10932,2016-05-16 13:13:00,2016-05-16,0.2184,0.0,0.0,1281.0,0.2184,0.2184,0.2184,10000555,2016-09-28,2016-09-28,C,1.85,2016-01-28
10933,2016-05-16 13:14:00,2016-05-16,0.2184,0.0,0.0,1281.0,0.2184,0.2184,0.2184,10000555,2016-09-28,2016-09-28,C,1.85,2016-01-28
10934,2016-05-16 13:15:00,2016-05-16,0.2184,0.0,0.0,1281.0,0.2184,0.2184,0.2184,10000555,2016-09-28,2016-09-28,C,1.85,2016-01-28
10935,2016-05-16 13:16:00,2016-05-16,0.2184,0.0,0.0,1281.0,0.2184,0.2184,0.2184,10000555,2016-09-28,2016-09-28,C,1.85,2016-01-28
10936,2016-05-16 13:17:00,2016-05-16,0.2184,0.0,0.0,1281.0,0.2184,0.2184,0.2184,10000555,2016-09-28,2016-09-28,C,1.85,2016-01-28
10937,2016-05-16 13:18:00,2016-05-16,0.2184,0.0,0.0,1281.0,0.2184,0.2184,0.2184,10000555,2016-09-28,2016-09-28,C,1.85,2016-01-28
10938,2016-05-16 13:19:00,2016-05-16,0.2184,0.0,0.0,1281.0,0.2184,0.2184,0.2184,10000555,2016-09-28,2016-09-28,C,1.85,2016-01-28
10939,2016-05-16 13:20:00,2016-05-16,0.2184,0.0,0.0,1281.0,0.2184,0.2184,0.2184,10000555,2016-09-28,2016-09-28,C,1.85,2016-01-28
10940,2016-05-16 13:21:00,2016-05-16,0.2184,0.0,0.0,1281.0,0.2184,0.2184,0.2184,10000555,2016-09-28,2016-09-28,C,1.85,2016-01-28
10941,2016-05-16 13:22:00,2016-05-16,0.2184,0.0,0.0,1281.0,0.2184,0.2184,0.2184,10000555,2016-09-28,2016-09-28,C,1.85,2016-01-28
10942,2016-05-16 13:23:00,2016-05-16,0.2184,0.0,0.0,1281.0,0.2184,0.2184,0.2184,10000555,2016-09-28,2016-09-28,C,1.85,2016-01-28
10943,2016-05-16 13:24:00,2016-05-16,0.2184,0.0,0.0,1281.0,0.2184,0.2184,0.2184,10000555,2016-09-28,2016-09-28,C,1.85,2016-01-28
10944,2016-05-16 13:25:00,2016-05-16,0.2184,0.0,0.0,1281.0,0.2184,0.2184,0.2184,10000555,2016-09-28,2016-09-28,C,1.85,2016-01-28
10945,2016-05-16 13:26:00,2016-05-16,0.2184,0.0,0.0,1281.0,0.2184,0.2184,0.2184,10000555,2016-09-28,2016-09-28,C,1.85,2016-01-28
10946,2016-05-16 13:27:00,2016-05-16,0.2184,0.0,0.0,1281.0,0.2184,0.2184,0.2184,10000555,2016-09-28,2016-09-28,C,1.85,2016-01-28
10947,2016-05-16 13:28:00,2016-05-16,0.2184,0.0,0.0,1281.0,0.2184,0.2184,0.2184,10000555,2016-09-28,2016-09-28,C,1.85,2016-01-28
10948,2016-05-16 13:29:00,2016-05-16,0.2184,0.0,0.0,1281.0,0.2184,0.2184,0.2184,10000555,2016-09-28,2016-09-28,C,1.85,2016-01-28
10949,2016-05-16 13:30:00,2016-05-16,0.2184,0.0,0.0,1281.0,0.2184,0.2184,0.2184,10000555,2016-09-28,2016-09-28,C,1.85,2016-01-28
10950,2016-05-16 13:31:00,2016-05-16,0.2184,0.0,0.0,1281.0,0.2184,0.2184,0.2184,10000555,2016-09-28,2016-09-28,C,1.85,2016-01-28
10951,2016-05-16 13:32:00,2016-05-16,0.2184,0.0,0.0,1281.0,0.2184,0.2184,0.2184,10000555,2016-09-28,2016-09-28,C,1.85,2016-01-28
10952,2016-05-16 13:33:00,2016-05-16,0.2184,0.0,0.0,1281.0,0.2184,0.2184,0.2184,10000555,2016-09-28,2016-09-28,C,1.85,2016-01-28
10953,2016-05-16 13:34:00,2016-05-16,0.2184,0.0,0.0,1281.0,0.2184,0.2184,0.2184,10000555,2016-09-28,2016-09-28,C,1.85,2016-01-28
10954,2016-05-16 13:35:00,2016-05-16,0.2184,0.0,0.0,1281.0,0.2184,0.2184,0.2184,10000555,2016-09-28,2016-09-28,C,1.85,2016-01-28
10955,2016-05-16 13:36:00,2016-05-16,0.2184,0.0,0.0,1281.0,0.2184,0.2184,0.2184,10000555,2016-09-28,2016-09-28,C,1.85,2016-01-28
10956,2016-05-16 13:37:00,2016-05-16,0.2184,0.0,0.0,1281.0,0.2184,0.2184,0.2184,10000555,2016-09-28,2016-09-28,C,1.85,2016-01-28
10957,2016-05-16 13:38:00,2016-05-16,0.2184,10815.0,5.0,1286.0,0.2184,0.2163,0.2163,10000555,2016-09-28,2016-09-28,C,1.85,2016-01-28
10958,2016-05-16 13:39:00,2016-05-16,0.2163,0.0,0.0,1286.0,0.2163,0.2163,0.2163,10000555,2016-09-28,2016-09-28,C,1.85,2016-01-28
10959,2016-05-16 13:40:00,2016-05-16,0.2163,0.0,0.0,1286.0,0.2163,0.2163,0.2163,10000555,2016-09-28,2016-09-28,C,1.85,2016-01-28
10960,2016-05-16 13:41:00,2016-05-16,0.2163,0.0,0.0,1286.0,0.2163,0.2163,0.2163,10000555,2016-09-28,2016-09-28,C,1.85,2016-01-28
10961,2016-05-16 13:42:00,2016-05-16,0.2163,4326.0,2.0,1288.0,0.2163,0.2163,0.2163,10000555,2016-09-28,2016-09-28,C,1.85,2016-01-28
10962,2016-05-16 13:43:00,2016-05-16,0.2163,0.0,0.0,1288.0,0.2163,0.2163,0.2163,10000555,2016-09-28,2016-09-28,C,1.85,2016-01-28
10963,2016-05-16 13:44:00,2016-05-16,0.2163,0.0,0.0,1288.0,0.2163,0.2163,0.2163,10000555,2016-09-28,2016-09-28,C,1.85,2016-01-28
10964,2016-05-16 13:45:00,2016-05-16,0.2163,0.0,0.0,1288.0,0.2163,0.2163,0.2163,10000555,2016-09-28,2016-09-28,C,1.85,2016-01-28
10965,2016-05-16 13:46:00,2016-05-16,0.2163,0.0,0.0,1288.0,0.2163,0.2163,0.2163,10000555,2016-09-28,2016-09-28,C,1.85,2016-01-28
10966,2016-05-16 13:47:00,2016-05-16,0.2163,0.0,0.0,1288.0,0.2163,0.2163,0.2163,10000555,2016-09-28,2016-09-28,C,1.85,2016-01-28
10967,2016-05-16 13:48:00,2016-05-16,0.2163,0.0,0.0,1288.0,0.2163,0.2163,0.2163,10000555,2016-09-28,2016-09-28,C,1.85,2016-01-28
10968,2016-05-16 13:49:00,2016-05-16,0.2163,0.0,0.0,1288.0,0.2163,0.2163,0.2163,10000555,2016-09-28,2016-09-28,C,1.85,2016-01-28
10969,2016-05-16 13:50:00,2016-05-16,0.2163,0.0,0.0,1288.0,0.2163,0.2163,0.2163,10000555,2016-09-28,2016-09-28,C,1.85,2016-01-28
10970,2016-05-16 13:51:00,2016-05-16,0.2163,0.0,0.0,1288.0,0.2163,0.2163,0.2163,10000555,2016-09-28,2016-09-28,C,1.85,2016-01-28
10971,2016-05-16 13:52:00,2016-05-16,0.2163,0.0,0.0,1288.0,0.2163,0.2163,0.2163,10000555,2016-09-28,2016-09-28,C,1.85,2016-01-28
10972,2016-05-16 13:53:00,2016-05-16,0.2163,0.0,0.0,1288.0,0.2163,0.2163,0.2163,10000555,2016-09-28,2016-09-28,C,1.85,2016-01-28
10973,2016-05-16 13:54:00,2016-05-16,0.2163,0.0,0.0,1288.0,0.2163,0.2163,0.2163,10000555,2016-09-28,2016-09-28,C,1.85,2016-01-28
10974,2016-05-16 13:55:00,2016-05-16,0.2163,0.0,0.0,1288.0,0.2163,0.2163,0.2163,10000555,2016-09-28,2016-09-28,C,1.85,2016-01-28
10975,2016-05-16 13:56:00,2016-05-16,0.2163,0.0,0.0,1288.0,0.2163,0.2163,0.2163,10000555,2016-09-28,2016-09-28,C,1.85,2016-01-28
10976,2016-05-16 13:57:00,2016-05-16,0.2163,0.0,0.0,1288.0,0.2163,0.2163,0.2163,10000555,2016-09-28,2016-09-28,C,1.85,2016-01-28
10977,2016-05-16 13:58:00,2016-05-16,0.2163,0.0,0.0,1288.0,0.2163,0.2163,0.2163,10000555,2016-09-28,2016-09-28,C,1.85,2016-01-28
10978,2016-05-16 13:59:00,2016-05-16,0.2163,0.0,0.0,1288.0,0.2163,0.2163,0.2163,10000555,2016-09-28,2016-09-28,C,1.85,2016-01-28
10979,2016-05-16 14:00:00,2016-05-16,0.2164,2164.0,1.0,1288.0,0.2163,0.2164,0.2163,10000555,2016-09-28,2016-09-28,C,1.85,2016-01-28
10980,2016-05-16 14:01:00,2016-05-16,0.2164,0.0,0.0,1288.0,0.2164,0.2164,0.2164,10000555,2016-09-28,2016-09-28,C,1.85,2016-01-28
10981,2016-05-16 14:02:00,2016-05-16,0.2164,0.0,0.0,1288.0,0.2164,0.2164,0.2164,10000555,2016-09-28,2016-09-28,C,1.85,2016-01-28
10982,2016-05-16 14:03:00,2016-05-16,0.2164,0.0,0.0,1288.0,0.2164,0.2164,0.2164,10000555,2016-09-28,2016-09-28,C,1.85,2016-01-28
10983,2016-05-16 14:04:00,2016-05-16,0.2164,0.0,0.0,1288.0,0.2164,0.2164,0.2164,10000555,2016-09-28,2016-09-28,C,1.85,2016-01-28
10984,2016-05-16 14:05:00,2016-05-16,0.2164,0.0,0.0,1288.0,0.2164,0.2164,0.2164,10000555,2016-09-28,2016-09-28,C,1.85,2016-01-28
10985,2016-05-16 14:06:00,2016-05-16,0.2164,0.0,0.0,1288.0,0.2164,0.2164,0.2164,10000555,2016-09-28,2016-09-28,C,1.85,2016-01-28
10986,2016-05-16 14:07:00,2016-05-16,0.2164,0.0,0.0,1288.0,0.2164,0.2164,0.2164,10000555,2016-09-28,2016-09-28,C,1.85,2016-01-28
10987,2016-05-16 14:08:00,2016-05-16,0.2164,0.0,0.0,1288.0,0.2164,0.2164,0.2164,10000555,2016-09-28,2016-09-28,C,1.85,2016-01-28
10988,2016-05-16 14:09:00,2016-05-16,0.2164,0.0,0.0,1288.0,0.2164,0.2164,0.2164,10000555,2016-09-28,2016-09-28,C,1.85,2016-01-28
10989,2016-05-16 14:10:00,2016-05-16,0.2164,0.0,0.0,1288.0,0.2164,0.2164,0.2164,10000555,2016-09-28,2016-09-28,C,1.85,2016-01-28
10990,2016-05-16 14:11:00,2016-05-16,0.2164,0.0,0.0,1288.0,0.2164,0.2164,0.2164,10000555,2016-09-28,2016-09-28,C,1.85,2016-01-28
10991,2016-05-16 14:12:00,2016-05-16,0.2164,0.0,0.0,1288.0,0.2164,0.2164,0.2164,10000555,2016-09-28,2016-09-28,C,1.85,2016-01-28
10992,2016-05-16 14:13:00,2016-05-16,0.2164,0.0,0.0,1288.0,0.2164,0.2164,0.2164,10000555,2016-09-28,2016-09-28,C,1.85,2016-01-28
10993,2016-05-16 14:14:00,2016-05-16,0.2164,0.0,0.0,1288.0,0.2164,0.2164,0.2164,10000555,2016-09-28,2016-09-28,C,1.85,2016-01-28
10994,2016-05-16 14:15:00,2016-05-16,0.2164,0.0,0.0,1288.0,0.2164,0.2164,0.2164,10000555,2016-09-28,2016-09-28,C,1.85,2016-01-28
10995,2016-05-16 14:16:00,2016-05-16,0.2164,0.0,0.0,1288.0,0.2164,0.2164,0.2164,10000555,2016-09-28,2016-09-28,C,1.85,2016-01-28
10996,2016-05-16 14:17:00,2016-05-16,0.2164,0.0,0.0,1288.0,0.2164,0.2164,0.2164,10000555,2016-09-28,2016-09-28,C,1.85,2016-01-28
10997,2016-05-16 14:18:00,2016-05-16,0.2164,0.0,0.0,1288.0,0.2164,0.2164,0.2164,10000555,2016-09-28,2016-09-28,C,1.85,2016-01-28
10998,2016-05-16 14:19:00,2016-05-16,0.2164,0.0,0.0,1288.0,0.2164,0.2164,0.2164,10000555,2016-09-28,2016-09-28,C,1.85,2016-01-28
10999,2016-05-16 14:20:00,2016-05-16,0.2164,0.0,0.0,1288.0,0.2164,0.2164,0.2164,10000555,2016-09-28,2016-09-28,C,1.85,2016-01-28
11000,2016-05-16 14:21:00,2016-05-16,0.2164,0.0,0.0,1288.0,0.2164,0.2164,0.2164,10000555,2016-09-28,2016-09-28,C,1.85,2016-01-28
11001,2016-05-16 14:22:00,2016-05-16,0.2164,0.0,0.0,1288.0,0.2164,0.2164,0.2164,10000555,2016-09-28,2016-09-28,C,1.85,2016-01-28
11002,2016-05-16 14:23:00,2016-05-16,0.2164,0.0,0.0,1288.0,0.2164,0.2164,0.2164,10000555,2016-09-28,2016-09-28,C,1.85,2016-01-28
11003,2016-05-16 14:24:00,2016-05-16,0.2164,0.0,0.0,1288.0,0.2164,0.2164,0.2164,10000555,2016-09-28,2016-09-28,C,1.85,2016-01-28
11004,2016-05-16 14:25:00,2016-05-16,0.2164,0.0,0.0,1288.0,0.2164,0.2164,0.2164,10000555,2016-09-28,2016-09-28,C,1.85,2016-01-28
11005,2016-05-16 14:26:00,2016-05-16,0.2164,0.0,0.0,1288.0,0.2164,0.2164,0.2164,10000555,2016-09-28,2016-09-28,C,1.85,2016-01-28
11006,2016-05-16 14:27:00,2016-05-16,0.2164,0.0,0.0,1288.0,0.2164,0.2164,0.2164,10000555,2016-09-28,2016-09-28,C,1.85,2016-01-28
11007,2016-05-16 14:28:00,2016-05-16,0.2164,0.0,0.0,1288.0,0.2164,0.2164,0.2164,10000555,2016-09-28,2016-09-28,C,1.85,2016-01-28
11008,2016-05-16 14:29:00,2016-05-16,0.2164,0.0,0.0,1288.0,0.2164,0.2164,0.2164,10000555,2016-09-28,2016-09-28,C,1.85,2016-01-28
11009,2016-05-16 14:30:00,2016-05-16,0.2164,0.0,0.0,1288.0,0.2164,0.2164,0.2164,10000555,2016-09-28,2016-09-28,C,1.85,2016-01-28
11010,2016-05-16 14:31:00,2016-05-16,0.2164,0.0,0.0,1288.0,0.2164,0.2164,0.2164,10000555,2016-09-28,2016-09-28,C,1.85,2016-01-28
11011,2016-05-16 14:32:00,2016-05-16,0.2164,0.0,0.0,1288.0,0.2164,0.2164,0.2164,10000555,2016-09-28,2016-09-28,C,1.85,2016-01-28
11012,2016-05-16 14:33:00,2016-05-16,0.2164,0.0,0.0,1288.0,0.2164,0.2164,0.2164,10000555,2016-09-28,2016-09-28,C,1.85,2016-01-28
11013,2016-05-16 14:34:00,2016-05-16,0.2164,0.0,0.0,1288.0,0.2164,0.2164,0.2164,10000555,2016-09-28,2016-09-28,C,1.85,2016-01-28
11014,2016-05-16 14:35:00,2016-05-16,0.2164,0.0,0.0,1288.0,0.2164,0.2164,0.2164,10000555,2016-09-28,2016-09-28,C,1.85,2016-01-28
11015,2016-05-16 14:36:00,2016-05-16,0.2164,0.0,0.0,1288.0,0.2164,0.2164,0.2164,10000555,2016-09-28,2016-09-28,C,1.85,2016-01-28
11016,2016-05-16 14:37:00,2016-05-16,0.2164,0.0,0.0,1288.0,0.2164,0.2164,0.2164,10000555,2016-09-28,2016-09-28,C,1.85,2016-01-28
11017,2016-05-16 14:38:00,2016-05-16,0.2164,0.0,0.0,1288.0,0.2164,0.2164,0.2164,10000555,2016-09-28,2016-09-28,C,1.85,2016-01-28
11018,2016-05-16 14:39:00,2016-05-16,0.2164,0.0,0.0,1288.0,0.2164,0.2164,0.2164,10000555,2016-09-28,2016-09-28,C,1.85,2016-01-28
11019,2016-05-16 14:40:00,2016-05-16,0.2164,0.0,0.0,1288.0,0.2164,0.2164,0.2164,10000555,2016-09-28,2016-09-28,C,1.85,2016-01-28
11020,2016-05-16 14:41:00,2016-05-16,0.2193,6579.0,3.0,1288.0,0.2164,0.2193,0.2164,10000555,2016-09-28,2016-09-28,C,1.85,2016-01-28
11021,2016-05-16 14:42:00,2016-05-16,0.2193,0.0,0.0,1288.0,0.2193,0.2193,0.2193,10000555,2016-09-28,2016-09-28,C,1.85,2016-01-28
11022,2016-05-16 14:43:00,2016-05-16,0.2193,0.0,0.0,1288.0,0.2193,0.2193,0.2193,10000555,2016-09-28,2016-09-28,C,1.85,2016-01-28
11023,2016-05-16 14:44:00,2016-05-16,0.2193,0.0,0.0,1288.0,0.2193,0.2193,0.2193,10000555,2016-09-28,2016-09-28,C,1.85,2016-01-28
11024,2016-05-16 14:45:00,2016-05-16,0.2193,0.0,0.0,1288.0,0.2193,0.2193,0.2193,10000555,2016-09-28,2016-09-28,C,1.85,2016-01-28
11025,2016-05-16 14:46:00,2016-05-16,0.2193,0.0,0.0,1288.0,0.2193,0.2193,0.2193,10000555,2016-09-28,2016-09-28,C,1.85,2016-01-28
11026,2016-05-16 14:47:00,2016-05-16,0.2193,0.0,0.0,1288.0,0.2193,0.2193,0.2193,10000555,2016-09-28,2016-09-28,C,1.85,2016-01-28
11027,2016-05-16 14:48:00,2016-05-16,0.2193,0.0,0.0,1288.0,0.2193,0.2193,0.2193,10000555,2016-09-28,2016-09-28,C,1.85,2016-01-28
11028,2016-05-16 14:49:00,2016-05-16,0.2193,0.0,0.0,1288.0,0.2193,0.2193,0.2193,10000555,2016-09-28,2016-09-28,C,1.85,2016-01-28
11029,2016-05-16 14:50:00,2016-05-16,0.2193,0.0,0.0,1288.0,0.2193,0.2193,0.2193,10000555,2016-09-28,2016-09-28,C,1.85,2016-01-28
11030,2016-05-16 14:51:00,2016-05-16,0.2193,0.0,0.0,1288.0,0.2193,0.2193,0.2193,10000555,2016-09-28,2016-09-28,C,1.85,2016-01-28
11031,2016-05-16 14:52:00,2016-05-16,0.2193,0.0,0.0,1288.0,0.2193,0.2193,0.2193,10000555,2016-09-28,2016-09-28,C,1.85,2016-01-28
11032,2016-05-16 14:53:00,2016-05-16,0.2193,0.0,0.0,1288.0,0.2193,0.2193,0.2193,10000555,2016-09-28,2016-09-28,C,1.85,2016-01-28
11033,2016-05-16 14:54:00,2016-05-16,0.2193,0.0,0.0,1288.0,0.2193,0.2193,0.2193,10000555,2016-09-28,2016-09-28,C,1.85,2016-01-28
11034,2016-05-16 14:55:00,2016-05-16,0.2193,0.0,0.0,1288.0,0.2193,0.2193,0.2193,10000555,2016-09-28,2016-09-28,C,1.85,2016-01-28
11035,2016-05-16 14:56:00,2016-05-16,0.2193,0.0,0.0,1288.0,0.2193,0.2193,0.2193,10000555,2016-09-28,2016-09-28,C,1.85,2016-01-28
11036,2016-05-16 14:57:00,2016-05-16,0.2193,0.0,0.0,1288.0,0.2193,0.2193,0.2193,10000555,2016-09-28,2016-09-28,C,1.85,2016-01-28
11037,2016-05-16 14:58:00,2016-05-16,0.2193,0.0,0.0,1288.0,0.2193,0.2193,0.2193,10000555,2016-09-28,2016-09-28,C,1.85,2016-01-28
11038,2016-05-16 14:59:00,2016-05-16,0.2193,0.0,0.0,1288.0,0.2193,0.2193,0.2193,10000555,2016-09-28,2016-09-28,C,1.85,2016-01-28
11039,2016-05-16 15:00:00,2016-05-16,0.2193,0.0,0.0,1288.0,0.2193,0.2193,0.2193,10000555,2016-09-28,2016-09-28,C,1.85,2016-01-28
11040,2016-05-16 09:31:00,2016-05-16,0.0048,190.0,4.0,11775.0,0.0048,0.0047,0.0047,10000450,2016-06-22,2016-06-22,C,2.25,2015-10-29
11041,2016-05-16 09:32:00,2016-05-16,0.0047,0.0,0.0,11775.0,0.0047,0.0047,0.0047,10000450,2016-06-22,2016-06-22,C,2.25,2015-10-29
11042,2016-05-16 09:33:00,2016-05-16,0.0047,840.0,20.0,11795.0,0.0047,0.0042,0.0042,10000450,2016-06-22,2016-06-22,C,2.25,2015-10-29
11043,2016-05-16 09:34:00,2016-05-16,0.0042,840.0,20.0,11815.0,0.0042,0.0042,0.0042,10000450,2016-06-22,2016-06-22,C,2.25,2015-10-29
11044,2016-05-16 09:35:00,2016-05-16,0.0046,46.0,1.0,11815.0,0.0042,0.0046,0.0042,10000450,2016-06-22,2016-06-22,C,2.25,2015-10-29
11045,2016-05-16 09:36:00,2016-05-16,0.0048,1440.0,30.0,11785.0,0.0046,0.0048,0.0046,10000450,2016-06-22,2016-06-22,C,2.25,2015-10-29
11046,2016-05-16 09:37:00,2016-05-16,0.0049,3430.0,70.0,11716.0,0.0048,0.0049,0.0048,10000450,2016-06-22,2016-06-22,C,2.25,2015-10-29
11047,2016-05-16 09:38:00,2016-05-16,0.0049,92.0,2.0,11717.0,0.0049,0.0046,0.0046,10000450,2016-06-22,2016-06-22,C,2.25,2015-10-29
11048,2016-05-16 09:39:00,2016-05-16,0.005,4264.0,86.0,11694.0,0.0046,0.005,0.0046,10000450,2016-06-22,2016-06-22,C,2.25,2015-10-29
11049,2016-05-16 09:40:00,2016-05-16,0.005,1087.0,22.0,11695.0,0.005,0.0047,0.0047,10000450,2016-06-22,2016-06-22,C,2.25,2015-10-29
11050,2016-05-16 09:41:00,2016-05-16,0.005,1970.0,40.0,11707.0,0.0047,0.005,0.0047,10000450,2016-06-22,2016-06-22,C,2.25,2015-10-29
11051,2016-05-16 09:42:00,2016-05-16,0.005,2410.0,50.0,11673.0,0.005,0.0048,0.0048,10000450,2016-06-22,2016-06-22,C,2.25,2015-10-29
11052,2016-05-16 09:43:00,2016-05-16,0.0049,4618.0,96.0,11608.0,0.0048,0.0048,0.0048,10000450,2016-06-22,2016-06-22,C,2.25,2015-10-29
11053,2016-05-16 09:44:00,2016-05-16,0.0048,2342.0,49.0,11573.0,0.0048,0.0048,0.0047,10000450,2016-06-22,2016-06-22,C,2.25,2015-10-29
11054,2016-05-16 09:45:00,2016-05-16,0.0048,2755.0,59.0,11571.0,0.0048,0.0046,0.0046,10000450,2016-06-22,2016-06-22,C,2.25,2015-10-29
11055,2016-05-16 09:46:00,2016-05-16,0.0046,900.0,20.0,11591.0,0.0046,0.0045,0.0045,10000450,2016-06-22,2016-06-22,C,2.25,2015-10-29
11056,2016-05-16 09:47:00,2016-05-16,0.0045,1440.0,32.0,11623.0,0.0045,0.0045,0.0045,10000450,2016-06-22,2016-06-22,C,2.25,2015-10-29
11057,2016-05-16 09:48:00,2016-05-16,0.0045,360.0,8.0,11631.0,0.0045,0.0045,0.0045,10000450,2016-06-22,2016-06-22,C,2.25,2015-10-29
11058,2016-05-16 09:49:00,2016-05-16,0.0045,0.0,0.0,11631.0,0.0045,0.0045,0.0045,10000450,2016-06-22,2016-06-22,C,2.25,2015-10-29
11059,2016-05-16 09:50:00,2016-05-16,0.0045,0.0,0.0,11631.0,0.0045,0.0045,0.0045,10000450,2016-06-22,2016-06-22,C,2.25,2015-10-29
11060,2016-05-16 09:51:00,2016-05-16,0.0045,880.0,20.0,11651.0,0.0045,0.0044,0.0044,10000450,2016-06-22,2016-06-22,C,2.25,2015-10-29
11061,2016-05-16 09:52:00,2016-05-16,0.0044,0.0,0.0,11651.0,0.0044,0.0044,0.0044,10000450,2016-06-22,2016-06-22,C,2.25,2015-10-29
11062,2016-05-16 09:53:00,2016-05-16,0.0044,506.0,12.0,11652.0,0.0044,0.0042,0.0042,10000450,2016-06-22,2016-06-22,C,2.25,2015-10-29
11063,2016-05-16 09:54:00,2016-05-16,0.0042,0.0,0.0,11652.0,0.0042,0.0042,0.0042,10000450,2016-06-22,2016-06-22,C,2.25,2015-10-29
11064,2016-05-16 09:55:00,2016-05-16,0.0042,1550.0,40.0,11642.0,0.0042,0.004,0.0038,10000450,2016-06-22,2016-06-22,C,2.25,2015-10-29
11065,2016-05-16 09:56:00,2016-05-16,0.0041,880.0,22.0,11630.0,0.004,0.0039,0.0039,10000450,2016-06-22,2016-06-22,C,2.25,2015-10-29
11066,2016-05-16 09:57:00,2016-05-16,0.0039,272.0,7.0,11633.0,0.0039,0.0038,0.0038,10000450,2016-06-22,2016-06-22,C,2.25,2015-10-29
11067,2016-05-16 09:58:00,2016-05-16,0.0038,0.0,0.0,11633.0,0.0038,0.0038,0.0038,10000450,2016-06-22,2016-06-22,C,2.25,2015-10-29
11068,2016-05-16 09:59:00,2016-05-16,0.0039,546.0,14.0,11647.0,0.0038,0.0039,0.0038,10000450,2016-06-22,2016-06-22,C,2.25,2015-10-29
11069,2016-05-16 10:00:00,2016-05-16,0.0041,242.0,6.0,11649.0,0.0039,0.004,0.0039,10000450,2016-06-22,2016-06-22,C,2.25,2015-10-29
11070,2016-05-16 10:01:00,2016-05-16,0.0041,525.0,13.0,11648.0,0.004,0.0041,0.004,10000450,2016-06-22,2016-06-22,C,2.25,2015-10-29
11071,2016-05-16 10:02:00,2016-05-16,0.0041,0.0,0.0,11648.0,0.0041,0.0041,0.0041,10000450,2016-06-22,2016-06-22,C,2.25,2015-10-29
11072,2016-05-16 10:03:00,2016-05-16,0.0041,0.0,0.0,11648.0,0.0041,0.0041,0.0041,10000450,2016-06-22,2016-06-22,C,2.25,2015-10-29
11073,2016-05-16 10:04:00,2016-05-16,0.004,634.0,16.0,11642.0,0.0039,0.004,0.0039,10000450,2016-06-22,2016-06-22,C,2.25,2015-10-29
11074,2016-05-16 10:05:00,2016-05-16,0.004,800.0,20.0,11652.0,0.004,0.004,0.004,10000450,2016-06-22,2016-06-22,C,2.25,2015-10-29
11075,2016-05-16 10:06:00,2016-05-16,0.004,400.0,10.0,11652.0,0.004,0.004,0.004,10000450,2016-06-22,2016-06-22,C,2.25,2015-10-29
11076,2016-05-16 10:07:00,2016-05-16,0.0041,246.0,6.0,11655.0,0.004,0.0041,0.004,10000450,2016-06-22,2016-06-22,C,2.25,2015-10-29
11077,2016-05-16 10:08:00,2016-05-16,0.0041,769.0,19.0,11664.0,0.0041,0.004,0.004,10000450,2016-06-22,2016-06-22,C,2.25,2015-10-29
11078,2016-05-16 10:09:00,2016-05-16,0.004,800.0,20.0,11654.0,0.004,0.004,0.004,10000450,2016-06-22,2016-06-22,C,2.25,2015-10-29
11079,2016-05-16 10:10:00,2016-05-16,0.004,390.0,10.0,11650.0,0.004,0.0039,0.0039,10000450,2016-06-22,2016-06-22,C,2.25,2015-10-29
11080,2016-05-16 10:11:00,2016-05-16,0.0039,0.0,0.0,11650.0,0.0039,0.0039,0.0039,10000450,2016-06-22,2016-06-22,C,2.25,2015-10-29
11081,2016-05-16 10:12:00,2016-05-16,0.0039,0.0,0.0,11650.0,0.0039,0.0039,0.0039,10000450,2016-06-22,2016-06-22,C,2.25,2015-10-29
11082,2016-05-16 10:13:00,2016-05-16,0.0039,0.0,0.0,11650.0,0.0039,0.0039,0.0039,10000450,2016-06-22,2016-06-22,C,2.25,2015-10-29
11083,2016-05-16 10:14:00,2016-05-16,0.0042,420.0,10.0,11660.0,0.0039,0.0042,0.0039,10000450,2016-06-22,2016-06-22,C,2.25,2015-10-29
11084,2016-05-16 10:15:00,2016-05-16,0.0042,420.0,10.0,11670.0,0.0042,0.0042,0.0042,10000450,2016-06-22,2016-06-22,C,2.25,2015-10-29
11085,2016-05-16 10:16:00,2016-05-16,0.0042,1016.0,25.0,11685.0,0.0042,0.004,0.004,10000450,2016-06-22,2016-06-22,C,2.25,2015-10-29
11086,2016-05-16 10:17:00,2016-05-16,0.004,780.0,20.0,11695.0,0.004,0.0039,0.0039,10000450,2016-06-22,2016-06-22,C,2.25,2015-10-29
11087,2016-05-16 10:18:00,2016-05-16,0.0039,0.0,0.0,11695.0,0.0039,0.0039,0.0039,10000450,2016-06-22,2016-06-22,C,2.25,2015-10-29
11088,2016-05-16 10:19:00,2016-05-16,0.004,790.0,20.0,11695.0,0.0039,0.0039,0.0039,10000450,2016-06-22,2016-06-22,C,2.25,2015-10-29
11089,2016-05-16 10:20:00,2016-05-16,0.0039,195.0,5.0,11695.0,0.0039,0.0039,0.0039,10000450,2016-06-22,2016-06-22,C,2.25,2015-10-29
11090,2016-05-16 10:21:00,2016-05-16,0.0039,780.0,20.0,11715.0,0.0039,0.0039,0.0039,10000450,2016-06-22,2016-06-22,C,2.25,2015-10-29
11091,2016-05-16 10:22:00,2016-05-16,0.0039,390.0,10.0,11725.0,0.0039,0.0039,0.0039,10000450,2016-06-22,2016-06-22,C,2.25,2015-10-29
11092,2016-05-16 10:23:00,2016-05-16,0.004,400.0,10.0,11725.0,0.0039,0.004,0.0039,10000450,2016-06-22,2016-06-22,C,2.25,2015-10-29
11093,2016-05-16 10:24:00,2016-05-16,0.004,1190.0,30.0,11725.0,0.004,0.0039,0.0039,10000450,2016-06-22,2016-06-22,C,2.25,2015-10-29
11094,2016-05-16 10:25:00,2016-05-16,0.0039,0.0,0.0,11725.0,0.0039,0.0039,0.0039,10000450,2016-06-22,2016-06-22,C,2.25,2015-10-29
11095,2016-05-16 10:26:00,2016-05-16,0.0039,770.0,20.0,11725.0,0.0039,0.0038,0.0038,10000450,2016-06-22,2016-06-22,C,2.25,2015-10-29
11096,2016-05-16 10:27:00,2016-05-16,0.0039,390.0,10.0,11725.0,0.0038,0.0039,0.0038,10000450,2016-06-22,2016-06-22,C,2.25,2015-10-29
11097,2016-05-16 10:28:00,2016-05-16,0.0043,430.0,10.0,11735.0,0.0039,0.0043,0.0039,10000450,2016-06-22,2016-06-22,C,2.25,2015-10-29
11098,2016-05-16 10:29:00,2016-05-16,0.0044,1178.0,27.0,11762.0,0.0043,0.0044,0.0043,10000450,2016-06-22,2016-06-22,C,2.25,2015-10-29
11099,2016-05-16 10:30:00,2016-05-16,0.0044,0.0,0.0,11762.0,0.0044,0.0044,0.0044,10000450,2016-06-22,2016-06-22,C,2.25,2015-10-29
11100,2016-05-16 10:31:00,2016-05-16,0.0045,1770.0,40.0,11802.0,0.0044,0.0045,0.0044,10000450,2016-06-22,2016-06-22,C,2.25,2015-10-29
11101,2016-05-16 10:32:00,2016-05-16,0.0045,450.0,10.0,11812.0,0.0045,0.0045,0.0045,10000450,2016-06-22,2016-06-22,C,2.25,2015-10-29
11102,2016-05-16 10:33:00,2016-05-16,0.0045,0.0,0.0,11812.0,0.0045,0.0045,0.0045,10000450,2016-06-22,2016-06-22,C,2.25,2015-10-29
11103,2016-05-16 10:34:00,2016-05-16,0.0045,0.0,0.0,11812.0,0.0045,0.0045,0.0045,10000450,2016-06-22,2016-06-22,C,2.25,2015-10-29
11104,2016-05-16 10:35:00,2016-05-16,0.0046,1045.0,23.0,11835.0,0.0045,0.0046,0.0045,10000450,2016-06-22,2016-06-22,C,2.25,2015-10-29
11105,2016-05-16 10:36:00,2016-05-16,0.0046,0.0,0.0,11835.0,0.0046,0.0046,0.0046,10000450,2016-06-22,2016-06-22,C,2.25,2015-10-29
11106,2016-05-16 10:37:00,2016-05-16,0.0046,1416.0,31.0,11856.0,0.0046,0.0045,0.0045,10000450,2016-06-22,2016-06-22,C,2.25,2015-10-29
11107,2016-05-16 10:38:00,2016-05-16,0.0045,0.0,0.0,11856.0,0.0045,0.0045,0.0045,10000450,2016-06-22,2016-06-22,C,2.25,2015-10-29
11108,2016-05-16 10:39:00,2016-05-16,0.0046,460.0,10.0,11856.0,0.0045,0.0046,0.0045,10000450,2016-06-22,2016-06-22,C,2.25,2015-10-29
11109,2016-05-16 10:40:00,2016-05-16,0.0046,460.0,10.0,11856.0,0.0046,0.0046,0.0046,10000450,2016-06-22,2016-06-22,C,2.25,2015-10-29
11110,2016-05-16 10:41:00,2016-05-16,0.0046,0.0,0.0,11856.0,0.0046,0.0046,0.0046,10000450,2016-06-22,2016-06-22,C,2.25,2015-10-29
11111,2016-05-16 10:42:00,2016-05-16,0.0046,1150.0,26.0,11870.0,0.0046,0.0044,0.0044,10000450,2016-06-22,2016-06-22,C,2.25,2015-10-29
11112,2016-05-16 10:43:00,2016-05-16,0.0045,665.0,15.0,11875.0,0.0045,0.0044,0.0044,10000450,2016-06-22,2016-06-22,C,2.25,2015-10-29
11113,2016-05-16 10:44:00,2016-05-16,0.0044,440.0,10.0,11885.0,0.0044,0.0044,0.0044,10000450,2016-06-22,2016-06-22,C,2.25,2015-10-29
11114,2016-05-16 10:45:00,2016-05-16,0.0044,0.0,0.0,11885.0,0.0044,0.0044,0.0044,10000450,2016-06-22,2016-06-22,C,2.25,2015-10-29
11115,2016-05-16 10:46:00,2016-05-16,0.0045,225.0,5.0,11885.0,0.0045,0.0045,0.0045,10000450,2016-06-22,2016-06-22,C,2.25,2015-10-29
11116,2016-05-16 10:47:00,2016-05-16,0.0045,1105.0,25.0,11910.0,0.0045,0.0044,0.0044,10000450,2016-06-22,2016-06-22,C,2.25,2015-10-29
11117,2016-05-16 10:48:00,2016-05-16,0.0045,890.0,20.0,11930.0,0.0044,0.0045,0.0044,10000450,2016-06-22,2016-06-22,C,2.25,2015-10-29
11118,2016-05-16 10:49:00,2016-05-16,0.0045,430.0,10.0,11940.0,0.0045,0.0043,0.0043,10000450,2016-06-22,2016-06-22,C,2.25,2015-10-29
11119,2016-05-16 10:50:00,2016-05-16,0.0046,46.0,1.0,11941.0,0.0043,0.0046,0.0043,10000450,2016-06-22,2016-06-22,C,2.25,2015-10-29
11120,2016-05-16 10:51:00,2016-05-16,0.0046,184.0,4.0,11941.0,0.0046,0.0046,0.0046,10000450,2016-06-22,2016-06-22,C,2.25,2015-10-29
11121,2016-05-16 10:52:00,2016-05-16,0.0046,230.0,5.0,11941.0,0.0046,0.0046,0.0046,10000450,2016-06-22,2016-06-22,C,2.25,2015-10-29
11122,2016-05-16 10:53:00,2016-05-16,0.0046,0.0,0.0,11941.0,0.0046,0.0046,0.0046,10000450,2016-06-22,2016-06-22,C,2.25,2015-10-29
11123,2016-05-16 10:54:00,2016-05-16,0.0046,460.0,10.0,11951.0,0.0046,0.0046,0.0046,10000450,2016-06-22,2016-06-22,C,2.25,2015-10-29
11124,2016-05-16 10:55:00,2016-05-16,0.0046,0.0,0.0,11951.0,0.0046,0.0046,0.0046,10000450,2016-06-22,2016-06-22,C,2.25,2015-10-29
11125,2016-05-16 10:56:00,2016-05-16,0.0046,920.0,20.0,11971.0,0.0046,0.0046,0.0046,10000450,2016-06-22,2016-06-22,C,2.25,2015-10-29
11126,2016-05-16 10:57:00,2016-05-16,0.0046,0.0,0.0,11971.0,0.0046,0.0046,0.0046,10000450,2016-06-22,2016-06-22,C,2.25,2015-10-29
11127,2016-05-16 10:58:00,2016-05-16,0.0046,0.0,0.0,11971.0,0.0046,0.0046,0.0046,10000450,2016-06-22,2016-06-22,C,2.25,2015-10-29
11128,2016-05-16 10:59:00,2016-05-16,0.0048,988.0,21.0,11992.0,0.0046,0.0048,0.0046,10000450,2016-06-22,2016-06-22,C,2.25,2015-10-29
11129,2016-05-16 11:00:00,2016-05-16,0.0048,480.0,10.0,12002.0,0.0048,0.0048,0.0048,10000450,2016-06-22,2016-06-22,C,2.25,2015-10-29
11130,2016-05-16 11:01:00,2016-05-16,0.0048,0.0,0.0,12002.0,0.0048,0.0048,0.0048,10000450,2016-06-22,2016-06-22,C,2.25,2015-10-29
11131,2016-05-16 11:02:00,2016-05-16,0.0048,480.0,10.0,12002.0,0.0048,0.0048,0.0048,10000450,2016-06-22,2016-06-22,C,2.25,2015-10-29
11132,2016-05-16 11:03:00,2016-05-16,0.0048,0.0,0.0,12002.0,0.0048,0.0048,0.0048,10000450,2016-06-22,2016-06-22,C,2.25,2015-10-29
11133,2016-05-16 11:04:00,2016-05-16,0.0048,0.0,0.0,12002.0,0.0048,0.0048,0.0048,10000450,2016-06-22,2016-06-22,C,2.25,2015-10-29
11134,2016-05-16 11:05:00,2016-05-16,0.005,1490.0,30.0,11983.0,0.0048,0.005,0.0048,10000450,2016-06-22,2016-06-22,C,2.25,2015-10-29
11135,2016-05-16 11:06:00,2016-05-16,0.0051,1989.0,39.0,11975.0,0.005,0.0051,0.005,10000450,2016-06-22,2016-06-22,C,2.25,2015-10-29
11136,2016-05-16 11:07:00,2016-05-16,0.0051,0.0,0.0,11975.0,0.0051,0.0051,0.0051,10000450,2016-06-22,2016-06-22,C,2.25,2015-10-29
11137,2016-05-16 11:08:00,2016-05-16,0.0051,0.0,0.0,11975.0,0.0051,0.0051,0.0051,10000450,2016-06-22,2016-06-22,C,2.25,2015-10-29
11138,2016-05-16 11:09:00,2016-05-16,0.0051,0.0,0.0,11975.0,0.0051,0.0051,0.0051,10000450,2016-06-22,2016-06-22,C,2.25,2015-10-29
11139,2016-05-16 11:10:00,2016-05-16,0.0051,0.0,0.0,11975.0,0.0051,0.0051,0.0051,10000450,2016-06-22,2016-06-22,C,2.25,2015-10-29
11140,2016-05-16 11:11:00,2016-05-16,0.0051,930.0,20.0,11995.0,0.0051,0.0047,0.0046,10000450,2016-06-22,2016-06-22,C,2.25,2015-10-29
11141,2016-05-16 11:12:00,2016-05-16,0.0047,0.0,0.0,11995.0,0.0047,0.0047,0.0047,10000450,2016-06-22,2016-06-22,C,2.25,2015-10-29
11142,2016-05-16 11:13:00,2016-05-16,0.0047,460.0,10.0,12005.0,0.0047,0.0046,0.0046,10000450,2016-06-22,2016-06-22,C,2.25,2015-10-29
11143,2016-05-16 11:14:00,2016-05-16,0.0046,0.0,0.0,12005.0,0.0046,0.0046,0.0046,10000450,2016-06-22,2016-06-22,C,2.25,2015-10-29
11144,2016-05-16 11:15:00,2016-05-16,0.005,960.0,20.0,12005.0,0.0046,0.0046,0.0046,10000450,2016-06-22,2016-06-22,C,2.25,2015-10-29
11145,2016-05-16 11:16:00,2016-05-16,0.0046,460.0,10.0,12015.0,0.0046,0.0046,0.0046,10000450,2016-06-22,2016-06-22,C,2.25,2015-10-29
11146,2016-05-16 11:17:00,2016-05-16,0.0047,1860.0,40.0,12055.0,0.0046,0.0046,0.0046,10000450,2016-06-22,2016-06-22,C,2.25,2015-10-29
11147,2016-05-16 11:18:00,2016-05-16,0.0046,0.0,0.0,12055.0,0.0046,0.0046,0.0046,10000450,2016-06-22,2016-06-22,C,2.25,2015-10-29
11148,2016-05-16 11:19:00,2016-05-16,0.0046,1380.0,30.0,12085.0,0.0046,0.0046,0.0046,10000450,2016-06-22,2016-06-22,C,2.25,2015-10-29
11149,2016-05-16 11:20:00,2016-05-16,0.0046,1380.0,30.0,12115.0,0.0046,0.0046,0.0046,10000450,2016-06-22,2016-06-22,C,2.25,2015-10-29
11150,2016-05-16 11:21:00,2016-05-16,0.0047,1850.0,40.0,12155.0,0.0046,0.0046,0.0046,10000450,2016-06-22,2016-06-22,C,2.25,2015-10-29
11151,2016-05-16 11:22:00,2016-05-16,0.0046,0.0,0.0,12155.0,0.0046,0.0046,0.0046,10000450,2016-06-22,2016-06-22,C,2.25,2015-10-29
11152,2016-05-16 11:23:00,2016-05-16,0.0046,0.0,0.0,12155.0,0.0046,0.0046,0.0046,10000450,2016-06-22,2016-06-22,C,2.25,2015-10-29
11153,2016-05-16 11:24:00,2016-05-16,0.0046,0.0,0.0,12155.0,0.0046,0.0046,0.0046,10000450,2016-06-22,2016-06-22,C,2.25,2015-10-29
11154,2016-05-16 11:25:00,2016-05-16,0.0046,0.0,0.0,12155.0,0.0046,0.0046,0.0046,10000450,2016-06-22,2016-06-22,C,2.25,2015-10-29
11155,2016-05-16 11:26:00,2016-05-16,0.0046,0.0,0.0,12155.0,0.0046,0.0046,0.0046,10000450,2016-06-22,2016-06-22,C,2.25,2015-10-29
11156,2016-05-16 11:27:00,2016-05-16,0.0046,900.0,20.0,12175.0,0.0046,0.0045,0.0045,10000450,2016-06-22,2016-06-22,C,2.25,2015-10-29
11157,2016-05-16 11:28:00,2016-05-16,0.0045,0.0,0.0,12175.0,0.0045,0.0045,0.0045,10000450,2016-06-22,2016-06-22,C,2.25,2015-10-29
11158,2016-05-16 11:29:00,2016-05-16,0.0045,0.0,0.0,12175.0,0.0045,0.0045,0.0045,10000450,2016-06-22,2016-06-22,C,2.25,2015-10-29
11159,2016-05-16 11:30:00,2016-05-16,0.0045,0.0,0.0,12175.0,0.0045,0.0045,0.0045,10000450,2016-06-22,2016-06-22,C,2.25,2015-10-29
11160,2016-05-16 13:01:00,2016-05-16,0.0045,0.0,0.0,12175.0,0.0045,0.0045,0.0045,10000450,2016-06-22,2016-06-22,C,2.25,2015-10-29
11161,2016-05-16 13:02:00,2016-05-16,0.0045,220.0,5.0,12177.0,0.0045,0.0044,0.0044,10000450,2016-06-22,2016-06-22,C,2.25,2015-10-29
11162,2016-05-16 13:03:00,2016-05-16,0.0044,0.0,0.0,12177.0,0.0044,0.0044,0.0044,10000450,2016-06-22,2016-06-22,C,2.25,2015-10-29
11163,2016-05-16 13:04:00,2016-05-16,0.0044,0.0,0.0,12177.0,0.0044,0.0044,0.0044,10000450,2016-06-22,2016-06-22,C,2.25,2015-10-29
11164,2016-05-16 13:05:00,2016-05-16,0.0044,860.0,20.0,12197.0,0.0044,0.0043,0.0043,10000450,2016-06-22,2016-06-22,C,2.25,2015-10-29
11165,2016-05-16 13:06:00,2016-05-16,0.0044,440.0,10.0,12207.0,0.0043,0.0044,0.0043,10000450,2016-06-22,2016-06-22,C,2.25,2015-10-29
11166,2016-05-16 13:07:00,2016-05-16,0.0044,0.0,0.0,12207.0,0.0044,0.0044,0.0044,10000450,2016-06-22,2016-06-22,C,2.25,2015-10-29
11167,2016-05-16 13:08:00,2016-05-16,0.0044,0.0,0.0,12207.0,0.0044,0.0044,0.0044,10000450,2016-06-22,2016-06-22,C,2.25,2015-10-29
11168,2016-05-16 13:09:00,2016-05-16,0.0044,1320.0,30.0,12237.0,0.0044,0.0044,0.0044,10000450,2016-06-22,2016-06-22,C,2.25,2015-10-29
11169,2016-05-16 13:10:00,2016-05-16,0.0044,0.0,0.0,12237.0,0.0044,0.0044,0.0044,10000450,2016-06-22,2016-06-22,C,2.25,2015-10-29
11170,2016-05-16 13:11:00,2016-05-16,0.0044,0.0,0.0,12237.0,0.0044,0.0044,0.0044,10000450,2016-06-22,2016-06-22,C,2.25,2015-10-29
11171,2016-05-16 13:12:00,2016-05-16,0.0044,0.0,0.0,12237.0,0.0044,0.0044,0.0044,10000450,2016-06-22,2016-06-22,C,2.25,2015-10-29
11172,2016-05-16 13:13:00,2016-05-16,0.0044,880.0,20.0,12257.0,0.0044,0.0044,0.0044,10000450,2016-06-22,2016-06-22,C,2.25,2015-10-29
11173,2016-05-16 13:14:00,2016-05-16,0.0044,0.0,0.0,12257.0,0.0044,0.0044,0.0044,10000450,2016-06-22,2016-06-22,C,2.25,2015-10-29
11174,2016-05-16 13:15:00,2016-05-16,0.0044,0.0,0.0,12257.0,0.0044,0.0044,0.0044,10000450,2016-06-22,2016-06-22,C,2.25,2015-10-29
11175,2016-05-16 13:16:00,2016-05-16,0.0044,0.0,0.0,12257.0,0.0044,0.0044,0.0044,10000450,2016-06-22,2016-06-22,C,2.25,2015-10-29
11176,2016-05-16 13:17:00,2016-05-16,0.0044,0.0,0.0,12257.0,0.0044,0.0044,0.0044,10000450,2016-06-22,2016-06-22,C,2.25,2015-10-29
11177,2016-05-16 13:18:00,2016-05-16,0.0044,870.0,20.0,12277.0,0.0044,0.0044,0.0043,10000450,2016-06-22,2016-06-22,C,2.25,2015-10-29
11178,2016-05-16 13:19:00,2016-05-16,0.0044,440.0,10.0,12287.0,0.0044,0.0044,0.0044,10000450,2016-06-22,2016-06-22,C,2.25,2015-10-29
11179,2016-05-16 13:20:00,2016-05-16,0.0044,430.0,10.0,12297.0,0.0044,0.0043,0.0043,10000450,2016-06-22,2016-06-22,C,2.25,2015-10-29
11180,2016-05-16 13:21:00,2016-05-16,0.0043,0.0,0.0,12297.0,0.0043,0.0043,0.0043,10000450,2016-06-22,2016-06-22,C,2.25,2015-10-29
11181,2016-05-16 13:22:00,2016-05-16,0.0044,440.0,10.0,12307.0,0.0043,0.0044,0.0043,10000450,2016-06-22,2016-06-22,C,2.25,2015-10-29
11182,2016-05-16 13:23:00,2016-05-16,0.0045,450.0,10.0,12317.0,0.0044,0.0045,0.0044,10000450,2016-06-22,2016-06-22,C,2.25,2015-10-29
11183,2016-05-16 13:24:00,2016-05-16,0.0045,1750.0,40.0,12357.0,0.0045,0.0044,0.0043,10000450,2016-06-22,2016-06-22,C,2.25,2015-10-29
11184,2016-05-16 13:25:00,2016-05-16,0.0044,0.0,0.0,12357.0,0.0044,0.0044,0.0044,10000450,2016-06-22,2016-06-22,C,2.25,2015-10-29
11185,2016-05-16 13:26:00,2016-05-16,0.0044,0.0,0.0,12357.0,0.0044,0.0044,0.0044,10000450,2016-06-22,2016-06-22,C,2.25,2015-10-29
11186,2016-05-16 13:27:00,2016-05-16,0.0044,420.0,10.0,12367.0,0.0044,0.0042,0.0042,10000450,2016-06-22,2016-06-22,C,2.25,2015-10-29
11187,2016-05-16 13:28:00,2016-05-16,0.0042,420.0,10.0,12377.0,0.0042,0.0042,0.0042,10000450,2016-06-22,2016-06-22,C,2.25,2015-10-29
11188,2016-05-16 13:29:00,2016-05-16,0.0043,430.0,10.0,12387.0,0.0042,0.0043,0.0042,10000450,2016-06-22,2016-06-22,C,2.25,2015-10-29
11189,2016-05-16 13:30:00,2016-05-16,0.0043,0.0,0.0,12387.0,0.0043,0.0043,0.0043,10000450,2016-06-22,2016-06-22,C,2.25,2015-10-29
11190,2016-05-16 13:31:00,2016-05-16,0.0046,660.0,15.0,12397.0,0.0043,0.0043,0.0043,10000450,2016-06-22,2016-06-22,C,2.25,2015-10-29
11191,2016-05-16 13:32:00,2016-05-16,0.0043,430.0,10.0,12407.0,0.0043,0.0043,0.0043,10000450,2016-06-22,2016-06-22,C,2.25,2015-10-29
11192,2016-05-16 13:33:00,2016-05-16,0.0043,0.0,0.0,12407.0,0.0043,0.0043,0.0043,10000450,2016-06-22,2016-06-22,C,2.25,2015-10-29
11193,2016-05-16 13:34:00,2016-05-16,0.0043,0.0,0.0,12407.0,0.0043,0.0043,0.0043,10000450,2016-06-22,2016-06-22,C,2.25,2015-10-29
11194,2016-05-16 13:35:00,2016-05-16,0.0043,430.0,10.0,12417.0,0.0043,0.0043,0.0043,10000450,2016-06-22,2016-06-22,C,2.25,2015-10-29
11195,2016-05-16 13:36:00,2016-05-16,0.0043,850.0,20.0,12437.0,0.0042,0.0043,0.0042,10000450,2016-06-22,2016-06-22,C,2.25,2015-10-29
11196,2016-05-16 13:37:00,2016-05-16,0.0043,1118.0,26.0,12457.0,0.0043,0.0043,0.0043,10000450,2016-06-22,2016-06-22,C,2.25,2015-10-29
11197,2016-05-16 13:38:00,2016-05-16,0.0043,0.0,0.0,12457.0,0.0043,0.0043,0.0043,10000450,2016-06-22,2016-06-22,C,2.25,2015-10-29
11198,2016-05-16 13:39:00,2016-05-16,0.0043,0.0,0.0,12457.0,0.0043,0.0043,0.0043,10000450,2016-06-22,2016-06-22,C,2.25,2015-10-29
11199,2016-05-16 13:40:00,2016-05-16,0.0043,2302.0,54.0,12511.0,0.0043,0.0042,0.0042,10000450,2016-06-22,2016-06-22,C,2.25,2015-10-29
11200,2016-05-16 13:41:00,2016-05-16,0.0042,830.0,20.0,12531.0,0.0042,0.0042,0.0041,10000450,2016-06-22,2016-06-22,C,2.25,2015-10-29
11201,2016-05-16 13:42:00,2016-05-16,0.0042,588.0,14.0,12543.0,0.0042,0.0042,0.0042,10000450,2016-06-22,2016-06-22,C,2.25,2015-10-29
11202,2016-05-16 13:43:00,2016-05-16,0.0042,672.0,16.0,12559.0,0.0042,0.0042,0.0042,10000450,2016-06-22,2016-06-22,C,2.25,2015-10-29
11203,2016-05-16 13:44:00,2016-05-16,0.0042,0.0,0.0,12559.0,0.0042,0.0042,0.0042,10000450,2016-06-22,2016-06-22,C,2.25,2015-10-29
11204,2016-05-16 13:45:00,2016-05-16,0.0042,1680.0,40.0,12599.0,0.0042,0.0042,0.0042,10000450,2016-06-22,2016-06-22,C,2.25,2015-10-29
11205,2016-05-16 13:46:00,2016-05-16,0.0043,2150.0,50.0,12649.0,0.0042,0.0043,0.0042,10000450,2016-06-22,2016-06-22,C,2.25,2015-10-29
11206,2016-05-16 13:47:00,2016-05-16,0.0044,880.0,20.0,12669.0,0.0043,0.0044,0.0043,10000450,2016-06-22,2016-06-22,C,2.25,2015-10-29
11207,2016-05-16 13:48:00,2016-05-16,0.0044,43.0,1.0,12670.0,0.0044,0.0043,0.0043,10000450,2016-06-22,2016-06-22,C,2.25,2015-10-29
11208,2016-05-16 13:49:00,2016-05-16,0.0043,0.0,0.0,12670.0,0.0043,0.0043,0.0043,10000450,2016-06-22,2016-06-22,C,2.25,2015-10-29
11209,2016-05-16 13:50:00,2016-05-16,0.0044,440.0,10.0,12680.0,0.0044,0.0044,0.0044,10000450,2016-06-22,2016-06-22,C,2.25,2015-10-29
11210,2016-05-16 13:51:00,2016-05-16,0.0044,440.0,10.0,12690.0,0.0044,0.0044,0.0044,10000450,2016-06-22,2016-06-22,C,2.25,2015-10-29
11211,2016-05-16 13:52:00,2016-05-16,0.0044,0.0,0.0,12690.0,0.0044,0.0044,0.0044,10000450,2016-06-22,2016-06-22,C,2.25,2015-10-29
11212,2016-05-16 13:53:00,2016-05-16,0.0044,0.0,0.0,12690.0,0.0044,0.0044,0.0044,10000450,2016-06-22,2016-06-22,C,2.25,2015-10-29
11213,2016-05-16 13:54:00,2016-05-16,0.0044,0.0,0.0,12690.0,0.0044,0.0044,0.0044,10000450,2016-06-22,2016-06-22,C,2.25,2015-10-29
11214,2016-05-16 13:55:00,2016-05-16,0.0044,0.0,0.0,12690.0,0.0044,0.0044,0.0044,10000450,2016-06-22,2016-06-22,C,2.25,2015-10-29
11215,2016-05-16 13:56:00,2016-05-16,0.0045,900.0,20.0,12710.0,0.0044,0.0045,0.0044,10000450,2016-06-22,2016-06-22,C,2.25,2015-10-29
11216,2016-05-16 13:57:00,2016-05-16,0.0045,270.0,6.0,12710.0,0.0045,0.0045,0.0045,10000450,2016-06-22,2016-06-22,C,2.25,2015-10-29
11217,2016-05-16 13:58:00,2016-05-16,0.0045,450.0,10.0,12720.0,0.0045,0.0045,0.0045,10000450,2016-06-22,2016-06-22,C,2.25,2015-10-29
11218,2016-05-16 13:59:00,2016-05-16,0.0045,0.0,0.0,12720.0,0.0045,0.0045,0.0045,10000450,2016-06-22,2016-06-22,C,2.25,2015-10-29
11219,2016-05-16 14:00:00,2016-05-16,0.0045,0.0,0.0,12720.0,0.0045,0.0045,0.0045,10000450,2016-06-22,2016-06-22,C,2.25,2015-10-29
11220,2016-05-16 14:01:00,2016-05-16,0.0045,0.0,0.0,12720.0,0.0045,0.0045,0.0045,10000450,2016-06-22,2016-06-22,C,2.25,2015-10-29
11221,2016-05-16 14:02:00,2016-05-16,0.0045,0.0,0.0,12720.0,0.0045,0.0045,0.0045,10000450,2016-06-22,2016-06-22,C,2.25,2015-10-29
11222,2016-05-16 14:03:00,2016-05-16,0.0045,0.0,0.0,12720.0,0.0045,0.0045,0.0045,10000450,2016-06-22,2016-06-22,C,2.25,2015-10-29
11223,2016-05-16 14:04:00,2016-05-16,0.0045,0.0,0.0,12720.0,0.0045,0.0045,0.0045,10000450,2016-06-22,2016-06-22,C,2.25,2015-10-29
11224,2016-05-16 14:05:00,2016-05-16,0.0044,616.0,14.0,12732.0,0.0044,0.0044,0.0044,10000450,2016-06-22,2016-06-22,C,2.25,2015-10-29
11225,2016-05-16 14:06:00,2016-05-16,0.0044,0.0,0.0,12732.0,0.0044,0.0044,0.0044,10000450,2016-06-22,2016-06-22,C,2.25,2015-10-29
11226,2016-05-16 14:07:00,2016-05-16,0.0045,900.0,20.0,12712.0,0.0044,0.0045,0.0044,10000450,2016-06-22,2016-06-22,C,2.25,2015-10-29
11227,2016-05-16 14:08:00,2016-05-16,0.0045,440.0,10.0,12722.0,0.0045,0.0044,0.0044,10000450,2016-06-22,2016-06-22,C,2.25,2015-10-29
11228,2016-05-16 14:09:00,2016-05-16,0.0044,440.0,10.0,12722.0,0.0044,0.0044,0.0044,10000450,2016-06-22,2016-06-22,C,2.25,2015-10-29
11229,2016-05-16 14:10:00,2016-05-16,0.0044,0.0,0.0,12722.0,0.0044,0.0044,0.0044,10000450,2016-06-22,2016-06-22,C,2.25,2015-10-29
11230,2016-05-16 14:11:00,2016-05-16,0.0044,0.0,0.0,12722.0,0.0044,0.0044,0.0044,10000450,2016-06-22,2016-06-22,C,2.25,2015-10-29
11231,2016-05-16 14:12:00,2016-05-16,0.0045,450.0,10.0,12722.0,0.0044,0.0045,0.0044,10000450,2016-06-22,2016-06-22,C,2.25,2015-10-29
11232,2016-05-16 14:13:00,2016-05-16,0.0045,1790.0,40.0,12722.0,0.0045,0.0044,0.0044,10000450,2016-06-22,2016-06-22,C,2.25,2015-10-29
11233,2016-05-16 14:14:00,2016-05-16,0.0045,1350.0,30.0,12732.0,0.0044,0.0045,0.0044,10000450,2016-06-22,2016-06-22,C,2.25,2015-10-29
11234,2016-05-16 14:15:00,2016-05-16,0.0045,2690.0,60.0,12682.0,0.0045,0.0044,0.0044,10000450,2016-06-22,2016-06-22,C,2.25,2015-10-29
11235,2016-05-16 14:16:00,2016-05-16,0.0045,475.0,11.0,12682.0,0.0044,0.0043,0.0043,10000450,2016-06-22,2016-06-22,C,2.25,2015-10-29
11236,2016-05-16 14:17:00,2016-05-16,0.0043,0.0,0.0,12682.0,0.0043,0.0043,0.0043,10000450,2016-06-22,2016-06-22,C,2.25,2015-10-29
11237,2016-05-16 14:18:00,2016-05-16,0.0043,0.0,0.0,12682.0,0.0043,0.0043,0.0043,10000450,2016-06-22,2016-06-22,C,2.25,2015-10-29
11238,2016-05-16 14:19:00,2016-05-16,0.0043,0.0,0.0,12682.0,0.0043,0.0043,0.0043,10000450,2016-06-22,2016-06-22,C,2.25,2015-10-29
11239,2016-05-16 14:20:00,2016-05-16,0.0043,0.0,0.0,12682.0,0.0043,0.0043,0.0043,10000450,2016-06-22,2016-06-22,C,2.25,2015-10-29
11240,2016-05-16 14:21:00,2016-05-16,0.0043,969.0,23.0,12705.0,0.0042,0.0043,0.0042,10000450,2016-06-22,2016-06-22,C,2.25,2015-10-29
11241,2016-05-16 14:22:00,2016-05-16,0.0043,420.0,10.0,12715.0,0.0043,0.0042,0.0042,10000450,2016-06-22,2016-06-22,C,2.25,2015-10-29
11242,2016-05-16 14:23:00,2016-05-16,0.0042,0.0,0.0,12715.0,0.0042,0.0042,0.0042,10000450,2016-06-22,2016-06-22,C,2.25,2015-10-29
11243,2016-05-16 14:24:00,2016-05-16,0.0042,0.0,0.0,12715.0,0.0042,0.0042,0.0042,10000450,2016-06-22,2016-06-22,C,2.25,2015-10-29
11244,2016-05-16 14:25:00,2016-05-16,0.0042,0.0,0.0,12715.0,0.0042,0.0042,0.0042,10000450,2016-06-22,2016-06-22,C,2.25,2015-10-29
11245,2016-05-16 14:26:00,2016-05-16,0.0042,0.0,0.0,12715.0,0.0042,0.0042,0.0042,10000450,2016-06-22,2016-06-22,C,2.25,2015-10-29
11246,2016-05-16 14:27:00,2016-05-16,0.0042,0.0,0.0,12715.0,0.0042,0.0042,0.0042,10000450,2016-06-22,2016-06-22,C,2.25,2015-10-29
11247,2016-05-16 14:28:00,2016-05-16,0.0042,0.0,0.0,12715.0,0.0042,0.0042,0.0042,10000450,2016-06-22,2016-06-22,C,2.25,2015-10-29
11248,2016-05-16 14:29:00,2016-05-16,0.0042,0.0,0.0,12715.0,0.0042,0.0042,0.0042,10000450,2016-06-22,2016-06-22,C,2.25,2015-10-29
11249,2016-05-16 14:30:00,2016-05-16,0.0045,45.0,1.0,12715.0,0.0042,0.0045,0.0042,10000450,2016-06-22,2016-06-22,C,2.25,2015-10-29
11250,2016-05-16 14:31:00,2016-05-16,0.0045,0.0,0.0,12715.0,0.0045,0.0045,0.0045,10000450,2016-06-22,2016-06-22,C,2.25,2015-10-29
11251,2016-05-16 14:32:00,2016-05-16,0.0045,0.0,0.0,12715.0,0.0045,0.0045,0.0045,10000450,2016-06-22,2016-06-22,C,2.25,2015-10-29
11252,2016-05-16 14:33:00,2016-05-16,0.0045,260.0,6.0,12720.0,0.0045,0.0043,0.0043,10000450,2016-06-22,2016-06-22,C,2.25,2015-10-29
11253,2016-05-16 14:34:00,2016-05-16,0.0043,0.0,0.0,12720.0,0.0043,0.0043,0.0043,10000450,2016-06-22,2016-06-22,C,2.25,2015-10-29
11254,2016-05-16 14:35:00,2016-05-16,0.0043,0.0,0.0,12720.0,0.0043,0.0043,0.0043,10000450,2016-06-22,2016-06-22,C,2.25,2015-10-29
11255,2016-05-16 14:36:00,2016-05-16,0.0045,90.0,2.0,12722.0,0.0043,0.0045,0.0043,10000450,2016-06-22,2016-06-22,C,2.25,2015-10-29
11256,2016-05-16 14:37:00,2016-05-16,0.0045,90.0,2.0,12724.0,0.0045,0.0045,0.0045,10000450,2016-06-22,2016-06-22,C,2.25,2015-10-29
11257,2016-05-16 14:38:00,2016-05-16,0.0046,2300.0,50.0,12774.0,0.0045,0.0046,0.0045,10000450,2016-06-22,2016-06-22,C,2.25,2015-10-29
11258,2016-05-16 14:39:00,2016-05-16,0.0047,516.0,11.0,12785.0,0.0046,0.0047,0.0046,10000450,2016-06-22,2016-06-22,C,2.25,2015-10-29
11259,2016-05-16 14:40:00,2016-05-16,0.0047,0.0,0.0,12785.0,0.0047,0.0047,0.0047,10000450,2016-06-22,2016-06-22,C,2.25,2015-10-29
11260,2016-05-16 14:41:00,2016-05-16,0.0047,230.0,5.0,12790.0,0.0047,0.0046,0.0046,10000450,2016-06-22,2016-06-22,C,2.25,2015-10-29
11261,2016-05-16 14:42:00,2016-05-16,0.0046,0.0,0.0,12790.0,0.0046,0.0046,0.0046,10000450,2016-06-22,2016-06-22,C,2.25,2015-10-29
11262,2016-05-16 14:43:00,2016-05-16,0.0046,0.0,0.0,12790.0,0.0046,0.0046,0.0046,10000450,2016-06-22,2016-06-22,C,2.25,2015-10-29
11263,2016-05-16 14:44:00,2016-05-16,0.0047,1643.0,35.0,12795.0,0.0046,0.0047,0.0046,10000450,2016-06-22,2016-06-22,C,2.25,2015-10-29
11264,2016-05-16 14:45:00,2016-05-16,0.0047,0.0,0.0,12795.0,0.0047,0.0047,0.0047,10000450,2016-06-22,2016-06-22,C,2.25,2015-10-29
11265,2016-05-16 14:46:00,2016-05-16,0.0047,46.0,1.0,12796.0,0.0047,0.0046,0.0046,10000450,2016-06-22,2016-06-22,C,2.25,2015-10-29
11266,2016-05-16 14:47:00,2016-05-16,0.0046,0.0,0.0,12796.0,0.0046,0.0046,0.0046,10000450,2016-06-22,2016-06-22,C,2.25,2015-10-29
11267,2016-05-16 14:48:00,2016-05-16,0.0046,0.0,0.0,12796.0,0.0046,0.0046,0.0046,10000450,2016-06-22,2016-06-22,C,2.25,2015-10-29
11268,2016-05-16 14:49:00,2016-05-16,0.0046,0.0,0.0,12796.0,0.0046,0.0046,0.0046,10000450,2016-06-22,2016-06-22,C,2.25,2015-10-29
11269,2016-05-16 14:50:00,2016-05-16,0.0048,1238.0,26.0,12796.0,0.0046,0.0048,0.0046,10000450,2016-06-22,2016-06-22,C,2.25,2015-10-29
11270,2016-05-16 14:51:00,2016-05-16,0.0048,528.0,11.0,12792.0,0.0048,0.0048,0.0048,10000450,2016-06-22,2016-06-22,C,2.25,2015-10-29
11271,2016-05-16 14:52:00,2016-05-16,0.0048,480.0,10.0,12792.0,0.0048,0.0048,0.0048,10000450,2016-06-22,2016-06-22,C,2.25,2015-10-29
11272,2016-05-16 14:53:00,2016-05-16,0.0048,0.0,0.0,12792.0,0.0048,0.0048,0.0048,10000450,2016-06-22,2016-06-22,C,2.25,2015-10-29
11273,2016-05-16 14:54:00,2016-05-16,0.0048,705.0,15.0,12782.0,0.0048,0.0047,0.0047,10000450,2016-06-22,2016-06-22,C,2.25,2015-10-29
11274,2016-05-16 14:55:00,2016-05-16,0.0047,0.0,0.0,12782.0,0.0047,0.0047,0.0047,10000450,2016-06-22,2016-06-22,C,2.25,2015-10-29
11275,2016-05-16 14:56:00,2016-05-16,0.0047,0.0,0.0,12782.0,0.0047,0.0047,0.0047,10000450,2016-06-22,2016-06-22,C,2.25,2015-10-29
11276,2016-05-16 14:57:00,2016-05-16,0.0048,1144.0,24.0,12776.0,0.0047,0.0048,0.0046,10000450,2016-06-22,2016-06-22,C,2.25,2015-10-29
11277,2016-05-16 14:58:00,2016-05-16,0.0048,0.0,0.0,12776.0,0.0048,0.0048,0.0048,10000450,2016-06-22,2016-06-22,C,2.25,2015-10-29
11278,2016-05-16 14:59:00,2016-05-16,0.0048,0.0,0.0,12776.0,0.0048,0.0048,0.0048,10000450,2016-06-22,2016-06-22,C,2.25,2015-10-29
11279,2016-05-16 15:00:00,2016-05-16,0.0048,0.0,0.0,12776.0,0.0048,0.0048,0.0048,10000450,2016-06-22,2016-06-22,C,2.25,2015-10-29
11280,2016-05-16 09:31:00,2016-05-16,0.0117,28491.0,260.0,42744.0,0.0115,0.0112,0.0103,10000602,2016-05-25,2016-05-25,C,2.1,2016-03-24
11281,2016-05-16 09:32:00,2016-05-16,0.0115,24361.0,220.0,42837.0,0.0112,0.0106,0.0105,10000602,2016-05-25,2016-05-25,C,2.1,2016-03-24
11282,2016-05-16 09:33:00,2016-05-16,0.0109,15917.0,150.0,42947.0,0.0106,0.0107,0.0104,10000602,2016-05-25,2016-05-25,C,2.1,2016-03-24
11283,2016-05-16 09:34:00,2016-05-16,0.0109,10670.0,100.0,42973.0,0.0107,0.0109,0.0105,10000602,2016-05-25,2016-05-25,C,2.1,2016-03-24
11284,2016-05-16 09:35:00,2016-05-16,0.0111,22374.0,207.0,43069.0,0.0109,0.011,0.0105,10000602,2016-05-25,2016-05-25,C,2.1,2016-03-24
11285,2016-05-16 09:36:00,2016-05-16,0.0125,17764.0,152.0,43080.0,0.011,0.0118,0.0109,10000602,2016-05-25,2016-05-25,C,2.1,2016-03-24
11286,2016-05-16 09:37:00,2016-05-16,0.0123,15614.0,130.0,43122.0,0.0118,0.0121,0.0118,10000602,2016-05-25,2016-05-25,C,2.1,2016-03-24
11287,2016-05-16 09:38:00,2016-05-16,0.0121,24068.0,205.0,43255.0,0.0121,0.0115,0.0114,10000602,2016-05-25,2016-05-25,C,2.1,2016-03-24
11288,2016-05-16 09:39:00,2016-05-16,0.0115,17510.0,154.0,43379.0,0.0115,0.0112,0.0111,10000602,2016-05-25,2016-05-25,C,2.1,2016-03-24
11289,2016-05-16 09:40:00,2016-05-16,0.0117,17271.0,150.0,43491.0,0.0112,0.0114,0.0112,10000602,2016-05-25,2016-05-25,C,2.1,2016-03-24
11290,2016-05-16 09:41:00,2016-05-16,0.0114,7125.0,65.0,43531.0,0.0114,0.0108,0.0108,10000602,2016-05-25,2016-05-25,C,2.1,2016-03-24
11291,2016-05-16 09:42:00,2016-05-16,0.0112,10016.0,92.0,43552.0,0.0108,0.0108,0.0107,10000602,2016-05-25,2016-05-25,C,2.1,2016-03-24
11292,2016-05-16 09:43:00,2016-05-16,0.0112,3975.0,36.0,43549.0,0.0108,0.011,0.0108,10000602,2016-05-25,2016-05-25,C,2.1,2016-03-24
11293,2016-05-16 09:44:00,2016-05-16,0.0111,18407.0,169.0,43548.0,0.011,0.0107,0.0107,10000602,2016-05-25,2016-05-25,C,2.1,2016-03-24
11294,2016-05-16 09:45:00,2016-05-16,0.0109,10664.0,100.0,43607.0,0.0107,0.0105,0.0104,10000602,2016-05-25,2016-05-25,C,2.1,2016-03-24
11295,2016-05-16 09:46:00,2016-05-16,0.0108,9444.0,90.0,43647.0,0.0104,0.0103,0.0103,10000602,2016-05-25,2016-05-25,C,2.1,2016-03-24
11296,2016-05-16 09:47:00,2016-05-16,0.0107,8122.0,79.0,43716.0,0.0103,0.0103,0.0102,10000602,2016-05-25,2016-05-25,C,2.1,2016-03-24
11297,2016-05-16 09:48:00,2016-05-16,0.0107,3533.0,34.0,43740.0,0.0103,0.0103,0.0103,10000602,2016-05-25,2016-05-25,C,2.1,2016-03-24
11298,2016-05-16 09:49:00,2016-05-16,0.0108,645.0,6.0,43745.0,0.0103,0.0105,0.0103,10000602,2016-05-25,2016-05-25,C,2.1,2016-03-24
11299,2016-05-16 09:50:00,2016-05-16,0.0105,2205.0,21.0,43735.0,0.0105,0.0105,0.0105,10000602,2016-05-25,2016-05-25,C,2.1,2016-03-24
11300,2016-05-16 09:51:00,2016-05-16,0.0107,4556.0,43.0,43725.0,0.0105,0.0107,0.0105,10000602,2016-05-25,2016-05-25,C,2.1,2016-03-24
11301,2016-05-16 09:52:00,2016-05-16,0.0107,30116.0,288.0,43847.0,0.0107,0.0102,0.0102,10000602,2016-05-25,2016-05-25,C,2.1,2016-03-24
11302,2016-05-16 09:53:00,2016-05-16,0.0103,41417.0,438.0,43891.0,0.0102,0.0088,0.0085,10000602,2016-05-25,2016-05-25,C,2.1,2016-03-24
11303,2016-05-16 09:54:00,2016-05-16,0.009000000000000001,26113.0,302.0,43879.0,0.0089,0.009000000000000001,0.0084,10000602,2016-05-25,2016-05-25,C,2.1,2016-03-24
11304,2016-05-16 09:55:00,2016-05-16,0.009000000000000001,14340.0,163.0,43886.0,0.009000000000000001,0.0089,0.0087,10000602,2016-05-25,2016-05-25,C,2.1,2016-03-24
11305,2016-05-16 09:56:00,2016-05-16,0.0092,19822.0,219.0,43844.0,0.0089,0.0092,0.0088,10000602,2016-05-25,2016-05-25,C,2.1,2016-03-24
11306,2016-05-16 09:57:00,2016-05-16,0.0096,18543.0,198.0,43797.0,0.0092,0.0096,0.0091,10000602,2016-05-25,2016-05-25,C,2.1,2016-03-24
11307,2016-05-16 09:58:00,2016-05-16,0.0099,50809.0,529.0,43642.0,0.0096,0.0094,0.0094,10000602,2016-05-25,2016-05-25,C,2.1,2016-03-24
11308,2016-05-16 09:59:00,2016-05-16,0.0096,23154.0,245.0,43608.0,0.0094,0.0096,0.0093,10000602,2016-05-25,2016-05-25,C,2.1,2016-03-24
11309,2016-05-16 10:00:00,2016-05-16,0.0096,9105.0,95.0,43551.0,0.0096,0.0093,0.0093,10000602,2016-05-25,2016-05-25,C,2.1,2016-03-24
11310,2016-05-16 10:01:00,2016-05-16,0.0093,16324.0,181.0,43503.0,0.0093,0.0089,0.0089,10000602,2016-05-25,2016-05-25,C,2.1,2016-03-24
11311,2016-05-16 10:02:00,2016-05-16,0.0097,17367.0,189.0,43418.0,0.0089,0.0097,0.0088,10000602,2016-05-25,2016-05-25,C,2.1,2016-03-24
11312,2016-05-16 10:03:00,2016-05-16,0.0097,12512.0,132.0,43391.0,0.0097,0.0094,0.0094,10000602,2016-05-25,2016-05-25,C,2.1,2016-03-24
11313,2016-05-16 10:04:00,2016-05-16,0.0098,16746.0,173.0,43260.0,0.0094,0.0098,0.0094,10000602,2016-05-25,2016-05-25,C,2.1,2016-03-24
11314,2016-05-16 10:05:00,2016-05-16,0.0099,9509.0,97.0,43244.0,0.0098,0.0099,0.0097,10000602,2016-05-25,2016-05-25,C,2.1,2016-03-24
11315,2016-05-16 10:06:00,2016-05-16,0.01,13821.0,140.0,43259.0,0.0099,0.0098,0.0098,10000602,2016-05-25,2016-05-25,C,2.1,2016-03-24
11316,2016-05-16 10:07:00,2016-05-16,0.0105,20571.0,207.0,43282.0,0.0098,0.0105,0.0097,10000602,2016-05-25,2016-05-25,C,2.1,2016-03-24
11317,2016-05-16 10:08:00,2016-05-16,0.0106,8308.0,80.0,43308.0,0.0105,0.0101,0.0101,10000602,2016-05-25,2016-05-25,C,2.1,2016-03-24
11318,2016-05-16 10:09:00,2016-05-16,0.0102,1721.0,17.0,43312.0,0.0101,0.0101,0.0101,10000602,2016-05-25,2016-05-25,C,2.1,2016-03-24
11319,2016-05-16 10:10:00,2016-05-16,0.0102,6312.0,62.0,43277.0,0.0101,0.0102,0.0101,10000602,2016-05-25,2016-05-25,C,2.1,2016-03-24
11320,2016-05-16 10:11:00,2016-05-16,0.0102,6482.0,65.0,43308.0,0.0101,0.0098,0.0098,10000602,2016-05-25,2016-05-25,C,2.1,2016-03-24
11321,2016-05-16 10:12:00,2016-05-16,0.0099,5298.0,54.0,43361.0,0.0098,0.0098,0.0097,10000602,2016-05-25,2016-05-25,C,2.1,2016-03-24
11322,2016-05-16 10:13:00,2016-05-16,0.0105,14777.0,144.0,43431.0,0.0098,0.0105,0.0098,10000602,2016-05-25,2016-05-25,C,2.1,2016-03-24
11323,2016-05-16 10:14:00,2016-05-16,0.0106,10337.0,98.0,43361.0,0.0105,0.0106,0.0105,10000602,2016-05-25,2016-05-25,C,2.1,2016-03-24
11324,2016-05-16 10:15:00,2016-05-16,0.0106,13788.0,131.0,43348.0,0.0106,0.0105,0.0105,10000602,2016-05-25,2016-05-25,C,2.1,2016-03-24
11325,2016-05-16 10:16:00,2016-05-16,0.0106,7444.0,71.0,43349.0,0.0104,0.0106,0.0104,10000602,2016-05-25,2016-05-25,C,2.1,2016-03-24
11326,2016-05-16 10:17:00,2016-05-16,0.0107,5688.0,54.0,43339.0,0.0106,0.0107,0.0105,10000602,2016-05-25,2016-05-25,C,2.1,2016-03-24
11327,2016-05-16 10:18:00,2016-05-16,0.0107,6603.0,63.0,43358.0,0.0107,0.0103,0.0103,10000602,2016-05-25,2016-05-25,C,2.1,2016-03-24
11328,2016-05-16 10:19:00,2016-05-16,0.0104,936.0,9.0,43363.0,0.0104,0.0104,0.0104,10000602,2016-05-25,2016-05-25,C,2.1,2016-03-24
11329,2016-05-16 10:20:00,2016-05-16,0.0104,2184.0,21.0,43363.0,0.0104,0.0104,0.0104,10000602,2016-05-25,2016-05-25,C,2.1,2016-03-24
11330,2016-05-16 10:21:00,2016-05-16,0.0104,0.0,0.0,43363.0,0.0104,0.0104,0.0104,10000602,2016-05-25,2016-05-25,C,2.1,2016-03-24
11331,2016-05-16 10:22:00,2016-05-16,0.0104,520.0,5.0,43363.0,0.0104,0.0104,0.0104,10000602,2016-05-25,2016-05-25,C,2.1,2016-03-24
11332,2016-05-16 10:23:00,2016-05-16,0.0105,11584.0,112.0,43425.0,0.0104,0.0101,0.0101,10000602,2016-05-25,2016-05-25,C,2.1,2016-03-24
11333,2016-05-16 10:24:00,2016-05-16,0.0101,3390.0,34.0,43423.0,0.0101,0.0098,0.0098,10000602,2016-05-25,2016-05-25,C,2.1,2016-03-24
11334,2016-05-16 10:25:00,2016-05-16,0.0099,8906.0,90.0,43345.0,0.0098,0.0099,0.0098,10000602,2016-05-25,2016-05-25,C,2.1,2016-03-24
11335,2016-05-16 10:26:00,2016-05-16,0.0101,5836.0,58.0,43318.0,0.0099,0.0101,0.0099,10000602,2016-05-25,2016-05-25,C,2.1,2016-03-24
11336,2016-05-16 10:27:00,2016-05-16,0.0101,1000.0,10.0,43318.0,0.0101,0.01,0.01,10000602,2016-05-25,2016-05-25,C,2.1,2016-03-24
11337,2016-05-16 10:28:00,2016-05-16,0.0105,6744.0,65.0,43306.0,0.01,0.0104,0.01,10000602,2016-05-25,2016-05-25,C,2.1,2016-03-24
11338,2016-05-16 10:29:00,2016-05-16,0.0106,7865.0,75.0,43334.0,0.0104,0.0106,0.0103,10000602,2016-05-25,2016-05-25,C,2.1,2016-03-24
11339,2016-05-16 10:30:00,2016-05-16,0.0106,4417.0,42.0,43314.0,0.0106,0.0104,0.0104,10000602,2016-05-25,2016-05-25,C,2.1,2016-03-24
11340,2016-05-16 10:31:00,2016-05-16,0.0104,0.0,0.0,43314.0,0.0104,0.0104,0.0104,10000602,2016-05-25,2016-05-25,C,2.1,2016-03-24
11341,2016-05-16 10:32:00,2016-05-16,0.0106,1270.0,12.0,43314.0,0.0104,0.0106,0.0104,10000602,2016-05-25,2016-05-25,C,2.1,2016-03-24
11342,2016-05-16 10:33:00,2016-05-16,0.0106,0.0,0.0,43314.0,0.0106,0.0106,0.0106,10000602,2016-05-25,2016-05-25,C,2.1,2016-03-24
11343,2016-05-16 10:34:00,2016-05-16,0.0108,9794.0,91.0,43352.0,0.0106,0.0108,0.0106,10000602,2016-05-25,2016-05-25,C,2.1,2016-03-24
11344,2016-05-16 10:35:00,2016-05-16,0.0109,9034.0,83.0,43362.0,0.0109,0.0109,0.0108,10000602,2016-05-25,2016-05-25,C,2.1,2016-03-24
11345,2016-05-16 10:36:00,2016-05-16,0.0112,22041.0,201.0,43314.0,0.0109,0.0107,0.0107,10000602,2016-05-25,2016-05-25,C,2.1,2016-03-24
11346,2016-05-16 10:37:00,2016-05-16,0.0107,7523.0,71.0,43309.0,0.0107,0.0106,0.0104,10000602,2016-05-25,2016-05-25,C,2.1,2016-03-24
11347,2016-05-16 10:38:00,2016-05-16,0.0106,2112.0,20.0,43326.0,0.0106,0.0104,0.0104,10000602,2016-05-25,2016-05-25,C,2.1,2016-03-24
11348,2016-05-16 10:39:00,2016-05-16,0.0105,6429.0,62.0,43323.0,0.0104,0.0104,0.0103,10000602,2016-05-25,2016-05-25,C,2.1,2016-03-24
11349,2016-05-16 10:40:00,2016-05-16,0.0105,2385.0,23.0,43334.0,0.0104,0.0104,0.0104,10000602,2016-05-25,2016-05-25,C,2.1,2016-03-24
11350,2016-05-16 10:41:00,2016-05-16,0.0104,2162.0,21.0,43345.0,0.0104,0.0102,0.0102,10000602,2016-05-25,2016-05-25,C,2.1,2016-03-24
11351,2016-05-16 10:42:00,2016-05-16,0.0102,0.0,0.0,43345.0,0.0102,0.0102,0.0102,10000602,2016-05-25,2016-05-25,C,2.1,2016-03-24
11352,2016-05-16 10:43:00,2016-05-16,0.0102,0.0,0.0,43345.0,0.0102,0.0102,0.0102,10000602,2016-05-25,2016-05-25,C,2.1,2016-03-24
11353,2016-05-16 10:44:00,2016-05-16,0.0103,206.0,2.0,43347.0,0.0102,0.0103,0.0102,10000602,2016-05-25,2016-05-25,C,2.1,2016-03-24
11354,2016-05-16 10:45:00,2016-05-16,0.0103,8666.0,85.0,43401.0,0.0103,0.0101,0.0101,10000602,2016-05-25,2016-05-25,C,2.1,2016-03-24
11355,2016-05-16 10:46:00,2016-05-16,0.0103,4965.0,49.0,43419.0,0.0101,0.0102,0.01,10000602,2016-05-25,2016-05-25,C,2.1,2016-03-24
11356,2016-05-16 10:47:00,2016-05-16,0.0106,4463.0,43.0,43450.0,0.0102,0.0106,0.0102,10000602,2016-05-25,2016-05-25,C,2.1,2016-03-24
11357,2016-05-16 10:48:00,2016-05-16,0.0106,1040.0,10.0,43460.0,0.0106,0.0104,0.0104,10000602,2016-05-25,2016-05-25,C,2.1,2016-03-24
11358,2016-05-16 10:49:00,2016-05-16,0.011,5777.0,53.0,43453.0,0.0104,0.0108,0.0104,10000602,2016-05-25,2016-05-25,C,2.1,2016-03-24
11359,2016-05-16 10:50:00,2016-05-16,0.0112,9538.0,86.0,43458.0,0.0108,0.0111,0.0108,10000602,2016-05-25,2016-05-25,C,2.1,2016-03-24
11360,2016-05-16 10:51:00,2016-05-16,0.0118,19671.0,168.0,43407.0,0.0111,0.0118,0.0111,10000602,2016-05-25,2016-05-25,C,2.1,2016-03-24
11361,2016-05-16 10:52:00,2016-05-16,0.0118,17406.0,149.0,43423.0,0.0118,0.0117,0.0115,10000602,2016-05-25,2016-05-25,C,2.1,2016-03-24
11362,2016-05-16 10:53:00,2016-05-16,0.0117,2885.0,25.0,43423.0,0.0117,0.0116,0.0115,10000602,2016-05-25,2016-05-25,C,2.1,2016-03-24
11363,2016-05-16 10:54:00,2016-05-16,0.0116,7680.0,67.0,43425.0,0.0116,0.0115,0.0113,10000602,2016-05-25,2016-05-25,C,2.1,2016-03-24
11364,2016-05-16 10:55:00,2016-05-16,0.0119,8818.0,75.0,43426.0,0.0115,0.0119,0.0115,10000602,2016-05-25,2016-05-25,C,2.1,2016-03-24
11365,2016-05-16 10:56:00,2016-05-16,0.0127,25885.0,211.0,43466.0,0.0119,0.0124,0.0119,10000602,2016-05-25,2016-05-25,C,2.1,2016-03-24
11366,2016-05-16 10:57:00,2016-05-16,0.0124,8613.0,70.0,43468.0,0.0124,0.0121,0.0121,10000602,2016-05-25,2016-05-25,C,2.1,2016-03-24
11367,2016-05-16 10:58:00,2016-05-16,0.0128,15999.0,128.0,43564.0,0.0121,0.0127,0.012,10000602,2016-05-25,2016-05-25,C,2.1,2016-03-24
11368,2016-05-16 10:59:00,2016-05-16,0.0136,37464.0,286.0,43632.0,0.0127,0.0133,0.0123,10000602,2016-05-25,2016-05-25,C,2.1,2016-03-24
11369,2016-05-16 11:00:00,2016-05-16,0.0139,19750.0,146.0,43637.0,0.0133,0.0135,0.0131,10000602,2016-05-25,2016-05-25,C,2.1,2016-03-24
11370,2016-05-16 11:01:00,2016-05-16,0.0139,47844.0,349.0,43672.0,0.0135,0.0137,0.0133,10000602,2016-05-25,2016-05-25,C,2.1,2016-03-24
11371,2016-05-16 11:02:00,2016-05-16,0.0138,31734.0,238.0,43763.0,0.0137,0.013,0.013,10000602,2016-05-25,2016-05-25,C,2.1,2016-03-24
11372,2016-05-16 11:03:00,2016-05-16,0.0131,19374.0,149.0,43793.0,0.013,0.0129,0.0129,10000602,2016-05-25,2016-05-25,C,2.1,2016-03-24
11373,2016-05-16 11:04:00,2016-05-16,0.013,12249.0,96.0,43827.0,0.0129,0.0124,0.0124,10000602,2016-05-25,2016-05-25,C,2.1,2016-03-24
11374,2016-05-16 11:05:00,2016-05-16,0.013,10451.0,82.0,43855.0,0.0124,0.0127,0.0124,10000602,2016-05-25,2016-05-25,C,2.1,2016-03-24
11375,2016-05-16 11:06:00,2016-05-16,0.0127,9525.0,75.0,43904.0,0.0127,0.0127,0.0127,10000602,2016-05-25,2016-05-25,C,2.1,2016-03-24
11376,2016-05-16 11:07:00,2016-05-16,0.0127,13545.0,107.0,43990.0,0.0127,0.0126,0.0125,10000602,2016-05-25,2016-05-25,C,2.1,2016-03-24
11377,2016-05-16 11:08:00,2016-05-16,0.013,18152.0,141.0,44027.0,0.0126,0.013,0.0126,10000602,2016-05-25,2016-05-25,C,2.1,2016-03-24
11378,2016-05-16 11:09:00,2016-05-16,0.013,10710.0,83.0,44014.0,0.013,0.0128,0.0128,10000602,2016-05-25,2016-05-25,C,2.1,2016-03-24
11379,2016-05-16 11:10:00,2016-05-16,0.013,3730.0,29.0,43990.0,0.0128,0.0128,0.0128,10000602,2016-05-25,2016-05-25,C,2.1,2016-03-24
11380,2016-05-16 11:11:00,2016-05-16,0.0129,4974.0,39.0,44005.0,0.0128,0.0126,0.0126,10000602,2016-05-25,2016-05-25,C,2.1,2016-03-24
11381,2016-05-16 11:12:00,2016-05-16,0.0126,14103.0,113.0,43947.0,0.0126,0.0122,0.0122,10000602,2016-05-25,2016-05-25,C,2.1,2016-03-24
11382,2016-05-16 11:13:00,2016-05-16,0.0122,3040.0,25.0,43959.0,0.0122,0.0122,0.0121,10000602,2016-05-25,2016-05-25,C,2.1,2016-03-24
11383,2016-05-16 11:14:00,2016-05-16,0.0128,6728.0,54.0,43993.0,0.0122,0.0128,0.0121,10000602,2016-05-25,2016-05-25,C,2.1,2016-03-24
11384,2016-05-16 11:15:00,2016-05-16,0.013,7456.0,58.0,43957.0,0.0128,0.0127,0.0127,10000602,2016-05-25,2016-05-25,C,2.1,2016-03-24
11385,2016-05-16 11:16:00,2016-05-16,0.0128,2812.0,22.0,43943.0,0.0127,0.0126,0.0126,10000602,2016-05-25,2016-05-25,C,2.1,2016-03-24
11386,2016-05-16 11:17:00,2016-05-16,0.0126,1886.0,15.0,43938.0,0.0126,0.0124,0.0124,10000602,2016-05-25,2016-05-25,C,2.1,2016-03-24
11387,2016-05-16 11:18:00,2016-05-16,0.0124,2703.0,22.0,43943.0,0.0124,0.0123,0.0122,10000602,2016-05-25,2016-05-25,C,2.1,2016-03-24
11388,2016-05-16 11:19:00,2016-05-16,0.0123,5739.0,47.0,43942.0,0.0123,0.0123,0.0121,10000602,2016-05-25,2016-05-25,C,2.1,2016-03-24
11389,2016-05-16 11:20:00,2016-05-16,0.0127,9821.0,79.0,43962.0,0.0123,0.0127,0.0122,10000602,2016-05-25,2016-05-25,C,2.1,2016-03-24
11390,2016-05-16 11:21:00,2016-05-16,0.013,9290.0,72.0,43948.0,0.0127,0.0129,0.0127,10000602,2016-05-25,2016-05-25,C,2.1,2016-03-24
11391,2016-05-16 11:22:00,2016-05-16,0.0129,11125.0,87.0,43929.0,0.0129,0.0124,0.0124,10000602,2016-05-25,2016-05-25,C,2.1,2016-03-24
11392,2016-05-16 11:23:00,2016-05-16,0.0124,11000.0,90.0,43999.0,0.0124,0.0123,0.0121,10000602,2016-05-25,2016-05-25,C,2.1,2016-03-24
11393,2016-05-16 11:24:00,2016-05-16,0.0123,5961.0,49.0,44010.0,0.0123,0.0121,0.0121,10000602,2016-05-25,2016-05-25,C,2.1,2016-03-24
11394,2016-05-16 11:25:00,2016-05-16,0.0122,2541.0,21.0,44005.0,0.0121,0.0122,0.012,10000602,2016-05-25,2016-05-25,C,2.1,2016-03-24
11395,2016-05-16 11:26:00,2016-05-16,0.0123,3898.0,32.0,44026.0,0.0122,0.0121,0.012,10000602,2016-05-25,2016-05-25,C,2.1,2016-03-24
11396,2016-05-16 11:27:00,2016-05-16,0.0123,3413.0,28.0,44037.0,0.0121,0.0123,0.012,10000602,2016-05-25,2016-05-25,C,2.1,2016-03-24
11397,2016-05-16 11:28:00,2016-05-16,0.0123,5015.0,41.0,44068.0,0.0123,0.0123,0.0121,10000602,2016-05-25,2016-05-25,C,2.1,2016-03-24
11398,2016-05-16 11:29:00,2016-05-16,0.0123,9062.0,74.0,44115.0,0.0123,0.0121,0.0121,10000602,2016-05-25,2016-05-25,C,2.1,2016-03-24
11399,2016-05-16 11:30:00,2016-05-16,0.0121,726.0,6.0,44121.0,0.0121,0.0121,0.0121,10000602,2016-05-25,2016-05-25,C,2.1,2016-03-24
11400,2016-05-16 13:01:00,2016-05-16,0.0124,9546.0,78.0,44152.0,0.0124,0.0121,0.0121,10000602,2016-05-25,2016-05-25,C,2.1,2016-03-24
11401,2016-05-16 13:02:00,2016-05-16,0.012,21388.0,184.0,44190.0,0.012,0.0111,0.0111,10000602,2016-05-25,2016-05-25,C,2.1,2016-03-24
11402,2016-05-16 13:03:00,2016-05-16,0.0114,7956.0,72.0,44236.0,0.0111,0.0114,0.011,10000602,2016-05-25,2016-05-25,C,2.1,2016-03-24
11403,2016-05-16 13:04:00,2016-05-16,0.0116,342.0,3.0,44239.0,0.0114,0.0116,0.0113,10000602,2016-05-25,2016-05-25,C,2.1,2016-03-24
11404,2016-05-16 13:05:00,2016-05-16,0.0118,3372.0,29.0,44249.0,0.0118,0.0116,0.0115,10000602,2016-05-25,2016-05-25,C,2.1,2016-03-24
11405,2016-05-16 13:06:00,2016-05-16,0.0119,4105.0,35.0,44264.0,0.0116,0.0119,0.0116,10000602,2016-05-25,2016-05-25,C,2.1,2016-03-24
11406,2016-05-16 13:07:00,2016-05-16,0.0118,5852.0,50.0,44276.0,0.0118,0.0116,0.0116,10000602,2016-05-25,2016-05-25,C,2.1,2016-03-24
11407,2016-05-16 13:08:00,2016-05-16,0.0116,1276.0,11.0,44281.0,0.0116,0.0116,0.0116,10000602,2016-05-25,2016-05-25,C,2.1,2016-03-24
11408,2016-05-16 13:09:00,2016-05-16,0.0116,0.0,0.0,44281.0,0.0116,0.0116,0.0116,10000602,2016-05-25,2016-05-25,C,2.1,2016-03-24
11409,2016-05-16 13:10:00,2016-05-16,0.0117,2330.0,20.0,44271.0,0.0116,0.0117,0.0116,10000602,2016-05-25,2016-05-25,C,2.1,2016-03-24
11410,2016-05-16 13:11:00,2016-05-16,0.0118,1170.0,10.0,44274.0,0.0117,0.0118,0.0116,10000602,2016-05-25,2016-05-25,C,2.1,2016-03-24
11411,2016-05-16 13:12:00,2016-05-16,0.0119,2487.0,21.0,44269.0,0.0118,0.0118,0.0118,10000602,2016-05-25,2016-05-25,C,2.1,2016-03-24
11412,2016-05-16 13:13:00,2016-05-16,0.0118,468.0,4.0,44269.0,0.0118,0.0117,0.0117,10000602,2016-05-25,2016-05-25,C,2.1,2016-03-24
11413,2016-05-16 13:14:00,2016-05-16,0.0118,3064.0,26.0,44284.0,0.0117,0.0118,0.0117,10000602,2016-05-25,2016-05-25,C,2.1,2016-03-24
11414,2016-05-16 13:15:00,2016-05-16,0.0118,2003.0,17.0,44278.0,0.0117,0.0118,0.0117,10000602,2016-05-25,2016-05-25,C,2.1,2016-03-24
11415,2016-05-16 13:16:00,2016-05-16,0.0118,4301.0,37.0,44263.0,0.0118,0.0115,0.0115,10000602,2016-05-25,2016-05-25,C,2.1,2016-03-24
11416,2016-05-16 13:17:00,2016-05-16,0.0118,7441.0,64.0,44250.0,0.0115,0.0115,0.0115,10000602,2016-05-25,2016-05-25,C,2.1,2016-03-24
11417,2016-05-16 13:18:00,2016-05-16,0.0117,3135.0,27.0,44270.0,0.0113,0.0117,0.0113,10000602,2016-05-25,2016-05-25,C,2.1,2016-03-24
11418,2016-05-16 13:19:00,2016-05-16,0.0117,6909.0,60.0,44276.0,0.0117,0.0114,0.0114,10000602,2016-05-25,2016-05-25,C,2.1,2016-03-24
11419,2016-05-16 13:20:00,2016-05-16,0.0115,11990.0,105.0,44277.0,0.0114,0.0114,0.0113,10000602,2016-05-25,2016-05-25,C,2.1,2016-03-24
11420,2016-05-16 13:21:00,2016-05-16,0.0114,5352.0,48.0,44253.0,0.0114,0.011,0.011,10000602,2016-05-25,2016-05-25,C,2.1,2016-03-24
11421,2016-05-16 13:22:00,2016-05-16,0.0115,18710.0,165.0,44253.0,0.011,0.0114,0.011,10000602,2016-05-25,2016-05-25,C,2.1,2016-03-24
11422,2016-05-16 13:23:00,2016-05-16,0.0115,8066.0,71.0,44219.0,0.0114,0.0112,0.0112,10000602,2016-05-25,2016-05-25,C,2.1,2016-03-24
11423,2016-05-16 13:24:00,2016-05-16,0.0113,791.0,7.0,44219.0,0.0112,0.0113,0.0112,10000602,2016-05-25,2016-05-25,C,2.1,2016-03-24
11424,2016-05-16 13:25:00,2016-05-16,0.0113,3447.0,31.0,44219.0,0.0113,0.0111,0.0111,10000602,2016-05-25,2016-05-25,C,2.1,2016-03-24
11425,2016-05-16 13:26:00,2016-05-16,0.0111,7876.0,72.0,44237.0,0.0111,0.0107,0.0106,10000602,2016-05-25,2016-05-25,C,2.1,2016-03-24
11426,2016-05-16 13:27:00,2016-05-16,0.0108,1080.0,10.0,44247.0,0.0107,0.0108,0.0107,10000602,2016-05-25,2016-05-25,C,2.1,2016-03-24
11427,2016-05-16 13:28:00,2016-05-16,0.0112,6677.0,61.0,44282.0,0.0108,0.0111,0.0108,10000602,2016-05-25,2016-05-25,C,2.1,2016-03-24
11428,2016-05-16 13:29:00,2016-05-16,0.0112,4368.0,39.0,44301.0,0.0111,0.0112,0.0111,10000602,2016-05-25,2016-05-25,C,2.1,2016-03-24
11429,2016-05-16 13:30:00,2016-05-16,0.0112,4576.0,41.0,44301.0,0.0112,0.0112,0.011,10000602,2016-05-25,2016-05-25,C,2.1,2016-03-24
11430,2016-05-16 13:31:00,2016-05-16,0.0114,3630.0,32.0,44298.0,0.0112,0.0114,0.0112,10000602,2016-05-25,2016-05-25,C,2.1,2016-03-24
11431,2016-05-16 13:32:00,2016-05-16,0.0114,4219.0,37.0,44319.0,0.0114,0.0114,0.0114,10000602,2016-05-25,2016-05-25,C,2.1,2016-03-24
11432,2016-05-16 13:33:00,2016-05-16,0.0115,1599.0,14.0,44322.0,0.0114,0.0114,0.0114,10000602,2016-05-25,2016-05-25,C,2.1,2016-03-24
11433,2016-05-16 13:34:00,2016-05-16,0.0119,3973.0,34.0,44334.0,0.0115,0.0119,0.0115,10000602,2016-05-25,2016-05-25,C,2.1,2016-03-24
11434,2016-05-16 13:35:00,2016-05-16,0.0118,2475.0,21.0,44334.0,0.0115,0.0118,0.0115,10000602,2016-05-25,2016-05-25,C,2.1,2016-03-24
11435,2016-05-16 13:36:00,2016-05-16,0.0118,2776.0,24.0,44332.0,0.0118,0.0114,0.0114,10000602,2016-05-25,2016-05-25,C,2.1,2016-03-24
11436,2016-05-16 13:37:00,2016-05-16,0.0115,6338.0,56.0,44307.0,0.0114,0.0112,0.0112,10000602,2016-05-25,2016-05-25,C,2.1,2016-03-24
11437,2016-05-16 13:38:00,2016-05-16,0.0115,2851.0,25.0,44327.0,0.0111,0.0114,0.0111,10000602,2016-05-25,2016-05-25,C,2.1,2016-03-24
11438,2016-05-16 13:39:00,2016-05-16,0.0114,8880.0,78.0,44395.0,0.0114,0.0113,0.0113,10000602,2016-05-25,2016-05-25,C,2.1,2016-03-24
11439,2016-05-16 13:40:00,2016-05-16,0.0113,678.0,6.0,44395.0,0.0113,0.0113,0.0113,10000602,2016-05-25,2016-05-25,C,2.1,2016-03-24
11440,2016-05-16 13:41:00,2016-05-16,0.0115,6730.0,59.0,44442.0,0.0113,0.0113,0.0113,10000602,2016-05-25,2016-05-25,C,2.1,2016-03-24
11441,2016-05-16 13:42:00,2016-05-16,0.0114,4867.0,43.0,44424.0,0.0113,0.0113,0.0113,10000602,2016-05-25,2016-05-25,C,2.1,2016-03-24
11442,2016-05-16 13:43:00,2016-05-16,0.0117,13498.0,117.0,44504.0,0.0114,0.0117,0.0114,10000602,2016-05-25,2016-05-25,C,2.1,2016-03-24
11443,2016-05-16 13:44:00,2016-05-16,0.0119,2600.0,22.0,44503.0,0.0117,0.0119,0.0117,10000602,2016-05-25,2016-05-25,C,2.1,2016-03-24
11444,2016-05-16 13:45:00,2016-05-16,0.012,11032.0,93.0,44507.0,0.0118,0.0119,0.0118,10000602,2016-05-25,2016-05-25,C,2.1,2016-03-24
11445,2016-05-16 13:46:00,2016-05-16,0.012,2983.0,25.0,44503.0,0.0119,0.0119,0.0119,10000602,2016-05-25,2016-05-25,C,2.1,2016-03-24
11446,2016-05-16 13:47:00,2016-05-16,0.0119,4144.0,35.0,44493.0,0.0119,0.0119,0.0117,10000602,2016-05-25,2016-05-25,C,2.1,2016-03-24
11447,2016-05-16 13:48:00,2016-05-16,0.0119,1404.0,12.0,44495.0,0.0119,0.0117,0.0117,10000602,2016-05-25,2016-05-25,C,2.1,2016-03-24
11448,2016-05-16 13:49:00,2016-05-16,0.0118,11301.0,98.0,44492.0,0.0117,0.0113,0.0113,10000602,2016-05-25,2016-05-25,C,2.1,2016-03-24
11449,2016-05-16 13:50:00,2016-05-16,0.0114,2620.0,23.0,44502.0,0.0113,0.0113,0.0113,10000602,2016-05-25,2016-05-25,C,2.1,2016-03-24
11450,2016-05-16 13:51:00,2016-05-16,0.0113,13774.0,125.0,44433.0,0.0113,0.0108,0.0108,10000602,2016-05-25,2016-05-25,C,2.1,2016-03-24
11451,2016-05-16 13:52:00,2016-05-16,0.011,4639.0,43.0,44435.0,0.0108,0.011,0.0107,10000602,2016-05-25,2016-05-25,C,2.1,2016-03-24
11452,2016-05-16 13:53:00,2016-05-16,0.0111,4078.0,37.0,44459.0,0.011,0.011,0.011,10000602,2016-05-25,2016-05-25,C,2.1,2016-03-24
11453,2016-05-16 13:54:00,2016-05-16,0.0115,10170.0,90.0,44509.0,0.011,0.0115,0.011,10000602,2016-05-25,2016-05-25,C,2.1,2016-03-24
11454,2016-05-16 13:55:00,2016-05-16,0.0117,8950.0,77.0,44536.0,0.0115,0.0117,0.0115,10000602,2016-05-25,2016-05-25,C,2.1,2016-03-24
11455,2016-05-16 13:56:00,2016-05-16,0.0122,14361.0,120.0,44565.0,0.0117,0.012,0.0117,10000602,2016-05-25,2016-05-25,C,2.1,2016-03-24
11456,2016-05-16 13:57:00,2016-05-16,0.0123,15185.0,126.0,44570.0,0.0122,0.0118,0.0118,10000602,2016-05-25,2016-05-25,C,2.1,2016-03-24
11457,2016-05-16 13:58:00,2016-05-16,0.0119,14700.0,126.0,44482.0,0.0118,0.0116,0.0114,10000602,2016-05-25,2016-05-25,C,2.1,2016-03-24
11458,2016-05-16 13:59:00,2016-05-16,0.0116,7796.0,68.0,44483.0,0.0116,0.0115,0.0113,10000602,2016-05-25,2016-05-25,C,2.1,2016-03-24
11459,2016-05-16 14:00:00,2016-05-16,0.0115,5140.0,45.0,44508.0,0.0115,0.0114,0.0114,10000602,2016-05-25,2016-05-25,C,2.1,2016-03-24
11460,2016-05-16 14:01:00,2016-05-16,0.0116,12472.0,109.0,44510.0,0.0114,0.0115,0.0113,10000602,2016-05-25,2016-05-25,C,2.1,2016-03-24
11461,2016-05-16 14:02:00,2016-05-16,0.0113,5389.0,48.0,44509.0,0.0113,0.0111,0.0111,10000602,2016-05-25,2016-05-25,C,2.1,2016-03-24
11462,2016-05-16 14:03:00,2016-05-16,0.0112,8948.0,81.0,44504.0,0.0111,0.0111,0.011,10000602,2016-05-25,2016-05-25,C,2.1,2016-03-24
11463,2016-05-16 14:04:00,2016-05-16,0.0113,10563.0,95.0,44451.0,0.011,0.011,0.011,10000602,2016-05-25,2016-05-25,C,2.1,2016-03-24
11464,2016-05-16 14:05:00,2016-05-16,0.0111,7705.0,70.0,44431.0,0.011,0.011,0.0109,10000602,2016-05-25,2016-05-25,C,2.1,2016-03-24
11465,2016-05-16 14:06:00,2016-05-16,0.011,432.0,4.0,44431.0,0.011,0.0108,0.0108,10000602,2016-05-25,2016-05-25,C,2.1,2016-03-24
11466,2016-05-16 14:07:00,2016-05-16,0.0108,4155.0,39.0,44413.0,0.0108,0.0107,0.0106,10000602,2016-05-25,2016-05-25,C,2.1,2016-03-24
11467,2016-05-16 14:08:00,2016-05-16,0.0108,1404.0,13.0,44426.0,0.0107,0.0108,0.0107,10000602,2016-05-25,2016-05-25,C,2.1,2016-03-24
11468,2016-05-16 14:09:00,2016-05-16,0.0108,3446.0,32.0,44429.0,0.0108,0.0107,0.0107,10000602,2016-05-25,2016-05-25,C,2.1,2016-03-24
11469,2016-05-16 14:10:00,2016-05-16,0.0108,3328.0,31.0,44421.0,0.0107,0.0108,0.0107,10000602,2016-05-25,2016-05-25,C,2.1,2016-03-24
11470,2016-05-16 14:11:00,2016-05-16,0.0108,2247.0,21.0,44425.0,0.0108,0.0107,0.0107,10000602,2016-05-25,2016-05-25,C,2.1,2016-03-24
11471,2016-05-16 14:12:00,2016-05-16,0.0108,2568.0,24.0,44430.0,0.0106,0.0108,0.0106,10000602,2016-05-25,2016-05-25,C,2.1,2016-03-24
11472,2016-05-16 14:13:00,2016-05-16,0.0109,2689.0,25.0,44447.0,0.0108,0.0109,0.0107,10000602,2016-05-25,2016-05-25,C,2.1,2016-03-24
11473,2016-05-16 14:14:00,2016-05-16,0.0109,6672.0,62.0,44448.0,0.0109,0.0108,0.0107,10000602,2016-05-25,2016-05-25,C,2.1,2016-03-24
11474,2016-05-16 14:15:00,2016-05-16,0.011,12365.0,117.0,44418.0,0.0108,0.0103,0.0103,10000602,2016-05-25,2016-05-25,C,2.1,2016-03-24
11475,2016-05-16 14:16:00,2016-05-16,0.0104,39487.0,405.0,44540.0,0.0103,0.0093,0.009000000000000001,10000602,2016-05-25,2016-05-25,C,2.1,2016-03-24
11476,2016-05-16 14:17:00,2016-05-16,0.0102,13424.0,136.0,44560.0,0.0092,0.0102,0.0092,10000602,2016-05-25,2016-05-25,C,2.1,2016-03-24
11477,2016-05-16 14:18:00,2016-05-16,0.0104,7924.0,79.0,44601.0,0.0101,0.0104,0.0099,10000602,2016-05-25,2016-05-25,C,2.1,2016-03-24
11478,2016-05-16 14:19:00,2016-05-16,0.0104,3192.0,31.0,44592.0,0.0104,0.0103,0.0102,10000602,2016-05-25,2016-05-25,C,2.1,2016-03-24
11479,2016-05-16 14:20:00,2016-05-16,0.0105,7226.0,70.0,44607.0,0.0103,0.0105,0.0102,10000602,2016-05-25,2016-05-25,C,2.1,2016-03-24
11480,2016-05-16 14:21:00,2016-05-16,0.0106,3160.0,30.0,44622.0,0.0105,0.0105,0.0105,10000602,2016-05-25,2016-05-25,C,2.1,2016-03-24
11481,2016-05-16 14:22:00,2016-05-16,0.0105,3673.0,36.0,44637.0,0.0105,0.0103,0.0101,10000602,2016-05-25,2016-05-25,C,2.1,2016-03-24
11482,2016-05-16 14:23:00,2016-05-16,0.0103,9401.0,93.0,44626.0,0.0103,0.0101,0.01,10000602,2016-05-25,2016-05-25,C,2.1,2016-03-24
11483,2016-05-16 14:24:00,2016-05-16,0.0103,19887.0,195.0,44708.0,0.0101,0.0103,0.01,10000602,2016-05-25,2016-05-25,C,2.1,2016-03-24
11484,2016-05-16 14:25:00,2016-05-16,0.0106,1888.0,18.0,44718.0,0.0103,0.0104,0.0103,10000602,2016-05-25,2016-05-25,C,2.1,2016-03-24
11485,2016-05-16 14:26:00,2016-05-16,0.0106,6426.0,61.0,44769.0,0.0104,0.0105,0.0104,10000602,2016-05-25,2016-05-25,C,2.1,2016-03-24
11486,2016-05-16 14:27:00,2016-05-16,0.0106,4756.0,46.0,44790.0,0.0105,0.0104,0.0102,10000602,2016-05-25,2016-05-25,C,2.1,2016-03-24
11487,2016-05-16 14:28:00,2016-05-16,0.0105,7285.0,70.0,44855.0,0.0104,0.0104,0.0104,10000602,2016-05-25,2016-05-25,C,2.1,2016-03-24
11488,2016-05-16 14:29:00,2016-05-16,0.0109,11443.0,109.0,44894.0,0.0104,0.0107,0.0103,10000602,2016-05-25,2016-05-25,C,2.1,2016-03-24
11489,2016-05-16 14:30:00,2016-05-16,0.0109,9261.0,86.0,44946.0,0.0107,0.0109,0.0106,10000602,2016-05-25,2016-05-25,C,2.1,2016-03-24
11490,2016-05-16 14:31:00,2016-05-16,0.0112,7869.0,71.0,44958.0,0.011,0.0111,0.011,10000602,2016-05-25,2016-05-25,C,2.1,2016-03-24
11491,2016-05-16 14:32:00,2016-05-16,0.0115,8881.0,79.0,44966.0,0.0112,0.0115,0.0111,10000602,2016-05-25,2016-05-25,C,2.1,2016-03-24
11492,2016-05-16 14:33:00,2016-05-16,0.012,33035.0,282.0,44862.0,0.0115,0.0116,0.0115,10000602,2016-05-25,2016-05-25,C,2.1,2016-03-24
11493,2016-05-16 14:34:00,2016-05-16,0.0117,23978.0,210.0,44859.0,0.0116,0.0114,0.0111,10000602,2016-05-25,2016-05-25,C,2.1,2016-03-24
11494,2016-05-16 14:35:00,2016-05-16,0.0114,5184.0,46.0,44875.0,0.0114,0.0112,0.0112,10000602,2016-05-25,2016-05-25,C,2.1,2016-03-24
11495,2016-05-16 14:36:00,2016-05-16,0.0114,6072.0,54.0,44870.0,0.0112,0.0114,0.0111,10000602,2016-05-25,2016-05-25,C,2.1,2016-03-24
11496,2016-05-16 14:37:00,2016-05-16,0.012,19243.0,164.0,44786.0,0.0114,0.0119,0.0114,10000602,2016-05-25,2016-05-25,C,2.1,2016-03-24
11497,2016-05-16 14:38:00,2016-05-16,0.012,15285.0,128.0,44771.0,0.0119,0.0118,0.0118,10000602,2016-05-25,2016-05-25,C,2.1,2016-03-24
11498,2016-05-16 14:39:00,2016-05-16,0.0118,8719.0,75.0,44776.0,0.0118,0.0116,0.0115,10000602,2016-05-25,2016-05-25,C,2.1,2016-03-24
11499,2016-05-16 14:40:00,2016-05-16,0.0117,19862.0,172.0,44795.0,0.0116,0.0117,0.0113,10000602,2016-05-25,2016-05-25,C,2.1,2016-03-24
11500,2016-05-16 14:41:00,2016-05-16,0.0118,8660.0,74.0,44785.0,0.0116,0.0117,0.0116,10000602,2016-05-25,2016-05-25,C,2.1,2016-03-24
11501,2016-05-16 14:42:00,2016-05-16,0.0117,12540.0,111.0,44837.0,0.0117,0.011,0.0109,10000602,2016-05-25,2016-05-25,C,2.1,2016-03-24
11502,2016-05-16 14:43:00,2016-05-16,0.0112,11072.0,100.0,44873.0,0.0112,0.011,0.011,10000602,2016-05-25,2016-05-25,C,2.1,2016-03-24
11503,2016-05-16 14:44:00,2016-05-16,0.0113,3245.0,29.0,44869.0,0.0113,0.011,0.011,10000602,2016-05-25,2016-05-25,C,2.1,2016-03-24
11504,2016-05-16 14:45:00,2016-05-16,0.0115,9288.0,82.0,44897.0,0.011,0.0115,0.011,10000602,2016-05-25,2016-05-25,C,2.1,2016-03-24
11505,2016-05-16 14:46:00,2016-05-16,0.0115,7655.0,67.0,44880.0,0.0115,0.0114,0.0114,10000602,2016-05-25,2016-05-25,C,2.1,2016-03-24
11506,2016-05-16 14:47:00,2016-05-16,0.0114,13537.0,122.0,44911.0,0.0114,0.0112,0.011,10000602,2016-05-25,2016-05-25,C,2.1,2016-03-24
11507,2016-05-16 14:48:00,2016-05-16,0.0112,8608.0,78.0,44893.0,0.0112,0.0111,0.0109,10000602,2016-05-25,2016-05-25,C,2.1,2016-03-24
11508,2016-05-16 14:49:00,2016-05-16,0.0115,14225.0,126.0,44887.0,0.0111,0.0114,0.011,10000602,2016-05-25,2016-05-25,C,2.1,2016-03-24
11509,2016-05-16 14:50:00,2016-05-16,0.0115,5783.0,51.0,44860.0,0.0114,0.0114,0.0112,10000602,2016-05-25,2016-05-25,C,2.1,2016-03-24
11510,2016-05-16 14:51:00,2016-05-16,0.0114,2563.0,23.0,44870.0,0.0114,0.0111,0.0111,10000602,2016-05-25,2016-05-25,C,2.1,2016-03-24
11511,2016-05-16 14:52:00,2016-05-16,0.0115,6123.0,54.0,44854.0,0.0111,0.0112,0.0111,10000602,2016-05-25,2016-05-25,C,2.1,2016-03-24
11512,2016-05-16 14:53:00,2016-05-16,0.0114,7679.0,69.0,44889.0,0.0112,0.0111,0.011,10000602,2016-05-25,2016-05-25,C,2.1,2016-03-24
11513,2016-05-16 14:54:00,2016-05-16,0.0113,3370.0,30.0,44886.0,0.0111,0.0111,0.0111,10000602,2016-05-25,2016-05-25,C,2.1,2016-03-24
11514,2016-05-16 14:55:00,2016-05-16,0.0114,6426.0,57.0,44902.0,0.0111,0.0114,0.0111,10000602,2016-05-25,2016-05-25,C,2.1,2016-03-24
11515,2016-05-16 14:56:00,2016-05-16,0.0114,5678.0,51.0,44868.0,0.0114,0.011,0.011,10000602,2016-05-25,2016-05-25,C,2.1,2016-03-24
11516,2016-05-16 14:57:00,2016-05-16,0.0112,3764.0,34.0,44859.0,0.011,0.0112,0.011,10000602,2016-05-25,2016-05-25,C,2.1,2016-03-24
11517,2016-05-16 14:58:00,2016-05-16,0.0112,0.0,0.0,44859.0,0.0112,0.0112,0.0112,10000602,2016-05-25,2016-05-25,C,2.1,2016-03-24
11518,2016-05-16 14:59:00,2016-05-16,0.0112,0.0,0.0,44859.0,0.0112,0.0112,0.0112,10000602,2016-05-25,2016-05-25,C,2.1,2016-03-24
11519,2016-05-16 15:00:00,2016-05-16,0.0112,0.0,0.0,44859.0,0.0112,0.0112,0.0112,10000602,2016-05-25,2016-05-25,C,2.1,2016-03-24
11520,2016-05-16 09:31:00,2016-05-16,0.0025,125.0,5.0,14723.0,0.0025,0.0025,0.0025,10000451,2016-06-22,2016-06-22,C,2.3,2015-10-29
11521,2016-05-16 09:32:00,2016-05-16,0.0025,0.0,0.0,14723.0,0.0025,0.0025,0.0025,10000451,2016-06-22,2016-06-22,C,2.3,2015-10-29
11522,2016-05-16 09:33:00,2016-05-16,0.0032,616.0,20.0,14743.0,0.0025,0.003,0.0025,10000451,2016-06-22,2016-06-22,C,2.3,2015-10-29
11523,2016-05-16 09:34:00,2016-05-16,0.003,300.0,10.0,14743.0,0.003,0.003,0.003,10000451,2016-06-22,2016-06-22,C,2.3,2015-10-29
11524,2016-05-16 09:35:00,2016-05-16,0.003,30.0,1.0,14743.0,0.003,0.003,0.003,10000451,2016-06-22,2016-06-22,C,2.3,2015-10-29
11525,2016-05-16 09:36:00,2016-05-16,0.003,300.0,10.0,14753.0,0.003,0.003,0.003,10000451,2016-06-22,2016-06-22,C,2.3,2015-10-29
11526,2016-05-16 09:37:00,2016-05-16,0.003,0.0,0.0,14753.0,0.003,0.003,0.003,10000451,2016-06-22,2016-06-22,C,2.3,2015-10-29
11527,2016-05-16 09:38:00,2016-05-16,0.0032,639.0,20.0,14763.0,0.003,0.0032,0.003,10000451,2016-06-22,2016-06-22,C,2.3,2015-10-29
11528,2016-05-16 09:39:00,2016-05-16,0.0033,1034.0,32.0,14785.0,0.0032,0.0032,0.0032,10000451,2016-06-22,2016-06-22,C,2.3,2015-10-29
11529,2016-05-16 09:40:00,2016-05-16,0.0032,96.0,3.0,14787.0,0.0032,0.0032,0.0032,10000451,2016-06-22,2016-06-22,C,2.3,2015-10-29
11530,2016-05-16 09:41:00,2016-05-16,0.0032,160.0,5.0,14792.0,0.0032,0.0032,0.0032,10000451,2016-06-22,2016-06-22,C,2.3,2015-10-29
11531,2016-05-16 09:42:00,2016-05-16,0.003,30.0,1.0,14793.0,0.003,0.003,0.003,10000451,2016-06-22,2016-06-22,C,2.3,2015-10-29
11532,2016-05-16 09:43:00,2016-05-16,0.003,0.0,0.0,14793.0,0.003,0.003,0.003,10000451,2016-06-22,2016-06-22,C,2.3,2015-10-29
11533,2016-05-16 09:44:00,2016-05-16,0.003,0.0,0.0,14793.0,0.003,0.003,0.003,10000451,2016-06-22,2016-06-22,C,2.3,2015-10-29
11534,2016-05-16 09:45:00,2016-05-16,0.003,0.0,0.0,14793.0,0.003,0.003,0.003,10000451,2016-06-22,2016-06-22,C,2.3,2015-10-29
11535,2016-05-16 09:46:00,2016-05-16,0.003,270.0,9.0,14793.0,0.003,0.003,0.003,10000451,2016-06-22,2016-06-22,C,2.3,2015-10-29
11536,2016-05-16 09:47:00,2016-05-16,0.003,290.0,10.0,14793.0,0.003,0.0029,0.0029,10000451,2016-06-22,2016-06-22,C,2.3,2015-10-29
11537,2016-05-16 09:48:00,2016-05-16,0.0029,0.0,0.0,14793.0,0.0029,0.0029,0.0029,10000451,2016-06-22,2016-06-22,C,2.3,2015-10-29
11538,2016-05-16 09:49:00,2016-05-16,0.0029,290.0,10.0,14783.0,0.0029,0.0029,0.0029,10000451,2016-06-22,2016-06-22,C,2.3,2015-10-29
11539,2016-05-16 09:50:00,2016-05-16,0.0029,580.0,20.0,14783.0,0.0029,0.0029,0.0029,10000451,2016-06-22,2016-06-22,C,2.3,2015-10-29
11540,2016-05-16 09:51:00,2016-05-16,0.0029,1131.0,39.0,14783.0,0.0029,0.0029,0.0029,10000451,2016-06-22,2016-06-22,C,2.3,2015-10-29
11541,2016-05-16 09:52:00,2016-05-16,0.0029,648.0,23.0,14770.0,0.0029,0.0029,0.0028,10000451,2016-06-22,2016-06-22,C,2.3,2015-10-29
11542,2016-05-16 09:53:00,2016-05-16,0.0029,1176.0,42.0,14739.0,0.0029,0.0028,0.0028,10000451,2016-06-22,2016-06-22,C,2.3,2015-10-29
11543,2016-05-16 09:54:00,2016-05-16,0.0028,819.0,30.0,14712.0,0.0028,0.0028,0.0027,10000451,2016-06-22,2016-06-22,C,2.3,2015-10-29
11544,2016-05-16 09:55:00,2016-05-16,0.0028,0.0,0.0,14712.0,0.0028,0.0028,0.0028,10000451,2016-06-22,2016-06-22,C,2.3,2015-10-29
11545,2016-05-16 09:56:00,2016-05-16,0.0028,1092.0,39.0,14706.0,0.0028,0.0028,0.0028,10000451,2016-06-22,2016-06-22,C,2.3,2015-10-29
11546,2016-05-16 09:57:00,2016-05-16,0.0029,514.0,18.0,14703.0,0.0028,0.0029,0.0028,10000451,2016-06-22,2016-06-22,C,2.3,2015-10-29
11547,2016-05-16 09:58:00,2016-05-16,0.0029,84.0,3.0,14703.0,0.0029,0.0028,0.0028,10000451,2016-06-22,2016-06-22,C,2.3,2015-10-29
11548,2016-05-16 09:59:00,2016-05-16,0.0028,56.0,2.0,14703.0,0.0028,0.0028,0.0028,10000451,2016-06-22,2016-06-22,C,2.3,2015-10-29
11549,2016-05-16 10:00:00,2016-05-16,0.0028,0.0,0.0,14703.0,0.0028,0.0028,0.0028,10000451,2016-06-22,2016-06-22,C,2.3,2015-10-29
11550,2016-05-16 10:01:00,2016-05-16,0.0028,28.0,1.0,14703.0,0.0028,0.0028,0.0028,10000451,2016-06-22,2016-06-22,C,2.3,2015-10-29
11551,2016-05-16 10:02:00,2016-05-16,0.0029,550.0,19.0,14703.0,0.0028,0.0029,0.0028,10000451,2016-06-22,2016-06-22,C,2.3,2015-10-29
11552,2016-05-16 10:03:00,2016-05-16,0.0029,0.0,0.0,14703.0,0.0029,0.0029,0.0029,10000451,2016-06-22,2016-06-22,C,2.3,2015-10-29
11553,2016-05-16 10:04:00,2016-05-16,0.003,900.0,30.0,14702.0,0.003,0.003,0.003,10000451,2016-06-22,2016-06-22,C,2.3,2015-10-29
11554,2016-05-16 10:05:00,2016-05-16,0.003,300.0,10.0,14702.0,0.003,0.003,0.003,10000451,2016-06-22,2016-06-22,C,2.3,2015-10-29
11555,2016-05-16 10:06:00,2016-05-16,0.003,0.0,0.0,14702.0,0.003,0.003,0.003,10000451,2016-06-22,2016-06-22,C,2.3,2015-10-29
11556,2016-05-16 10:07:00,2016-05-16,0.003,0.0,0.0,14702.0,0.003,0.003,0.003,10000451,2016-06-22,2016-06-22,C,2.3,2015-10-29
11557,2016-05-16 10:08:00,2016-05-16,0.003,290.0,10.0,14712.0,0.003,0.0029,0.0029,10000451,2016-06-22,2016-06-22,C,2.3,2015-10-29
11558,2016-05-16 10:09:00,2016-05-16,0.0029,290.0,10.0,14722.0,0.0029,0.0029,0.0029,10000451,2016-06-22,2016-06-22,C,2.3,2015-10-29
11559,2016-05-16 10:10:00,2016-05-16,0.0029,0.0,0.0,14722.0,0.0029,0.0029,0.0029,10000451,2016-06-22,2016-06-22,C,2.3,2015-10-29
11560,2016-05-16 10:11:00,2016-05-16,0.0029,290.0,10.0,14732.0,0.0029,0.0029,0.0029,10000451,2016-06-22,2016-06-22,C,2.3,2015-10-29
11561,2016-05-16 10:12:00,2016-05-16,0.0029,1906.0,67.0,14784.0,0.0029,0.0028,0.0028,10000451,2016-06-22,2016-06-22,C,2.3,2015-10-29
11562,2016-05-16 10:13:00,2016-05-16,0.0031,1558.0,53.0,14835.0,0.0028,0.0031,0.0028,10000451,2016-06-22,2016-06-22,C,2.3,2015-10-29
11563,2016-05-16 10:14:00,2016-05-16,0.0031,0.0,0.0,14835.0,0.0031,0.0031,0.0031,10000451,2016-06-22,2016-06-22,C,2.3,2015-10-29
11564,2016-05-16 10:15:00,2016-05-16,0.0031,30.0,1.0,14836.0,0.0031,0.003,0.003,10000451,2016-06-22,2016-06-22,C,2.3,2015-10-29
11565,2016-05-16 10:16:00,2016-05-16,0.003,330.0,11.0,14846.0,0.003,0.003,0.003,10000451,2016-06-22,2016-06-22,C,2.3,2015-10-29
11566,2016-05-16 10:17:00,2016-05-16,0.003,0.0,0.0,14846.0,0.003,0.003,0.003,10000451,2016-06-22,2016-06-22,C,2.3,2015-10-29
11567,2016-05-16 10:18:00,2016-05-16,0.003,2250.0,78.0,14924.0,0.003,0.0027,0.0027,10000451,2016-06-22,2016-06-22,C,2.3,2015-10-29
11568,2016-05-16 10:19:00,2016-05-16,0.0027,0.0,0.0,14924.0,0.0027,0.0027,0.0027,10000451,2016-06-22,2016-06-22,C,2.3,2015-10-29
11569,2016-05-16 10:20:00,2016-05-16,0.0027,0.0,0.0,14924.0,0.0027,0.0027,0.0027,10000451,2016-06-22,2016-06-22,C,2.3,2015-10-29
11570,2016-05-16 10:21:00,2016-05-16,0.0027,0.0,0.0,14924.0,0.0027,0.0027,0.0027,10000451,2016-06-22,2016-06-22,C,2.3,2015-10-29
11571,2016-05-16 10:22:00,2016-05-16,0.0027,0.0,0.0,14924.0,0.0027,0.0027,0.0027,10000451,2016-06-22,2016-06-22,C,2.3,2015-10-29
11572,2016-05-16 10:23:00,2016-05-16,0.0027,0.0,0.0,14924.0,0.0027,0.0027,0.0027,10000451,2016-06-22,2016-06-22,C,2.3,2015-10-29
11573,2016-05-16 10:24:00,2016-05-16,0.0027,0.0,0.0,14924.0,0.0027,0.0027,0.0027,10000451,2016-06-22,2016-06-22,C,2.3,2015-10-29
11574,2016-05-16 10:25:00,2016-05-16,0.0027,0.0,0.0,14924.0,0.0027,0.0027,0.0027,10000451,2016-06-22,2016-06-22,C,2.3,2015-10-29
11575,2016-05-16 10:26:00,2016-05-16,0.0027,0.0,0.0,14924.0,0.0027,0.0027,0.0027,10000451,2016-06-22,2016-06-22,C,2.3,2015-10-29
11576,2016-05-16 10:27:00,2016-05-16,0.0027,0.0,0.0,14924.0,0.0027,0.0027,0.0027,10000451,2016-06-22,2016-06-22,C,2.3,2015-10-29
11577,2016-05-16 10:28:00,2016-05-16,0.003,30.0,1.0,14924.0,0.0027,0.003,0.0027,10000451,2016-06-22,2016-06-22,C,2.3,2015-10-29
11578,2016-05-16 10:29:00,2016-05-16,0.003,0.0,0.0,14924.0,0.003,0.003,0.003,10000451,2016-06-22,2016-06-22,C,2.3,2015-10-29
11579,2016-05-16 10:30:00,2016-05-16,0.003,0.0,0.0,14924.0,0.003,0.003,0.003,10000451,2016-06-22,2016-06-22,C,2.3,2015-10-29
11580,2016-05-16 10:31:00,2016-05-16,0.003,0.0,0.0,14924.0,0.003,0.003,0.003,10000451,2016-06-22,2016-06-22,C,2.3,2015-10-29
11581,2016-05-16 10:32:00,2016-05-16,0.003,0.0,0.0,14924.0,0.003,0.003,0.003,10000451,2016-06-22,2016-06-22,C,2.3,2015-10-29
11582,2016-05-16 10:33:00,2016-05-16,0.003,0.0,0.0,14924.0,0.003,0.003,0.003,10000451,2016-06-22,2016-06-22,C,2.3,2015-10-29
11583,2016-05-16 10:34:00,2016-05-16,0.003,0.0,0.0,14924.0,0.003,0.003,0.003,10000451,2016-06-22,2016-06-22,C,2.3,2015-10-29
11584,2016-05-16 10:35:00,2016-05-16,0.003,0.0,0.0,14924.0,0.003,0.003,0.003,10000451,2016-06-22,2016-06-22,C,2.3,2015-10-29
11585,2016-05-16 10:36:00,2016-05-16,0.003,0.0,0.0,14924.0,0.003,0.003,0.003,10000451,2016-06-22,2016-06-22,C,2.3,2015-10-29
11586,2016-05-16 10:37:00,2016-05-16,0.003,0.0,0.0,14924.0,0.003,0.003,0.003,10000451,2016-06-22,2016-06-22,C,2.3,2015-10-29
11587,2016-05-16 10:38:00,2016-05-16,0.003,0.0,0.0,14924.0,0.003,0.003,0.003,10000451,2016-06-22,2016-06-22,C,2.3,2015-10-29
11588,2016-05-16 10:39:00,2016-05-16,0.003,0.0,0.0,14924.0,0.003,0.003,0.003,10000451,2016-06-22,2016-06-22,C,2.3,2015-10-29
11589,2016-05-16 10:40:00,2016-05-16,0.003,0.0,0.0,14924.0,0.003,0.003,0.003,10000451,2016-06-22,2016-06-22,C,2.3,2015-10-29
11590,2016-05-16 10:41:00,2016-05-16,0.003,0.0,0.0,14924.0,0.003,0.003,0.003,10000451,2016-06-22,2016-06-22,C,2.3,2015-10-29
11591,2016-05-16 10:42:00,2016-05-16,0.003,0.0,0.0,14924.0,0.003,0.003,0.003,10000451,2016-06-22,2016-06-22,C,2.3,2015-10-29
11592,2016-05-16 10:43:00,2016-05-16,0.003,0.0,0.0,14924.0,0.003,0.003,0.003,10000451,2016-06-22,2016-06-22,C,2.3,2015-10-29
11593,2016-05-16 10:44:00,2016-05-16,0.003,0.0,0.0,14924.0,0.003,0.003,0.003,10000451,2016-06-22,2016-06-22,C,2.3,2015-10-29
11594,2016-05-16 10:45:00,2016-05-16,0.003,0.0,0.0,14924.0,0.003,0.003,0.003,10000451,2016-06-22,2016-06-22,C,2.3,2015-10-29
11595,2016-05-16 10:46:00,2016-05-16,0.003,0.0,0.0,14924.0,0.003,0.003,0.003,10000451,2016-06-22,2016-06-22,C,2.3,2015-10-29
11596,2016-05-16 10:47:00,2016-05-16,0.003,0.0,0.0,14924.0,0.003,0.003,0.003,10000451,2016-06-22,2016-06-22,C,2.3,2015-10-29
11597,2016-05-16 10:48:00,2016-05-16,0.003,0.0,0.0,14924.0,0.003,0.003,0.003,10000451,2016-06-22,2016-06-22,C,2.3,2015-10-29
11598,2016-05-16 10:49:00,2016-05-16,0.003,0.0,0.0,14924.0,0.003,0.003,0.003,10000451,2016-06-22,2016-06-22,C,2.3,2015-10-29
11599,2016-05-16 10:50:00,2016-05-16,0.003,30.0,1.0,14925.0,0.003,0.003,0.003,10000451,2016-06-22,2016-06-22,C,2.3,2015-10-29
11600,2016-05-16 10:51:00,2016-05-16,0.003,745.0,25.0,14945.0,0.003,0.003,0.0029,10000451,2016-06-22,2016-06-22,C,2.3,2015-10-29
11601,2016-05-16 10:52:00,2016-05-16,0.003,0.0,0.0,14945.0,0.003,0.003,0.003,10000451,2016-06-22,2016-06-22,C,2.3,2015-10-29
11602,2016-05-16 10:53:00,2016-05-16,0.003,0.0,0.0,14945.0,0.003,0.003,0.003,10000451,2016-06-22,2016-06-22,C,2.3,2015-10-29
11603,2016-05-16 10:54:00,2016-05-16,0.003,0.0,0.0,14945.0,0.003,0.003,0.003,10000451,2016-06-22,2016-06-22,C,2.3,2015-10-29
11604,2016-05-16 10:55:00,2016-05-16,0.003,0.0,0.0,14945.0,0.003,0.003,0.003,10000451,2016-06-22,2016-06-22,C,2.3,2015-10-29
11605,2016-05-16 10:56:00,2016-05-16,0.003,0.0,0.0,14945.0,0.003,0.003,0.003,10000451,2016-06-22,2016-06-22,C,2.3,2015-10-29
11606,2016-05-16 10:57:00,2016-05-16,0.003,0.0,0.0,14945.0,0.003,0.003,0.003,10000451,2016-06-22,2016-06-22,C,2.3,2015-10-29
11607,2016-05-16 10:58:00,2016-05-16,0.003,1460.0,50.0,14955.0,0.003,0.003,0.0029,10000451,2016-06-22,2016-06-22,C,2.3,2015-10-29
11608,2016-05-16 10:59:00,2016-05-16,0.0032,2140.0,70.0,14955.0,0.003,0.003,0.003,10000451,2016-06-22,2016-06-22,C,2.3,2015-10-29
11609,2016-05-16 11:00:00,2016-05-16,0.003,0.0,0.0,14955.0,0.003,0.003,0.003,10000451,2016-06-22,2016-06-22,C,2.3,2015-10-29
11610,2016-05-16 11:01:00,2016-05-16,0.0031,31.0,1.0,14955.0,0.003,0.0031,0.003,10000451,2016-06-22,2016-06-22,C,2.3,2015-10-29
11611,2016-05-16 11:02:00,2016-05-16,0.0031,0.0,0.0,14955.0,0.0031,0.0031,0.0031,10000451,2016-06-22,2016-06-22,C,2.3,2015-10-29
11612,2016-05-16 11:03:00,2016-05-16,0.0031,0.0,0.0,14955.0,0.0031,0.0031,0.0031,10000451,2016-06-22,2016-06-22,C,2.3,2015-10-29
11613,2016-05-16 11:04:00,2016-05-16,0.0031,0.0,0.0,14955.0,0.0031,0.0031,0.0031,10000451,2016-06-22,2016-06-22,C,2.3,2015-10-29
11614,2016-05-16 11:05:00,2016-05-16,0.0031,0.0,0.0,14955.0,0.0031,0.0031,0.0031,10000451,2016-06-22,2016-06-22,C,2.3,2015-10-29
11615,2016-05-16 11:06:00,2016-05-16,0.0031,30.0,1.0,14955.0,0.0031,0.003,0.003,10000451,2016-06-22,2016-06-22,C,2.3,2015-10-29
11616,2016-05-16 11:07:00,2016-05-16,0.003,0.0,0.0,14955.0,0.003,0.003,0.003,10000451,2016-06-22,2016-06-22,C,2.3,2015-10-29
11617,2016-05-16 11:08:00,2016-05-16,0.003,0.0,0.0,14955.0,0.003,0.003,0.003,10000451,2016-06-22,2016-06-22,C,2.3,2015-10-29
11618,2016-05-16 11:09:00,2016-05-16,0.003,0.0,0.0,14955.0,0.003,0.003,0.003,10000451,2016-06-22,2016-06-22,C,2.3,2015-10-29
11619,2016-05-16 11:10:00,2016-05-16,0.003,0.0,0.0,14955.0,0.003,0.003,0.003,10000451,2016-06-22,2016-06-22,C,2.3,2015-10-29
11620,2016-05-16 11:11:00,2016-05-16,0.003,0.0,0.0,14955.0,0.003,0.003,0.003,10000451,2016-06-22,2016-06-22,C,2.3,2015-10-29
11621,2016-05-16 11:12:00,2016-05-16,0.003,0.0,0.0,14955.0,0.003,0.003,0.003,10000451,2016-06-22,2016-06-22,C,2.3,2015-10-29
11622,2016-05-16 11:13:00,2016-05-16,0.003,0.0,0.0,14955.0,0.003,0.003,0.003,10000451,2016-06-22,2016-06-22,C,2.3,2015-10-29
11623,2016-05-16 11:14:00,2016-05-16,0.003,0.0,0.0,14955.0,0.003,0.003,0.003,10000451,2016-06-22,2016-06-22,C,2.3,2015-10-29
11624,2016-05-16 11:15:00,2016-05-16,0.003,0.0,0.0,14955.0,0.003,0.003,0.003,10000451,2016-06-22,2016-06-22,C,2.3,2015-10-29
11625,2016-05-16 11:16:00,2016-05-16,0.003,0.0,0.0,14955.0,0.003,0.003,0.003,10000451,2016-06-22,2016-06-22,C,2.3,2015-10-29
11626,2016-05-16 11:17:00,2016-05-16,0.003,0.0,0.0,14955.0,0.003,0.003,0.003,10000451,2016-06-22,2016-06-22,C,2.3,2015-10-29
11627,2016-05-16 11:18:00,2016-05-16,0.003,0.0,0.0,14955.0,0.003,0.003,0.003,10000451,2016-06-22,2016-06-22,C,2.3,2015-10-29
11628,2016-05-16 11:19:00,2016-05-16,0.003,0.0,0.0,14955.0,0.003,0.003,0.003,10000451,2016-06-22,2016-06-22,C,2.3,2015-10-29
11629,2016-05-16 11:20:00,2016-05-16,0.003,30.0,1.0,14955.0,0.003,0.003,0.003,10000451,2016-06-22,2016-06-22,C,2.3,2015-10-29
11630,2016-05-16 11:21:00,2016-05-16,0.003,0.0,0.0,14955.0,0.003,0.003,0.003,10000451,2016-06-22,2016-06-22,C,2.3,2015-10-29
11631,2016-05-16 11:22:00,2016-05-16,0.003,0.0,0.0,14955.0,0.003,0.003,0.003,10000451,2016-06-22,2016-06-22,C,2.3,2015-10-29
11632,2016-05-16 11:23:00,2016-05-16,0.003,0.0,0.0,14955.0,0.003,0.003,0.003,10000451,2016-06-22,2016-06-22,C,2.3,2015-10-29
11633,2016-05-16 11:24:00,2016-05-16,0.003,0.0,0.0,14955.0,0.003,0.003,0.003,10000451,2016-06-22,2016-06-22,C,2.3,2015-10-29
11634,2016-05-16 11:25:00,2016-05-16,0.003,0.0,0.0,14955.0,0.003,0.003,0.003,10000451,2016-06-22,2016-06-22,C,2.3,2015-10-29
11635,2016-05-16 11:26:00,2016-05-16,0.003,0.0,0.0,14955.0,0.003,0.003,0.003,10000451,2016-06-22,2016-06-22,C,2.3,2015-10-29
11636,2016-05-16 11:27:00,2016-05-16,0.003,0.0,0.0,14955.0,0.003,0.003,0.003,10000451,2016-06-22,2016-06-22,C,2.3,2015-10-29
11637,2016-05-16 11:28:00,2016-05-16,0.003,0.0,0.0,14955.0,0.003,0.003,0.003,10000451,2016-06-22,2016-06-22,C,2.3,2015-10-29
11638,2016-05-16 11:29:00,2016-05-16,0.003,0.0,0.0,14955.0,0.003,0.003,0.003,10000451,2016-06-22,2016-06-22,C,2.3,2015-10-29
11639,2016-05-16 11:30:00,2016-05-16,0.003,0.0,0.0,14955.0,0.003,0.003,0.003,10000451,2016-06-22,2016-06-22,C,2.3,2015-10-29
11640,2016-05-16 13:01:00,2016-05-16,0.003,0.0,0.0,14955.0,0.003,0.003,0.003,10000451,2016-06-22,2016-06-22,C,2.3,2015-10-29
11641,2016-05-16 13:02:00,2016-05-16,0.003,145.0,5.0,14953.0,0.003,0.0029,0.0029,10000451,2016-06-22,2016-06-22,C,2.3,2015-10-29
11642,2016-05-16 13:03:00,2016-05-16,0.0029,0.0,0.0,14953.0,0.0029,0.0029,0.0029,10000451,2016-06-22,2016-06-22,C,2.3,2015-10-29
11643,2016-05-16 13:04:00,2016-05-16,0.0029,0.0,0.0,14953.0,0.0029,0.0029,0.0029,10000451,2016-06-22,2016-06-22,C,2.3,2015-10-29
11644,2016-05-16 13:05:00,2016-05-16,0.0029,0.0,0.0,14953.0,0.0029,0.0029,0.0029,10000451,2016-06-22,2016-06-22,C,2.3,2015-10-29
11645,2016-05-16 13:06:00,2016-05-16,0.0029,0.0,0.0,14953.0,0.0029,0.0029,0.0029,10000451,2016-06-22,2016-06-22,C,2.3,2015-10-29
11646,2016-05-16 13:07:00,2016-05-16,0.0029,0.0,0.0,14953.0,0.0029,0.0029,0.0029,10000451,2016-06-22,2016-06-22,C,2.3,2015-10-29
11647,2016-05-16 13:08:00,2016-05-16,0.0029,0.0,0.0,14953.0,0.0029,0.0029,0.0029,10000451,2016-06-22,2016-06-22,C,2.3,2015-10-29
11648,2016-05-16 13:09:00,2016-05-16,0.0029,0.0,0.0,14953.0,0.0029,0.0029,0.0029,10000451,2016-06-22,2016-06-22,C,2.3,2015-10-29
11649,2016-05-16 13:10:00,2016-05-16,0.0029,0.0,0.0,14953.0,0.0029,0.0029,0.0029,10000451,2016-06-22,2016-06-22,C,2.3,2015-10-29
11650,2016-05-16 13:11:00,2016-05-16,0.0029,0.0,0.0,14953.0,0.0029,0.0029,0.0029,10000451,2016-06-22,2016-06-22,C,2.3,2015-10-29
11651,2016-05-16 13:12:00,2016-05-16,0.0029,0.0,0.0,14953.0,0.0029,0.0029,0.0029,10000451,2016-06-22,2016-06-22,C,2.3,2015-10-29
11652,2016-05-16 13:13:00,2016-05-16,0.0029,0.0,0.0,14953.0,0.0029,0.0029,0.0029,10000451,2016-06-22,2016-06-22,C,2.3,2015-10-29
11653,2016-05-16 13:14:00,2016-05-16,0.0029,870.0,30.0,14953.0,0.0029,0.0029,0.0029,10000451,2016-06-22,2016-06-22,C,2.3,2015-10-29
11654,2016-05-16 13:15:00,2016-05-16,0.0029,0.0,0.0,14953.0,0.0029,0.0029,0.0029,10000451,2016-06-22,2016-06-22,C,2.3,2015-10-29
11655,2016-05-16 13:16:00,2016-05-16,0.0029,0.0,0.0,14953.0,0.0029,0.0029,0.0029,10000451,2016-06-22,2016-06-22,C,2.3,2015-10-29
11656,2016-05-16 13:17:00,2016-05-16,0.0029,0.0,0.0,14953.0,0.0029,0.0029,0.0029,10000451,2016-06-22,2016-06-22,C,2.3,2015-10-29
11657,2016-05-16 13:18:00,2016-05-16,0.0029,0.0,0.0,14953.0,0.0029,0.0029,0.0029,10000451,2016-06-22,2016-06-22,C,2.3,2015-10-29
11658,2016-05-16 13:19:00,2016-05-16,0.0029,0.0,0.0,14953.0,0.0029,0.0029,0.0029,10000451,2016-06-22,2016-06-22,C,2.3,2015-10-29
11659,2016-05-16 13:20:00,2016-05-16,0.0029,580.0,20.0,14973.0,0.0029,0.0029,0.0029,10000451,2016-06-22,2016-06-22,C,2.3,2015-10-29
11660,2016-05-16 13:21:00,2016-05-16,0.0029,0.0,0.0,14973.0,0.0029,0.0029,0.0029,10000451,2016-06-22,2016-06-22,C,2.3,2015-10-29
11661,2016-05-16 13:22:00,2016-05-16,0.0029,580.0,20.0,14983.0,0.0029,0.0029,0.0029,10000451,2016-06-22,2016-06-22,C,2.3,2015-10-29
11662,2016-05-16 13:23:00,2016-05-16,0.0029,0.0,0.0,14983.0,0.0029,0.0029,0.0029,10000451,2016-06-22,2016-06-22,C,2.3,2015-10-29
11663,2016-05-16 13:24:00,2016-05-16,0.0029,0.0,0.0,14983.0,0.0029,0.0029,0.0029,10000451,2016-06-22,2016-06-22,C,2.3,2015-10-29
11664,2016-05-16 13:25:00,2016-05-16,0.003,590.0,20.0,14983.0,0.0029,0.003,0.0029,10000451,2016-06-22,2016-06-22,C,2.3,2015-10-29
11665,2016-05-16 13:26:00,2016-05-16,0.0032,630.0,20.0,14974.0,0.003,0.0032,0.003,10000451,2016-06-22,2016-06-22,C,2.3,2015-10-29
11666,2016-05-16 13:27:00,2016-05-16,0.0032,0.0,0.0,14974.0,0.0032,0.0032,0.0032,10000451,2016-06-22,2016-06-22,C,2.3,2015-10-29
11667,2016-05-16 13:28:00,2016-05-16,0.0032,0.0,0.0,14974.0,0.0032,0.0032,0.0032,10000451,2016-06-22,2016-06-22,C,2.3,2015-10-29
11668,2016-05-16 13:29:00,2016-05-16,0.0032,0.0,0.0,14974.0,0.0032,0.0032,0.0032,10000451,2016-06-22,2016-06-22,C,2.3,2015-10-29
11669,2016-05-16 13:30:00,2016-05-16,0.0032,0.0,0.0,14974.0,0.0032,0.0032,0.0032,10000451,2016-06-22,2016-06-22,C,2.3,2015-10-29
11670,2016-05-16 13:31:00,2016-05-16,0.0032,0.0,0.0,14974.0,0.0032,0.0032,0.0032,10000451,2016-06-22,2016-06-22,C,2.3,2015-10-29
11671,2016-05-16 13:32:00,2016-05-16,0.0032,0.0,0.0,14974.0,0.0032,0.0032,0.0032,10000451,2016-06-22,2016-06-22,C,2.3,2015-10-29
11672,2016-05-16 13:33:00,2016-05-16,0.0032,0.0,0.0,14974.0,0.0032,0.0032,0.0032,10000451,2016-06-22,2016-06-22,C,2.3,2015-10-29
11673,2016-05-16 13:34:00,2016-05-16,0.0032,224.0,8.0,14966.0,0.0032,0.0028,0.0028,10000451,2016-06-22,2016-06-22,C,2.3,2015-10-29
11674,2016-05-16 13:35:00,2016-05-16,0.003,300.0,10.0,14966.0,0.003,0.003,0.003,10000451,2016-06-22,2016-06-22,C,2.3,2015-10-29
11675,2016-05-16 13:36:00,2016-05-16,0.003,0.0,0.0,14966.0,0.003,0.003,0.003,10000451,2016-06-22,2016-06-22,C,2.3,2015-10-29
11676,2016-05-16 13:37:00,2016-05-16,0.003,0.0,0.0,14966.0,0.003,0.003,0.003,10000451,2016-06-22,2016-06-22,C,2.3,2015-10-29
11677,2016-05-16 13:38:00,2016-05-16,0.003,0.0,0.0,14966.0,0.003,0.003,0.003,10000451,2016-06-22,2016-06-22,C,2.3,2015-10-29
11678,2016-05-16 13:39:00,2016-05-16,0.003,56.0,2.0,14964.0,0.003,0.0028,0.0028,10000451,2016-06-22,2016-06-22,C,2.3,2015-10-29
11679,2016-05-16 13:40:00,2016-05-16,0.0028,0.0,0.0,14964.0,0.0028,0.0028,0.0028,10000451,2016-06-22,2016-06-22,C,2.3,2015-10-29
11680,2016-05-16 13:41:00,2016-05-16,0.0029,1065.0,37.0,14985.0,0.0028,0.0029,0.0028,10000451,2016-06-22,2016-06-22,C,2.3,2015-10-29
11681,2016-05-16 13:42:00,2016-05-16,0.0029,0.0,0.0,14985.0,0.0029,0.0029,0.0029,10000451,2016-06-22,2016-06-22,C,2.3,2015-10-29
11682,2016-05-16 13:43:00,2016-05-16,0.0029,290.0,10.0,14995.0,0.0029,0.0029,0.0029,10000451,2016-06-22,2016-06-22,C,2.3,2015-10-29
11683,2016-05-16 13:44:00,2016-05-16,0.0029,0.0,0.0,14995.0,0.0029,0.0029,0.0029,10000451,2016-06-22,2016-06-22,C,2.3,2015-10-29
11684,2016-05-16 13:45:00,2016-05-16,0.0029,0.0,0.0,14995.0,0.0029,0.0029,0.0029,10000451,2016-06-22,2016-06-22,C,2.3,2015-10-29
11685,2016-05-16 13:46:00,2016-05-16,0.0029,899.0,31.0,15026.0,0.0029,0.0029,0.0029,10000451,2016-06-22,2016-06-22,C,2.3,2015-10-29
11686,2016-05-16 13:47:00,2016-05-16,0.0029,0.0,0.0,15026.0,0.0029,0.0029,0.0029,10000451,2016-06-22,2016-06-22,C,2.3,2015-10-29
11687,2016-05-16 13:48:00,2016-05-16,0.0029,0.0,0.0,15026.0,0.0029,0.0029,0.0029,10000451,2016-06-22,2016-06-22,C,2.3,2015-10-29
11688,2016-05-16 13:49:00,2016-05-16,0.0029,0.0,0.0,15026.0,0.0029,0.0029,0.0029,10000451,2016-06-22,2016-06-22,C,2.3,2015-10-29
11689,2016-05-16 13:50:00,2016-05-16,0.0029,0.0,0.0,15026.0,0.0029,0.0029,0.0029,10000451,2016-06-22,2016-06-22,C,2.3,2015-10-29
11690,2016-05-16 13:51:00,2016-05-16,0.0029,0.0,0.0,15026.0,0.0029,0.0029,0.0029,10000451,2016-06-22,2016-06-22,C,2.3,2015-10-29
11691,2016-05-16 13:52:00,2016-05-16,0.0029,0.0,0.0,15026.0,0.0029,0.0029,0.0029,10000451,2016-06-22,2016-06-22,C,2.3,2015-10-29
11692,2016-05-16 13:53:00,2016-05-16,0.0029,0.0,0.0,15026.0,0.0029,0.0029,0.0029,10000451,2016-06-22,2016-06-22,C,2.3,2015-10-29
11693,2016-05-16 13:54:00,2016-05-16,0.003,1200.0,40.0,15044.0,0.0029,0.003,0.0029,10000451,2016-06-22,2016-06-22,C,2.3,2015-10-29
11694,2016-05-16 13:55:00,2016-05-16,0.003,710.0,24.0,15056.0,0.003,0.003,0.0029,10000451,2016-06-22,2016-06-22,C,2.3,2015-10-29
11695,2016-05-16 13:56:00,2016-05-16,0.003,780.0,26.0,15072.0,0.003,0.003,0.003,10000451,2016-06-22,2016-06-22,C,2.3,2015-10-29
11696,2016-05-16 13:57:00,2016-05-16,0.003,300.0,10.0,15072.0,0.003,0.003,0.003,10000451,2016-06-22,2016-06-22,C,2.3,2015-10-29
11697,2016-05-16 13:58:00,2016-05-16,0.003,290.0,10.0,15062.0,0.003,0.0029,0.0029,10000451,2016-06-22,2016-06-22,C,2.3,2015-10-29
11698,2016-05-16 13:59:00,2016-05-16,0.0029,0.0,0.0,15062.0,0.0029,0.0029,0.0029,10000451,2016-06-22,2016-06-22,C,2.3,2015-10-29
11699,2016-05-16 14:00:00,2016-05-16,0.0029,0.0,0.0,15062.0,0.0029,0.0029,0.0029,10000451,2016-06-22,2016-06-22,C,2.3,2015-10-29
11700,2016-05-16 14:01:00,2016-05-16,0.0029,0.0,0.0,15062.0,0.0029,0.0029,0.0029,10000451,2016-06-22,2016-06-22,C,2.3,2015-10-29
11701,2016-05-16 14:02:00,2016-05-16,0.0029,0.0,0.0,15062.0,0.0029,0.0029,0.0029,10000451,2016-06-22,2016-06-22,C,2.3,2015-10-29
11702,2016-05-16 14:03:00,2016-05-16,0.0029,0.0,0.0,15062.0,0.0029,0.0029,0.0029,10000451,2016-06-22,2016-06-22,C,2.3,2015-10-29
11703,2016-05-16 14:04:00,2016-05-16,0.0029,0.0,0.0,15062.0,0.0029,0.0029,0.0029,10000451,2016-06-22,2016-06-22,C,2.3,2015-10-29
11704,2016-05-16 14:05:00,2016-05-16,0.0029,0.0,0.0,15062.0,0.0029,0.0029,0.0029,10000451,2016-06-22,2016-06-22,C,2.3,2015-10-29
11705,2016-05-16 14:06:00,2016-05-16,0.0029,0.0,0.0,15062.0,0.0029,0.0029,0.0029,10000451,2016-06-22,2016-06-22,C,2.3,2015-10-29
11706,2016-05-16 14:07:00,2016-05-16,0.0029,348.0,12.0,15062.0,0.0029,0.0029,0.0029,10000451,2016-06-22,2016-06-22,C,2.3,2015-10-29
11707,2016-05-16 14:08:00,2016-05-16,0.0029,0.0,0.0,15062.0,0.0029,0.0029,0.0029,10000451,2016-06-22,2016-06-22,C,2.3,2015-10-29
11708,2016-05-16 14:09:00,2016-05-16,0.0029,0.0,0.0,15062.0,0.0029,0.0029,0.0029,10000451,2016-06-22,2016-06-22,C,2.3,2015-10-29
11709,2016-05-16 14:10:00,2016-05-16,0.0029,0.0,0.0,15062.0,0.0029,0.0029,0.0029,10000451,2016-06-22,2016-06-22,C,2.3,2015-10-29
11710,2016-05-16 14:11:00,2016-05-16,0.0029,0.0,0.0,15062.0,0.0029,0.0029,0.0029,10000451,2016-06-22,2016-06-22,C,2.3,2015-10-29
11711,2016-05-16 14:12:00,2016-05-16,0.0029,0.0,0.0,15062.0,0.0029,0.0029,0.0029,10000451,2016-06-22,2016-06-22,C,2.3,2015-10-29
11712,2016-05-16 14:13:00,2016-05-16,0.0029,0.0,0.0,15062.0,0.0029,0.0029,0.0029,10000451,2016-06-22,2016-06-22,C,2.3,2015-10-29
11713,2016-05-16 14:14:00,2016-05-16,0.0029,0.0,0.0,15062.0,0.0029,0.0029,0.0029,10000451,2016-06-22,2016-06-22,C,2.3,2015-10-29
11714,2016-05-16 14:15:00,2016-05-16,0.0029,81.0,3.0,15063.0,0.0029,0.0027,0.0027,10000451,2016-06-22,2016-06-22,C,2.3,2015-10-29
11715,2016-05-16 14:16:00,2016-05-16,0.0029,114.0,4.0,15061.0,0.0027,0.0029,0.0027,10000451,2016-06-22,2016-06-22,C,2.3,2015-10-29
11716,2016-05-16 14:17:00,2016-05-16,0.0029,0.0,0.0,15061.0,0.0029,0.0029,0.0029,10000451,2016-06-22,2016-06-22,C,2.3,2015-10-29
11717,2016-05-16 14:18:00,2016-05-16,0.0029,0.0,0.0,15061.0,0.0029,0.0029,0.0029,10000451,2016-06-22,2016-06-22,C,2.3,2015-10-29
11718,2016-05-16 14:19:00,2016-05-16,0.0029,0.0,0.0,15061.0,0.0029,0.0029,0.0029,10000451,2016-06-22,2016-06-22,C,2.3,2015-10-29
11719,2016-05-16 14:20:00,2016-05-16,0.0029,0.0,0.0,15061.0,0.0029,0.0029,0.0029,10000451,2016-06-22,2016-06-22,C,2.3,2015-10-29
11720,2016-05-16 14:21:00,2016-05-16,0.0029,0.0,0.0,15061.0,0.0029,0.0029,0.0029,10000451,2016-06-22,2016-06-22,C,2.3,2015-10-29
11721,2016-05-16 14:22:00,2016-05-16,0.0029,0.0,0.0,15061.0,0.0029,0.0029,0.0029,10000451,2016-06-22,2016-06-22,C,2.3,2015-10-29
11722,2016-05-16 14:23:00,2016-05-16,0.0029,0.0,0.0,15061.0,0.0029,0.0029,0.0029,10000451,2016-06-22,2016-06-22,C,2.3,2015-10-29
11723,2016-05-16 14:24:00,2016-05-16,0.0029,0.0,0.0,15061.0,0.0029,0.0029,0.0029,10000451,2016-06-22,2016-06-22,C,2.3,2015-10-29
11724,2016-05-16 14:25:00,2016-05-16,0.0029,616.0,22.0,15083.0,0.0029,0.0028,0.0028,10000451,2016-06-22,2016-06-22,C,2.3,2015-10-29
11725,2016-05-16 14:26:00,2016-05-16,0.0028,0.0,0.0,15083.0,0.0028,0.0028,0.0028,10000451,2016-06-22,2016-06-22,C,2.3,2015-10-29
11726,2016-05-16 14:27:00,2016-05-16,0.0028,0.0,0.0,15083.0,0.0028,0.0028,0.0028,10000451,2016-06-22,2016-06-22,C,2.3,2015-10-29
11727,2016-05-16 14:28:00,2016-05-16,0.0028,0.0,0.0,15083.0,0.0028,0.0028,0.0028,10000451,2016-06-22,2016-06-22,C,2.3,2015-10-29
11728,2016-05-16 14:29:00,2016-05-16,0.0028,0.0,0.0,15083.0,0.0028,0.0028,0.0028,10000451,2016-06-22,2016-06-22,C,2.3,2015-10-29
11729,2016-05-16 14:30:00,2016-05-16,0.0028,112.0,4.0,15085.0,0.0028,0.0028,0.0028,10000451,2016-06-22,2016-06-22,C,2.3,2015-10-29
11730,2016-05-16 14:31:00,2016-05-16,0.003,1433.0,50.0,15128.0,0.0028,0.0029,0.0028,10000451,2016-06-22,2016-06-22,C,2.3,2015-10-29
11731,2016-05-16 14:32:00,2016-05-16,0.0029,0.0,0.0,15128.0,0.0029,0.0029,0.0029,10000451,2016-06-22,2016-06-22,C,2.3,2015-10-29
11732,2016-05-16 14:33:00,2016-05-16,0.0029,0.0,0.0,15128.0,0.0029,0.0029,0.0029,10000451,2016-06-22,2016-06-22,C,2.3,2015-10-29
11733,2016-05-16 14:34:00,2016-05-16,0.0029,0.0,0.0,15128.0,0.0029,0.0029,0.0029,10000451,2016-06-22,2016-06-22,C,2.3,2015-10-29
11734,2016-05-16 14:35:00,2016-05-16,0.0029,0.0,0.0,15128.0,0.0029,0.0029,0.0029,10000451,2016-06-22,2016-06-22,C,2.3,2015-10-29
11735,2016-05-16 14:36:00,2016-05-16,0.0029,435.0,15.0,15143.0,0.0029,0.0029,0.0029,10000451,2016-06-22,2016-06-22,C,2.3,2015-10-29
11736,2016-05-16 14:37:00,2016-05-16,0.0029,580.0,20.0,15163.0,0.0029,0.0029,0.0029,10000451,2016-06-22,2016-06-22,C,2.3,2015-10-29
11737,2016-05-16 14:38:00,2016-05-16,0.003,300.0,10.0,15173.0,0.0029,0.003,0.0029,10000451,2016-06-22,2016-06-22,C,2.3,2015-10-29
11738,2016-05-16 14:39:00,2016-05-16,0.003,609.0,21.0,15174.0,0.003,0.0029,0.0029,10000451,2016-06-22,2016-06-22,C,2.3,2015-10-29
11739,2016-05-16 14:40:00,2016-05-16,0.003,900.0,30.0,15174.0,0.0029,0.003,0.0029,10000451,2016-06-22,2016-06-22,C,2.3,2015-10-29
11740,2016-05-16 14:41:00,2016-05-16,0.003,90.0,3.0,15174.0,0.003,0.003,0.003,10000451,2016-06-22,2016-06-22,C,2.3,2015-10-29
11741,2016-05-16 14:42:00,2016-05-16,0.0031,1806.0,60.0,15174.0,0.0031,0.003,0.003,10000451,2016-06-22,2016-06-22,C,2.3,2015-10-29
11742,2016-05-16 14:43:00,2016-05-16,0.003,300.0,10.0,15174.0,0.003,0.003,0.003,10000451,2016-06-22,2016-06-22,C,2.3,2015-10-29
11743,2016-05-16 14:44:00,2016-05-16,0.003,750.0,25.0,15179.0,0.003,0.003,0.003,10000451,2016-06-22,2016-06-22,C,2.3,2015-10-29
11744,2016-05-16 14:45:00,2016-05-16,0.0031,1495.0,50.0,15195.0,0.003,0.0031,0.0029,10000451,2016-06-22,2016-06-22,C,2.3,2015-10-29
11745,2016-05-16 14:46:00,2016-05-16,0.0031,0.0,0.0,15195.0,0.0031,0.0031,0.0031,10000451,2016-06-22,2016-06-22,C,2.3,2015-10-29
11746,2016-05-16 14:47:00,2016-05-16,0.0031,0.0,0.0,15195.0,0.0031,0.0031,0.0031,10000451,2016-06-22,2016-06-22,C,2.3,2015-10-29
11747,2016-05-16 14:48:00,2016-05-16,0.0031,0.0,0.0,15195.0,0.0031,0.0031,0.0031,10000451,2016-06-22,2016-06-22,C,2.3,2015-10-29
11748,2016-05-16 14:49:00,2016-05-16,0.0031,0.0,0.0,15195.0,0.0031,0.0031,0.0031,10000451,2016-06-22,2016-06-22,C,2.3,2015-10-29
11749,2016-05-16 14:50:00,2016-05-16,0.0031,589.0,19.0,15195.0,0.0031,0.0031,0.0031,10000451,2016-06-22,2016-06-22,C,2.3,2015-10-29
11750,2016-05-16 14:51:00,2016-05-16,0.0031,713.0,23.0,15195.0,0.0031,0.0031,0.0031,10000451,2016-06-22,2016-06-22,C,2.3,2015-10-29
11751,2016-05-16 14:52:00,2016-05-16,0.0032,313.0,10.0,15192.0,0.0032,0.0032,0.0032,10000451,2016-06-22,2016-06-22,C,2.3,2015-10-29
11752,2016-05-16 14:53:00,2016-05-16,0.0032,0.0,0.0,15192.0,0.0032,0.0032,0.0032,10000451,2016-06-22,2016-06-22,C,2.3,2015-10-29
11753,2016-05-16 14:54:00,2016-05-16,0.0032,640.0,20.0,15185.0,0.0032,0.0032,0.0032,10000451,2016-06-22,2016-06-22,C,2.3,2015-10-29
11754,2016-05-16 14:55:00,2016-05-16,0.0032,0.0,0.0,15185.0,0.0032,0.0032,0.0032,10000451,2016-06-22,2016-06-22,C,2.3,2015-10-29
11755,2016-05-16 14:56:00,2016-05-16,0.0032,58.0,2.0,15183.0,0.0032,0.0029,0.0029,10000451,2016-06-22,2016-06-22,C,2.3,2015-10-29
11756,2016-05-16 14:57:00,2016-05-16,0.0029,0.0,0.0,15183.0,0.0029,0.0029,0.0029,10000451,2016-06-22,2016-06-22,C,2.3,2015-10-29
11757,2016-05-16 14:58:00,2016-05-16,0.0029,0.0,0.0,15183.0,0.0029,0.0029,0.0029,10000451,2016-06-22,2016-06-22,C,2.3,2015-10-29
11758,2016-05-16 14:59:00,2016-05-16,0.0029,0.0,0.0,15183.0,0.0029,0.0029,0.0029,10000451,2016-06-22,2016-06-22,C,2.3,2015-10-29
11759,2016-05-16 15:00:00,2016-05-16,0.0029,0.0,0.0,15183.0,0.0029,0.0029,0.0029,10000451,2016-06-22,2016-06-22,C,2.3,2015-10-29
11760,2016-05-16 09:31:00,2016-05-16,0.0858,74413.0,89.0,16203.0,0.083,0.0825,0.0818,10000608,2016-05-25,2016-05-25,P,2.15,2016-03-24
11761,2016-05-16 09:32:00,2016-05-16,0.0846,60397.0,72.0,16212.0,0.0825,0.0837,0.0825,10000608,2016-05-25,2016-05-25,P,2.15,2016-03-24
11762,2016-05-16 09:33:00,2016-05-16,0.0847,38486.0,46.0,16195.0,0.0846,0.0825,0.0825,10000608,2016-05-25,2016-05-25,P,2.15,2016-03-24
11763,2016-05-16 09:34:00,2016-05-16,0.0839,30936.0,37.0,16174.0,0.0825,0.0839,0.0825,10000608,2016-05-25,2016-05-25,P,2.15,2016-03-24
11764,2016-05-16 09:35:00,2016-05-16,0.0843,66902.0,81.0,16157.0,0.0839,0.0824,0.0816,10000608,2016-05-25,2016-05-25,P,2.15,2016-03-24
11765,2016-05-16 09:36:00,2016-05-16,0.0824,122300.0,152.0,16160.0,0.0824,0.0813,0.0794,10000608,2016-05-25,2016-05-25,P,2.15,2016-03-24
11766,2016-05-16 09:37:00,2016-05-16,0.0813,31384.0,39.0,16184.0,0.0813,0.0803,0.0796,10000608,2016-05-25,2016-05-25,P,2.15,2016-03-24
11767,2016-05-16 09:38:00,2016-05-16,0.0821,52842.0,65.0,16172.0,0.0803,0.0819,0.0801,10000608,2016-05-25,2016-05-25,P,2.15,2016-03-24
11768,2016-05-16 09:39:00,2016-05-16,0.0819,9702.0,12.0,16172.0,0.0819,0.0805,0.0805,10000608,2016-05-25,2016-05-25,P,2.15,2016-03-24
11769,2016-05-16 09:40:00,2016-05-16,0.0815,14569.0,18.0,16167.0,0.0805,0.0815,0.0805,10000608,2016-05-25,2016-05-25,P,2.15,2016-03-24
11770,2016-05-16 09:41:00,2016-05-16,0.0817,13861.0,17.0,16165.0,0.0815,0.0817,0.0815,10000608,2016-05-25,2016-05-25,P,2.15,2016-03-24
11771,2016-05-16 09:42:00,2016-05-16,0.08199999999999999,9833.0,12.0,16168.0,0.0817,0.08199999999999999,0.0817,10000608,2016-05-25,2016-05-25,P,2.15,2016-03-24
11772,2016-05-16 09:43:00,2016-05-16,0.08199999999999999,40490.0,50.0,16175.0,0.08199999999999999,0.0815,0.0804,10000608,2016-05-25,2016-05-25,P,2.15,2016-03-24
11773,2016-05-16 09:44:00,2016-05-16,0.0825,17224.0,21.0,16175.0,0.0815,0.0822,0.0815,10000608,2016-05-25,2016-05-25,P,2.15,2016-03-24
11774,2016-05-16 09:45:00,2016-05-16,0.0831,27262.0,33.0,16173.0,0.0822,0.0831,0.0822,10000608,2016-05-25,2016-05-25,P,2.15,2016-03-24
11775,2016-05-16 09:46:00,2016-05-16,0.0839,37658.0,45.0,16155.0,0.0835,0.0839,0.0835,10000608,2016-05-25,2016-05-25,P,2.15,2016-03-24
11776,2016-05-16 09:47:00,2016-05-16,0.0844,10110.0,12.0,16155.0,0.0839,0.0835,0.0835,10000608,2016-05-25,2016-05-25,P,2.15,2016-03-24
11777,2016-05-16 09:48:00,2016-05-16,0.084,53487.0,64.0,16147.0,0.0835,0.084,0.0831,10000608,2016-05-25,2016-05-25,P,2.15,2016-03-24
11778,2016-05-16 09:49:00,2016-05-16,0.0842,68826.0,82.0,16157.0,0.084,0.0832,0.0832,10000608,2016-05-25,2016-05-25,P,2.15,2016-03-24
11779,2016-05-16 09:50:00,2016-05-16,0.0845,36152.0,43.0,16132.0,0.0832,0.0845,0.0829,10000608,2016-05-25,2016-05-25,P,2.15,2016-03-24
11780,2016-05-16 09:51:00,2016-05-16,0.0847,15177.0,18.0,16130.0,0.0847,0.084,0.084,10000608,2016-05-25,2016-05-25,P,2.15,2016-03-24
11781,2016-05-16 09:52:00,2016-05-16,0.085,67442.0,80.0,16123.0,0.084,0.085,0.0836,10000608,2016-05-25,2016-05-25,P,2.15,2016-03-24
11782,2016-05-16 09:53:00,2016-05-16,0.0907,285116.0,326.0,16221.0,0.085,0.0907,0.085,10000608,2016-05-25,2016-05-25,P,2.15,2016-03-24
11783,2016-05-16 09:54:00,2016-05-16,0.0909,161139.0,179.0,16217.0,0.0907,0.0906,0.0891,10000608,2016-05-25,2016-05-25,P,2.15,2016-03-24
11784,2016-05-16 09:55:00,2016-05-16,0.0916,88931.0,98.0,16265.0,0.0906,0.0897,0.0897,10000608,2016-05-25,2016-05-25,P,2.15,2016-03-24
11785,2016-05-16 09:56:00,2016-05-16,0.09,60486.0,68.0,16211.0,0.08900000000000001,0.08900000000000001,0.0887,10000608,2016-05-25,2016-05-25,P,2.15,2016-03-24
11786,2016-05-16 09:57:00,2016-05-16,0.0899,33133.0,37.0,16217.0,0.08900000000000001,0.08900000000000001,0.0889,10000608,2016-05-25,2016-05-25,P,2.15,2016-03-24
11787,2016-05-16 09:58:00,2016-05-16,0.0891,74452.0,84.0,16180.0,0.08900000000000001,0.0891,0.0882,10000608,2016-05-25,2016-05-25,P,2.15,2016-03-24
11788,2016-05-16 09:59:00,2016-05-16,0.09,22427.0,25.0,16160.0,0.0896,0.0898,0.0891,10000608,2016-05-25,2016-05-25,P,2.15,2016-03-24
11789,2016-05-16 10:00:00,2016-05-16,0.0898,18746.0,21.0,16158.0,0.0898,0.0894,0.0885,10000608,2016-05-25,2016-05-25,P,2.15,2016-03-24
11790,2016-05-16 10:01:00,2016-05-16,0.0918,138890.0,152.0,16169.0,0.0894,0.0913,0.0894,10000608,2016-05-25,2016-05-25,P,2.15,2016-03-24
11791,2016-05-16 10:02:00,2016-05-16,0.0913,65811.0,73.0,16175.0,0.0913,0.0887,0.0887,10000608,2016-05-25,2016-05-25,P,2.15,2016-03-24
11792,2016-05-16 10:03:00,2016-05-16,0.0888,2664.0,3.0,16175.0,0.0887,0.0888,0.0887,10000608,2016-05-25,2016-05-25,P,2.15,2016-03-24
11793,2016-05-16 10:04:00,2016-05-16,0.0901,19654.0,22.0,16184.0,0.0901,0.0887,0.0887,10000608,2016-05-25,2016-05-25,P,2.15,2016-03-24
11794,2016-05-16 10:05:00,2016-05-16,0.0887,49587.0,56.0,16198.0,0.0886,0.08800000000000001,0.08800000000000001,10000608,2016-05-25,2016-05-25,P,2.15,2016-03-24
11795,2016-05-16 10:06:00,2016-05-16,0.0886,54720.0,62.0,16180.0,0.08800000000000001,0.0885,0.08800000000000001,10000608,2016-05-25,2016-05-25,P,2.15,2016-03-24
11796,2016-05-16 10:07:00,2016-05-16,0.0885,42822.0,49.0,16162.0,0.0885,0.0865,0.0862,10000608,2016-05-25,2016-05-25,P,2.15,2016-03-24
11797,2016-05-16 10:08:00,2016-05-16,0.0866,866.0,1.0,16162.0,0.0865,0.0866,0.0865,10000608,2016-05-25,2016-05-25,P,2.15,2016-03-24
11798,2016-05-16 10:09:00,2016-05-16,0.0871,5219.0,6.0,16160.0,0.0866,0.0868,0.0866,10000608,2016-05-25,2016-05-25,P,2.15,2016-03-24
11799,2016-05-16 10:10:00,2016-05-16,0.0871,6956.0,8.0,16156.0,0.0868,0.0868,0.0868,10000608,2016-05-25,2016-05-25,P,2.15,2016-03-24
11800,2016-05-16 10:11:00,2016-05-16,0.0875,9620.0,11.0,16156.0,0.0868,0.087,0.0868,10000608,2016-05-25,2016-05-25,P,2.15,2016-03-24
11801,2016-05-16 10:12:00,2016-05-16,0.08800000000000001,18413.0,21.0,16166.0,0.087,0.08800000000000001,0.087,10000608,2016-05-25,2016-05-25,P,2.15,2016-03-24
11802,2016-05-16 10:13:00,2016-05-16,0.08800000000000001,58739.0,68.0,16172.0,0.08800000000000001,0.0858,0.0858,10000608,2016-05-25,2016-05-25,P,2.15,2016-03-24
11803,2016-05-16 10:14:00,2016-05-16,0.0861,16301.0,19.0,16160.0,0.0858,0.086,0.0852,10000608,2016-05-25,2016-05-25,P,2.15,2016-03-24
11804,2016-05-16 10:15:00,2016-05-16,0.086,860.0,1.0,16161.0,0.086,0.086,0.086,10000608,2016-05-25,2016-05-25,P,2.15,2016-03-24
11805,2016-05-16 10:16:00,2016-05-16,0.086,13707.0,16.0,16163.0,0.086,0.0855,0.0855,10000608,2016-05-25,2016-05-25,P,2.15,2016-03-24
11806,2016-05-16 10:17:00,2016-05-16,0.0855,10260.0,12.0,16151.0,0.0855,0.0855,0.0855,10000608,2016-05-25,2016-05-25,P,2.15,2016-03-24
11807,2016-05-16 10:18:00,2016-05-16,0.0866,7764.0,9.0,16151.0,0.0855,0.0858,0.0855,10000608,2016-05-25,2016-05-25,P,2.15,2016-03-24
11808,2016-05-16 10:19:00,2016-05-16,0.0864,13713.0,16.0,16151.0,0.0857,0.0855,0.0855,10000608,2016-05-25,2016-05-25,P,2.15,2016-03-24
11809,2016-05-16 10:20:00,2016-05-16,0.0858,17160.0,20.0,16141.0,0.0855,0.0858,0.0855,10000608,2016-05-25,2016-05-25,P,2.15,2016-03-24
11810,2016-05-16 10:21:00,2016-05-16,0.086,12880.0,15.0,16156.0,0.0858,0.086,0.0858,10000608,2016-05-25,2016-05-25,P,2.15,2016-03-24
11811,2016-05-16 10:22:00,2016-05-16,0.086,4300.0,5.0,16161.0,0.086,0.086,0.086,10000608,2016-05-25,2016-05-25,P,2.15,2016-03-24
11812,2016-05-16 10:23:00,2016-05-16,0.0872,34642.0,40.0,16191.0,0.086,0.0872,0.0857,10000608,2016-05-25,2016-05-25,P,2.15,2016-03-24
11813,2016-05-16 10:24:00,2016-05-16,0.0878,34974.0,40.0,16194.0,0.0872,0.0878,0.0871,10000608,2016-05-25,2016-05-25,P,2.15,2016-03-24
11814,2016-05-16 10:25:00,2016-05-16,0.0878,878.0,1.0,16195.0,0.0878,0.0878,0.0878,10000608,2016-05-25,2016-05-25,P,2.15,2016-03-24
11815,2016-05-16 10:26:00,2016-05-16,0.0878,26095.0,30.0,16200.0,0.0878,0.0864,0.0864,10000608,2016-05-25,2016-05-25,P,2.15,2016-03-24
11816,2016-05-16 10:27:00,2016-05-16,0.0869,13010.0,15.0,16200.0,0.0864,0.0869,0.0864,10000608,2016-05-25,2016-05-25,P,2.15,2016-03-24
11817,2016-05-16 10:28:00,2016-05-16,0.0874,61029.0,71.0,16162.0,0.0874,0.0853,0.0853,10000608,2016-05-25,2016-05-25,P,2.15,2016-03-24
11818,2016-05-16 10:29:00,2016-05-16,0.0855,102001.0,121.0,16184.0,0.0853,0.0837,0.0837,10000608,2016-05-25,2016-05-25,P,2.15,2016-03-24
11819,2016-05-16 10:30:00,2016-05-16,0.0849,26188.0,31.0,16195.0,0.0837,0.0849,0.0837,10000608,2016-05-25,2016-05-25,P,2.15,2016-03-24
11820,2016-05-16 10:31:00,2016-05-16,0.085,8500.0,10.0,16205.0,0.0849,0.085,0.0849,10000608,2016-05-25,2016-05-25,P,2.15,2016-03-24
11821,2016-05-16 10:32:00,2016-05-16,0.0852,40828.0,48.0,16225.0,0.085,0.0852,0.085,10000608,2016-05-25,2016-05-25,P,2.15,2016-03-24
11822,2016-05-16 10:33:00,2016-05-16,0.0845,53177.0,63.0,16239.0,0.0845,0.0845,0.0842,10000608,2016-05-25,2016-05-25,P,2.15,2016-03-24
11823,2016-05-16 10:34:00,2016-05-16,0.0845,4214.0,5.0,16239.0,0.0845,0.0844,0.0841,10000608,2016-05-25,2016-05-25,P,2.15,2016-03-24
11824,2016-05-16 10:35:00,2016-05-16,0.0845,40383.0,48.0,16238.0,0.0844,0.084,0.084,10000608,2016-05-25,2016-05-25,P,2.15,2016-03-24
11825,2016-05-16 10:36:00,2016-05-16,0.084,48560.0,58.0,16230.0,0.084,0.0835,0.0835,10000608,2016-05-25,2016-05-25,P,2.15,2016-03-24
11826,2016-05-16 10:37:00,2016-05-16,0.0856,37061.0,44.0,16226.0,0.084,0.0856,0.0835,10000608,2016-05-25,2016-05-25,P,2.15,2016-03-24
11827,2016-05-16 10:38:00,2016-05-16,0.086,23981.0,28.0,16220.0,0.0856,0.0851,0.0851,10000608,2016-05-25,2016-05-25,P,2.15,2016-03-24
11828,2016-05-16 10:39:00,2016-05-16,0.0852,44317.0,52.0,16226.0,0.0851,0.0851,0.085,10000608,2016-05-25,2016-05-25,P,2.15,2016-03-24
11829,2016-05-16 10:40:00,2016-05-16,0.0851,0.0,0.0,16226.0,0.0851,0.0851,0.0851,10000608,2016-05-25,2016-05-25,P,2.15,2016-03-24
11830,2016-05-16 10:41:00,2016-05-16,0.0851,0.0,0.0,16226.0,0.0851,0.0851,0.0851,10000608,2016-05-25,2016-05-25,P,2.15,2016-03-24
11831,2016-05-16 10:42:00,2016-05-16,0.0855,6840.0,8.0,16228.0,0.0851,0.0855,0.0851,10000608,2016-05-25,2016-05-25,P,2.15,2016-03-24
11832,2016-05-16 10:43:00,2016-05-16,0.0855,6798.0,8.0,16234.0,0.0855,0.0848,0.0848,10000608,2016-05-25,2016-05-25,P,2.15,2016-03-24
11833,2016-05-16 10:44:00,2016-05-16,0.0855,8550.0,10.0,16234.0,0.0848,0.0855,0.0848,10000608,2016-05-25,2016-05-25,P,2.15,2016-03-24
11834,2016-05-16 10:45:00,2016-05-16,0.0866,13820.0,16.0,16233.0,0.0855,0.0866,0.0855,10000608,2016-05-25,2016-05-25,P,2.15,2016-03-24
11835,2016-05-16 10:46:00,2016-05-16,0.0866,0.0,0.0,16233.0,0.0866,0.0866,0.0866,10000608,2016-05-25,2016-05-25,P,2.15,2016-03-24
11836,2016-05-16 10:47:00,2016-05-16,0.0866,42276.0,50.0,16245.0,0.0866,0.085,0.0842,10000608,2016-05-25,2016-05-25,P,2.15,2016-03-24
11837,2016-05-16 10:48:00,2016-05-16,0.085,37505.0,45.0,16209.0,0.085,0.083,0.083,10000608,2016-05-25,2016-05-25,P,2.15,2016-03-24
11838,2016-05-16 10:49:00,2016-05-16,0.083,25676.0,31.0,16209.0,0.083,0.0827,0.0826,10000608,2016-05-25,2016-05-25,P,2.15,2016-03-24
11839,2016-05-16 10:50:00,2016-05-16,0.0828,24696.0,30.0,16209.0,0.0827,0.0821,0.0821,10000608,2016-05-25,2016-05-25,P,2.15,2016-03-24
11840,2016-05-16 10:51:00,2016-05-16,0.0821,88541.0,110.0,16188.0,0.0821,0.0803,0.0797,10000608,2016-05-25,2016-05-25,P,2.15,2016-03-24
11841,2016-05-16 10:52:00,2016-05-16,0.0806,57770.0,72.0,16183.0,0.0803,0.0806,0.08,10000608,2016-05-25,2016-05-25,P,2.15,2016-03-24
11842,2016-05-16 10:53:00,2016-05-16,0.0806,16846.0,21.0,16174.0,0.0806,0.0805,0.08,10000608,2016-05-25,2016-05-25,P,2.15,2016-03-24
11843,2016-05-16 10:54:00,2016-05-16,0.0806,43446.0,54.0,16186.0,0.0805,0.0803,0.0803,10000608,2016-05-25,2016-05-25,P,2.15,2016-03-24
11844,2016-05-16 10:55:00,2016-05-16,0.0801,50030.0,63.0,16183.0,0.0801,0.0794,0.0791,10000608,2016-05-25,2016-05-25,P,2.15,2016-03-24
11845,2016-05-16 10:56:00,2016-05-16,0.0794,48747.0,62.0,16213.0,0.0794,0.0784,0.0781,10000608,2016-05-25,2016-05-25,P,2.15,2016-03-24
11846,2016-05-16 10:57:00,2016-05-16,0.0792,25274.0,32.0,16239.0,0.0784,0.0792,0.0784,10000608,2016-05-25,2016-05-25,P,2.15,2016-03-24
11847,2016-05-16 10:58:00,2016-05-16,0.0793,113717.0,145.0,16278.0,0.0792,0.0776,0.0771,10000608,2016-05-25,2016-05-25,P,2.15,2016-03-24
11848,2016-05-16 10:59:00,2016-05-16,0.0776,130864.0,173.0,16229.0,0.0776,0.075,0.075,10000608,2016-05-25,2016-05-25,P,2.15,2016-03-24
11849,2016-05-16 11:00:00,2016-05-16,0.0758,158559.0,213.0,16085.0,0.075,0.0756,0.0739,10000608,2016-05-25,2016-05-25,P,2.15,2016-03-24
11850,2016-05-16 11:01:00,2016-05-16,0.0756,130428.0,176.0,16037.0,0.0756,0.0738,0.0737,10000608,2016-05-25,2016-05-25,P,2.15,2016-03-24
11851,2016-05-16 11:02:00,2016-05-16,0.0759,94932.0,127.0,16077.0,0.0738,0.0759,0.0738,10000608,2016-05-25,2016-05-25,P,2.15,2016-03-24
11852,2016-05-16 11:03:00,2016-05-16,0.076,66653.0,88.0,16095.0,0.0759,0.0752,0.0751,10000608,2016-05-25,2016-05-25,P,2.15,2016-03-24
11853,2016-05-16 11:04:00,2016-05-16,0.076,31120.0,41.0,16116.0,0.0752,0.076,0.0752,10000608,2016-05-25,2016-05-25,P,2.15,2016-03-24
11854,2016-05-16 11:05:00,2016-05-16,0.076,2280.0,3.0,16116.0,0.076,0.076,0.076,10000608,2016-05-25,2016-05-25,P,2.15,2016-03-24
11855,2016-05-16 11:06:00,2016-05-16,0.076,51501.0,68.0,16151.0,0.076,0.0759,0.0754,10000608,2016-05-25,2016-05-25,P,2.15,2016-03-24
11856,2016-05-16 11:07:00,2016-05-16,0.076,7600.0,10.0,16146.0,0.0759,0.076,0.0759,10000608,2016-05-25,2016-05-25,P,2.15,2016-03-24
11857,2016-05-16 11:08:00,2016-05-16,0.0762,14440.0,19.0,16139.0,0.076,0.0756,0.0756,10000608,2016-05-25,2016-05-25,P,2.15,2016-03-24
11858,2016-05-16 11:09:00,2016-05-16,0.0761,62619.0,83.0,16128.0,0.0756,0.0751,0.0751,10000608,2016-05-25,2016-05-25,P,2.15,2016-03-24
11859,2016-05-16 11:10:00,2016-05-16,0.0751,3005.0,4.0,16128.0,0.0751,0.0751,0.0751,10000608,2016-05-25,2016-05-25,P,2.15,2016-03-24
11860,2016-05-16 11:11:00,2016-05-16,0.0757,15043.0,20.0,16129.0,0.0751,0.0757,0.0747,10000608,2016-05-25,2016-05-25,P,2.15,2016-03-24
11861,2016-05-16 11:12:00,2016-05-16,0.077,19924.0,26.0,16134.0,0.0757,0.077,0.0757,10000608,2016-05-25,2016-05-25,P,2.15,2016-03-24
11862,2016-05-16 11:13:00,2016-05-16,0.077,13798.0,18.0,16124.0,0.077,0.0764,0.0764,10000608,2016-05-25,2016-05-25,P,2.15,2016-03-24
11863,2016-05-16 11:14:00,2016-05-16,0.0766,28012.0,37.0,16107.0,0.0764,0.0753,0.0748,10000608,2016-05-25,2016-05-25,P,2.15,2016-03-24
11864,2016-05-16 11:15:00,2016-05-16,0.0756,36882.0,49.0,16105.0,0.0753,0.0756,0.075,10000608,2016-05-25,2016-05-25,P,2.15,2016-03-24
11865,2016-05-16 11:16:00,2016-05-16,0.0756,7530.0,10.0,16110.0,0.0756,0.0753,0.0753,10000608,2016-05-25,2016-05-25,P,2.15,2016-03-24
11866,2016-05-16 11:17:00,2016-05-16,0.0762,4572.0,6.0,16110.0,0.0753,0.0762,0.0753,10000608,2016-05-25,2016-05-25,P,2.15,2016-03-24
11867,2016-05-16 11:18:00,2016-05-16,0.0764,14468.0,19.0,16107.0,0.0762,0.0764,0.0755,10000608,2016-05-25,2016-05-25,P,2.15,2016-03-24
11868,2016-05-16 11:19:00,2016-05-16,0.0768,41904.0,55.0,16079.0,0.0764,0.076,0.076,10000608,2016-05-25,2016-05-25,P,2.15,2016-03-24
11869,2016-05-16 11:20:00,2016-05-16,0.0765,83514.0,111.0,16067.0,0.0765,0.0738,0.0738,10000608,2016-05-25,2016-05-25,P,2.15,2016-03-24
11870,2016-05-16 11:21:00,2016-05-16,0.075,750.0,1.0,16067.0,0.0738,0.075,0.0738,10000608,2016-05-25,2016-05-25,P,2.15,2016-03-24
11871,2016-05-16 11:22:00,2016-05-16,0.0765,24251.0,32.0,16068.0,0.075,0.0765,0.075,10000608,2016-05-25,2016-05-25,P,2.15,2016-03-24
11872,2016-05-16 11:23:00,2016-05-16,0.0765,19075.0,25.0,16072.0,0.0765,0.0765,0.076,10000608,2016-05-25,2016-05-25,P,2.15,2016-03-24
11873,2016-05-16 11:24:00,2016-05-16,0.0765,3814.0,5.0,16074.0,0.0765,0.0764,0.0762,10000608,2016-05-25,2016-05-25,P,2.15,2016-03-24
11874,2016-05-16 11:25:00,2016-05-16,0.076,4560.0,6.0,16080.0,0.076,0.076,0.076,10000608,2016-05-25,2016-05-25,P,2.15,2016-03-24
11875,2016-05-16 11:26:00,2016-05-16,0.076,12127.0,16.0,16076.0,0.076,0.0759,0.0756,10000608,2016-05-25,2016-05-25,P,2.15,2016-03-24
11876,2016-05-16 11:27:00,2016-05-16,0.076,14344.0,19.0,16073.0,0.0759,0.0754,0.0754,10000608,2016-05-25,2016-05-25,P,2.15,2016-03-24
11877,2016-05-16 11:28:00,2016-05-16,0.0754,8250.0,11.0,16062.0,0.0754,0.075,0.075,10000608,2016-05-25,2016-05-25,P,2.15,2016-03-24
11878,2016-05-16 11:29:00,2016-05-16,0.0751,7510.0,10.0,16062.0,0.075,0.0751,0.075,10000608,2016-05-25,2016-05-25,P,2.15,2016-03-24
11879,2016-05-16 11:30:00,2016-05-16,0.0752,7520.0,10.0,16052.0,0.0751,0.0752,0.0751,10000608,2016-05-25,2016-05-25,P,2.15,2016-03-24
11880,2016-05-16 13:01:00,2016-05-16,0.0761,35317.0,47.0,16027.0,0.075,0.0761,0.0744,10000608,2016-05-25,2016-05-25,P,2.15,2016-03-24
11881,2016-05-16 13:02:00,2016-05-16,0.0781,42623.0,55.0,15998.0,0.0761,0.0781,0.0761,10000608,2016-05-25,2016-05-25,P,2.15,2016-03-24
11882,2016-05-16 13:03:00,2016-05-16,0.0781,15572.0,20.0,15999.0,0.0781,0.0779,0.0773,10000608,2016-05-25,2016-05-25,P,2.15,2016-03-24
11883,2016-05-16 13:04:00,2016-05-16,0.0779,1554.0,2.0,15998.0,0.0779,0.0775,0.0775,10000608,2016-05-25,2016-05-25,P,2.15,2016-03-24
11884,2016-05-16 13:05:00,2016-05-16,0.0779,7786.0,10.0,15999.0,0.0775,0.0775,0.0775,10000608,2016-05-25,2016-05-25,P,2.15,2016-03-24
11885,2016-05-16 13:06:00,2016-05-16,0.0778,20091.0,26.0,15987.0,0.0775,0.0777,0.0768,10000608,2016-05-25,2016-05-25,P,2.15,2016-03-24
11886,2016-05-16 13:07:00,2016-05-16,0.0777,7770.0,10.0,15978.0,0.0777,0.0777,0.0777,10000608,2016-05-25,2016-05-25,P,2.15,2016-03-24
11887,2016-05-16 13:08:00,2016-05-16,0.0777,11655.0,15.0,15963.0,0.0777,0.0777,0.0777,10000608,2016-05-25,2016-05-25,P,2.15,2016-03-24
11888,2016-05-16 13:09:00,2016-05-16,0.0777,27804.0,36.0,15928.0,0.0777,0.077,0.077,10000608,2016-05-25,2016-05-25,P,2.15,2016-03-24
11889,2016-05-16 13:10:00,2016-05-16,0.0775,23170.0,30.0,15908.0,0.077,0.0775,0.077,10000608,2016-05-25,2016-05-25,P,2.15,2016-03-24
11890,2016-05-16 13:11:00,2016-05-16,0.0775,9997.0,13.0,15905.0,0.0775,0.0769,0.0769,10000608,2016-05-25,2016-05-25,P,2.15,2016-03-24
11891,2016-05-16 13:12:00,2016-05-16,0.0769,4614.0,6.0,15905.0,0.0769,0.0769,0.0769,10000608,2016-05-25,2016-05-25,P,2.15,2016-03-24
11892,2016-05-16 13:13:00,2016-05-16,0.0774,10812.0,14.0,15919.0,0.0769,0.0774,0.0768,10000608,2016-05-25,2016-05-25,P,2.15,2016-03-24
11893,2016-05-16 13:14:00,2016-05-16,0.0774,10830.0,14.0,15918.0,0.0774,0.0768,0.0768,10000608,2016-05-25,2016-05-25,P,2.15,2016-03-24
11894,2016-05-16 13:15:00,2016-05-16,0.0768,0.0,0.0,15918.0,0.0768,0.0768,0.0768,10000608,2016-05-25,2016-05-25,P,2.15,2016-03-24
11895,2016-05-16 13:16:00,2016-05-16,0.0778,7780.0,10.0,15918.0,0.0768,0.0778,0.0768,10000608,2016-05-25,2016-05-25,P,2.15,2016-03-24
11896,2016-05-16 13:17:00,2016-05-16,0.0778,1540.0,2.0,15918.0,0.0778,0.077,0.077,10000608,2016-05-25,2016-05-25,P,2.15,2016-03-24
11897,2016-05-16 13:18:00,2016-05-16,0.077,0.0,0.0,15918.0,0.077,0.077,0.077,10000608,2016-05-25,2016-05-25,P,2.15,2016-03-24
11898,2016-05-16 13:19:00,2016-05-16,0.0778,8558.0,11.0,15918.0,0.077,0.0778,0.077,10000608,2016-05-25,2016-05-25,P,2.15,2016-03-24
11899,2016-05-16 13:20:00,2016-05-16,0.0784,23460.0,30.0,15938.0,0.0778,0.0782,0.0778,10000608,2016-05-25,2016-05-25,P,2.15,2016-03-24
11900,2016-05-16 13:21:00,2016-05-16,0.0787,16509.0,21.0,15939.0,0.0782,0.0785,0.0782,10000608,2016-05-25,2016-05-25,P,2.15,2016-03-24
11901,2016-05-16 13:22:00,2016-05-16,0.0788,12580.0,16.0,15944.0,0.0785,0.0784,0.0782,10000608,2016-05-25,2016-05-25,P,2.15,2016-03-24
11902,2016-05-16 13:23:00,2016-05-16,0.079,18943.0,24.0,15948.0,0.0784,0.0789,0.0784,10000608,2016-05-25,2016-05-25,P,2.15,2016-03-24
11903,2016-05-16 13:24:00,2016-05-16,0.0791,22112.0,28.0,15960.0,0.0789,0.0791,0.0789,10000608,2016-05-25,2016-05-25,P,2.15,2016-03-24
11904,2016-05-16 13:25:00,2016-05-16,0.0791,14222.0,18.0,15959.0,0.0791,0.0791,0.0785,10000608,2016-05-25,2016-05-25,P,2.15,2016-03-24
11905,2016-05-16 13:26:00,2016-05-16,0.0806,12781.0,16.0,15952.0,0.0791,0.0805,0.0791,10000608,2016-05-25,2016-05-25,P,2.15,2016-03-24
11906,2016-05-16 13:27:00,2016-05-16,0.0805,6397.0,8.0,15950.0,0.0805,0.0797,0.0797,10000608,2016-05-25,2016-05-25,P,2.15,2016-03-24
11907,2016-05-16 13:28:00,2016-05-16,0.0799,35679.0,45.0,15940.0,0.0797,0.0783,0.0783,10000608,2016-05-25,2016-05-25,P,2.15,2016-03-24
11908,2016-05-16 13:29:00,2016-05-16,0.0799,14124.0,18.0,15934.0,0.0783,0.0799,0.0783,10000608,2016-05-25,2016-05-25,P,2.15,2016-03-24
11909,2016-05-16 13:30:00,2016-05-16,0.08,15905.0,20.0,15946.0,0.0799,0.0791,0.0791,10000608,2016-05-25,2016-05-25,P,2.15,2016-03-24
11910,2016-05-16 13:31:00,2016-05-16,0.0791,21289.0,27.0,15938.0,0.0791,0.0788,0.0787,10000608,2016-05-25,2016-05-25,P,2.15,2016-03-24
11911,2016-05-16 13:32:00,2016-05-16,0.0788,8643.0,11.0,15929.0,0.0788,0.0783,0.0783,10000608,2016-05-25,2016-05-25,P,2.15,2016-03-24
11912,2016-05-16 13:33:00,2016-05-16,0.0793,25987.0,33.0,15930.0,0.0783,0.0783,0.0783,10000608,2016-05-25,2016-05-25,P,2.15,2016-03-24
11913,2016-05-16 13:34:00,2016-05-16,0.0783,0.0,0.0,15930.0,0.0783,0.0783,0.0783,10000608,2016-05-25,2016-05-25,P,2.15,2016-03-24
11914,2016-05-16 13:35:00,2016-05-16,0.0783,0.0,0.0,15930.0,0.0783,0.0783,0.0783,10000608,2016-05-25,2016-05-25,P,2.15,2016-03-24
11915,2016-05-16 13:36:00,2016-05-16,0.0788,24428.0,31.0,15934.0,0.0783,0.0788,0.0783,10000608,2016-05-25,2016-05-25,P,2.15,2016-03-24
11916,2016-05-16 13:37:00,2016-05-16,0.0792,2371.0,3.0,15935.0,0.079,0.0789,0.0789,10000608,2016-05-25,2016-05-25,P,2.15,2016-03-24
11917,2016-05-16 13:38:00,2016-05-16,0.0799,40559.0,51.0,15936.0,0.0792,0.0799,0.0789,10000608,2016-05-25,2016-05-25,P,2.15,2016-03-24
11918,2016-05-16 13:39:00,2016-05-16,0.0799,793.0,1.0,15936.0,0.0799,0.0793,0.0793,10000608,2016-05-25,2016-05-25,P,2.15,2016-03-24
11919,2016-05-16 13:40:00,2016-05-16,0.0797,16706.0,21.0,15932.0,0.0793,0.0793,0.079,10000608,2016-05-25,2016-05-25,P,2.15,2016-03-24
11920,2016-05-16 13:41:00,2016-05-16,0.0799,25512.0,32.0,15929.0,0.0797,0.0799,0.079,10000608,2016-05-25,2016-05-25,P,2.15,2016-03-24
11921,2016-05-16 13:42:00,2016-05-16,0.0797,11051.0,14.0,15935.0,0.079,0.0787,0.0787,10000608,2016-05-25,2016-05-25,P,2.15,2016-03-24
11922,2016-05-16 13:43:00,2016-05-16,0.0787,24273.0,31.0,15935.0,0.0787,0.0774,0.0774,10000608,2016-05-25,2016-05-25,P,2.15,2016-03-24
11923,2016-05-16 13:44:00,2016-05-16,0.0774,8500.0,11.0,15936.0,0.0774,0.077,0.077,10000608,2016-05-25,2016-05-25,P,2.15,2016-03-24
11924,2016-05-16 13:45:00,2016-05-16,0.0773,24680.0,32.0,15945.0,0.077,0.077,0.077,10000608,2016-05-25,2016-05-25,P,2.15,2016-03-24
11925,2016-05-16 13:46:00,2016-05-16,0.0774,20879.0,27.0,15925.0,0.0773,0.0774,0.0773,10000608,2016-05-25,2016-05-25,P,2.15,2016-03-24
11926,2016-05-16 13:47:00,2016-05-16,0.0774,0.0,0.0,15925.0,0.0774,0.0774,0.0774,10000608,2016-05-25,2016-05-25,P,2.15,2016-03-24
11927,2016-05-16 13:48:00,2016-05-16,0.0775,12334.0,16.0,15925.0,0.0774,0.077,0.077,10000608,2016-05-25,2016-05-25,P,2.15,2016-03-24
11928,2016-05-16 13:49:00,2016-05-16,0.0784,19460.0,25.0,15925.0,0.077,0.0784,0.077,10000608,2016-05-25,2016-05-25,P,2.15,2016-03-24
11929,2016-05-16 13:50:00,2016-05-16,0.0786,2342.0,3.0,15925.0,0.0784,0.0786,0.0776,10000608,2016-05-25,2016-05-25,P,2.15,2016-03-24
11930,2016-05-16 13:51:00,2016-05-16,0.0788,15760.0,20.0,15936.0,0.0786,0.0788,0.0786,10000608,2016-05-25,2016-05-25,P,2.15,2016-03-24
11931,2016-05-16 13:52:00,2016-05-16,0.0792,19745.0,25.0,15936.0,0.0788,0.0788,0.0788,10000608,2016-05-25,2016-05-25,P,2.15,2016-03-24
11932,2016-05-16 13:53:00,2016-05-16,0.0788,8588.0,11.0,15947.0,0.0788,0.0778,0.0778,10000608,2016-05-25,2016-05-25,P,2.15,2016-03-24
11933,2016-05-16 13:54:00,2016-05-16,0.0778,777.0,1.0,15948.0,0.0778,0.0777,0.0777,10000608,2016-05-25,2016-05-25,P,2.15,2016-03-24
11934,2016-05-16 13:55:00,2016-05-16,0.0777,43185.0,56.0,15979.0,0.0777,0.0765,0.0765,10000608,2016-05-25,2016-05-25,P,2.15,2016-03-24
11935,2016-05-16 13:56:00,2016-05-16,0.0765,66104.0,87.0,15971.0,0.0765,0.0755,0.075,10000608,2016-05-25,2016-05-25,P,2.15,2016-03-24
11936,2016-05-16 13:57:00,2016-05-16,0.0756,36179.0,48.0,15960.0,0.0755,0.0756,0.0751,10000608,2016-05-25,2016-05-25,P,2.15,2016-03-24
11937,2016-05-16 13:58:00,2016-05-16,0.0766,18998.0,25.0,15951.0,0.0756,0.0763,0.0755,10000608,2016-05-25,2016-05-25,P,2.15,2016-03-24
11938,2016-05-16 13:59:00,2016-05-16,0.0767,18299.0,24.0,15934.0,0.0763,0.076,0.076,10000608,2016-05-25,2016-05-25,P,2.15,2016-03-24
11939,2016-05-16 14:00:00,2016-05-16,0.0773,15406.0,20.0,15924.0,0.076,0.0773,0.076,10000608,2016-05-25,2016-05-25,P,2.15,2016-03-24
11940,2016-05-16 14:01:00,2016-05-16,0.0773,71670.0,94.0,15938.0,0.0773,0.0765,0.0758,10000608,2016-05-25,2016-05-25,P,2.15,2016-03-24
11941,2016-05-16 14:02:00,2016-05-16,0.0773,20829.0,27.0,15932.0,0.0765,0.077,0.0765,10000608,2016-05-25,2016-05-25,P,2.15,2016-03-24
11942,2016-05-16 14:03:00,2016-05-16,0.0778,9336.0,12.0,15929.0,0.077,0.0778,0.077,10000608,2016-05-25,2016-05-25,P,2.15,2016-03-24
11943,2016-05-16 14:04:00,2016-05-16,0.0782,7023.0,9.0,15922.0,0.0778,0.0782,0.0778,10000608,2016-05-25,2016-05-25,P,2.15,2016-03-24
11944,2016-05-16 14:05:00,2016-05-16,0.0785,15660.0,20.0,15931.0,0.0782,0.078,0.078,10000608,2016-05-25,2016-05-25,P,2.15,2016-03-24
11945,2016-05-16 14:06:00,2016-05-16,0.0782,1564.0,2.0,15931.0,0.078,0.0782,0.078,10000608,2016-05-25,2016-05-25,P,2.15,2016-03-24
11946,2016-05-16 14:07:00,2016-05-16,0.0786,23540.0,30.0,15933.0,0.0782,0.0781,0.0781,10000608,2016-05-25,2016-05-25,P,2.15,2016-03-24
11947,2016-05-16 14:08:00,2016-05-16,0.0781,30392.0,39.0,15932.0,0.0781,0.0781,0.0778,10000608,2016-05-25,2016-05-25,P,2.15,2016-03-24
11948,2016-05-16 14:09:00,2016-05-16,0.0781,781.0,1.0,15932.0,0.0781,0.0781,0.0781,10000608,2016-05-25,2016-05-25,P,2.15,2016-03-24
11949,2016-05-16 14:10:00,2016-05-16,0.079,39350.0,50.0,15915.0,0.0781,0.079,0.0781,10000608,2016-05-25,2016-05-25,P,2.15,2016-03-24
11950,2016-05-16 14:11:00,2016-05-16,0.079,790.0,1.0,15915.0,0.079,0.079,0.079,10000608,2016-05-25,2016-05-25,P,2.15,2016-03-24
11951,2016-05-16 14:12:00,2016-05-16,0.079,16409.0,21.0,15924.0,0.079,0.0779,0.0779,10000608,2016-05-25,2016-05-25,P,2.15,2016-03-24
11952,2016-05-16 14:13:00,2016-05-16,0.0787,10924.0,14.0,15925.0,0.0779,0.0787,0.0779,10000608,2016-05-25,2016-05-25,P,2.15,2016-03-24
11953,2016-05-16 14:14:00,2016-05-16,0.0787,3895.0,5.0,15925.0,0.0787,0.0779,0.0779,10000608,2016-05-25,2016-05-25,P,2.15,2016-03-24
11954,2016-05-16 14:15:00,2016-05-16,0.0812,45426.0,57.0,15913.0,0.0779,0.0812,0.0779,10000608,2016-05-25,2016-05-25,P,2.15,2016-03-24
11955,2016-05-16 14:16:00,2016-05-16,0.0835,122798.0,149.0,15882.0,0.0812,0.0835,0.0812,10000608,2016-05-25,2016-05-25,P,2.15,2016-03-24
11956,2016-05-16 14:17:00,2016-05-16,0.0835,49798.0,60.0,15887.0,0.0835,0.08199999999999999,0.08199999999999999,10000608,2016-05-25,2016-05-25,P,2.15,2016-03-24
11957,2016-05-16 14:18:00,2016-05-16,0.08199999999999999,19439.0,24.0,15893.0,0.08199999999999999,0.0804,0.0804,10000608,2016-05-25,2016-05-25,P,2.15,2016-03-24
11958,2016-05-16 14:19:00,2016-05-16,0.0805,25730.0,32.0,15891.0,0.0804,0.0805,0.0804,10000608,2016-05-25,2016-05-25,P,2.15,2016-03-24
11959,2016-05-16 14:20:00,2016-05-16,0.0805,8050.0,10.0,15901.0,0.0805,0.0805,0.0805,10000608,2016-05-25,2016-05-25,P,2.15,2016-03-24
11960,2016-05-16 14:21:00,2016-05-16,0.0811,11334.0,14.0,15893.0,0.0805,0.0807,0.0804,10000608,2016-05-25,2016-05-25,P,2.15,2016-03-24
11961,2016-05-16 14:22:00,2016-05-16,0.0817,32576.0,40.0,15884.0,0.0807,0.0808,0.0807,10000608,2016-05-25,2016-05-25,P,2.15,2016-03-24
11962,2016-05-16 14:23:00,2016-05-16,0.0819,48626.0,60.0,15850.0,0.0808,0.0801,0.0801,10000608,2016-05-25,2016-05-25,P,2.15,2016-03-24
11963,2016-05-16 14:24:00,2016-05-16,0.0814,84247.0,105.0,15818.0,0.0801,0.08,0.0795,10000608,2016-05-25,2016-05-25,P,2.15,2016-03-24
11964,2016-05-16 14:25:00,2016-05-16,0.0807,8070.0,10.0,15828.0,0.08,0.0807,0.08,10000608,2016-05-25,2016-05-25,P,2.15,2016-03-24
11965,2016-05-16 14:26:00,2016-05-16,0.081,16189.0,20.0,15848.0,0.0807,0.081,0.0807,10000608,2016-05-25,2016-05-25,P,2.15,2016-03-24
11966,2016-05-16 14:27:00,2016-05-16,0.081,12140.0,15.0,15863.0,0.081,0.081,0.0809,10000608,2016-05-25,2016-05-25,P,2.15,2016-03-24
11967,2016-05-16 14:28:00,2016-05-16,0.0813,9714.0,12.0,15863.0,0.081,0.0813,0.0807,10000608,2016-05-25,2016-05-25,P,2.15,2016-03-24
11968,2016-05-16 14:29:00,2016-05-16,0.0813,26408.0,33.0,15863.0,0.0813,0.0796,0.0796,10000608,2016-05-25,2016-05-25,P,2.15,2016-03-24
11969,2016-05-16 14:30:00,2016-05-16,0.0797,64110.0,81.0,15837.0,0.0797,0.0783,0.0783,10000608,2016-05-25,2016-05-25,P,2.15,2016-03-24
11970,2016-05-16 14:31:00,2016-05-16,0.0785,16441.0,21.0,15833.0,0.0783,0.0782,0.078,10000608,2016-05-25,2016-05-25,P,2.15,2016-03-24
11971,2016-05-16 14:32:00,2016-05-16,0.0783,29674.0,38.0,15810.0,0.0782,0.0783,0.0779,10000608,2016-05-25,2016-05-25,P,2.15,2016-03-24
11972,2016-05-16 14:33:00,2016-05-16,0.0783,126749.0,165.0,15687.0,0.0783,0.0757,0.0757,10000608,2016-05-25,2016-05-25,P,2.15,2016-03-24
11973,2016-05-16 14:34:00,2016-05-16,0.0775,15191.0,20.0,15670.0,0.0757,0.0775,0.0756,10000608,2016-05-25,2016-05-25,P,2.15,2016-03-24
11974,2016-05-16 14:35:00,2016-05-16,0.0775,13930.0,18.0,15682.0,0.0775,0.0775,0.0771,10000608,2016-05-25,2016-05-25,P,2.15,2016-03-24
11975,2016-05-16 14:36:00,2016-05-16,0.0775,90053.0,118.0,15635.0,0.0775,0.0762,0.0755,10000608,2016-05-25,2016-05-25,P,2.15,2016-03-24
11976,2016-05-16 14:37:00,2016-05-16,0.0762,66598.0,89.0,15629.0,0.0762,0.07400000000000001,0.07400000000000001,10000608,2016-05-25,2016-05-25,P,2.15,2016-03-24
11977,2016-05-16 14:38:00,2016-05-16,0.0755,72025.0,96.0,15595.0,0.07400000000000001,0.0752,0.07400000000000001,10000608,2016-05-25,2016-05-25,P,2.15,2016-03-24
11978,2016-05-16 14:39:00,2016-05-16,0.076,41665.0,55.0,15578.0,0.0752,0.076,0.0752,10000608,2016-05-25,2016-05-25,P,2.15,2016-03-24
11979,2016-05-16 14:40:00,2016-05-16,0.0764,25838.0,34.0,15590.0,0.076,0.0761,0.0755,10000608,2016-05-25,2016-05-25,P,2.15,2016-03-24
11980,2016-05-16 14:41:00,2016-05-16,0.0769,29736.0,39.0,15595.0,0.0761,0.0769,0.0756,10000608,2016-05-25,2016-05-25,P,2.15,2016-03-24
11981,2016-05-16 14:42:00,2016-05-16,0.0772,42873.0,56.0,15612.0,0.0769,0.0771,0.0756,10000608,2016-05-25,2016-05-25,P,2.15,2016-03-24
11982,2016-05-16 14:43:00,2016-05-16,0.0774,1542.0,2.0,15612.0,0.0771,0.0768,0.0768,10000608,2016-05-25,2016-05-25,P,2.15,2016-03-24
11983,2016-05-16 14:44:00,2016-05-16,0.0773,7730.0,10.0,15612.0,0.0768,0.0773,0.0768,10000608,2016-05-25,2016-05-25,P,2.15,2016-03-24
11984,2016-05-16 14:45:00,2016-05-16,0.0773,29996.0,39.0,15600.0,0.0773,0.0758,0.0758,10000608,2016-05-25,2016-05-25,P,2.15,2016-03-24
11985,2016-05-16 14:46:00,2016-05-16,0.0758,1516.0,2.0,15600.0,0.0758,0.0758,0.0758,10000608,2016-05-25,2016-05-25,P,2.15,2016-03-24
11986,2016-05-16 14:47:00,2016-05-16,0.0771,15380.0,20.0,15607.0,0.0758,0.0771,0.0758,10000608,2016-05-25,2016-05-25,P,2.15,2016-03-24
11987,2016-05-16 14:48:00,2016-05-16,0.0772,29090.0,38.0,15607.0,0.0771,0.0761,0.0761,10000608,2016-05-25,2016-05-25,P,2.15,2016-03-24
11988,2016-05-16 14:49:00,2016-05-16,0.0761,79393.0,105.0,15589.0,0.0761,0.0753,0.0753,10000608,2016-05-25,2016-05-25,P,2.15,2016-03-24
11989,2016-05-16 14:50:00,2016-05-16,0.0767,32684.0,43.0,15590.0,0.0753,0.0767,0.0752,10000608,2016-05-25,2016-05-25,P,2.15,2016-03-24
11990,2016-05-16 14:51:00,2016-05-16,0.0771,35257.0,46.0,15591.0,0.0767,0.076,0.076,10000608,2016-05-25,2016-05-25,P,2.15,2016-03-24
11991,2016-05-16 14:52:00,2016-05-16,0.0767,8430.0,11.0,15592.0,0.076,0.0767,0.076,10000608,2016-05-25,2016-05-25,P,2.15,2016-03-24
11992,2016-05-16 14:53:00,2016-05-16,0.0771,28397.0,37.0,15591.0,0.0767,0.0763,0.0763,10000608,2016-05-25,2016-05-25,P,2.15,2016-03-24
11993,2016-05-16 14:54:00,2016-05-16,0.0764,3056.0,4.0,15587.0,0.0763,0.0764,0.0763,10000608,2016-05-25,2016-05-25,P,2.15,2016-03-24
11994,2016-05-16 14:55:00,2016-05-16,0.0764,27441.0,36.0,15574.0,0.0762,0.0762,0.0762,10000608,2016-05-25,2016-05-25,P,2.15,2016-03-24
11995,2016-05-16 14:56:00,2016-05-16,0.0771,26096.0,34.0,15605.0,0.0762,0.0769,0.0762,10000608,2016-05-25,2016-05-25,P,2.15,2016-03-24
11996,2016-05-16 14:57:00,2016-05-16,0.0771,6168.0,8.0,15610.0,0.0769,0.0771,0.0769,10000608,2016-05-25,2016-05-25,P,2.15,2016-03-24
11997,2016-05-16 14:58:00,2016-05-16,0.0771,0.0,0.0,15610.0,0.0771,0.0771,0.0771,10000608,2016-05-25,2016-05-25,P,2.15,2016-03-24
11998,2016-05-16 14:59:00,2016-05-16,0.0771,0.0,0.0,15610.0,0.0771,0.0771,0.0771,10000608,2016-05-25,2016-05-25,P,2.15,2016-03-24
11999,2016-05-16 15:00:00,2016-05-16,0.0771,0.0,0.0,15610.0,0.0771,0.0771,0.0771,10000608,2016-05-25,2016-05-25,P,2.15,2016-03-24
12000,2016-05-16 09:31:00,2016-05-16,0.4474,13422.0,3.0,1738.0,0.4474,0.4474,0.4437,10000466,2016-06-22,2016-06-22,P,2.5,2015-11-05
12001,2016-05-16 09:32:00,2016-05-16,0.4474,88970.0,20.0,1738.0,0.4474,0.4449,0.4448,10000466,2016-06-22,2016-06-22,P,2.5,2015-11-05
12002,2016-05-16 09:33:00,2016-05-16,0.4449,0.0,0.0,1738.0,0.4449,0.4449,0.4449,10000466,2016-06-22,2016-06-22,P,2.5,2015-11-05
12003,2016-05-16 09:34:00,2016-05-16,0.4449,0.0,0.0,1738.0,0.4449,0.4449,0.4449,10000466,2016-06-22,2016-06-22,P,2.5,2015-11-05
12004,2016-05-16 09:35:00,2016-05-16,0.4449,0.0,0.0,1738.0,0.4449,0.4449,0.4449,10000466,2016-06-22,2016-06-22,P,2.5,2015-11-05
12005,2016-05-16 09:36:00,2016-05-16,0.4449,53210.0,12.0,1738.0,0.4449,0.4426,0.4426,10000466,2016-06-22,2016-06-22,P,2.5,2015-11-05
12006,2016-05-16 09:37:00,2016-05-16,0.4426,0.0,0.0,1738.0,0.4426,0.4426,0.4426,10000466,2016-06-22,2016-06-22,P,2.5,2015-11-05
12007,2016-05-16 09:38:00,2016-05-16,0.4426,0.0,0.0,1738.0,0.4426,0.4426,0.4426,10000466,2016-06-22,2016-06-22,P,2.5,2015-11-05
12008,2016-05-16 09:39:00,2016-05-16,0.4426,0.0,0.0,1738.0,0.4426,0.4426,0.4426,10000466,2016-06-22,2016-06-22,P,2.5,2015-11-05
12009,2016-05-16 09:40:00,2016-05-16,0.4426,0.0,0.0,1738.0,0.4426,0.4426,0.4426,10000466,2016-06-22,2016-06-22,P,2.5,2015-11-05
12010,2016-05-16 09:41:00,2016-05-16,0.4426,0.0,0.0,1738.0,0.4426,0.4426,0.4426,10000466,2016-06-22,2016-06-22,P,2.5,2015-11-05
12011,2016-05-16 09:42:00,2016-05-16,0.4426,0.0,0.0,1738.0,0.4426,0.4426,0.4426,10000466,2016-06-22,2016-06-22,P,2.5,2015-11-05
12012,2016-05-16 09:43:00,2016-05-16,0.4426,0.0,0.0,1738.0,0.4426,0.4426,0.4426,10000466,2016-06-22,2016-06-22,P,2.5,2015-11-05
12013,2016-05-16 09:44:00,2016-05-16,0.4426,0.0,0.0,1738.0,0.4426,0.4426,0.4426,10000466,2016-06-22,2016-06-22,P,2.5,2015-11-05
12014,2016-05-16 09:45:00,2016-05-16,0.4426,0.0,0.0,1738.0,0.4426,0.4426,0.4426,10000466,2016-06-22,2016-06-22,P,2.5,2015-11-05
12015,2016-05-16 09:46:00,2016-05-16,0.4426,0.0,0.0,1738.0,0.4426,0.4426,0.4426,10000466,2016-06-22,2016-06-22,P,2.5,2015-11-05
12016,2016-05-16 09:47:00,2016-05-16,0.4426,0.0,0.0,1738.0,0.4426,0.4426,0.4426,10000466,2016-06-22,2016-06-22,P,2.5,2015-11-05
12017,2016-05-16 09:48:00,2016-05-16,0.4426,0.0,0.0,1738.0,0.4426,0.4426,0.4426,10000466,2016-06-22,2016-06-22,P,2.5,2015-11-05
12018,2016-05-16 09:49:00,2016-05-16,0.4426,0.0,0.0,1738.0,0.4426,0.4426,0.4426,10000466,2016-06-22,2016-06-22,P,2.5,2015-11-05
12019,2016-05-16 09:50:00,2016-05-16,0.4426,0.0,0.0,1738.0,0.4426,0.4426,0.4426,10000466,2016-06-22,2016-06-22,P,2.5,2015-11-05
12020,2016-05-16 09:51:00,2016-05-16,0.4426,0.0,0.0,1738.0,0.4426,0.4426,0.4426,10000466,2016-06-22,2016-06-22,P,2.5,2015-11-05
12021,2016-05-16 09:52:00,2016-05-16,0.4476,53711.0,12.0,1727.0,0.4426,0.4476,0.4426,10000466,2016-06-22,2016-06-22,P,2.5,2015-11-05
12022,2016-05-16 09:53:00,2016-05-16,0.4503,90030.0,20.0,1727.0,0.4476,0.4503,0.4476,10000466,2016-06-22,2016-06-22,P,2.5,2015-11-05
12023,2016-05-16 09:54:00,2016-05-16,0.4551,63424.0,14.0,1737.0,0.4503,0.4522,0.4503,10000466,2016-06-22,2016-06-22,P,2.5,2015-11-05
12024,2016-05-16 09:55:00,2016-05-16,0.4522,0.0,0.0,1737.0,0.4522,0.4522,0.4522,10000466,2016-06-22,2016-06-22,P,2.5,2015-11-05
12025,2016-05-16 09:56:00,2016-05-16,0.4522,0.0,0.0,1737.0,0.4522,0.4522,0.4522,10000466,2016-06-22,2016-06-22,P,2.5,2015-11-05
12026,2016-05-16 09:57:00,2016-05-16,0.4522,0.0,0.0,1737.0,0.4522,0.4522,0.4522,10000466,2016-06-22,2016-06-22,P,2.5,2015-11-05
12027,2016-05-16 09:58:00,2016-05-16,0.4522,0.0,0.0,1737.0,0.4522,0.4522,0.4522,10000466,2016-06-22,2016-06-22,P,2.5,2015-11-05
12028,2016-05-16 09:59:00,2016-05-16,0.4522,0.0,0.0,1737.0,0.4522,0.4522,0.4522,10000466,2016-06-22,2016-06-22,P,2.5,2015-11-05
12029,2016-05-16 10:00:00,2016-05-16,0.4522,0.0,0.0,1737.0,0.4522,0.4522,0.4522,10000466,2016-06-22,2016-06-22,P,2.5,2015-11-05
12030,2016-05-16 10:01:00,2016-05-16,0.4522,0.0,0.0,1737.0,0.4522,0.4522,0.4522,10000466,2016-06-22,2016-06-22,P,2.5,2015-11-05
12031,2016-05-16 10:02:00,2016-05-16,0.4522,0.0,0.0,1737.0,0.4522,0.4522,0.4522,10000466,2016-06-22,2016-06-22,P,2.5,2015-11-05
12032,2016-05-16 10:03:00,2016-05-16,0.4522,0.0,0.0,1737.0,0.4522,0.4522,0.4522,10000466,2016-06-22,2016-06-22,P,2.5,2015-11-05
12033,2016-05-16 10:04:00,2016-05-16,0.4522,0.0,0.0,1737.0,0.4522,0.4522,0.4522,10000466,2016-06-22,2016-06-22,P,2.5,2015-11-05
12034,2016-05-16 10:05:00,2016-05-16,0.4522,0.0,0.0,1737.0,0.4522,0.4522,0.4522,10000466,2016-06-22,2016-06-22,P,2.5,2015-11-05
12035,2016-05-16 10:06:00,2016-05-16,0.4522,0.0,0.0,1737.0,0.4522,0.4522,0.4522,10000466,2016-06-22,2016-06-22,P,2.5,2015-11-05
12036,2016-05-16 10:07:00,2016-05-16,0.4522,0.0,0.0,1737.0,0.4522,0.4522,0.4522,10000466,2016-06-22,2016-06-22,P,2.5,2015-11-05
12037,2016-05-16 10:08:00,2016-05-16,0.4522,0.0,0.0,1737.0,0.4522,0.4522,0.4522,10000466,2016-06-22,2016-06-22,P,2.5,2015-11-05
12038,2016-05-16 10:09:00,2016-05-16,0.4522,0.0,0.0,1737.0,0.4522,0.4522,0.4522,10000466,2016-06-22,2016-06-22,P,2.5,2015-11-05
12039,2016-05-16 10:10:00,2016-05-16,0.4522,0.0,0.0,1737.0,0.4522,0.4522,0.4522,10000466,2016-06-22,2016-06-22,P,2.5,2015-11-05
12040,2016-05-16 10:11:00,2016-05-16,0.4522,0.0,0.0,1737.0,0.4522,0.4522,0.4522,10000466,2016-06-22,2016-06-22,P,2.5,2015-11-05
12041,2016-05-16 10:12:00,2016-05-16,0.4522,0.0,0.0,1737.0,0.4522,0.4522,0.4522,10000466,2016-06-22,2016-06-22,P,2.5,2015-11-05
12042,2016-05-16 10:13:00,2016-05-16,0.4522,0.0,0.0,1737.0,0.4522,0.4522,0.4522,10000466,2016-06-22,2016-06-22,P,2.5,2015-11-05
12043,2016-05-16 10:14:00,2016-05-16,0.4522,0.0,0.0,1737.0,0.4522,0.4522,0.4522,10000466,2016-06-22,2016-06-22,P,2.5,2015-11-05
12044,2016-05-16 10:15:00,2016-05-16,0.4522,0.0,0.0,1737.0,0.4522,0.4522,0.4522,10000466,2016-06-22,2016-06-22,P,2.5,2015-11-05
12045,2016-05-16 10:16:00,2016-05-16,0.4522,0.0,0.0,1737.0,0.4522,0.4522,0.4522,10000466,2016-06-22,2016-06-22,P,2.5,2015-11-05
12046,2016-05-16 10:17:00,2016-05-16,0.4522,0.0,0.0,1737.0,0.4522,0.4522,0.4522,10000466,2016-06-22,2016-06-22,P,2.5,2015-11-05
12047,2016-05-16 10:18:00,2016-05-16,0.4522,0.0,0.0,1737.0,0.4522,0.4522,0.4522,10000466,2016-06-22,2016-06-22,P,2.5,2015-11-05
12048,2016-05-16 10:19:00,2016-05-16,0.4522,0.0,0.0,1737.0,0.4522,0.4522,0.4522,10000466,2016-06-22,2016-06-22,P,2.5,2015-11-05
12049,2016-05-16 10:20:00,2016-05-16,0.4522,0.0,0.0,1737.0,0.4522,0.4522,0.4522,10000466,2016-06-22,2016-06-22,P,2.5,2015-11-05
12050,2016-05-16 10:21:00,2016-05-16,0.4522,0.0,0.0,1737.0,0.4522,0.4522,0.4522,10000466,2016-06-22,2016-06-22,P,2.5,2015-11-05
12051,2016-05-16 10:22:00,2016-05-16,0.4522,0.0,0.0,1737.0,0.4522,0.4522,0.4522,10000466,2016-06-22,2016-06-22,P,2.5,2015-11-05
12052,2016-05-16 10:23:00,2016-05-16,0.4522,0.0,0.0,1737.0,0.4522,0.4522,0.4522,10000466,2016-06-22,2016-06-22,P,2.5,2015-11-05
12053,2016-05-16 10:24:00,2016-05-16,0.4522,0.0,0.0,1737.0,0.4522,0.4522,0.4522,10000466,2016-06-22,2016-06-22,P,2.5,2015-11-05
12054,2016-05-16 10:25:00,2016-05-16,0.4522,0.0,0.0,1737.0,0.4522,0.4522,0.4522,10000466,2016-06-22,2016-06-22,P,2.5,2015-11-05
12055,2016-05-16 10:26:00,2016-05-16,0.4522,0.0,0.0,1737.0,0.4522,0.4522,0.4522,10000466,2016-06-22,2016-06-22,P,2.5,2015-11-05
12056,2016-05-16 10:27:00,2016-05-16,0.4522,0.0,0.0,1737.0,0.4522,0.4522,0.4522,10000466,2016-06-22,2016-06-22,P,2.5,2015-11-05
12057,2016-05-16 10:28:00,2016-05-16,0.4522,0.0,0.0,1737.0,0.4522,0.4522,0.4522,10000466,2016-06-22,2016-06-22,P,2.5,2015-11-05
12058,2016-05-16 10:29:00,2016-05-16,0.4522,0.0,0.0,1737.0,0.4522,0.4522,0.4522,10000466,2016-06-22,2016-06-22,P,2.5,2015-11-05
12059,2016-05-16 10:30:00,2016-05-16,0.4522,0.0,0.0,1737.0,0.4522,0.4522,0.4522,10000466,2016-06-22,2016-06-22,P,2.5,2015-11-05
12060,2016-05-16 10:31:00,2016-05-16,0.4522,0.0,0.0,1737.0,0.4522,0.4522,0.4522,10000466,2016-06-22,2016-06-22,P,2.5,2015-11-05
12061,2016-05-16 10:32:00,2016-05-16,0.4522,0.0,0.0,1737.0,0.4522,0.4522,0.4522,10000466,2016-06-22,2016-06-22,P,2.5,2015-11-05
12062,2016-05-16 10:33:00,2016-05-16,0.4522,0.0,0.0,1737.0,0.4522,0.4522,0.4522,10000466,2016-06-22,2016-06-22,P,2.5,2015-11-05
12063,2016-05-16 10:34:00,2016-05-16,0.4522,0.0,0.0,1737.0,0.4522,0.4522,0.4522,10000466,2016-06-22,2016-06-22,P,2.5,2015-11-05
12064,2016-05-16 10:35:00,2016-05-16,0.4522,0.0,0.0,1737.0,0.4522,0.4522,0.4522,10000466,2016-06-22,2016-06-22,P,2.5,2015-11-05
12065,2016-05-16 10:36:00,2016-05-16,0.4522,0.0,0.0,1737.0,0.4522,0.4522,0.4522,10000466,2016-06-22,2016-06-22,P,2.5,2015-11-05
12066,2016-05-16 10:37:00,2016-05-16,0.4522,0.0,0.0,1737.0,0.4522,0.4522,0.4522,10000466,2016-06-22,2016-06-22,P,2.5,2015-11-05
12067,2016-05-16 10:38:00,2016-05-16,0.4522,0.0,0.0,1737.0,0.4522,0.4522,0.4522,10000466,2016-06-22,2016-06-22,P,2.5,2015-11-05
12068,2016-05-16 10:39:00,2016-05-16,0.4522,0.0,0.0,1737.0,0.4522,0.4522,0.4522,10000466,2016-06-22,2016-06-22,P,2.5,2015-11-05
12069,2016-05-16 10:40:00,2016-05-16,0.4522,0.0,0.0,1737.0,0.4522,0.4522,0.4522,10000466,2016-06-22,2016-06-22,P,2.5,2015-11-05
12070,2016-05-16 10:41:00,2016-05-16,0.4522,0.0,0.0,1737.0,0.4522,0.4522,0.4522,10000466,2016-06-22,2016-06-22,P,2.5,2015-11-05
12071,2016-05-16 10:42:00,2016-05-16,0.4522,0.0,0.0,1737.0,0.4522,0.4522,0.4522,10000466,2016-06-22,2016-06-22,P,2.5,2015-11-05
12072,2016-05-16 10:43:00,2016-05-16,0.4522,0.0,0.0,1737.0,0.4522,0.4522,0.4522,10000466,2016-06-22,2016-06-22,P,2.5,2015-11-05
12073,2016-05-16 10:44:00,2016-05-16,0.4522,0.0,0.0,1737.0,0.4522,0.4522,0.4522,10000466,2016-06-22,2016-06-22,P,2.5,2015-11-05
12074,2016-05-16 10:45:00,2016-05-16,0.4522,0.0,0.0,1737.0,0.4522,0.4522,0.4522,10000466,2016-06-22,2016-06-22,P,2.5,2015-11-05
12075,2016-05-16 10:46:00,2016-05-16,0.4522,0.0,0.0,1737.0,0.4522,0.4522,0.4522,10000466,2016-06-22,2016-06-22,P,2.5,2015-11-05
12076,2016-05-16 10:47:00,2016-05-16,0.4522,0.0,0.0,1737.0,0.4522,0.4522,0.4522,10000466,2016-06-22,2016-06-22,P,2.5,2015-11-05
12077,2016-05-16 10:48:00,2016-05-16,0.4522,0.0,0.0,1737.0,0.4522,0.4522,0.4522,10000466,2016-06-22,2016-06-22,P,2.5,2015-11-05
12078,2016-05-16 10:49:00,2016-05-16,0.4522,0.0,0.0,1737.0,0.4522,0.4522,0.4522,10000466,2016-06-22,2016-06-22,P,2.5,2015-11-05
12079,2016-05-16 10:50:00,2016-05-16,0.4522,0.0,0.0,1737.0,0.4522,0.4522,0.4522,10000466,2016-06-22,2016-06-22,P,2.5,2015-11-05
12080,2016-05-16 10:51:00,2016-05-16,0.4522,0.0,0.0,1737.0,0.4522,0.4522,0.4522,10000466,2016-06-22,2016-06-22,P,2.5,2015-11-05
12081,2016-05-16 10:52:00,2016-05-16,0.4522,0.0,0.0,1737.0,0.4522,0.4522,0.4522,10000466,2016-06-22,2016-06-22,P,2.5,2015-11-05
12082,2016-05-16 10:53:00,2016-05-16,0.4522,0.0,0.0,1737.0,0.4522,0.4522,0.4522,10000466,2016-06-22,2016-06-22,P,2.5,2015-11-05
12083,2016-05-16 10:54:00,2016-05-16,0.4522,0.0,0.0,1737.0,0.4522,0.4522,0.4522,10000466,2016-06-22,2016-06-22,P,2.5,2015-11-05
12084,2016-05-16 10:55:00,2016-05-16,0.4522,0.0,0.0,1737.0,0.4522,0.4522,0.4522,10000466,2016-06-22,2016-06-22,P,2.5,2015-11-05
12085,2016-05-16 10:56:00,2016-05-16,0.4522,0.0,0.0,1737.0,0.4522,0.4522,0.4522,10000466,2016-06-22,2016-06-22,P,2.5,2015-11-05
12086,2016-05-16 10:57:00,2016-05-16,0.4522,0.0,0.0,1737.0,0.4522,0.4522,0.4522,10000466,2016-06-22,2016-06-22,P,2.5,2015-11-05
12087,2016-05-16 10:58:00,2016-05-16,0.4522,0.0,0.0,1737.0,0.4522,0.4522,0.4522,10000466,2016-06-22,2016-06-22,P,2.5,2015-11-05
12088,2016-05-16 10:59:00,2016-05-16,0.4522,0.0,0.0,1737.0,0.4522,0.4522,0.4522,10000466,2016-06-22,2016-06-22,P,2.5,2015-11-05
12089,2016-05-16 11:00:00,2016-05-16,0.4522,0.0,0.0,1737.0,0.4522,0.4522,0.4522,10000466,2016-06-22,2016-06-22,P,2.5,2015-11-05
12090,2016-05-16 11:01:00,2016-05-16,0.4522,0.0,0.0,1737.0,0.4522,0.4522,0.4522,10000466,2016-06-22,2016-06-22,P,2.5,2015-11-05
12091,2016-05-16 11:02:00,2016-05-16,0.4522,0.0,0.0,1737.0,0.4522,0.4522,0.4522,10000466,2016-06-22,2016-06-22,P,2.5,2015-11-05
12092,2016-05-16 11:03:00,2016-05-16,0.4522,0.0,0.0,1737.0,0.4522,0.4522,0.4522,10000466,2016-06-22,2016-06-22,P,2.5,2015-11-05
12093,2016-05-16 11:04:00,2016-05-16,0.4522,0.0,0.0,1737.0,0.4522,0.4522,0.4522,10000466,2016-06-22,2016-06-22,P,2.5,2015-11-05
12094,2016-05-16 11:05:00,2016-05-16,0.4522,0.0,0.0,1737.0,0.4522,0.4522,0.4522,10000466,2016-06-22,2016-06-22,P,2.5,2015-11-05
12095,2016-05-16 11:06:00,2016-05-16,0.4522,0.0,0.0,1737.0,0.4522,0.4522,0.4522,10000466,2016-06-22,2016-06-22,P,2.5,2015-11-05
12096,2016-05-16 11:07:00,2016-05-16,0.4522,0.0,0.0,1737.0,0.4522,0.4522,0.4522,10000466,2016-06-22,2016-06-22,P,2.5,2015-11-05
12097,2016-05-16 11:08:00,2016-05-16,0.4522,0.0,0.0,1737.0,0.4522,0.4522,0.4522,10000466,2016-06-22,2016-06-22,P,2.5,2015-11-05
12098,2016-05-16 11:09:00,2016-05-16,0.4522,0.0,0.0,1737.0,0.4522,0.4522,0.4522,10000466,2016-06-22,2016-06-22,P,2.5,2015-11-05
12099,2016-05-16 11:10:00,2016-05-16,0.4522,0.0,0.0,1737.0,0.4522,0.4522,0.4522,10000466,2016-06-22,2016-06-22,P,2.5,2015-11-05
12100,2016-05-16 11:11:00,2016-05-16,0.4522,0.0,0.0,1737.0,0.4522,0.4522,0.4522,10000466,2016-06-22,2016-06-22,P,2.5,2015-11-05
12101,2016-05-16 11:12:00,2016-05-16,0.4522,0.0,0.0,1737.0,0.4522,0.4522,0.4522,10000466,2016-06-22,2016-06-22,P,2.5,2015-11-05
12102,2016-05-16 11:13:00,2016-05-16,0.4522,0.0,0.0,1737.0,0.4522,0.4522,0.4522,10000466,2016-06-22,2016-06-22,P,2.5,2015-11-05
12103,2016-05-16 11:14:00,2016-05-16,0.4522,0.0,0.0,1737.0,0.4522,0.4522,0.4522,10000466,2016-06-22,2016-06-22,P,2.5,2015-11-05
12104,2016-05-16 11:15:00,2016-05-16,0.4522,0.0,0.0,1737.0,0.4522,0.4522,0.4522,10000466,2016-06-22,2016-06-22,P,2.5,2015-11-05
12105,2016-05-16 11:16:00,2016-05-16,0.4522,0.0,0.0,1737.0,0.4522,0.4522,0.4522,10000466,2016-06-22,2016-06-22,P,2.5,2015-11-05
12106,2016-05-16 11:17:00,2016-05-16,0.4522,0.0,0.0,1737.0,0.4522,0.4522,0.4522,10000466,2016-06-22,2016-06-22,P,2.5,2015-11-05
12107,2016-05-16 11:18:00,2016-05-16,0.4522,0.0,0.0,1737.0,0.4522,0.4522,0.4522,10000466,2016-06-22,2016-06-22,P,2.5,2015-11-05
12108,2016-05-16 11:19:00,2016-05-16,0.4522,0.0,0.0,1737.0,0.4522,0.4522,0.4522,10000466,2016-06-22,2016-06-22,P,2.5,2015-11-05
12109,2016-05-16 11:20:00,2016-05-16,0.4522,0.0,0.0,1737.0,0.4522,0.4522,0.4522,10000466,2016-06-22,2016-06-22,P,2.5,2015-11-05
12110,2016-05-16 11:21:00,2016-05-16,0.4522,0.0,0.0,1737.0,0.4522,0.4522,0.4522,10000466,2016-06-22,2016-06-22,P,2.5,2015-11-05
12111,2016-05-16 11:22:00,2016-05-16,0.4522,0.0,0.0,1737.0,0.4522,0.4522,0.4522,10000466,2016-06-22,2016-06-22,P,2.5,2015-11-05
12112,2016-05-16 11:23:00,2016-05-16,0.4522,0.0,0.0,1737.0,0.4522,0.4522,0.4522,10000466,2016-06-22,2016-06-22,P,2.5,2015-11-05
12113,2016-05-16 11:24:00,2016-05-16,0.4522,0.0,0.0,1737.0,0.4522,0.4522,0.4522,10000466,2016-06-22,2016-06-22,P,2.5,2015-11-05
12114,2016-05-16 11:25:00,2016-05-16,0.4522,0.0,0.0,1737.0,0.4522,0.4522,0.4522,10000466,2016-06-22,2016-06-22,P,2.5,2015-11-05
12115,2016-05-16 11:26:00,2016-05-16,0.4522,0.0,0.0,1737.0,0.4522,0.4522,0.4522,10000466,2016-06-22,2016-06-22,P,2.5,2015-11-05
12116,2016-05-16 11:27:00,2016-05-16,0.4522,0.0,0.0,1737.0,0.4522,0.4522,0.4522,10000466,2016-06-22,2016-06-22,P,2.5,2015-11-05
12117,2016-05-16 11:28:00,2016-05-16,0.4522,0.0,0.0,1737.0,0.4522,0.4522,0.4522,10000466,2016-06-22,2016-06-22,P,2.5,2015-11-05
12118,2016-05-16 11:29:00,2016-05-16,0.4522,0.0,0.0,1737.0,0.4522,0.4522,0.4522,10000466,2016-06-22,2016-06-22,P,2.5,2015-11-05
12119,2016-05-16 11:30:00,2016-05-16,0.4522,0.0,0.0,1737.0,0.4522,0.4522,0.4522,10000466,2016-06-22,2016-06-22,P,2.5,2015-11-05
12120,2016-05-16 13:01:00,2016-05-16,0.4522,0.0,0.0,1737.0,0.4522,0.4522,0.4522,10000466,2016-06-22,2016-06-22,P,2.5,2015-11-05
12121,2016-05-16 13:02:00,2016-05-16,0.4522,0.0,0.0,1737.0,0.4522,0.4522,0.4522,10000466,2016-06-22,2016-06-22,P,2.5,2015-11-05
12122,2016-05-16 13:03:00,2016-05-16,0.4522,0.0,0.0,1737.0,0.4522,0.4522,0.4522,10000466,2016-06-22,2016-06-22,P,2.5,2015-11-05
12123,2016-05-16 13:04:00,2016-05-16,0.4522,0.0,0.0,1737.0,0.4522,0.4522,0.4522,10000466,2016-06-22,2016-06-22,P,2.5,2015-11-05
12124,2016-05-16 13:05:00,2016-05-16,0.4522,0.0,0.0,1737.0,0.4522,0.4522,0.4522,10000466,2016-06-22,2016-06-22,P,2.5,2015-11-05
12125,2016-05-16 13:06:00,2016-05-16,0.4522,0.0,0.0,1737.0,0.4522,0.4522,0.4522,10000466,2016-06-22,2016-06-22,P,2.5,2015-11-05
12126,2016-05-16 13:07:00,2016-05-16,0.4522,0.0,0.0,1737.0,0.4522,0.4522,0.4522,10000466,2016-06-22,2016-06-22,P,2.5,2015-11-05
12127,2016-05-16 13:08:00,2016-05-16,0.4522,0.0,0.0,1737.0,0.4522,0.4522,0.4522,10000466,2016-06-22,2016-06-22,P,2.5,2015-11-05
12128,2016-05-16 13:09:00,2016-05-16,0.4522,0.0,0.0,1737.0,0.4522,0.4522,0.4522,10000466,2016-06-22,2016-06-22,P,2.5,2015-11-05
12129,2016-05-16 13:10:00,2016-05-16,0.4522,0.0,0.0,1737.0,0.4522,0.4522,0.4522,10000466,2016-06-22,2016-06-22,P,2.5,2015-11-05
12130,2016-05-16 13:11:00,2016-05-16,0.4522,0.0,0.0,1737.0,0.4522,0.4522,0.4522,10000466,2016-06-22,2016-06-22,P,2.5,2015-11-05
12131,2016-05-16 13:12:00,2016-05-16,0.4522,0.0,0.0,1737.0,0.4522,0.4522,0.4522,10000466,2016-06-22,2016-06-22,P,2.5,2015-11-05
12132,2016-05-16 13:13:00,2016-05-16,0.4522,0.0,0.0,1737.0,0.4522,0.4522,0.4522,10000466,2016-06-22,2016-06-22,P,2.5,2015-11-05
12133,2016-05-16 13:14:00,2016-05-16,0.4522,0.0,0.0,1737.0,0.4522,0.4522,0.4522,10000466,2016-06-22,2016-06-22,P,2.5,2015-11-05
12134,2016-05-16 13:15:00,2016-05-16,0.4522,0.0,0.0,1737.0,0.4522,0.4522,0.4522,10000466,2016-06-22,2016-06-22,P,2.5,2015-11-05
12135,2016-05-16 13:16:00,2016-05-16,0.4522,0.0,0.0,1737.0,0.4522,0.4522,0.4522,10000466,2016-06-22,2016-06-22,P,2.5,2015-11-05
12136,2016-05-16 13:17:00,2016-05-16,0.4522,0.0,0.0,1737.0,0.4522,0.4522,0.4522,10000466,2016-06-22,2016-06-22,P,2.5,2015-11-05
12137,2016-05-16 13:18:00,2016-05-16,0.4522,0.0,0.0,1737.0,0.4522,0.4522,0.4522,10000466,2016-06-22,2016-06-22,P,2.5,2015-11-05
12138,2016-05-16 13:19:00,2016-05-16,0.4522,0.0,0.0,1737.0,0.4522,0.4522,0.4522,10000466,2016-06-22,2016-06-22,P,2.5,2015-11-05
12139,2016-05-16 13:20:00,2016-05-16,0.4522,0.0,0.0,1737.0,0.4522,0.4522,0.4522,10000466,2016-06-22,2016-06-22,P,2.5,2015-11-05
12140,2016-05-16 13:21:00,2016-05-16,0.4522,0.0,0.0,1737.0,0.4522,0.4522,0.4522,10000466,2016-06-22,2016-06-22,P,2.5,2015-11-05
12141,2016-05-16 13:22:00,2016-05-16,0.4522,0.0,0.0,1737.0,0.4522,0.4522,0.4522,10000466,2016-06-22,2016-06-22,P,2.5,2015-11-05
12142,2016-05-16 13:23:00,2016-05-16,0.4522,0.0,0.0,1737.0,0.4522,0.4522,0.4522,10000466,2016-06-22,2016-06-22,P,2.5,2015-11-05
12143,2016-05-16 13:24:00,2016-05-16,0.4522,0.0,0.0,1737.0,0.4522,0.4522,0.4522,10000466,2016-06-22,2016-06-22,P,2.5,2015-11-05
12144,2016-05-16 13:25:00,2016-05-16,0.4522,0.0,0.0,1737.0,0.4522,0.4522,0.4522,10000466,2016-06-22,2016-06-22,P,2.5,2015-11-05
12145,2016-05-16 13:26:00,2016-05-16,0.4522,0.0,0.0,1737.0,0.4522,0.4522,0.4522,10000466,2016-06-22,2016-06-22,P,2.5,2015-11-05
12146,2016-05-16 13:27:00,2016-05-16,0.4522,0.0,0.0,1737.0,0.4522,0.4522,0.4522,10000466,2016-06-22,2016-06-22,P,2.5,2015-11-05
12147,2016-05-16 13:28:00,2016-05-16,0.4522,0.0,0.0,1737.0,0.4522,0.4522,0.4522,10000466,2016-06-22,2016-06-22,P,2.5,2015-11-05
12148,2016-05-16 13:29:00,2016-05-16,0.4522,0.0,0.0,1737.0,0.4522,0.4522,0.4522,10000466,2016-06-22,2016-06-22,P,2.5,2015-11-05
12149,2016-05-16 13:30:00,2016-05-16,0.4522,0.0,0.0,1737.0,0.4522,0.4522,0.4522,10000466,2016-06-22,2016-06-22,P,2.5,2015-11-05
12150,2016-05-16 13:31:00,2016-05-16,0.4522,0.0,0.0,1737.0,0.4522,0.4522,0.4522,10000466,2016-06-22,2016-06-22,P,2.5,2015-11-05
12151,2016-05-16 13:32:00,2016-05-16,0.4522,0.0,0.0,1737.0,0.4522,0.4522,0.4522,10000466,2016-06-22,2016-06-22,P,2.5,2015-11-05
12152,2016-05-16 13:33:00,2016-05-16,0.4522,0.0,0.0,1737.0,0.4522,0.4522,0.4522,10000466,2016-06-22,2016-06-22,P,2.5,2015-11-05
12153,2016-05-16 13:34:00,2016-05-16,0.4522,0.0,0.0,1737.0,0.4522,0.4522,0.4522,10000466,2016-06-22,2016-06-22,P,2.5,2015-11-05
12154,2016-05-16 13:35:00,2016-05-16,0.4522,0.0,0.0,1737.0,0.4522,0.4522,0.4522,10000466,2016-06-22,2016-06-22,P,2.5,2015-11-05
12155,2016-05-16 13:36:00,2016-05-16,0.4522,0.0,0.0,1737.0,0.4522,0.4522,0.4522,10000466,2016-06-22,2016-06-22,P,2.5,2015-11-05
12156,2016-05-16 13:37:00,2016-05-16,0.4522,0.0,0.0,1737.0,0.4522,0.4522,0.4522,10000466,2016-06-22,2016-06-22,P,2.5,2015-11-05
12157,2016-05-16 13:38:00,2016-05-16,0.4522,0.0,0.0,1737.0,0.4522,0.4522,0.4522,10000466,2016-06-22,2016-06-22,P,2.5,2015-11-05
12158,2016-05-16 13:39:00,2016-05-16,0.4522,0.0,0.0,1737.0,0.4522,0.4522,0.4522,10000466,2016-06-22,2016-06-22,P,2.5,2015-11-05
12159,2016-05-16 13:40:00,2016-05-16,0.4522,0.0,0.0,1737.0,0.4522,0.4522,0.4522,10000466,2016-06-22,2016-06-22,P,2.5,2015-11-05
12160,2016-05-16 13:41:00,2016-05-16,0.4522,0.0,0.0,1737.0,0.4522,0.4522,0.4522,10000466,2016-06-22,2016-06-22,P,2.5,2015-11-05
12161,2016-05-16 13:42:00,2016-05-16,0.4522,0.0,0.0,1737.0,0.4522,0.4522,0.4522,10000466,2016-06-22,2016-06-22,P,2.5,2015-11-05
12162,2016-05-16 13:43:00,2016-05-16,0.4522,0.0,0.0,1737.0,0.4522,0.4522,0.4522,10000466,2016-06-22,2016-06-22,P,2.5,2015-11-05
12163,2016-05-16 13:44:00,2016-05-16,0.4522,0.0,0.0,1737.0,0.4522,0.4522,0.4522,10000466,2016-06-22,2016-06-22,P,2.5,2015-11-05
12164,2016-05-16 13:45:00,2016-05-16,0.4522,0.0,0.0,1737.0,0.4522,0.4522,0.4522,10000466,2016-06-22,2016-06-22,P,2.5,2015-11-05
12165,2016-05-16 13:46:00,2016-05-16,0.4522,0.0,0.0,1737.0,0.4522,0.4522,0.4522,10000466,2016-06-22,2016-06-22,P,2.5,2015-11-05
12166,2016-05-16 13:47:00,2016-05-16,0.4522,0.0,0.0,1737.0,0.4522,0.4522,0.4522,10000466,2016-06-22,2016-06-22,P,2.5,2015-11-05
12167,2016-05-16 13:48:00,2016-05-16,0.4522,0.0,0.0,1737.0,0.4522,0.4522,0.4522,10000466,2016-06-22,2016-06-22,P,2.5,2015-11-05
12168,2016-05-16 13:49:00,2016-05-16,0.4522,0.0,0.0,1737.0,0.4522,0.4522,0.4522,10000466,2016-06-22,2016-06-22,P,2.5,2015-11-05
12169,2016-05-16 13:50:00,2016-05-16,0.4522,0.0,0.0,1737.0,0.4522,0.4522,0.4522,10000466,2016-06-22,2016-06-22,P,2.5,2015-11-05
12170,2016-05-16 13:51:00,2016-05-16,0.4522,0.0,0.0,1737.0,0.4522,0.4522,0.4522,10000466,2016-06-22,2016-06-22,P,2.5,2015-11-05
12171,2016-05-16 13:52:00,2016-05-16,0.4522,0.0,0.0,1737.0,0.4522,0.4522,0.4522,10000466,2016-06-22,2016-06-22,P,2.5,2015-11-05
12172,2016-05-16 13:53:00,2016-05-16,0.4522,0.0,0.0,1737.0,0.4522,0.4522,0.4522,10000466,2016-06-22,2016-06-22,P,2.5,2015-11-05
12173,2016-05-16 13:54:00,2016-05-16,0.4522,0.0,0.0,1737.0,0.4522,0.4522,0.4522,10000466,2016-06-22,2016-06-22,P,2.5,2015-11-05
12174,2016-05-16 13:55:00,2016-05-16,0.4522,0.0,0.0,1737.0,0.4522,0.4522,0.4522,10000466,2016-06-22,2016-06-22,P,2.5,2015-11-05
12175,2016-05-16 13:56:00,2016-05-16,0.4522,43730.0,10.0,1737.0,0.4522,0.4373,0.4373,10000466,2016-06-22,2016-06-22,P,2.5,2015-11-05
12176,2016-05-16 13:57:00,2016-05-16,0.4373,0.0,0.0,1737.0,0.4373,0.4373,0.4373,10000466,2016-06-22,2016-06-22,P,2.5,2015-11-05
12177,2016-05-16 13:58:00,2016-05-16,0.4373,0.0,0.0,1737.0,0.4373,0.4373,0.4373,10000466,2016-06-22,2016-06-22,P,2.5,2015-11-05
12178,2016-05-16 13:59:00,2016-05-16,0.4373,8742.0,2.0,1737.0,0.4373,0.4371,0.4371,10000466,2016-06-22,2016-06-22,P,2.5,2015-11-05
12179,2016-05-16 14:00:00,2016-05-16,0.4371,0.0,0.0,1737.0,0.4371,0.4371,0.4371,10000466,2016-06-22,2016-06-22,P,2.5,2015-11-05
12180,2016-05-16 14:01:00,2016-05-16,0.4371,0.0,0.0,1737.0,0.4371,0.4371,0.4371,10000466,2016-06-22,2016-06-22,P,2.5,2015-11-05
12181,2016-05-16 14:02:00,2016-05-16,0.4371,0.0,0.0,1737.0,0.4371,0.4371,0.4371,10000466,2016-06-22,2016-06-22,P,2.5,2015-11-05
12182,2016-05-16 14:03:00,2016-05-16,0.4371,0.0,0.0,1737.0,0.4371,0.4371,0.4371,10000466,2016-06-22,2016-06-22,P,2.5,2015-11-05
12183,2016-05-16 14:04:00,2016-05-16,0.4371,0.0,0.0,1737.0,0.4371,0.4371,0.4371,10000466,2016-06-22,2016-06-22,P,2.5,2015-11-05
12184,2016-05-16 14:05:00,2016-05-16,0.4371,0.0,0.0,1737.0,0.4371,0.4371,0.4371,10000466,2016-06-22,2016-06-22,P,2.5,2015-11-05
12185,2016-05-16 14:06:00,2016-05-16,0.4371,0.0,0.0,1737.0,0.4371,0.4371,0.4371,10000466,2016-06-22,2016-06-22,P,2.5,2015-11-05
12186,2016-05-16 14:07:00,2016-05-16,0.4399,26394.0,6.0,1737.0,0.4371,0.4399,0.4371,10000466,2016-06-22,2016-06-22,P,2.5,2015-11-05
12187,2016-05-16 14:08:00,2016-05-16,0.4399,0.0,0.0,1737.0,0.4399,0.4399,0.4399,10000466,2016-06-22,2016-06-22,P,2.5,2015-11-05
12188,2016-05-16 14:09:00,2016-05-16,0.4399,0.0,0.0,1737.0,0.4399,0.4399,0.4399,10000466,2016-06-22,2016-06-22,P,2.5,2015-11-05
12189,2016-05-16 14:10:00,2016-05-16,0.4399,0.0,0.0,1737.0,0.4399,0.4399,0.4399,10000466,2016-06-22,2016-06-22,P,2.5,2015-11-05
12190,2016-05-16 14:11:00,2016-05-16,0.4399,0.0,0.0,1737.0,0.4399,0.4399,0.4399,10000466,2016-06-22,2016-06-22,P,2.5,2015-11-05
12191,2016-05-16 14:12:00,2016-05-16,0.4399,0.0,0.0,1737.0,0.4399,0.4399,0.4399,10000466,2016-06-22,2016-06-22,P,2.5,2015-11-05
12192,2016-05-16 14:13:00,2016-05-16,0.4399,0.0,0.0,1737.0,0.4399,0.4399,0.4399,10000466,2016-06-22,2016-06-22,P,2.5,2015-11-05
12193,2016-05-16 14:14:00,2016-05-16,0.4399,0.0,0.0,1737.0,0.4399,0.4399,0.4399,10000466,2016-06-22,2016-06-22,P,2.5,2015-11-05
12194,2016-05-16 14:15:00,2016-05-16,0.4399,0.0,0.0,1737.0,0.4399,0.4399,0.4399,10000466,2016-06-22,2016-06-22,P,2.5,2015-11-05
12195,2016-05-16 14:16:00,2016-05-16,0.4433,4433.0,1.0,1737.0,0.4399,0.4433,0.4399,10000466,2016-06-22,2016-06-22,P,2.5,2015-11-05
12196,2016-05-16 14:17:00,2016-05-16,0.4433,0.0,0.0,1737.0,0.4433,0.4433,0.4433,10000466,2016-06-22,2016-06-22,P,2.5,2015-11-05
12197,2016-05-16 14:18:00,2016-05-16,0.4433,0.0,0.0,1737.0,0.4433,0.4433,0.4433,10000466,2016-06-22,2016-06-22,P,2.5,2015-11-05
12198,2016-05-16 14:19:00,2016-05-16,0.4433,0.0,0.0,1737.0,0.4433,0.4433,0.4433,10000466,2016-06-22,2016-06-22,P,2.5,2015-11-05
12199,2016-05-16 14:20:00,2016-05-16,0.4433,0.0,0.0,1737.0,0.4433,0.4433,0.4433,10000466,2016-06-22,2016-06-22,P,2.5,2015-11-05
12200,2016-05-16 14:21:00,2016-05-16,0.4433,0.0,0.0,1737.0,0.4433,0.4433,0.4433,10000466,2016-06-22,2016-06-22,P,2.5,2015-11-05
12201,2016-05-16 14:22:00,2016-05-16,0.4433,0.0,0.0,1737.0,0.4433,0.4433,0.4433,10000466,2016-06-22,2016-06-22,P,2.5,2015-11-05
12202,2016-05-16 14:23:00,2016-05-16,0.4433,0.0,0.0,1737.0,0.4433,0.4433,0.4433,10000466,2016-06-22,2016-06-22,P,2.5,2015-11-05
12203,2016-05-16 14:24:00,2016-05-16,0.4433,0.0,0.0,1737.0,0.4433,0.4433,0.4433,10000466,2016-06-22,2016-06-22,P,2.5,2015-11-05
12204,2016-05-16 14:25:00,2016-05-16,0.4433,0.0,0.0,1737.0,0.4433,0.4433,0.4433,10000466,2016-06-22,2016-06-22,P,2.5,2015-11-05
12205,2016-05-16 14:26:00,2016-05-16,0.4433,0.0,0.0,1737.0,0.4433,0.4433,0.4433,10000466,2016-06-22,2016-06-22,P,2.5,2015-11-05
12206,2016-05-16 14:27:00,2016-05-16,0.4433,0.0,0.0,1737.0,0.4433,0.4433,0.4433,10000466,2016-06-22,2016-06-22,P,2.5,2015-11-05
12207,2016-05-16 14:28:00,2016-05-16,0.4433,0.0,0.0,1737.0,0.4433,0.4433,0.4433,10000466,2016-06-22,2016-06-22,P,2.5,2015-11-05
12208,2016-05-16 14:29:00,2016-05-16,0.4433,0.0,0.0,1737.0,0.4433,0.4433,0.4433,10000466,2016-06-22,2016-06-22,P,2.5,2015-11-05
12209,2016-05-16 14:30:00,2016-05-16,0.4433,0.0,0.0,1737.0,0.4433,0.4433,0.4433,10000466,2016-06-22,2016-06-22,P,2.5,2015-11-05
12210,2016-05-16 14:31:00,2016-05-16,0.4433,0.0,0.0,1737.0,0.4433,0.4433,0.4433,10000466,2016-06-22,2016-06-22,P,2.5,2015-11-05
12211,2016-05-16 14:32:00,2016-05-16,0.44,4400.0,1.0,1737.0,0.44,0.44,0.44,10000466,2016-06-22,2016-06-22,P,2.5,2015-11-05
12212,2016-05-16 14:33:00,2016-05-16,0.44,0.0,0.0,1737.0,0.44,0.44,0.44,10000466,2016-06-22,2016-06-22,P,2.5,2015-11-05
12213,2016-05-16 14:34:00,2016-05-16,0.44,0.0,0.0,1737.0,0.44,0.44,0.44,10000466,2016-06-22,2016-06-22,P,2.5,2015-11-05
12214,2016-05-16 14:35:00,2016-05-16,0.44,0.0,0.0,1737.0,0.44,0.44,0.44,10000466,2016-06-22,2016-06-22,P,2.5,2015-11-05
12215,2016-05-16 14:36:00,2016-05-16,0.44,0.0,0.0,1737.0,0.44,0.44,0.44,10000466,2016-06-22,2016-06-22,P,2.5,2015-11-05
12216,2016-05-16 14:37:00,2016-05-16,0.44,0.0,0.0,1737.0,0.44,0.44,0.44,10000466,2016-06-22,2016-06-22,P,2.5,2015-11-05
12217,2016-05-16 14:38:00,2016-05-16,0.44,0.0,0.0,1737.0,0.44,0.44,0.44,10000466,2016-06-22,2016-06-22,P,2.5,2015-11-05
12218,2016-05-16 14:39:00,2016-05-16,0.44,0.0,0.0,1737.0,0.44,0.44,0.44,10000466,2016-06-22,2016-06-22,P,2.5,2015-11-05
12219,2016-05-16 14:40:00,2016-05-16,0.44,0.0,0.0,1737.0,0.44,0.44,0.44,10000466,2016-06-22,2016-06-22,P,2.5,2015-11-05
12220,2016-05-16 14:41:00,2016-05-16,0.44,0.0,0.0,1737.0,0.44,0.44,0.44,10000466,2016-06-22,2016-06-22,P,2.5,2015-11-05
12221,2016-05-16 14:42:00,2016-05-16,0.44,0.0,0.0,1737.0,0.44,0.44,0.44,10000466,2016-06-22,2016-06-22,P,2.5,2015-11-05
12222,2016-05-16 14:43:00,2016-05-16,0.44,4373.0,1.0,1737.0,0.44,0.4373,0.4373,10000466,2016-06-22,2016-06-22,P,2.5,2015-11-05
12223,2016-05-16 14:44:00,2016-05-16,0.4373,0.0,0.0,1737.0,0.4373,0.4373,0.4373,10000466,2016-06-22,2016-06-22,P,2.5,2015-11-05
12224,2016-05-16 14:45:00,2016-05-16,0.4373,0.0,0.0,1737.0,0.4373,0.4373,0.4373,10000466,2016-06-22,2016-06-22,P,2.5,2015-11-05
12225,2016-05-16 14:46:00,2016-05-16,0.4373,0.0,0.0,1737.0,0.4373,0.4373,0.4373,10000466,2016-06-22,2016-06-22,P,2.5,2015-11-05
12226,2016-05-16 14:47:00,2016-05-16,0.4373,0.0,0.0,1737.0,0.4373,0.4373,0.4373,10000466,2016-06-22,2016-06-22,P,2.5,2015-11-05
12227,2016-05-16 14:48:00,2016-05-16,0.4373,0.0,0.0,1737.0,0.4373,0.4373,0.4373,10000466,2016-06-22,2016-06-22,P,2.5,2015-11-05
12228,2016-05-16 14:49:00,2016-05-16,0.4373,0.0,0.0,1737.0,0.4373,0.4373,0.4373,10000466,2016-06-22,2016-06-22,P,2.5,2015-11-05
12229,2016-05-16 14:50:00,2016-05-16,0.4373,0.0,0.0,1737.0,0.4373,0.4373,0.4373,10000466,2016-06-22,2016-06-22,P,2.5,2015-11-05
12230,2016-05-16 14:51:00,2016-05-16,0.4373,0.0,0.0,1737.0,0.4373,0.4373,0.4373,10000466,2016-06-22,2016-06-22,P,2.5,2015-11-05
12231,2016-05-16 14:52:00,2016-05-16,0.4373,0.0,0.0,1737.0,0.4373,0.4373,0.4373,10000466,2016-06-22,2016-06-22,P,2.5,2015-11-05
12232,2016-05-16 14:53:00,2016-05-16,0.4373,0.0,0.0,1737.0,0.4373,0.4373,0.4373,10000466,2016-06-22,2016-06-22,P,2.5,2015-11-05
12233,2016-05-16 14:54:00,2016-05-16,0.4373,0.0,0.0,1737.0,0.4373,0.4373,0.4373,10000466,2016-06-22,2016-06-22,P,2.5,2015-11-05
12234,2016-05-16 14:55:00,2016-05-16,0.4373,0.0,0.0,1737.0,0.4373,0.4373,0.4373,10000466,2016-06-22,2016-06-22,P,2.5,2015-11-05
12235,2016-05-16 14:56:00,2016-05-16,0.4373,0.0,0.0,1737.0,0.4373,0.4373,0.4373,10000466,2016-06-22,2016-06-22,P,2.5,2015-11-05
12236,2016-05-16 14:57:00,2016-05-16,0.4373,0.0,0.0,1737.0,0.4373,0.4373,0.4373,10000466,2016-06-22,2016-06-22,P,2.5,2015-11-05
12237,2016-05-16 14:58:00,2016-05-16,0.4373,0.0,0.0,1737.0,0.4373,0.4373,0.4373,10000466,2016-06-22,2016-06-22,P,2.5,2015-11-05
12238,2016-05-16 14:59:00,2016-05-16,0.4373,0.0,0.0,1737.0,0.4373,0.4373,0.4373,10000466,2016-06-22,2016-06-22,P,2.5,2015-11-05
12239,2016-05-16 15:00:00,2016-05-16,0.4373,0.0,0.0,1737.0,0.4373,0.4373,0.4373,10000466,2016-06-22,2016-06-22,P,2.5,2015-11-05
12240,2016-05-16 09:31:00,2016-05-16,0.0769,144674.0,193.0,11576.0,0.0757,0.0745,0.0711,10000611,2016-05-25,2016-05-25,C,2.0,2016-03-29
12241,2016-05-16 09:32:00,2016-05-16,0.0762,60585.0,81.0,11633.0,0.0762,0.0745,0.0745,10000611,2016-05-25,2016-05-25,C,2.0,2016-03-29
12242,2016-05-16 09:33:00,2016-05-16,0.0753,35876.0,48.0,11648.0,0.0745,0.0753,0.07400000000000001,10000611,2016-05-25,2016-05-25,C,2.0,2016-03-29
12243,2016-05-16 09:34:00,2016-05-16,0.0753,26996.0,36.0,11659.0,0.0753,0.0748,0.0748,10000611,2016-05-25,2016-05-25,C,2.0,2016-03-29
12244,2016-05-16 09:35:00,2016-05-16,0.0759,23297.0,31.0,11657.0,0.0748,0.0759,0.0739,10000611,2016-05-25,2016-05-25,C,2.0,2016-03-29
12245,2016-05-16 09:36:00,2016-05-16,0.0785,103441.0,134.0,11710.0,0.0761,0.0776,0.0758,10000611,2016-05-25,2016-05-25,C,2.0,2016-03-29
12246,2016-05-16 09:37:00,2016-05-16,0.078,26396.0,34.0,11720.0,0.078,0.0778,0.0774,10000611,2016-05-25,2016-05-25,C,2.0,2016-03-29
12247,2016-05-16 09:38:00,2016-05-16,0.0776,64053.0,83.0,11722.0,0.0776,0.0771,0.077,10000611,2016-05-25,2016-05-25,C,2.0,2016-03-29
12248,2016-05-16 09:39:00,2016-05-16,0.0782,30904.0,40.0,11737.0,0.0771,0.0782,0.0769,10000611,2016-05-25,2016-05-25,C,2.0,2016-03-29
12249,2016-05-16 09:40:00,2016-05-16,0.0782,2300.0,3.0,11738.0,0.0782,0.0763,0.0763,10000611,2016-05-25,2016-05-25,C,2.0,2016-03-29
12250,2016-05-16 09:41:00,2016-05-16,0.0767,37357.0,49.0,11715.0,0.0763,0.0767,0.076,10000611,2016-05-25,2016-05-25,C,2.0,2016-03-29
12251,2016-05-16 09:42:00,2016-05-16,0.0767,35960.0,47.0,11708.0,0.0767,0.076,0.076,10000611,2016-05-25,2016-05-25,C,2.0,2016-03-29
12252,2016-05-16 09:43:00,2016-05-16,0.0775,25450.0,33.0,11737.0,0.076,0.076,0.076,10000611,2016-05-25,2016-05-25,C,2.0,2016-03-29
12253,2016-05-16 09:44:00,2016-05-16,0.076,10580.0,14.0,11743.0,0.076,0.0755,0.0755,10000611,2016-05-25,2016-05-25,C,2.0,2016-03-29
12254,2016-05-16 09:45:00,2016-05-16,0.0756,45180.0,60.0,11783.0,0.0756,0.075,0.075,10000611,2016-05-25,2016-05-25,C,2.0,2016-03-29
12255,2016-05-16 09:46:00,2016-05-16,0.075,31817.0,43.0,11774.0,0.075,0.07400000000000001,0.0738,10000611,2016-05-25,2016-05-25,C,2.0,2016-03-29
12256,2016-05-16 09:47:00,2016-05-16,0.07400000000000001,31581.0,43.0,11765.0,0.07400000000000001,0.0733,0.0733,10000611,2016-05-25,2016-05-25,C,2.0,2016-03-29
12257,2016-05-16 09:48:00,2016-05-16,0.0744,22256.0,30.0,11771.0,0.0744,0.0741,0.0736,10000611,2016-05-25,2016-05-25,C,2.0,2016-03-29
12258,2016-05-16 09:49:00,2016-05-16,0.0747,51884.0,70.0,11757.0,0.0741,0.0739,0.0737,10000611,2016-05-25,2016-05-25,C,2.0,2016-03-29
12259,2016-05-16 09:50:00,2016-05-16,0.07400000000000001,84894.0,115.0,11819.0,0.0739,0.0738,0.0731,10000611,2016-05-25,2016-05-25,C,2.0,2016-03-29
12260,2016-05-16 09:51:00,2016-05-16,0.0738,0.0,0.0,11819.0,0.0738,0.0738,0.0738,10000611,2016-05-25,2016-05-25,C,2.0,2016-03-29
12261,2016-05-16 09:52:00,2016-05-16,0.0742,79980.0,109.0,11877.0,0.0738,0.0729,0.0729,10000611,2016-05-25,2016-05-25,C,2.0,2016-03-29
12262,2016-05-16 09:53:00,2016-05-16,0.0729,223317.0,320.0,11867.0,0.0729,0.0683,0.068,10000611,2016-05-25,2016-05-25,C,2.0,2016-03-29
12263,2016-05-16 09:54:00,2016-05-16,0.0693,212409.0,311.0,11988.0,0.0683,0.0692,0.0675,10000611,2016-05-25,2016-05-25,C,2.0,2016-03-29
12264,2016-05-16 09:55:00,2016-05-16,0.0692,92540.0,136.0,12002.0,0.0692,0.069,0.0672,10000611,2016-05-25,2016-05-25,C,2.0,2016-03-29
12265,2016-05-16 09:56:00,2016-05-16,0.0694,38576.0,56.0,12007.0,0.069,0.0694,0.068,10000611,2016-05-25,2016-05-25,C,2.0,2016-03-29
12266,2016-05-16 09:57:00,2016-05-16,0.0696,11728.0,17.0,12017.0,0.0694,0.0696,0.0687,10000611,2016-05-25,2016-05-25,C,2.0,2016-03-29
12267,2016-05-16 09:58:00,2016-05-16,0.0705,45975.0,66.0,12059.0,0.0696,0.0694,0.0694,10000611,2016-05-25,2016-05-25,C,2.0,2016-03-29
12268,2016-05-16 09:59:00,2016-05-16,0.0698,33382.0,48.0,12103.0,0.0694,0.069,0.069,10000611,2016-05-25,2016-05-25,C,2.0,2016-03-29
12269,2016-05-16 10:00:00,2016-05-16,0.0698,13191.0,19.0,12103.0,0.069,0.0692,0.069,10000611,2016-05-25,2016-05-25,C,2.0,2016-03-29
12270,2016-05-16 10:01:00,2016-05-16,0.0692,59224.0,87.0,12153.0,0.0692,0.067,0.067,10000611,2016-05-25,2016-05-25,C,2.0,2016-03-29
12271,2016-05-16 10:02:00,2016-05-16,0.0696,92581.0,137.0,12103.0,0.067,0.0696,0.067,10000611,2016-05-25,2016-05-25,C,2.0,2016-03-29
12272,2016-05-16 10:03:00,2016-05-16,0.0696,18653.0,27.0,12101.0,0.0696,0.0686,0.0686,10000611,2016-05-25,2016-05-25,C,2.0,2016-03-29
12273,2016-05-16 10:04:00,2016-05-16,0.0705,47621.0,68.0,12136.0,0.0686,0.0702,0.0686,10000611,2016-05-25,2016-05-25,C,2.0,2016-03-29
12274,2016-05-16 10:05:00,2016-05-16,0.0708,24007.0,34.0,12153.0,0.0706,0.0705,0.0705,10000611,2016-05-25,2016-05-25,C,2.0,2016-03-29
12275,2016-05-16 10:06:00,2016-05-16,0.0705,29452.0,42.0,12179.0,0.0705,0.0699,0.0699,10000611,2016-05-25,2016-05-25,C,2.0,2016-03-29
12276,2016-05-16 10:07:00,2016-05-16,0.07200000000000001,52697.0,74.0,12178.0,0.0699,0.07200000000000001,0.0699,10000611,2016-05-25,2016-05-25,C,2.0,2016-03-29
12277,2016-05-16 10:08:00,2016-05-16,0.07200000000000001,25025.0,35.0,12173.0,0.07200000000000001,0.0715,0.0714,10000611,2016-05-25,2016-05-25,C,2.0,2016-03-29
12278,2016-05-16 10:09:00,2016-05-16,0.0716,9298.0,13.0,12174.0,0.0715,0.0716,0.0715,10000611,2016-05-25,2016-05-25,C,2.0,2016-03-29
12279,2016-05-16 10:10:00,2016-05-16,0.0716,78538.0,111.0,12215.0,0.0716,0.0704,0.0704,10000611,2016-05-25,2016-05-25,C,2.0,2016-03-29
12280,2016-05-16 10:11:00,2016-05-16,0.0707,35251.0,50.0,12190.0,0.0704,0.0707,0.0701,10000611,2016-05-25,2016-05-25,C,2.0,2016-03-29
12281,2016-05-16 10:12:00,2016-05-16,0.071,6373.0,9.0,12188.0,0.0707,0.0709,0.0707,10000611,2016-05-25,2016-05-25,C,2.0,2016-03-29
12282,2016-05-16 10:13:00,2016-05-16,0.0726,76786.0,107.0,12158.0,0.0709,0.0726,0.0708,10000611,2016-05-25,2016-05-25,C,2.0,2016-03-29
12283,2016-05-16 10:14:00,2016-05-16,0.0726,0.0,0.0,12158.0,0.0726,0.0726,0.0726,10000611,2016-05-25,2016-05-25,C,2.0,2016-03-29
12284,2016-05-16 10:15:00,2016-05-16,0.0726,7200.0,10.0,12163.0,0.0726,0.07200000000000001,0.07200000000000001,10000611,2016-05-25,2016-05-25,C,2.0,2016-03-29
12285,2016-05-16 10:16:00,2016-05-16,0.0726,28225.0,39.0,12170.0,0.07200000000000001,0.0723,0.07200000000000001,10000611,2016-05-25,2016-05-25,C,2.0,2016-03-29
12286,2016-05-16 10:17:00,2016-05-16,0.0726,42040.0,58.0,12174.0,0.0723,0.0725,0.07200000000000001,10000611,2016-05-25,2016-05-25,C,2.0,2016-03-29
12287,2016-05-16 10:18:00,2016-05-16,0.0725,19480.0,27.0,12178.0,0.0725,0.07200000000000001,0.07200000000000001,10000611,2016-05-25,2016-05-25,C,2.0,2016-03-29
12288,2016-05-16 10:19:00,2016-05-16,0.07200000000000001,82326.0,115.0,12106.0,0.07200000000000001,0.0715,0.0715,10000611,2016-05-25,2016-05-25,C,2.0,2016-03-29
12289,2016-05-16 10:20:00,2016-05-16,0.0723,13638.0,19.0,12099.0,0.0715,0.0716,0.0715,10000611,2016-05-25,2016-05-25,C,2.0,2016-03-29
12290,2016-05-16 10:21:00,2016-05-16,0.0716,0.0,0.0,12099.0,0.0716,0.0716,0.0716,10000611,2016-05-25,2016-05-25,C,2.0,2016-03-29
12291,2016-05-16 10:22:00,2016-05-16,0.0723,3612.0,5.0,12102.0,0.0716,0.0723,0.0716,10000611,2016-05-25,2016-05-25,C,2.0,2016-03-29
12292,2016-05-16 10:23:00,2016-05-16,0.0723,58712.0,82.0,12154.0,0.0723,0.0716,0.0716,10000611,2016-05-25,2016-05-25,C,2.0,2016-03-29
12293,2016-05-16 10:24:00,2016-05-16,0.0716,26214.0,37.0,12166.0,0.0716,0.071,0.0706,10000611,2016-05-25,2016-05-25,C,2.0,2016-03-29
12294,2016-05-16 10:25:00,2016-05-16,0.071,7090.0,10.0,12166.0,0.071,0.0709,0.0709,10000611,2016-05-25,2016-05-25,C,2.0,2016-03-29
12295,2016-05-16 10:26:00,2016-05-16,0.0716,36441.0,51.0,12188.0,0.0709,0.0716,0.0709,10000611,2016-05-25,2016-05-25,C,2.0,2016-03-29
12296,2016-05-16 10:27:00,2016-05-16,0.0716,0.0,0.0,12188.0,0.0716,0.0716,0.0716,10000611,2016-05-25,2016-05-25,C,2.0,2016-03-29
12297,2016-05-16 10:28:00,2016-05-16,0.0725,20151.0,28.0,12186.0,0.0716,0.0721,0.0716,10000611,2016-05-25,2016-05-25,C,2.0,2016-03-29
12298,2016-05-16 10:29:00,2016-05-16,0.0734,38603.0,53.0,12201.0,0.0721,0.0734,0.0721,10000611,2016-05-25,2016-05-25,C,2.0,2016-03-29
12299,2016-05-16 10:30:00,2016-05-16,0.0734,11692.0,16.0,12196.0,0.0734,0.073,0.0727,10000611,2016-05-25,2016-05-25,C,2.0,2016-03-29
12300,2016-05-16 10:31:00,2016-05-16,0.073,7300.0,10.0,12196.0,0.073,0.073,0.073,10000611,2016-05-25,2016-05-25,C,2.0,2016-03-29
12301,2016-05-16 10:32:00,2016-05-16,0.073,1457.0,2.0,12195.0,0.073,0.073,0.0727,10000611,2016-05-25,2016-05-25,C,2.0,2016-03-29
12302,2016-05-16 10:33:00,2016-05-16,0.0732,5856.0,8.0,12192.0,0.073,0.0732,0.073,10000611,2016-05-25,2016-05-25,C,2.0,2016-03-29
12303,2016-05-16 10:34:00,2016-05-16,0.0732,14576.0,20.0,12188.0,0.0732,0.073,0.0728,10000611,2016-05-25,2016-05-25,C,2.0,2016-03-29
12304,2016-05-16 10:35:00,2016-05-16,0.0738,32418.0,44.0,12212.0,0.073,0.0738,0.073,10000611,2016-05-25,2016-05-25,C,2.0,2016-03-29
12305,2016-05-16 10:36:00,2016-05-16,0.0739,16219.0,22.0,12213.0,0.0738,0.0739,0.0736,10000611,2016-05-25,2016-05-25,C,2.0,2016-03-29
12306,2016-05-16 10:37:00,2016-05-16,0.0739,31390.0,43.0,12210.0,0.0739,0.0724,0.0724,10000611,2016-05-25,2016-05-25,C,2.0,2016-03-29
12307,2016-05-16 10:38:00,2016-05-16,0.0724,25304.0,35.0,12186.0,0.0724,0.0722,0.0722,10000611,2016-05-25,2016-05-25,C,2.0,2016-03-29
12308,2016-05-16 10:39:00,2016-05-16,0.0733,18197.0,25.0,12201.0,0.0725,0.0733,0.07200000000000001,10000611,2016-05-25,2016-05-25,C,2.0,2016-03-29
12309,2016-05-16 10:40:00,2016-05-16,0.0733,0.0,0.0,12201.0,0.0733,0.0733,0.0733,10000611,2016-05-25,2016-05-25,C,2.0,2016-03-29
12310,2016-05-16 10:41:00,2016-05-16,0.0733,10212.0,14.0,12200.0,0.0733,0.073,0.0728,10000611,2016-05-25,2016-05-25,C,2.0,2016-03-29
12311,2016-05-16 10:42:00,2016-05-16,0.073,0.0,0.0,12200.0,0.073,0.073,0.073,10000611,2016-05-25,2016-05-25,C,2.0,2016-03-29
12312,2016-05-16 10:43:00,2016-05-16,0.073,28910.0,40.0,12161.0,0.073,0.0723,0.0722,10000611,2016-05-25,2016-05-25,C,2.0,2016-03-29
12313,2016-05-16 10:44:00,2016-05-16,0.07200000000000001,7200.0,10.0,12151.0,0.07200000000000001,0.07200000000000001,0.07200000000000001,10000611,2016-05-25,2016-05-25,C,2.0,2016-03-29
12314,2016-05-16 10:45:00,2016-05-16,0.0721,18714.0,26.0,12142.0,0.07200000000000001,0.0718,0.0717,10000611,2016-05-25,2016-05-25,C,2.0,2016-03-29
12315,2016-05-16 10:46:00,2016-05-16,0.0727,10113.0,14.0,12141.0,0.0718,0.0727,0.0717,10000611,2016-05-25,2016-05-25,C,2.0,2016-03-29
12316,2016-05-16 10:47:00,2016-05-16,0.0737,29240.0,40.0,12140.0,0.0727,0.0737,0.0727,10000611,2016-05-25,2016-05-25,C,2.0,2016-03-29
12317,2016-05-16 10:48:00,2016-05-16,0.07400000000000001,8858.0,12.0,12148.0,0.0737,0.07400000000000001,0.0737,10000611,2016-05-25,2016-05-25,C,2.0,2016-03-29
12318,2016-05-16 10:49:00,2016-05-16,0.0754,12723.0,17.0,12148.0,0.07400000000000001,0.0754,0.07400000000000001,10000611,2016-05-25,2016-05-25,C,2.0,2016-03-29
12319,2016-05-16 10:50:00,2016-05-16,0.0754,7530.0,10.0,12156.0,0.0754,0.0753,0.0753,10000611,2016-05-25,2016-05-25,C,2.0,2016-03-29
12320,2016-05-16 10:51:00,2016-05-16,0.0774,45939.0,60.0,12128.0,0.0753,0.0774,0.0753,10000611,2016-05-25,2016-05-25,C,2.0,2016-03-29
12321,2016-05-16 10:52:00,2016-05-16,0.0778,41094.0,53.0,12131.0,0.0774,0.0773,0.0773,10000611,2016-05-25,2016-05-25,C,2.0,2016-03-29
12322,2016-05-16 10:53:00,2016-05-16,0.0775,7705.0,10.0,12133.0,0.0773,0.077,0.077,10000611,2016-05-25,2016-05-25,C,2.0,2016-03-29
12323,2016-05-16 10:54:00,2016-05-16,0.0775,26960.0,35.0,12152.0,0.0775,0.0769,0.0764,10000611,2016-05-25,2016-05-25,C,2.0,2016-03-29
12324,2016-05-16 10:55:00,2016-05-16,0.0778,27077.0,35.0,12150.0,0.0769,0.0778,0.0768,10000611,2016-05-25,2016-05-25,C,2.0,2016-03-29
12325,2016-05-16 10:56:00,2016-05-16,0.0794,36121.0,46.0,12120.0,0.0778,0.0788,0.0778,10000611,2016-05-25,2016-05-25,C,2.0,2016-03-29
12326,2016-05-16 10:57:00,2016-05-16,0.0791,30538.0,39.0,12123.0,0.0788,0.0781,0.078,10000611,2016-05-25,2016-05-25,C,2.0,2016-03-29
12327,2016-05-16 10:58:00,2016-05-16,0.0809,101861.0,128.0,12128.0,0.078,0.0797,0.078,10000611,2016-05-25,2016-05-25,C,2.0,2016-03-29
12328,2016-05-16 10:59:00,2016-05-16,0.0824,77305.0,95.0,12147.0,0.0797,0.0816,0.0796,10000611,2016-05-25,2016-05-25,C,2.0,2016-03-29
12329,2016-05-16 11:00:00,2016-05-16,0.0831,71843.0,87.0,12124.0,0.0816,0.0831,0.0816,10000611,2016-05-25,2016-05-25,C,2.0,2016-03-29
12330,2016-05-16 11:01:00,2016-05-16,0.0836,122343.0,147.0,12063.0,0.0831,0.0836,0.0825,10000611,2016-05-25,2016-05-25,C,2.0,2016-03-29
12331,2016-05-16 11:02:00,2016-05-16,0.0836,78757.0,96.0,12006.0,0.0836,0.0813,0.0813,10000611,2016-05-25,2016-05-25,C,2.0,2016-03-29
12332,2016-05-16 11:03:00,2016-05-16,0.0819,49618.0,61.0,11987.0,0.0813,0.0819,0.081,10000611,2016-05-25,2016-05-25,C,2.0,2016-03-29
12333,2016-05-16 11:04:00,2016-05-16,0.0825,34519.0,42.0,12000.0,0.0819,0.0813,0.0813,10000611,2016-05-25,2016-05-25,C,2.0,2016-03-29
12334,2016-05-16 11:05:00,2016-05-16,0.0813,17843.0,22.0,11986.0,0.0813,0.0812,0.081,10000611,2016-05-25,2016-05-25,C,2.0,2016-03-29
12335,2016-05-16 11:06:00,2016-05-16,0.0815,34099.0,42.0,11987.0,0.0812,0.0815,0.0809,10000611,2016-05-25,2016-05-25,C,2.0,2016-03-29
12336,2016-05-16 11:07:00,2016-05-16,0.081,4050.0,5.0,11987.0,0.081,0.081,0.081,10000611,2016-05-25,2016-05-25,C,2.0,2016-03-29
12337,2016-05-16 11:08:00,2016-05-16,0.0815,8150.0,10.0,11987.0,0.081,0.0815,0.081,10000611,2016-05-25,2016-05-25,C,2.0,2016-03-29
12338,2016-05-16 11:09:00,2016-05-16,0.0815,21148.0,26.0,11998.0,0.0808,0.0815,0.0808,10000611,2016-05-25,2016-05-25,C,2.0,2016-03-29
12339,2016-05-16 11:10:00,2016-05-16,0.0817,8170.0,10.0,11993.0,0.0815,0.0817,0.0815,10000611,2016-05-25,2016-05-25,C,2.0,2016-03-29
12340,2016-05-16 11:11:00,2016-05-16,0.0819,33160.0,41.0,11979.0,0.0817,0.0801,0.0801,10000611,2016-05-25,2016-05-25,C,2.0,2016-03-29
12341,2016-05-16 11:12:00,2016-05-16,0.0801,31036.0,39.0,11968.0,0.0801,0.0791,0.0791,10000611,2016-05-25,2016-05-25,C,2.0,2016-03-29
12342,2016-05-16 11:13:00,2016-05-16,0.08,800.0,1.0,11968.0,0.0791,0.08,0.0791,10000611,2016-05-25,2016-05-25,C,2.0,2016-03-29
12343,2016-05-16 11:14:00,2016-05-16,0.0812,38910.0,48.0,11979.0,0.08,0.0812,0.08,10000611,2016-05-25,2016-05-25,C,2.0,2016-03-29
12344,2016-05-16 11:15:00,2016-05-16,0.0819,23731.0,29.0,11981.0,0.0812,0.0818,0.0812,10000611,2016-05-25,2016-05-25,C,2.0,2016-03-29
12345,2016-05-16 11:16:00,2016-05-16,0.0818,2428.0,3.0,11981.0,0.0818,0.081,0.0809,10000611,2016-05-25,2016-05-25,C,2.0,2016-03-29
12346,2016-05-16 11:17:00,2016-05-16,0.0812,812.0,1.0,11981.0,0.081,0.0812,0.081,10000611,2016-05-25,2016-05-25,C,2.0,2016-03-29
12347,2016-05-16 11:18:00,2016-05-16,0.0812,20265.0,25.0,12001.0,0.0812,0.0805,0.0805,10000611,2016-05-25,2016-05-25,C,2.0,2016-03-29
12348,2016-05-16 11:19:00,2016-05-16,0.081,24100.0,30.0,11993.0,0.08,0.081,0.08,10000611,2016-05-25,2016-05-25,C,2.0,2016-03-29
12349,2016-05-16 11:20:00,2016-05-16,0.08199999999999999,45784.0,56.0,11990.0,0.081,0.08199999999999999,0.081,10000611,2016-05-25,2016-05-25,C,2.0,2016-03-29
12350,2016-05-16 11:21:00,2016-05-16,0.0828,44548.0,54.0,12023.0,0.08199999999999999,0.0814,0.0814,10000611,2016-05-25,2016-05-25,C,2.0,2016-03-29
12351,2016-05-16 11:22:00,2016-05-16,0.0814,21027.0,26.0,12016.0,0.0814,0.08,0.08,10000611,2016-05-25,2016-05-25,C,2.0,2016-03-29
12352,2016-05-16 11:23:00,2016-05-16,0.0805,4830.0,6.0,12016.0,0.08,0.0805,0.08,10000611,2016-05-25,2016-05-25,C,2.0,2016-03-29
12353,2016-05-16 11:24:00,2016-05-16,0.0805,2409.0,3.0,12013.0,0.0805,0.0803,0.0803,10000611,2016-05-25,2016-05-25,C,2.0,2016-03-29
12354,2016-05-16 11:25:00,2016-05-16,0.0803,3212.0,4.0,12009.0,0.0803,0.0803,0.0803,10000611,2016-05-25,2016-05-25,C,2.0,2016-03-29
12355,2016-05-16 11:26:00,2016-05-16,0.0803,0.0,0.0,12009.0,0.0803,0.0803,0.0803,10000611,2016-05-25,2016-05-25,C,2.0,2016-03-29
12356,2016-05-16 11:27:00,2016-05-16,0.081,7290.0,9.0,12009.0,0.0803,0.081,0.0803,10000611,2016-05-25,2016-05-25,C,2.0,2016-03-29
12357,2016-05-16 11:28:00,2016-05-16,0.0813,813.0,1.0,12009.0,0.081,0.0813,0.081,10000611,2016-05-25,2016-05-25,C,2.0,2016-03-29
12358,2016-05-16 11:29:00,2016-05-16,0.0814,10581.0,13.0,12021.0,0.0813,0.0814,0.0813,10000611,2016-05-25,2016-05-25,C,2.0,2016-03-29
12359,2016-05-16 11:30:00,2016-05-16,0.0815,6512.0,8.0,12019.0,0.0814,0.0815,0.0813,10000611,2016-05-25,2016-05-25,C,2.0,2016-03-29
12360,2016-05-16 13:01:00,2016-05-16,0.0815,33077.0,41.0,12040.0,0.0815,0.0803,0.0803,10000611,2016-05-25,2016-05-25,C,2.0,2016-03-29
12361,2016-05-16 13:02:00,2016-05-16,0.0803,51828.0,66.0,11992.0,0.0803,0.0781,0.0781,10000611,2016-05-25,2016-05-25,C,2.0,2016-03-29
12362,2016-05-16 13:03:00,2016-05-16,0.0785,4685.0,6.0,11992.0,0.078,0.0785,0.078,10000611,2016-05-25,2016-05-25,C,2.0,2016-03-29
12363,2016-05-16 13:04:00,2016-05-16,0.0791,7910.0,10.0,12002.0,0.0785,0.0791,0.0785,10000611,2016-05-25,2016-05-25,C,2.0,2016-03-29
12364,2016-05-16 13:05:00,2016-05-16,0.0791,3940.0,5.0,12004.0,0.0791,0.0788,0.0788,10000611,2016-05-25,2016-05-25,C,2.0,2016-03-29
12365,2016-05-16 13:06:00,2016-05-16,0.0788,0.0,0.0,12004.0,0.0788,0.0788,0.0788,10000611,2016-05-25,2016-05-25,C,2.0,2016-03-29
12366,2016-05-16 13:07:00,2016-05-16,0.0788,1576.0,2.0,12004.0,0.0788,0.0788,0.0788,10000611,2016-05-25,2016-05-25,C,2.0,2016-03-29
12367,2016-05-16 13:08:00,2016-05-16,0.0788,0.0,0.0,12004.0,0.0788,0.0788,0.0788,10000611,2016-05-25,2016-05-25,C,2.0,2016-03-29
12368,2016-05-16 13:09:00,2016-05-16,0.0788,0.0,0.0,12004.0,0.0788,0.0788,0.0788,10000611,2016-05-25,2016-05-25,C,2.0,2016-03-29
12369,2016-05-16 13:10:00,2016-05-16,0.0788,0.0,0.0,12004.0,0.0788,0.0788,0.0788,10000611,2016-05-25,2016-05-25,C,2.0,2016-03-29
12370,2016-05-16 13:11:00,2016-05-16,0.079,3160.0,4.0,12004.0,0.0788,0.079,0.0788,10000611,2016-05-25,2016-05-25,C,2.0,2016-03-29
12371,2016-05-16 13:12:00,2016-05-16,0.0796,19050.0,24.0,12004.0,0.079,0.0793,0.079,10000611,2016-05-25,2016-05-25,C,2.0,2016-03-29
12372,2016-05-16 13:13:00,2016-05-16,0.0793,13481.0,17.0,12011.0,0.0793,0.0793,0.0793,10000611,2016-05-25,2016-05-25,C,2.0,2016-03-29
12373,2016-05-16 13:14:00,2016-05-16,0.0794,5558.0,7.0,12004.0,0.0793,0.0794,0.0793,10000611,2016-05-25,2016-05-25,C,2.0,2016-03-29
12374,2016-05-16 13:15:00,2016-05-16,0.0794,3935.0,5.0,12005.0,0.0794,0.0786,0.0786,10000611,2016-05-25,2016-05-25,C,2.0,2016-03-29
12375,2016-05-16 13:16:00,2016-05-16,0.0786,7857.0,10.0,12007.0,0.0786,0.0785,0.0785,10000611,2016-05-25,2016-05-25,C,2.0,2016-03-29
12376,2016-05-16 13:17:00,2016-05-16,0.0792,9455.0,12.0,12003.0,0.0785,0.0788,0.0785,10000611,2016-05-25,2016-05-25,C,2.0,2016-03-29
12377,2016-05-16 13:18:00,2016-05-16,0.0788,9446.0,12.0,12013.0,0.0788,0.0787,0.0787,10000611,2016-05-25,2016-05-25,C,2.0,2016-03-29
12378,2016-05-16 13:19:00,2016-05-16,0.0787,3144.0,4.0,12009.0,0.0787,0.0786,0.0786,10000611,2016-05-25,2016-05-25,C,2.0,2016-03-29
12379,2016-05-16 13:20:00,2016-05-16,0.0786,36587.0,47.0,11986.0,0.0786,0.0778,0.0777,10000611,2016-05-25,2016-05-25,C,2.0,2016-03-29
12380,2016-05-16 13:21:00,2016-05-16,0.0778,23220.0,30.0,11981.0,0.0778,0.0773,0.0773,10000611,2016-05-25,2016-05-25,C,2.0,2016-03-29
12381,2016-05-16 13:22:00,2016-05-16,0.0778,4653.0,6.0,11975.0,0.0773,0.0778,0.0773,10000611,2016-05-25,2016-05-25,C,2.0,2016-03-29
12382,2016-05-16 13:23:00,2016-05-16,0.0778,6974.0,9.0,11973.0,0.0778,0.0773,0.0773,10000611,2016-05-25,2016-05-25,C,2.0,2016-03-29
12383,2016-05-16 13:24:00,2016-05-16,0.0778,6224.0,8.0,11969.0,0.0773,0.0778,0.0773,10000611,2016-05-25,2016-05-25,C,2.0,2016-03-29
12384,2016-05-16 13:25:00,2016-05-16,0.0778,9309.0,12.0,11977.0,0.0778,0.0772,0.0772,10000611,2016-05-25,2016-05-25,C,2.0,2016-03-29
12385,2016-05-16 13:26:00,2016-05-16,0.0772,14585.0,19.0,11979.0,0.0772,0.0764,0.0764,10000611,2016-05-25,2016-05-25,C,2.0,2016-03-29
12386,2016-05-16 13:27:00,2016-05-16,0.0764,7640.0,10.0,11979.0,0.0764,0.0764,0.0764,10000611,2016-05-25,2016-05-25,C,2.0,2016-03-29
12387,2016-05-16 13:28:00,2016-05-16,0.0781,41817.0,54.0,11976.0,0.0764,0.078,0.0764,10000611,2016-05-25,2016-05-25,C,2.0,2016-03-29
12388,2016-05-16 13:29:00,2016-05-16,0.078,1548.0,2.0,11977.0,0.078,0.0772,0.0772,10000611,2016-05-25,2016-05-25,C,2.0,2016-03-29
12389,2016-05-16 13:30:00,2016-05-16,0.0776,23161.0,30.0,11978.0,0.0776,0.0774,0.0768,10000611,2016-05-25,2016-05-25,C,2.0,2016-03-29
12390,2016-05-16 13:31:00,2016-05-16,0.0776,28638.0,37.0,11988.0,0.0774,0.0776,0.0773,10000611,2016-05-25,2016-05-25,C,2.0,2016-03-29
12391,2016-05-16 13:32:00,2016-05-16,0.078,22607.0,29.0,11988.0,0.0776,0.0777,0.0776,10000611,2016-05-25,2016-05-25,C,2.0,2016-03-29
12392,2016-05-16 13:33:00,2016-05-16,0.0782,29626.0,38.0,12001.0,0.0777,0.0782,0.0776,10000611,2016-05-25,2016-05-25,C,2.0,2016-03-29
12393,2016-05-16 13:34:00,2016-05-16,0.0784,17236.0,22.0,11983.0,0.0784,0.0783,0.0783,10000611,2016-05-25,2016-05-25,C,2.0,2016-03-29
12394,2016-05-16 13:35:00,2016-05-16,0.0783,0.0,0.0,11983.0,0.0783,0.0783,0.0783,10000611,2016-05-25,2016-05-25,C,2.0,2016-03-29
12395,2016-05-16 13:36:00,2016-05-16,0.0777,17073.0,22.0,11971.0,0.0777,0.0776,0.0776,10000611,2016-05-25,2016-05-25,C,2.0,2016-03-29
12396,2016-05-16 13:37:00,2016-05-16,0.0775,14711.0,19.0,11970.0,0.0774,0.0775,0.0774,10000611,2016-05-25,2016-05-25,C,2.0,2016-03-29
12397,2016-05-16 13:38:00,2016-05-16,0.0777,14753.0,19.0,11979.0,0.0775,0.0777,0.0775,10000611,2016-05-25,2016-05-25,C,2.0,2016-03-29
12398,2016-05-16 13:39:00,2016-05-16,0.0777,8546.0,11.0,11968.0,0.0777,0.0776,0.0776,10000611,2016-05-25,2016-05-25,C,2.0,2016-03-29
12399,2016-05-16 13:40:00,2016-05-16,0.0779,1558.0,2.0,11968.0,0.0776,0.0779,0.0776,10000611,2016-05-25,2016-05-25,C,2.0,2016-03-29
12400,2016-05-16 13:41:00,2016-05-16,0.0779,37294.0,48.0,11990.0,0.0779,0.0776,0.0776,10000611,2016-05-25,2016-05-25,C,2.0,2016-03-29
12401,2016-05-16 13:42:00,2016-05-16,0.0783,38173.0,49.0,11999.0,0.0776,0.0783,0.0776,10000611,2016-05-25,2016-05-25,C,2.0,2016-03-29
12402,2016-05-16 13:43:00,2016-05-16,0.0794,35456.0,45.0,11991.0,0.0783,0.0794,0.0783,10000611,2016-05-25,2016-05-25,C,2.0,2016-03-29
12403,2016-05-16 13:44:00,2016-05-16,0.0796,9530.0,12.0,11985.0,0.0796,0.0792,0.0792,10000611,2016-05-25,2016-05-25,C,2.0,2016-03-29
12404,2016-05-16 13:45:00,2016-05-16,0.0799,19948.0,25.0,12005.0,0.0792,0.0798,0.0792,10000611,2016-05-25,2016-05-25,C,2.0,2016-03-29
12405,2016-05-16 13:46:00,2016-05-16,0.0798,10327.0,13.0,12003.0,0.0798,0.079,0.079,10000611,2016-05-25,2016-05-25,C,2.0,2016-03-29
12406,2016-05-16 13:47:00,2016-05-16,0.079,5518.0,7.0,12008.0,0.079,0.0788,0.0788,10000611,2016-05-25,2016-05-25,C,2.0,2016-03-29
12407,2016-05-16 13:48:00,2016-05-16,0.079,8680.0,11.0,12006.0,0.0788,0.079,0.0788,10000611,2016-05-25,2016-05-25,C,2.0,2016-03-29
12408,2016-05-16 13:49:00,2016-05-16,0.079,32306.0,41.0,12004.0,0.079,0.0781,0.0781,10000611,2016-05-25,2016-05-25,C,2.0,2016-03-29
12409,2016-05-16 13:50:00,2016-05-16,0.0788,8608.0,11.0,12014.0,0.0781,0.0788,0.0781,10000611,2016-05-25,2016-05-25,C,2.0,2016-03-29
12410,2016-05-16 13:51:00,2016-05-16,0.0788,3123.0,4.0,12014.0,0.0788,0.078,0.078,10000611,2016-05-25,2016-05-25,C,2.0,2016-03-29
12411,2016-05-16 13:52:00,2016-05-16,0.0779,8553.0,11.0,12015.0,0.0779,0.0776,0.0776,10000611,2016-05-25,2016-05-25,C,2.0,2016-03-29
12412,2016-05-16 13:53:00,2016-05-16,0.0778,3109.0,4.0,12015.0,0.0776,0.0778,0.0776,10000611,2016-05-25,2016-05-25,C,2.0,2016-03-29
12413,2016-05-16 13:54:00,2016-05-16,0.0788,11800.0,15.0,12030.0,0.0786,0.0788,0.0786,10000611,2016-05-25,2016-05-25,C,2.0,2016-03-29
12414,2016-05-16 13:55:00,2016-05-16,0.0798,58681.0,74.0,12041.0,0.0788,0.0798,0.0788,10000611,2016-05-25,2016-05-25,C,2.0,2016-03-29
12415,2016-05-16 13:56:00,2016-05-16,0.0817,55916.0,69.0,12060.0,0.08,0.0812,0.08,10000611,2016-05-25,2016-05-25,C,2.0,2016-03-29
12416,2016-05-16 13:57:00,2016-05-16,0.0813,3246.0,4.0,12060.0,0.0812,0.0812,0.0808,10000611,2016-05-25,2016-05-25,C,2.0,2016-03-29
12417,2016-05-16 13:58:00,2016-05-16,0.0812,36655.0,46.0,12038.0,0.0812,0.0796,0.0793,10000611,2016-05-25,2016-05-25,C,2.0,2016-03-29
12418,2016-05-16 13:59:00,2016-05-16,0.0796,0.0,0.0,12038.0,0.0796,0.0796,0.0796,10000611,2016-05-25,2016-05-25,C,2.0,2016-03-29
12419,2016-05-16 14:00:00,2016-05-16,0.0796,2376.0,3.0,12035.0,0.0796,0.0792,0.0792,10000611,2016-05-25,2016-05-25,C,2.0,2016-03-29
12420,2016-05-16 14:01:00,2016-05-16,0.0798,34293.0,43.0,12029.0,0.0792,0.0795,0.0792,10000611,2016-05-25,2016-05-25,C,2.0,2016-03-29
12421,2016-05-16 14:02:00,2016-05-16,0.0795,4736.0,6.0,12030.0,0.0795,0.0789,0.0789,10000611,2016-05-25,2016-05-25,C,2.0,2016-03-29
12422,2016-05-16 14:03:00,2016-05-16,0.0791,6322.0,8.0,12030.0,0.0789,0.0791,0.0789,10000611,2016-05-25,2016-05-25,C,2.0,2016-03-29
12423,2016-05-16 14:04:00,2016-05-16,0.0791,8635.0,11.0,12033.0,0.0791,0.0785,0.0785,10000611,2016-05-25,2016-05-25,C,2.0,2016-03-29
12424,2016-05-16 14:05:00,2016-05-16,0.0783,34355.0,44.0,12027.0,0.0783,0.0781,0.0775,10000611,2016-05-25,2016-05-25,C,2.0,2016-03-29
12425,2016-05-16 14:06:00,2016-05-16,0.0781,7710.0,10.0,12019.0,0.0781,0.0771,0.0771,10000611,2016-05-25,2016-05-25,C,2.0,2016-03-29
12426,2016-05-16 14:07:00,2016-05-16,0.0776,38785.0,50.0,11994.0,0.0771,0.0776,0.0771,10000611,2016-05-25,2016-05-25,C,2.0,2016-03-29
12427,2016-05-16 14:08:00,2016-05-16,0.0783,47595.0,61.0,12004.0,0.0783,0.0777,0.0775,10000611,2016-05-25,2016-05-25,C,2.0,2016-03-29
12428,2016-05-16 14:09:00,2016-05-16,0.0782,18698.0,24.0,12005.0,0.0777,0.0782,0.0777,10000611,2016-05-25,2016-05-25,C,2.0,2016-03-29
12429,2016-05-16 14:10:00,2016-05-16,0.0782,0.0,0.0,12005.0,0.0782,0.0782,0.0782,10000611,2016-05-25,2016-05-25,C,2.0,2016-03-29
12430,2016-05-16 14:11:00,2016-05-16,0.0782,10065.0,13.0,12006.0,0.0782,0.0766,0.0766,10000611,2016-05-25,2016-05-25,C,2.0,2016-03-29
12431,2016-05-16 14:12:00,2016-05-16,0.0784,14038.0,18.0,12009.0,0.0766,0.0784,0.0766,10000611,2016-05-25,2016-05-25,C,2.0,2016-03-29
12432,2016-05-16 14:13:00,2016-05-16,0.0784,779.0,1.0,12009.0,0.0784,0.0779,0.0779,10000611,2016-05-25,2016-05-25,C,2.0,2016-03-29
12433,2016-05-16 14:14:00,2016-05-16,0.078,9360.0,12.0,12011.0,0.0779,0.078,0.0779,10000611,2016-05-25,2016-05-25,C,2.0,2016-03-29
12434,2016-05-16 14:15:00,2016-05-16,0.078,50490.0,66.0,11994.0,0.078,0.0759,0.0758,10000611,2016-05-25,2016-05-25,C,2.0,2016-03-29
12435,2016-05-16 14:16:00,2016-05-16,0.0759,78690.0,106.0,11967.0,0.0759,0.0733,0.0733,10000611,2016-05-25,2016-05-25,C,2.0,2016-03-29
12436,2016-05-16 14:17:00,2016-05-16,0.0751,12684.0,17.0,11958.0,0.0736,0.075,0.0732,10000611,2016-05-25,2016-05-25,C,2.0,2016-03-29
12437,2016-05-16 14:18:00,2016-05-16,0.0759,30896.0,41.0,11950.0,0.075,0.0759,0.0744,10000611,2016-05-25,2016-05-25,C,2.0,2016-03-29
12438,2016-05-16 14:19:00,2016-05-16,0.0759,8313.0,11.0,11947.0,0.0759,0.0755,0.0755,10000611,2016-05-25,2016-05-25,C,2.0,2016-03-29
12439,2016-05-16 14:20:00,2016-05-16,0.0758,758.0,1.0,11947.0,0.0755,0.0758,0.0755,10000611,2016-05-25,2016-05-25,C,2.0,2016-03-29
12440,2016-05-16 14:21:00,2016-05-16,0.0758,11330.0,15.0,11942.0,0.0758,0.075,0.075,10000611,2016-05-25,2016-05-25,C,2.0,2016-03-29
12441,2016-05-16 14:22:00,2016-05-16,0.076,31575.0,42.0,11943.0,0.075,0.076,0.0748,10000611,2016-05-25,2016-05-25,C,2.0,2016-03-29
12442,2016-05-16 14:23:00,2016-05-16,0.076,5285.0,7.0,11943.0,0.076,0.0755,0.0755,10000611,2016-05-25,2016-05-25,C,2.0,2016-03-29
12443,2016-05-16 14:24:00,2016-05-16,0.0759,15070.0,20.0,11933.0,0.0755,0.0759,0.0748,10000611,2016-05-25,2016-05-25,C,2.0,2016-03-29
12444,2016-05-16 14:25:00,2016-05-16,0.0762,23532.0,31.0,11944.0,0.0759,0.0762,0.0757,10000611,2016-05-25,2016-05-25,C,2.0,2016-03-29
12445,2016-05-16 14:26:00,2016-05-16,0.0764,764.0,1.0,11945.0,0.0762,0.0764,0.0762,10000611,2016-05-25,2016-05-25,C,2.0,2016-03-29
12446,2016-05-16 14:27:00,2016-05-16,0.0761,11405.0,15.0,11955.0,0.0759,0.0761,0.0759,10000611,2016-05-25,2016-05-25,C,2.0,2016-03-29
12447,2016-05-16 14:28:00,2016-05-16,0.0767,19828.0,26.0,11965.0,0.0761,0.076,0.076,10000611,2016-05-25,2016-05-25,C,2.0,2016-03-29
12448,2016-05-16 14:29:00,2016-05-16,0.077,38066.0,50.0,11961.0,0.076,0.077,0.0759,10000611,2016-05-25,2016-05-25,C,2.0,2016-03-29
12449,2016-05-16 14:30:00,2016-05-16,0.078,17083.0,22.0,11972.0,0.077,0.0779,0.077,10000611,2016-05-25,2016-05-25,C,2.0,2016-03-29
12450,2016-05-16 14:31:00,2016-05-16,0.0788,22762.0,29.0,11966.0,0.0783,0.0783,0.0783,10000611,2016-05-25,2016-05-25,C,2.0,2016-03-29
12451,2016-05-16 14:32:00,2016-05-16,0.0795,30790.0,39.0,11970.0,0.0783,0.0794,0.0783,10000611,2016-05-25,2016-05-25,C,2.0,2016-03-29
12452,2016-05-16 14:33:00,2016-05-16,0.0794,11108.0,14.0,11971.0,0.0794,0.0792,0.0788,10000611,2016-05-25,2016-05-25,C,2.0,2016-03-29
12453,2016-05-16 14:34:00,2016-05-16,0.0794,13454.0,17.0,11967.0,0.0792,0.0792,0.0789,10000611,2016-05-25,2016-05-25,C,2.0,2016-03-29
12454,2016-05-16 14:35:00,2016-05-16,0.0793,32505.0,41.0,11964.0,0.0792,0.0793,0.0792,10000611,2016-05-25,2016-05-25,C,2.0,2016-03-29
12455,2016-05-16 14:36:00,2016-05-16,0.0796,28607.0,36.0,11972.0,0.0794,0.0795,0.0792,10000611,2016-05-25,2016-05-25,C,2.0,2016-03-29
12456,2016-05-16 14:37:00,2016-05-16,0.08199999999999999,56685.0,70.0,11951.0,0.0795,0.0818,0.0795,10000611,2016-05-25,2016-05-25,C,2.0,2016-03-29
12457,2016-05-16 14:38:00,2016-05-16,0.0818,27612.0,34.0,11934.0,0.0818,0.0811,0.0809,10000611,2016-05-25,2016-05-25,C,2.0,2016-03-29
12458,2016-05-16 14:39:00,2016-05-16,0.0812,52350.0,65.0,11914.0,0.0811,0.0806,0.0794,10000611,2016-05-25,2016-05-25,C,2.0,2016-03-29
12459,2016-05-16 14:40:00,2016-05-16,0.0806,7209.0,9.0,11911.0,0.0806,0.08,0.08,10000611,2016-05-25,2016-05-25,C,2.0,2016-03-29
12460,2016-05-16 14:41:00,2016-05-16,0.0808,13704.0,17.0,11908.0,0.08,0.08,0.08,10000611,2016-05-25,2016-05-25,C,2.0,2016-03-29
12461,2016-05-16 14:42:00,2016-05-16,0.08,18341.0,23.0,11919.0,0.08,0.0797,0.0797,10000611,2016-05-25,2016-05-25,C,2.0,2016-03-29
12462,2016-05-16 14:43:00,2016-05-16,0.0797,11881.0,15.0,11932.0,0.0797,0.079,0.079,10000611,2016-05-25,2016-05-25,C,2.0,2016-03-29
12463,2016-05-16 14:44:00,2016-05-16,0.0794,13498.0,17.0,11930.0,0.079,0.0794,0.079,10000611,2016-05-25,2016-05-25,C,2.0,2016-03-29
12464,2016-05-16 14:45:00,2016-05-16,0.08,26354.0,33.0,11931.0,0.0794,0.08,0.0794,10000611,2016-05-25,2016-05-25,C,2.0,2016-03-29
12465,2016-05-16 14:46:00,2016-05-16,0.08,1588.0,2.0,11929.0,0.08,0.0794,0.0794,10000611,2016-05-25,2016-05-25,C,2.0,2016-03-29
12466,2016-05-16 14:47:00,2016-05-16,0.0795,7950.0,10.0,11927.0,0.0795,0.0795,0.0795,10000611,2016-05-25,2016-05-25,C,2.0,2016-03-29
12467,2016-05-16 14:48:00,2016-05-16,0.0795,33971.0,43.0,11907.0,0.0795,0.0788,0.0788,10000611,2016-05-25,2016-05-25,C,2.0,2016-03-29
12468,2016-05-16 14:49:00,2016-05-16,0.08,42111.0,53.0,11900.0,0.0788,0.08,0.0788,10000611,2016-05-25,2016-05-25,C,2.0,2016-03-29
12469,2016-05-16 14:50:00,2016-05-16,0.0801,28723.0,36.0,11867.0,0.08,0.0795,0.0795,10000611,2016-05-25,2016-05-25,C,2.0,2016-03-29
12470,2016-05-16 14:51:00,2016-05-16,0.0799,9544.0,12.0,11867.0,0.0799,0.0795,0.0795,10000611,2016-05-25,2016-05-25,C,2.0,2016-03-29
12471,2016-05-16 14:52:00,2016-05-16,0.0797,10359.0,13.0,11856.0,0.0795,0.0797,0.0795,10000611,2016-05-25,2016-05-25,C,2.0,2016-03-29
12472,2016-05-16 14:53:00,2016-05-16,0.0798,26300.0,33.0,11864.0,0.0797,0.0797,0.0795,10000611,2016-05-25,2016-05-25,C,2.0,2016-03-29
12473,2016-05-16 14:54:00,2016-05-16,0.0798,1593.0,2.0,11864.0,0.0797,0.0795,0.0795,10000611,2016-05-25,2016-05-25,C,2.0,2016-03-29
12474,2016-05-16 14:55:00,2016-05-16,0.0801,19936.0,25.0,11845.0,0.0798,0.0801,0.0795,10000611,2016-05-25,2016-05-25,C,2.0,2016-03-29
12475,2016-05-16 14:56:00,2016-05-16,0.0804,19118.0,24.0,11836.0,0.0802,0.0791,0.0791,10000611,2016-05-25,2016-05-25,C,2.0,2016-03-29
12476,2016-05-16 14:57:00,2016-05-16,0.0796,8731.0,11.0,11841.0,0.0791,0.0794,0.0791,10000611,2016-05-25,2016-05-25,C,2.0,2016-03-29
12477,2016-05-16 14:58:00,2016-05-16,0.0794,0.0,0.0,11841.0,0.0794,0.0794,0.0794,10000611,2016-05-25,2016-05-25,C,2.0,2016-03-29
12478,2016-05-16 14:59:00,2016-05-16,0.0794,0.0,0.0,11841.0,0.0794,0.0794,0.0794,10000611,2016-05-25,2016-05-25,C,2.0,2016-03-29
12479,2016-05-16 15:00:00,2016-05-16,0.0794,0.0,0.0,11841.0,0.0794,0.0794,0.0794,10000611,2016-05-25,2016-05-25,C,2.0,2016-03-29
12480,2016-05-16 09:31:00,2016-05-16,0.1215,18019.0,15.0,1387.0,0.1209,0.1196,0.1196,10000627,2016-05-25,2016-05-25,C,1.95,2016-05-10
12481,2016-05-16 09:32:00,2016-05-16,0.1215,13349.0,11.0,1384.0,0.1196,0.1199,0.1196,10000627,2016-05-25,2016-05-25,C,1.95,2016-05-10
12482,2016-05-16 09:33:00,2016-05-16,0.1211,2422.0,2.0,1386.0,0.1199,0.1211,0.1199,10000627,2016-05-25,2016-05-25,C,1.95,2016-05-10
12483,2016-05-16 09:34:00,2016-05-16,0.1211,4836.0,4.0,1388.0,0.1211,0.1209,0.1209,10000627,2016-05-25,2016-05-25,C,1.95,2016-05-10
12484,2016-05-16 09:35:00,2016-05-16,0.123,40352.0,33.0,1390.0,0.1209,0.123,0.1209,10000627,2016-05-25,2016-05-25,C,1.95,2016-05-10
12485,2016-05-16 09:36:00,2016-05-16,0.1261,55608.0,45.0,1420.0,0.123,0.1232,0.123,10000627,2016-05-25,2016-05-25,C,1.95,2016-05-10
12486,2016-05-16 09:37:00,2016-05-16,0.1232,0.0,0.0,1420.0,0.1232,0.1232,0.1232,10000627,2016-05-25,2016-05-25,C,1.95,2016-05-10
12487,2016-05-16 09:38:00,2016-05-16,0.1232,31781.0,26.0,1419.0,0.1232,0.122,0.122,10000627,2016-05-25,2016-05-25,C,1.95,2016-05-10
12488,2016-05-16 09:39:00,2016-05-16,0.122,0.0,0.0,1419.0,0.122,0.122,0.122,10000627,2016-05-25,2016-05-25,C,1.95,2016-05-10
12489,2016-05-16 09:40:00,2016-05-16,0.122,0.0,0.0,1419.0,0.122,0.122,0.122,10000627,2016-05-25,2016-05-25,C,1.95,2016-05-10
12490,2016-05-16 09:41:00,2016-05-16,0.1225,1225.0,1.0,1419.0,0.122,0.1225,0.122,10000627,2016-05-25,2016-05-25,C,1.95,2016-05-10
12491,2016-05-16 09:42:00,2016-05-16,0.1225,0.0,0.0,1419.0,0.1225,0.1225,0.1225,10000627,2016-05-25,2016-05-25,C,1.95,2016-05-10
12492,2016-05-16 09:43:00,2016-05-16,0.1225,0.0,0.0,1419.0,0.1225,0.1225,0.1225,10000627,2016-05-25,2016-05-25,C,1.95,2016-05-10
12493,2016-05-16 09:44:00,2016-05-16,0.1225,13426.0,11.0,1423.0,0.1225,0.1218,0.1218,10000627,2016-05-25,2016-05-25,C,1.95,2016-05-10
12494,2016-05-16 09:45:00,2016-05-16,0.1218,12020.0,10.0,1423.0,0.1218,0.1202,0.1202,10000627,2016-05-25,2016-05-25,C,1.95,2016-05-10
12495,2016-05-16 09:46:00,2016-05-16,0.1202,12020.0,10.0,1422.0,0.1202,0.1202,0.1202,10000627,2016-05-25,2016-05-25,C,1.95,2016-05-10
12496,2016-05-16 09:47:00,2016-05-16,0.1202,22734.0,19.0,1432.0,0.1202,0.1196,0.1196,10000627,2016-05-25,2016-05-25,C,1.95,2016-05-10
12497,2016-05-16 09:48:00,2016-05-16,0.1196,4780.0,4.0,1432.0,0.1196,0.1195,0.1195,10000627,2016-05-25,2016-05-25,C,1.95,2016-05-10
12498,2016-05-16 09:49:00,2016-05-16,0.1195,0.0,0.0,1432.0,0.1195,0.1195,0.1195,10000627,2016-05-25,2016-05-25,C,1.95,2016-05-10
12499,2016-05-16 09:50:00,2016-05-16,0.1197,22725.0,19.0,1437.0,0.1195,0.1195,0.1195,10000627,2016-05-25,2016-05-25,C,1.95,2016-05-10
12500,2016-05-16 09:51:00,2016-05-16,0.1195,0.0,0.0,1437.0,0.1195,0.1195,0.1195,10000627,2016-05-25,2016-05-25,C,1.95,2016-05-10
12501,2016-05-16 09:52:00,2016-05-16,0.1197,30971.0,26.0,1450.0,0.1195,0.1189,0.1189,10000627,2016-05-25,2016-05-25,C,1.95,2016-05-10
12502,2016-05-16 09:53:00,2016-05-16,0.1189,183263.0,159.0,1495.0,0.1189,0.1139,0.1139,10000627,2016-05-25,2016-05-25,C,1.95,2016-05-10
12503,2016-05-16 09:54:00,2016-05-16,0.1146,119308.0,105.0,1525.0,0.1139,0.1145,0.1123,10000627,2016-05-25,2016-05-25,C,1.95,2016-05-10
12504,2016-05-16 09:55:00,2016-05-16,0.1146,55345.0,49.0,1550.0,0.1145,0.1139,0.112,10000627,2016-05-25,2016-05-25,C,1.95,2016-05-10
12505,2016-05-16 09:56:00,2016-05-16,0.1148,30786.0,27.0,1559.0,0.1139,0.1148,0.113,10000627,2016-05-25,2016-05-25,C,1.95,2016-05-10
12506,2016-05-16 09:57:00,2016-05-16,0.1155,19573.0,17.0,1554.0,0.1148,0.1155,0.1129,10000627,2016-05-25,2016-05-25,C,1.95,2016-05-10
12507,2016-05-16 09:58:00,2016-05-16,0.1155,19635.0,17.0,1552.0,0.1155,0.1155,0.1155,10000627,2016-05-25,2016-05-25,C,1.95,2016-05-10
12508,2016-05-16 09:59:00,2016-05-16,0.1155,0.0,0.0,1552.0,0.1155,0.1155,0.1155,10000627,2016-05-25,2016-05-25,C,1.95,2016-05-10
12509,2016-05-16 10:00:00,2016-05-16,0.1155,0.0,0.0,1552.0,0.1155,0.1155,0.1155,10000627,2016-05-25,2016-05-25,C,1.95,2016-05-10
12510,2016-05-16 10:01:00,2016-05-16,0.1155,24957.0,22.0,1555.0,0.1155,0.112,0.112,10000627,2016-05-25,2016-05-25,C,1.95,2016-05-10
12511,2016-05-16 10:02:00,2016-05-16,0.112,0.0,0.0,1555.0,0.112,0.112,0.112,10000627,2016-05-25,2016-05-25,C,1.95,2016-05-10
12512,2016-05-16 10:03:00,2016-05-16,0.112,0.0,0.0,1555.0,0.112,0.112,0.112,10000627,2016-05-25,2016-05-25,C,1.95,2016-05-10
12513,2016-05-16 10:04:00,2016-05-16,0.1151,2302.0,2.0,1553.0,0.112,0.1151,0.112,10000627,2016-05-25,2016-05-25,C,1.95,2016-05-10
12514,2016-05-16 10:05:00,2016-05-16,0.1151,0.0,0.0,1553.0,0.1151,0.1151,0.1151,10000627,2016-05-25,2016-05-25,C,1.95,2016-05-10
12515,2016-05-16 10:06:00,2016-05-16,0.1159,24284.0,21.0,1542.0,0.1151,0.1154,0.1151,10000627,2016-05-25,2016-05-25,C,1.95,2016-05-10
12516,2016-05-16 10:07:00,2016-05-16,0.118,23267.0,20.0,1546.0,0.1154,0.118,0.1154,10000627,2016-05-25,2016-05-25,C,1.95,2016-05-10
12517,2016-05-16 10:08:00,2016-05-16,0.118,0.0,0.0,1546.0,0.118,0.118,0.118,10000627,2016-05-25,2016-05-25,C,1.95,2016-05-10
12518,2016-05-16 10:09:00,2016-05-16,0.118,2348.0,2.0,1546.0,0.118,0.117,0.117,10000627,2016-05-25,2016-05-25,C,1.95,2016-05-10
12519,2016-05-16 10:10:00,2016-05-16,0.1179,1179.0,1.0,1546.0,0.117,0.1179,0.117,10000627,2016-05-25,2016-05-25,C,1.95,2016-05-10
12520,2016-05-16 10:11:00,2016-05-16,0.1171,18727.0,16.0,1541.0,0.1171,0.1171,0.1164,10000627,2016-05-25,2016-05-25,C,1.95,2016-05-10
12521,2016-05-16 10:12:00,2016-05-16,0.1177,43422.0,37.0,1544.0,0.1171,0.1173,0.1169,10000627,2016-05-25,2016-05-25,C,1.95,2016-05-10
12522,2016-05-16 10:13:00,2016-05-16,0.1192,33240.0,28.0,1531.0,0.1173,0.1192,0.1173,10000627,2016-05-25,2016-05-25,C,1.95,2016-05-10
12523,2016-05-16 10:14:00,2016-05-16,0.1192,2362.0,2.0,1532.0,0.1192,0.1181,0.1181,10000627,2016-05-25,2016-05-25,C,1.95,2016-05-10
12524,2016-05-16 10:15:00,2016-05-16,0.1188,11880.0,10.0,1522.0,0.1181,0.1188,0.1181,10000627,2016-05-25,2016-05-25,C,1.95,2016-05-10
12525,2016-05-16 10:16:00,2016-05-16,0.1188,0.0,0.0,1522.0,0.1188,0.1188,0.1188,10000627,2016-05-25,2016-05-25,C,1.95,2016-05-10
12526,2016-05-16 10:17:00,2016-05-16,0.1188,0.0,0.0,1522.0,0.1188,0.1188,0.1188,10000627,2016-05-25,2016-05-25,C,1.95,2016-05-10
12527,2016-05-16 10:18:00,2016-05-16,0.1188,3543.0,3.0,1524.0,0.1188,0.1179,0.1179,10000627,2016-05-25,2016-05-25,C,1.95,2016-05-10
12528,2016-05-16 10:19:00,2016-05-16,0.1179,1179.0,1.0,1525.0,0.1179,0.1179,0.1179,10000627,2016-05-25,2016-05-25,C,1.95,2016-05-10
12529,2016-05-16 10:20:00,2016-05-16,0.119,2369.0,2.0,1525.0,0.1179,0.1179,0.1179,10000627,2016-05-25,2016-05-25,C,1.95,2016-05-10
12530,2016-05-16 10:21:00,2016-05-16,0.1179,0.0,0.0,1525.0,0.1179,0.1179,0.1179,10000627,2016-05-25,2016-05-25,C,1.95,2016-05-10
12531,2016-05-16 10:22:00,2016-05-16,0.1179,0.0,0.0,1525.0,0.1179,0.1179,0.1179,10000627,2016-05-25,2016-05-25,C,1.95,2016-05-10
12532,2016-05-16 10:23:00,2016-05-16,0.1179,14133.0,12.0,1537.0,0.1179,0.1174,0.1174,10000627,2016-05-25,2016-05-25,C,1.95,2016-05-10
12533,2016-05-16 10:24:00,2016-05-16,0.1174,9336.0,8.0,1537.0,0.1174,0.1166,0.1166,10000627,2016-05-25,2016-05-25,C,1.95,2016-05-10
12534,2016-05-16 10:25:00,2016-05-16,0.1166,0.0,0.0,1537.0,0.1166,0.1166,0.1166,10000627,2016-05-25,2016-05-25,C,1.95,2016-05-10
12535,2016-05-16 10:26:00,2016-05-16,0.1173,14058.0,12.0,1537.0,0.1166,0.1173,0.1166,10000627,2016-05-25,2016-05-25,C,1.95,2016-05-10
12536,2016-05-16 10:27:00,2016-05-16,0.1173,0.0,0.0,1537.0,0.1173,0.1173,0.1173,10000627,2016-05-25,2016-05-25,C,1.95,2016-05-10
12537,2016-05-16 10:28:00,2016-05-16,0.1183,20099.0,17.0,1542.0,0.1173,0.1183,0.1173,10000627,2016-05-25,2016-05-25,C,1.95,2016-05-10
12538,2016-05-16 10:29:00,2016-05-16,0.1198,33383.0,28.0,1566.0,0.1183,0.1198,0.1183,10000627,2016-05-25,2016-05-25,C,1.95,2016-05-10
12539,2016-05-16 10:30:00,2016-05-16,0.1199,10741.0,9.0,1566.0,0.1198,0.1199,0.1191,10000627,2016-05-25,2016-05-25,C,1.95,2016-05-10
12540,2016-05-16 10:31:00,2016-05-16,0.1199,0.0,0.0,1566.0,0.1199,0.1199,0.1199,10000627,2016-05-25,2016-05-25,C,1.95,2016-05-10
12541,2016-05-16 10:32:00,2016-05-16,0.1199,0.0,0.0,1566.0,0.1199,0.1199,0.1199,10000627,2016-05-25,2016-05-25,C,1.95,2016-05-10
12542,2016-05-16 10:33:00,2016-05-16,0.1199,45525.0,38.0,1586.0,0.1199,0.1196,0.1196,10000627,2016-05-25,2016-05-25,C,1.95,2016-05-10
12543,2016-05-16 10:34:00,2016-05-16,0.1196,0.0,0.0,1586.0,0.1196,0.1196,0.1196,10000627,2016-05-25,2016-05-25,C,1.95,2016-05-10
12544,2016-05-16 10:35:00,2016-05-16,0.1196,0.0,0.0,1586.0,0.1196,0.1196,0.1196,10000627,2016-05-25,2016-05-25,C,1.95,2016-05-10
12545,2016-05-16 10:36:00,2016-05-16,0.1196,0.0,0.0,1586.0,0.1196,0.1196,0.1196,10000627,2016-05-25,2016-05-25,C,1.95,2016-05-10
12546,2016-05-16 10:37:00,2016-05-16,0.1204,36120.0,30.0,1601.0,0.1196,0.1204,0.1196,10000627,2016-05-25,2016-05-25,C,1.95,2016-05-10
12547,2016-05-16 10:38:00,2016-05-16,0.1204,0.0,0.0,1601.0,0.1204,0.1204,0.1204,10000627,2016-05-25,2016-05-25,C,1.95,2016-05-10
12548,2016-05-16 10:39:00,2016-05-16,0.1204,5951.0,5.0,1606.0,0.1204,0.1192,0.1189,10000627,2016-05-25,2016-05-25,C,1.95,2016-05-10
12549,2016-05-16 10:40:00,2016-05-16,0.1194,15467.0,13.0,1618.0,0.1192,0.1194,0.1189,10000627,2016-05-25,2016-05-25,C,1.95,2016-05-10
12550,2016-05-16 10:41:00,2016-05-16,0.1194,0.0,0.0,1618.0,0.1194,0.1194,0.1194,10000627,2016-05-25,2016-05-25,C,1.95,2016-05-10
12551,2016-05-16 10:42:00,2016-05-16,0.1194,0.0,0.0,1618.0,0.1194,0.1194,0.1194,10000627,2016-05-25,2016-05-25,C,1.95,2016-05-10
12552,2016-05-16 10:43:00,2016-05-16,0.1194,0.0,0.0,1618.0,0.1194,0.1194,0.1194,10000627,2016-05-25,2016-05-25,C,1.95,2016-05-10
12553,2016-05-16 10:44:00,2016-05-16,0.1194,0.0,0.0,1618.0,0.1194,0.1194,0.1194,10000627,2016-05-25,2016-05-25,C,1.95,2016-05-10
12554,2016-05-16 10:45:00,2016-05-16,0.1194,11820.0,10.0,1618.0,0.1194,0.1182,0.1182,10000627,2016-05-25,2016-05-25,C,1.95,2016-05-10
12555,2016-05-16 10:46:00,2016-05-16,0.119,2380.0,2.0,1618.0,0.1182,0.119,0.1182,10000627,2016-05-25,2016-05-25,C,1.95,2016-05-10
12556,2016-05-16 10:47:00,2016-05-16,0.119,0.0,0.0,1618.0,0.119,0.119,0.119,10000627,2016-05-25,2016-05-25,C,1.95,2016-05-10
12557,2016-05-16 10:48:00,2016-05-16,0.119,0.0,0.0,1618.0,0.119,0.119,0.119,10000627,2016-05-25,2016-05-25,C,1.95,2016-05-10
12558,2016-05-16 10:49:00,2016-05-16,0.1219,40030.0,33.0,1611.0,0.1204,0.1218,0.1204,10000627,2016-05-25,2016-05-25,C,1.95,2016-05-10
12559,2016-05-16 10:50:00,2016-05-16,0.1218,0.0,0.0,1611.0,0.1218,0.1218,0.1218,10000627,2016-05-25,2016-05-25,C,1.95,2016-05-10
12560,2016-05-16 10:51:00,2016-05-16,0.1239,30975.0,25.0,1603.0,0.1218,0.1239,0.1218,10000627,2016-05-25,2016-05-25,C,1.95,2016-05-10
12561,2016-05-16 10:52:00,2016-05-16,0.1246,6230.0,5.0,1603.0,0.1239,0.1246,0.1239,10000627,2016-05-25,2016-05-25,C,1.95,2016-05-10
12562,2016-05-16 10:53:00,2016-05-16,0.1246,0.0,0.0,1603.0,0.1246,0.1246,0.1246,10000627,2016-05-25,2016-05-25,C,1.95,2016-05-10
12563,2016-05-16 10:54:00,2016-05-16,0.1246,0.0,0.0,1603.0,0.1246,0.1246,0.1246,10000627,2016-05-25,2016-05-25,C,1.95,2016-05-10
12564,2016-05-16 10:55:00,2016-05-16,0.1248,2494.0,2.0,1603.0,0.1246,0.1248,0.1246,10000627,2016-05-25,2016-05-25,C,1.95,2016-05-10
12565,2016-05-16 10:56:00,2016-05-16,0.1266,22575.0,18.0,1598.0,0.1248,0.1266,0.1248,10000627,2016-05-25,2016-05-25,C,1.95,2016-05-10
12566,2016-05-16 10:57:00,2016-05-16,0.1266,0.0,0.0,1598.0,0.1266,0.1266,0.1266,10000627,2016-05-25,2016-05-25,C,1.95,2016-05-10
12567,2016-05-16 10:58:00,2016-05-16,0.1266,32916.0,26.0,1590.0,0.1266,0.1266,0.1266,10000627,2016-05-25,2016-05-25,C,1.95,2016-05-10
12568,2016-05-16 10:59:00,2016-05-16,0.1295,28360.0,22.0,1572.0,0.1269,0.1295,0.1269,10000627,2016-05-25,2016-05-25,C,1.95,2016-05-10
12569,2016-05-16 11:00:00,2016-05-16,0.131,45530.0,35.0,1554.0,0.1295,0.1288,0.1288,10000627,2016-05-25,2016-05-25,C,1.95,2016-05-10
12570,2016-05-16 11:01:00,2016-05-16,0.1318,57742.0,44.0,1560.0,0.1288,0.1318,0.1288,10000627,2016-05-25,2016-05-25,C,1.95,2016-05-10
12571,2016-05-16 11:02:00,2016-05-16,0.1318,0.0,0.0,1560.0,0.1318,0.1318,0.1318,10000627,2016-05-25,2016-05-25,C,1.95,2016-05-10
12572,2016-05-16 11:03:00,2016-05-16,0.1318,14300.0,11.0,1559.0,0.1318,0.129,0.129,10000627,2016-05-25,2016-05-25,C,1.95,2016-05-10
12573,2016-05-16 11:04:00,2016-05-16,0.129,12900.0,10.0,1568.0,0.129,0.129,0.129,10000627,2016-05-25,2016-05-25,C,1.95,2016-05-10
12574,2016-05-16 11:05:00,2016-05-16,0.129,12820.0,10.0,1568.0,0.129,0.1282,0.1282,10000627,2016-05-25,2016-05-25,C,1.95,2016-05-10
12575,2016-05-16 11:06:00,2016-05-16,0.129,1290.0,1.0,1568.0,0.129,0.129,0.129,10000627,2016-05-25,2016-05-25,C,1.95,2016-05-10
12576,2016-05-16 11:07:00,2016-05-16,0.129,0.0,0.0,1568.0,0.129,0.129,0.129,10000627,2016-05-25,2016-05-25,C,1.95,2016-05-10
12577,2016-05-16 11:08:00,2016-05-16,0.129,0.0,0.0,1568.0,0.129,0.129,0.129,10000627,2016-05-25,2016-05-25,C,1.95,2016-05-10
12578,2016-05-16 11:09:00,2016-05-16,0.129,0.0,0.0,1568.0,0.129,0.129,0.129,10000627,2016-05-25,2016-05-25,C,1.95,2016-05-10
12579,2016-05-16 11:10:00,2016-05-16,0.129,1286.0,1.0,1568.0,0.129,0.1286,0.1286,10000627,2016-05-25,2016-05-25,C,1.95,2016-05-10
12580,2016-05-16 11:11:00,2016-05-16,0.1286,0.0,0.0,1568.0,0.1286,0.1286,0.1286,10000627,2016-05-25,2016-05-25,C,1.95,2016-05-10
12581,2016-05-16 11:12:00,2016-05-16,0.1286,22822.0,18.0,1550.0,0.1286,0.1267,0.1267,10000627,2016-05-25,2016-05-25,C,1.95,2016-05-10
12582,2016-05-16 11:13:00,2016-05-16,0.1267,0.0,0.0,1550.0,0.1267,0.1267,0.1267,10000627,2016-05-25,2016-05-25,C,1.95,2016-05-10
12583,2016-05-16 11:14:00,2016-05-16,0.1283,2565.0,2.0,1548.0,0.1267,0.1283,0.1267,10000627,2016-05-25,2016-05-25,C,1.95,2016-05-10
12584,2016-05-16 11:15:00,2016-05-16,0.1296,22009.0,17.0,1538.0,0.1283,0.1293,0.1283,10000627,2016-05-25,2016-05-25,C,1.95,2016-05-10
12585,2016-05-16 11:16:00,2016-05-16,0.1293,2566.0,2.0,1538.0,0.1293,0.1283,0.1283,10000627,2016-05-25,2016-05-25,C,1.95,2016-05-10
12586,2016-05-16 11:17:00,2016-05-16,0.1283,0.0,0.0,1538.0,0.1283,0.1283,0.1283,10000627,2016-05-25,2016-05-25,C,1.95,2016-05-10
12587,2016-05-16 11:18:00,2016-05-16,0.1283,0.0,0.0,1538.0,0.1283,0.1283,0.1283,10000627,2016-05-25,2016-05-25,C,1.95,2016-05-10
12588,2016-05-16 11:19:00,2016-05-16,0.1283,0.0,0.0,1538.0,0.1283,0.1283,0.1283,10000627,2016-05-25,2016-05-25,C,1.95,2016-05-10
12589,2016-05-16 11:20:00,2016-05-16,0.1283,0.0,0.0,1538.0,0.1283,0.1283,0.1283,10000627,2016-05-25,2016-05-25,C,1.95,2016-05-10
12590,2016-05-16 11:21:00,2016-05-16,0.1295,15540.0,12.0,1538.0,0.1283,0.1295,0.1283,10000627,2016-05-25,2016-05-25,C,1.95,2016-05-10
12591,2016-05-16 11:22:00,2016-05-16,0.1295,6443.0,5.0,1537.0,0.1295,0.1281,0.1281,10000627,2016-05-25,2016-05-25,C,1.95,2016-05-10
12592,2016-05-16 11:23:00,2016-05-16,0.1281,0.0,0.0,1537.0,0.1281,0.1281,0.1281,10000627,2016-05-25,2016-05-25,C,1.95,2016-05-10
12593,2016-05-16 11:24:00,2016-05-16,0.1281,0.0,0.0,1537.0,0.1281,0.1281,0.1281,10000627,2016-05-25,2016-05-25,C,1.95,2016-05-10
12594,2016-05-16 11:25:00,2016-05-16,0.1281,0.0,0.0,1537.0,0.1281,0.1281,0.1281,10000627,2016-05-25,2016-05-25,C,1.95,2016-05-10
12595,2016-05-16 11:26:00,2016-05-16,0.1281,0.0,0.0,1537.0,0.1281,0.1281,0.1281,10000627,2016-05-25,2016-05-25,C,1.95,2016-05-10
12596,2016-05-16 11:27:00,2016-05-16,0.1281,0.0,0.0,1537.0,0.1281,0.1281,0.1281,10000627,2016-05-25,2016-05-25,C,1.95,2016-05-10
12597,2016-05-16 11:28:00,2016-05-16,0.1281,0.0,0.0,1537.0,0.1281,0.1281,0.1281,10000627,2016-05-25,2016-05-25,C,1.95,2016-05-10
12598,2016-05-16 11:29:00,2016-05-16,0.1288,6440.0,5.0,1542.0,0.1288,0.1288,0.1288,10000627,2016-05-25,2016-05-25,C,1.95,2016-05-10
12599,2016-05-16 11:30:00,2016-05-16,0.1288,0.0,0.0,1542.0,0.1288,0.1288,0.1288,10000627,2016-05-25,2016-05-25,C,1.95,2016-05-10
12600,2016-05-16 13:01:00,2016-05-16,0.1288,2552.0,2.0,1542.0,0.1288,0.1276,0.1276,10000627,2016-05-25,2016-05-25,C,1.95,2016-05-10
12601,2016-05-16 13:02:00,2016-05-16,0.1276,26498.0,21.0,1538.0,0.1276,0.1259,0.1259,10000627,2016-05-25,2016-05-25,C,1.95,2016-05-10
12602,2016-05-16 13:03:00,2016-05-16,0.1259,0.0,0.0,1538.0,0.1259,0.1259,0.1259,10000627,2016-05-25,2016-05-25,C,1.95,2016-05-10
12603,2016-05-16 13:04:00,2016-05-16,0.1259,0.0,0.0,1538.0,0.1259,0.1259,0.1259,10000627,2016-05-25,2016-05-25,C,1.95,2016-05-10
12604,2016-05-16 13:05:00,2016-05-16,0.1259,0.0,0.0,1538.0,0.1259,0.1259,0.1259,10000627,2016-05-25,2016-05-25,C,1.95,2016-05-10
12605,2016-05-16 13:06:00,2016-05-16,0.1259,0.0,0.0,1538.0,0.1259,0.1259,0.1259,10000627,2016-05-25,2016-05-25,C,1.95,2016-05-10
12606,2016-05-16 13:07:00,2016-05-16,0.1259,0.0,0.0,1538.0,0.1259,0.1259,0.1259,10000627,2016-05-25,2016-05-25,C,1.95,2016-05-10
12607,2016-05-16 13:08:00,2016-05-16,0.1259,0.0,0.0,1538.0,0.1259,0.1259,0.1259,10000627,2016-05-25,2016-05-25,C,1.95,2016-05-10
12608,2016-05-16 13:09:00,2016-05-16,0.1259,0.0,0.0,1538.0,0.1259,0.1259,0.1259,10000627,2016-05-25,2016-05-25,C,1.95,2016-05-10
12609,2016-05-16 13:10:00,2016-05-16,0.1259,0.0,0.0,1538.0,0.1259,0.1259,0.1259,10000627,2016-05-25,2016-05-25,C,1.95,2016-05-10
12610,2016-05-16 13:11:00,2016-05-16,0.1259,0.0,0.0,1538.0,0.1259,0.1259,0.1259,10000627,2016-05-25,2016-05-25,C,1.95,2016-05-10
12611,2016-05-16 13:12:00,2016-05-16,0.1259,0.0,0.0,1538.0,0.1259,0.1259,0.1259,10000627,2016-05-25,2016-05-25,C,1.95,2016-05-10
12612,2016-05-16 13:13:00,2016-05-16,0.1259,0.0,0.0,1538.0,0.1259,0.1259,0.1259,10000627,2016-05-25,2016-05-25,C,1.95,2016-05-10
12613,2016-05-16 13:14:00,2016-05-16,0.127,12700.0,10.0,1548.0,0.1259,0.127,0.1259,10000627,2016-05-25,2016-05-25,C,1.95,2016-05-10
12614,2016-05-16 13:15:00,2016-05-16,0.127,0.0,0.0,1548.0,0.127,0.127,0.127,10000627,2016-05-25,2016-05-25,C,1.95,2016-05-10
12615,2016-05-16 13:16:00,2016-05-16,0.127,0.0,0.0,1548.0,0.127,0.127,0.127,10000627,2016-05-25,2016-05-25,C,1.95,2016-05-10
12616,2016-05-16 13:17:00,2016-05-16,0.127,0.0,0.0,1548.0,0.127,0.127,0.127,10000627,2016-05-25,2016-05-25,C,1.95,2016-05-10
12617,2016-05-16 13:18:00,2016-05-16,0.127,25247.0,20.0,1548.0,0.127,0.1263,0.1261,10000627,2016-05-25,2016-05-25,C,1.95,2016-05-10
12618,2016-05-16 13:19:00,2016-05-16,0.1263,0.0,0.0,1548.0,0.1263,0.1263,0.1263,10000627,2016-05-25,2016-05-25,C,1.95,2016-05-10
12619,2016-05-16 13:20:00,2016-05-16,0.1263,2512.0,2.0,1550.0,0.1263,0.1256,0.1256,10000627,2016-05-25,2016-05-25,C,1.95,2016-05-10
12620,2016-05-16 13:21:00,2016-05-16,0.1256,1251.0,1.0,1551.0,0.1256,0.1251,0.1251,10000627,2016-05-25,2016-05-25,C,1.95,2016-05-10
12621,2016-05-16 13:22:00,2016-05-16,0.1251,0.0,0.0,1551.0,0.1251,0.1251,0.1251,10000627,2016-05-25,2016-05-25,C,1.95,2016-05-10
12622,2016-05-16 13:23:00,2016-05-16,0.1251,0.0,0.0,1551.0,0.1251,0.1251,0.1251,10000627,2016-05-25,2016-05-25,C,1.95,2016-05-10
12623,2016-05-16 13:24:00,2016-05-16,0.1251,1250.0,1.0,1552.0,0.1251,0.125,0.125,10000627,2016-05-25,2016-05-25,C,1.95,2016-05-10
12624,2016-05-16 13:25:00,2016-05-16,0.125,4976.0,4.0,1556.0,0.125,0.1244,0.1244,10000627,2016-05-25,2016-05-25,C,1.95,2016-05-10
12625,2016-05-16 13:26:00,2016-05-16,0.1244,13514.0,11.0,1556.0,0.1244,0.1228,0.1228,10000627,2016-05-25,2016-05-25,C,1.95,2016-05-10
12626,2016-05-16 13:27:00,2016-05-16,0.123,1230.0,1.0,1555.0,0.1228,0.123,0.1228,10000627,2016-05-25,2016-05-25,C,1.95,2016-05-10
12627,2016-05-16 13:28:00,2016-05-16,0.1235,12350.0,10.0,1555.0,0.123,0.1235,0.123,10000627,2016-05-25,2016-05-25,C,1.95,2016-05-10
12628,2016-05-16 13:29:00,2016-05-16,0.125,11250.0,9.0,1564.0,0.1235,0.125,0.1235,10000627,2016-05-25,2016-05-25,C,1.95,2016-05-10
12629,2016-05-16 13:30:00,2016-05-16,0.125,7434.0,6.0,1570.0,0.125,0.1239,0.1239,10000627,2016-05-25,2016-05-25,C,1.95,2016-05-10
12630,2016-05-16 13:31:00,2016-05-16,0.1248,1248.0,1.0,1569.0,0.1239,0.1248,0.1239,10000627,2016-05-25,2016-05-25,C,1.95,2016-05-10
12631,2016-05-16 13:32:00,2016-05-16,0.1248,3744.0,3.0,1566.0,0.1248,0.1248,0.1248,10000627,2016-05-25,2016-05-25,C,1.95,2016-05-10
12632,2016-05-16 13:33:00,2016-05-16,0.1248,0.0,0.0,1566.0,0.1248,0.1248,0.1248,10000627,2016-05-25,2016-05-25,C,1.95,2016-05-10
12633,2016-05-16 13:34:00,2016-05-16,0.1255,13785.0,11.0,1575.0,0.1248,0.1255,0.1248,10000627,2016-05-25,2016-05-25,C,1.95,2016-05-10
12634,2016-05-16 13:35:00,2016-05-16,0.1255,1255.0,1.0,1576.0,0.1255,0.1255,0.1255,10000627,2016-05-25,2016-05-25,C,1.95,2016-05-10
12635,2016-05-16 13:36:00,2016-05-16,0.1255,0.0,0.0,1576.0,0.1255,0.1255,0.1255,10000627,2016-05-25,2016-05-25,C,1.95,2016-05-10
12636,2016-05-16 13:37:00,2016-05-16,0.1255,0.0,0.0,1576.0,0.1255,0.1255,0.1255,10000627,2016-05-25,2016-05-25,C,1.95,2016-05-10
12637,2016-05-16 13:38:00,2016-05-16,0.1255,0.0,0.0,1576.0,0.1255,0.1255,0.1255,10000627,2016-05-25,2016-05-25,C,1.95,2016-05-10
12638,2016-05-16 13:39:00,2016-05-16,0.1255,0.0,0.0,1576.0,0.1255,0.1255,0.1255,10000627,2016-05-25,2016-05-25,C,1.95,2016-05-10
12639,2016-05-16 13:40:00,2016-05-16,0.1255,0.0,0.0,1576.0,0.1255,0.1255,0.1255,10000627,2016-05-25,2016-05-25,C,1.95,2016-05-10
12640,2016-05-16 13:41:00,2016-05-16,0.1255,0.0,0.0,1576.0,0.1255,0.1255,0.1255,10000627,2016-05-25,2016-05-25,C,1.95,2016-05-10
12641,2016-05-16 13:42:00,2016-05-16,0.1255,0.0,0.0,1576.0,0.1255,0.1255,0.1255,10000627,2016-05-25,2016-05-25,C,1.95,2016-05-10
12642,2016-05-16 13:43:00,2016-05-16,0.1261,2511.0,2.0,1576.0,0.1255,0.1261,0.125,10000627,2016-05-25,2016-05-25,C,1.95,2016-05-10
12643,2016-05-16 13:44:00,2016-05-16,0.1266,7596.0,6.0,1570.0,0.1266,0.1266,0.1266,10000627,2016-05-25,2016-05-25,C,1.95,2016-05-10
12644,2016-05-16 13:45:00,2016-05-16,0.1266,0.0,0.0,1570.0,0.1266,0.1266,0.1266,10000627,2016-05-25,2016-05-25,C,1.95,2016-05-10
12645,2016-05-16 13:46:00,2016-05-16,0.1266,0.0,0.0,1570.0,0.1266,0.1266,0.1266,10000627,2016-05-25,2016-05-25,C,1.95,2016-05-10
12646,2016-05-16 13:47:00,2016-05-16,0.1266,0.0,0.0,1570.0,0.1266,0.1266,0.1266,10000627,2016-05-25,2016-05-25,C,1.95,2016-05-10
12647,2016-05-16 13:48:00,2016-05-16,0.1266,0.0,0.0,1570.0,0.1266,0.1266,0.1266,10000627,2016-05-25,2016-05-25,C,1.95,2016-05-10
12648,2016-05-16 13:49:00,2016-05-16,0.1266,0.0,0.0,1570.0,0.1266,0.1266,0.1266,10000627,2016-05-25,2016-05-25,C,1.95,2016-05-10
12649,2016-05-16 13:50:00,2016-05-16,0.1266,5036.0,4.0,1574.0,0.1266,0.1259,0.1259,10000627,2016-05-25,2016-05-25,C,1.95,2016-05-10
12650,2016-05-16 13:51:00,2016-05-16,0.1259,12460.0,10.0,1584.0,0.1259,0.1246,0.1246,10000627,2016-05-25,2016-05-25,C,1.95,2016-05-10
12651,2016-05-16 13:52:00,2016-05-16,0.1246,0.0,0.0,1584.0,0.1246,0.1246,0.1246,10000627,2016-05-25,2016-05-25,C,1.95,2016-05-10
12652,2016-05-16 13:53:00,2016-05-16,0.1246,0.0,0.0,1584.0,0.1246,0.1246,0.1246,10000627,2016-05-25,2016-05-25,C,1.95,2016-05-10
12653,2016-05-16 13:54:00,2016-05-16,0.1246,0.0,0.0,1584.0,0.1246,0.1246,0.1246,10000627,2016-05-25,2016-05-25,C,1.95,2016-05-10
12654,2016-05-16 13:55:00,2016-05-16,0.127,46961.0,37.0,1581.0,0.1246,0.127,0.1246,10000627,2016-05-25,2016-05-25,C,1.95,2016-05-10
12655,2016-05-16 13:56:00,2016-05-16,0.1289,64156.0,50.0,1571.0,0.127,0.1288,0.127,10000627,2016-05-25,2016-05-25,C,1.95,2016-05-10
12656,2016-05-16 13:57:00,2016-05-16,0.1288,0.0,0.0,1571.0,0.1288,0.1288,0.1288,10000627,2016-05-25,2016-05-25,C,1.95,2016-05-10
12657,2016-05-16 13:58:00,2016-05-16,0.1288,6394.0,5.0,1571.0,0.1288,0.1286,0.1277,10000627,2016-05-25,2016-05-25,C,1.95,2016-05-10
12658,2016-05-16 13:59:00,2016-05-16,0.1286,0.0,0.0,1571.0,0.1286,0.1286,0.1286,10000627,2016-05-25,2016-05-25,C,1.95,2016-05-10
12659,2016-05-16 14:00:00,2016-05-16,0.1286,5068.0,4.0,1571.0,0.1286,0.1267,0.1267,10000627,2016-05-25,2016-05-25,C,1.95,2016-05-10
12660,2016-05-16 14:01:00,2016-05-16,0.1267,0.0,0.0,1571.0,0.1267,0.1267,0.1267,10000627,2016-05-25,2016-05-25,C,1.95,2016-05-10
12661,2016-05-16 14:02:00,2016-05-16,0.1267,0.0,0.0,1571.0,0.1267,0.1267,0.1267,10000627,2016-05-25,2016-05-25,C,1.95,2016-05-10
12662,2016-05-16 14:03:00,2016-05-16,0.1267,0.0,0.0,1571.0,0.1267,0.1267,0.1267,10000627,2016-05-25,2016-05-25,C,1.95,2016-05-10
12663,2016-05-16 14:04:00,2016-05-16,0.1267,0.0,0.0,1571.0,0.1267,0.1267,0.1267,10000627,2016-05-25,2016-05-25,C,1.95,2016-05-10
12664,2016-05-16 14:05:00,2016-05-16,0.1267,0.0,0.0,1571.0,0.1267,0.1267,0.1267,10000627,2016-05-25,2016-05-25,C,1.95,2016-05-10
12665,2016-05-16 14:06:00,2016-05-16,0.1267,0.0,0.0,1571.0,0.1267,0.1267,0.1267,10000627,2016-05-25,2016-05-25,C,1.95,2016-05-10
12666,2016-05-16 14:07:00,2016-05-16,0.1267,12500.0,10.0,1569.0,0.1267,0.125,0.125,10000627,2016-05-25,2016-05-25,C,1.95,2016-05-10
12667,2016-05-16 14:08:00,2016-05-16,0.1257,15080.0,12.0,1557.0,0.125,0.1257,0.125,10000627,2016-05-25,2016-05-25,C,1.95,2016-05-10
12668,2016-05-16 14:09:00,2016-05-16,0.125,1250.0,1.0,1557.0,0.125,0.125,0.125,10000627,2016-05-25,2016-05-25,C,1.95,2016-05-10
12669,2016-05-16 14:10:00,2016-05-16,0.125,0.0,0.0,1557.0,0.125,0.125,0.125,10000627,2016-05-25,2016-05-25,C,1.95,2016-05-10
12670,2016-05-16 14:11:00,2016-05-16,0.125,2494.0,2.0,1559.0,0.125,0.1247,0.1247,10000627,2016-05-25,2016-05-25,C,1.95,2016-05-10
12671,2016-05-16 14:12:00,2016-05-16,0.1254,8778.0,7.0,1552.0,0.1247,0.1254,0.1247,10000627,2016-05-25,2016-05-25,C,1.95,2016-05-10
12672,2016-05-16 14:13:00,2016-05-16,0.1254,2508.0,2.0,1552.0,0.1254,0.1254,0.1254,10000627,2016-05-25,2016-05-25,C,1.95,2016-05-10
12673,2016-05-16 14:14:00,2016-05-16,0.1254,1254.0,1.0,1552.0,0.1254,0.1254,0.1254,10000627,2016-05-25,2016-05-25,C,1.95,2016-05-10
12674,2016-05-16 14:15:00,2016-05-16,0.1254,29825.0,24.0,1542.0,0.1254,0.1235,0.1235,10000627,2016-05-25,2016-05-25,C,1.95,2016-05-10
12675,2016-05-16 14:16:00,2016-05-16,0.1235,78701.0,65.0,1559.0,0.1235,0.1205,0.1203,10000627,2016-05-25,2016-05-25,C,1.95,2016-05-10
12676,2016-05-16 14:17:00,2016-05-16,0.1205,3615.0,3.0,1561.0,0.1205,0.1205,0.1205,10000627,2016-05-25,2016-05-25,C,1.95,2016-05-10
12677,2016-05-16 14:18:00,2016-05-16,0.1232,9856.0,8.0,1553.0,0.1205,0.1232,0.1205,10000627,2016-05-25,2016-05-25,C,1.95,2016-05-10
12678,2016-05-16 14:19:00,2016-05-16,0.1232,0.0,0.0,1553.0,0.1232,0.1232,0.1232,10000627,2016-05-25,2016-05-25,C,1.95,2016-05-10
12679,2016-05-16 14:20:00,2016-05-16,0.1232,0.0,0.0,1553.0,0.1232,0.1232,0.1232,10000627,2016-05-25,2016-05-25,C,1.95,2016-05-10
12680,2016-05-16 14:21:00,2016-05-16,0.1235,7399.0,6.0,1552.0,0.1232,0.1224,0.1224,10000627,2016-05-25,2016-05-25,C,1.95,2016-05-10
12681,2016-05-16 14:22:00,2016-05-16,0.1227,55076.0,45.0,1544.0,0.1224,0.1227,0.1219,10000627,2016-05-25,2016-05-25,C,1.95,2016-05-10
12682,2016-05-16 14:23:00,2016-05-16,0.123,6150.0,5.0,1544.0,0.1227,0.123,0.1227,10000627,2016-05-25,2016-05-25,C,1.95,2016-05-10
12683,2016-05-16 14:24:00,2016-05-16,0.123,0.0,0.0,1544.0,0.123,0.123,0.123,10000627,2016-05-25,2016-05-25,C,1.95,2016-05-10
12684,2016-05-16 14:25:00,2016-05-16,0.123,0.0,0.0,1544.0,0.123,0.123,0.123,10000627,2016-05-25,2016-05-25,C,1.95,2016-05-10
12685,2016-05-16 14:26:00,2016-05-16,0.123,0.0,0.0,1544.0,0.123,0.123,0.123,10000627,2016-05-25,2016-05-25,C,1.95,2016-05-10
12686,2016-05-16 14:27:00,2016-05-16,0.123,0.0,0.0,1544.0,0.123,0.123,0.123,10000627,2016-05-25,2016-05-25,C,1.95,2016-05-10
12687,2016-05-16 14:28:00,2016-05-16,0.123,0.0,0.0,1544.0,0.123,0.123,0.123,10000627,2016-05-25,2016-05-25,C,1.95,2016-05-10
12688,2016-05-16 14:29:00,2016-05-16,0.1233,2466.0,2.0,1542.0,0.123,0.1233,0.123,10000627,2016-05-25,2016-05-25,C,1.95,2016-05-10
12689,2016-05-16 14:30:00,2016-05-16,0.1251,7490.0,6.0,1544.0,0.1233,0.1251,0.1233,10000627,2016-05-25,2016-05-25,C,1.95,2016-05-10
12690,2016-05-16 14:31:00,2016-05-16,0.1254,22520.0,18.0,1547.0,0.1251,0.1254,0.1251,10000627,2016-05-25,2016-05-25,C,1.95,2016-05-10
12691,2016-05-16 14:32:00,2016-05-16,0.1254,8778.0,7.0,1542.0,0.1254,0.1254,0.1254,10000627,2016-05-25,2016-05-25,C,1.95,2016-05-10
12692,2016-05-16 14:33:00,2016-05-16,0.126,21336.0,17.0,1549.0,0.1254,0.126,0.1254,10000627,2016-05-25,2016-05-25,C,1.95,2016-05-10
12693,2016-05-16 14:34:00,2016-05-16,0.126,0.0,0.0,1549.0,0.126,0.126,0.126,10000627,2016-05-25,2016-05-25,C,1.95,2016-05-10
12694,2016-05-16 14:35:00,2016-05-16,0.126,0.0,0.0,1549.0,0.126,0.126,0.126,10000627,2016-05-25,2016-05-25,C,1.95,2016-05-10
12695,2016-05-16 14:36:00,2016-05-16,0.126,0.0,0.0,1549.0,0.126,0.126,0.126,10000627,2016-05-25,2016-05-25,C,1.95,2016-05-10
12696,2016-05-16 14:37:00,2016-05-16,0.1295,50159.0,39.0,1535.0,0.126,0.1295,0.126,10000627,2016-05-25,2016-05-25,C,1.95,2016-05-10
12697,2016-05-16 14:38:00,2016-05-16,0.1295,0.0,0.0,1535.0,0.1295,0.1295,0.1295,10000627,2016-05-25,2016-05-25,C,1.95,2016-05-10
12698,2016-05-16 14:39:00,2016-05-16,0.1295,38260.0,30.0,1545.0,0.1295,0.1281,0.1267,10000627,2016-05-25,2016-05-25,C,1.95,2016-05-10
12699,2016-05-16 14:40:00,2016-05-16,0.1281,25420.0,20.0,1545.0,0.1281,0.1271,0.1271,10000627,2016-05-25,2016-05-25,C,1.95,2016-05-10
12700,2016-05-16 14:41:00,2016-05-16,0.1271,25390.0,20.0,1535.0,0.1271,0.127,0.1269,10000627,2016-05-25,2016-05-25,C,1.95,2016-05-10
12701,2016-05-16 14:42:00,2016-05-16,0.127,2536.0,2.0,1535.0,0.127,0.1268,0.1268,10000627,2016-05-25,2016-05-25,C,1.95,2016-05-10
12702,2016-05-16 14:43:00,2016-05-16,0.1268,0.0,0.0,1535.0,0.1268,0.1268,0.1268,10000627,2016-05-25,2016-05-25,C,1.95,2016-05-10
12703,2016-05-16 14:44:00,2016-05-16,0.1268,0.0,0.0,1535.0,0.1268,0.1268,0.1268,10000627,2016-05-25,2016-05-25,C,1.95,2016-05-10
12704,2016-05-16 14:45:00,2016-05-16,0.1271,1271.0,1.0,1534.0,0.1268,0.1271,0.1268,10000627,2016-05-25,2016-05-25,C,1.95,2016-05-10
12705,2016-05-16 14:46:00,2016-05-16,0.1271,0.0,0.0,1534.0,0.1271,0.1271,0.1271,10000627,2016-05-25,2016-05-25,C,1.95,2016-05-10
12706,2016-05-16 14:47:00,2016-05-16,0.1271,0.0,0.0,1534.0,0.1271,0.1271,0.1271,10000627,2016-05-25,2016-05-25,C,1.95,2016-05-10
12707,2016-05-16 14:48:00,2016-05-16,0.1271,0.0,0.0,1534.0,0.1271,0.1271,0.1271,10000627,2016-05-25,2016-05-25,C,1.95,2016-05-10
12708,2016-05-16 14:49:00,2016-05-16,0.1278,6382.0,5.0,1534.0,0.1271,0.1278,0.127,10000627,2016-05-25,2016-05-25,C,1.95,2016-05-10
12709,2016-05-16 14:50:00,2016-05-16,0.1278,0.0,0.0,1534.0,0.1278,0.1278,0.1278,10000627,2016-05-25,2016-05-25,C,1.95,2016-05-10
12710,2016-05-16 14:51:00,2016-05-16,0.1278,0.0,0.0,1534.0,0.1278,0.1278,0.1278,10000627,2016-05-25,2016-05-25,C,1.95,2016-05-10
12711,2016-05-16 14:52:00,2016-05-16,0.1278,0.0,0.0,1534.0,0.1278,0.1278,0.1278,10000627,2016-05-25,2016-05-25,C,1.95,2016-05-10
12712,2016-05-16 14:53:00,2016-05-16,0.1278,0.0,0.0,1534.0,0.1278,0.1278,0.1278,10000627,2016-05-25,2016-05-25,C,1.95,2016-05-10
12713,2016-05-16 14:54:00,2016-05-16,0.1278,8876.0,7.0,1536.0,0.1278,0.1266,0.1266,10000627,2016-05-25,2016-05-25,C,1.95,2016-05-10
12714,2016-05-16 14:55:00,2016-05-16,0.1274,30483.0,24.0,1530.0,0.1266,0.1274,0.1266,10000627,2016-05-25,2016-05-25,C,1.95,2016-05-10
12715,2016-05-16 14:56:00,2016-05-16,0.1274,0.0,0.0,1530.0,0.1274,0.1274,0.1274,10000627,2016-05-25,2016-05-25,C,1.95,2016-05-10
12716,2016-05-16 14:57:00,2016-05-16,0.1274,0.0,0.0,1530.0,0.1274,0.1274,0.1274,10000627,2016-05-25,2016-05-25,C,1.95,2016-05-10
12717,2016-05-16 14:58:00,2016-05-16,0.1274,0.0,0.0,1530.0,0.1274,0.1274,0.1274,10000627,2016-05-25,2016-05-25,C,1.95,2016-05-10
12718,2016-05-16 14:59:00,2016-05-16,0.1274,0.0,0.0,1530.0,0.1274,0.1274,0.1274,10000627,2016-05-25,2016-05-25,C,1.95,2016-05-10
12719,2016-05-16 15:00:00,2016-05-16,0.1274,0.0,0.0,1530.0,0.1274,0.1274,0.1274,10000627,2016-05-25,2016-05-25,C,1.95,2016-05-10
12720,2016-05-16 09:31:00,2016-05-16,0.5882,0.0,0.0,2421.0,0.5882,0.5882,0.5882,10000478,2016-06-22,2016-06-22,P,2.65,2015-11-10
12721,2016-05-16 09:32:00,2016-05-16,0.5943,118850.0,20.0,2441.0,0.5882,0.5943,0.5882,10000478,2016-06-22,2016-06-22,P,2.65,2015-11-10
12722,2016-05-16 09:33:00,2016-05-16,0.5943,0.0,0.0,2441.0,0.5943,0.5943,0.5943,10000478,2016-06-22,2016-06-22,P,2.65,2015-11-10
12723,2016-05-16 09:34:00,2016-05-16,0.5943,0.0,0.0,2441.0,0.5943,0.5943,0.5943,10000478,2016-06-22,2016-06-22,P,2.65,2015-11-10
12724,2016-05-16 09:35:00,2016-05-16,0.5943,0.0,0.0,2441.0,0.5943,0.5943,0.5943,10000478,2016-06-22,2016-06-22,P,2.65,2015-11-10
12725,2016-05-16 09:36:00,2016-05-16,0.5943,53100.0,9.0,2441.0,0.5943,0.59,0.59,10000478,2016-06-22,2016-06-22,P,2.65,2015-11-10
12726,2016-05-16 09:37:00,2016-05-16,0.59,0.0,0.0,2441.0,0.59,0.59,0.59,10000478,2016-06-22,2016-06-22,P,2.65,2015-11-10
12727,2016-05-16 09:38:00,2016-05-16,0.5922,11844.0,2.0,2441.0,0.59,0.5922,0.59,10000478,2016-06-22,2016-06-22,P,2.65,2015-11-10
12728,2016-05-16 09:39:00,2016-05-16,0.5922,0.0,0.0,2441.0,0.5922,0.5922,0.5922,10000478,2016-06-22,2016-06-22,P,2.65,2015-11-10
12729,2016-05-16 09:40:00,2016-05-16,0.5922,0.0,0.0,2441.0,0.5922,0.5922,0.5922,10000478,2016-06-22,2016-06-22,P,2.65,2015-11-10
12730,2016-05-16 09:41:00,2016-05-16,0.5933,23724.0,4.0,2440.0,0.5929,0.5933,0.5929,10000478,2016-06-22,2016-06-22,P,2.65,2015-11-10
12731,2016-05-16 09:42:00,2016-05-16,0.5933,59320.0,10.0,2438.0,0.5933,0.5933,0.5928,10000478,2016-06-22,2016-06-22,P,2.65,2015-11-10
12732,2016-05-16 09:43:00,2016-05-16,0.5933,0.0,0.0,2438.0,0.5933,0.5933,0.5933,10000478,2016-06-22,2016-06-22,P,2.65,2015-11-10
12733,2016-05-16 09:44:00,2016-05-16,0.5933,0.0,0.0,2438.0,0.5933,0.5933,0.5933,10000478,2016-06-22,2016-06-22,P,2.65,2015-11-10
12734,2016-05-16 09:45:00,2016-05-16,0.5933,0.0,0.0,2438.0,0.5933,0.5933,0.5933,10000478,2016-06-22,2016-06-22,P,2.65,2015-11-10
12735,2016-05-16 09:46:00,2016-05-16,0.5933,0.0,0.0,2438.0,0.5933,0.5933,0.5933,10000478,2016-06-22,2016-06-22,P,2.65,2015-11-10
12736,2016-05-16 09:47:00,2016-05-16,0.5933,0.0,0.0,2438.0,0.5933,0.5933,0.5933,10000478,2016-06-22,2016-06-22,P,2.65,2015-11-10
12737,2016-05-16 09:48:00,2016-05-16,0.5933,0.0,0.0,2438.0,0.5933,0.5933,0.5933,10000478,2016-06-22,2016-06-22,P,2.65,2015-11-10
12738,2016-05-16 09:49:00,2016-05-16,0.5933,0.0,0.0,2438.0,0.5933,0.5933,0.5933,10000478,2016-06-22,2016-06-22,P,2.65,2015-11-10
12739,2016-05-16 09:50:00,2016-05-16,0.5933,0.0,0.0,2438.0,0.5933,0.5933,0.5933,10000478,2016-06-22,2016-06-22,P,2.65,2015-11-10
12740,2016-05-16 09:51:00,2016-05-16,0.5933,0.0,0.0,2438.0,0.5933,0.5933,0.5933,10000478,2016-06-22,2016-06-22,P,2.65,2015-11-10
12741,2016-05-16 09:52:00,2016-05-16,0.5933,0.0,0.0,2438.0,0.5933,0.5933,0.5933,10000478,2016-06-22,2016-06-22,P,2.65,2015-11-10
12742,2016-05-16 09:53:00,2016-05-16,0.6014,179944.0,30.0,2448.0,0.5933,0.6014,0.5933,10000478,2016-06-22,2016-06-22,P,2.65,2015-11-10
12743,2016-05-16 09:54:00,2016-05-16,0.6034,150750.0,25.0,2463.0,0.6014,0.6023,0.6014,10000478,2016-06-22,2016-06-22,P,2.65,2015-11-10
12744,2016-05-16 09:55:00,2016-05-16,0.6023,0.0,0.0,2463.0,0.6023,0.6023,0.6023,10000478,2016-06-22,2016-06-22,P,2.65,2015-11-10
12745,2016-05-16 09:56:00,2016-05-16,0.6023,0.0,0.0,2463.0,0.6023,0.6023,0.6023,10000478,2016-06-22,2016-06-22,P,2.65,2015-11-10
12746,2016-05-16 09:57:00,2016-05-16,0.6023,0.0,0.0,2463.0,0.6023,0.6023,0.6023,10000478,2016-06-22,2016-06-22,P,2.65,2015-11-10
12747,2016-05-16 09:58:00,2016-05-16,0.6023,0.0,0.0,2463.0,0.6023,0.6023,0.6023,10000478,2016-06-22,2016-06-22,P,2.65,2015-11-10
12748,2016-05-16 09:59:00,2016-05-16,0.6023,0.0,0.0,2463.0,0.6023,0.6023,0.6023,10000478,2016-06-22,2016-06-22,P,2.65,2015-11-10
12749,2016-05-16 10:00:00,2016-05-16,0.6023,0.0,0.0,2463.0,0.6023,0.6023,0.6023,10000478,2016-06-22,2016-06-22,P,2.65,2015-11-10
12750,2016-05-16 10:01:00,2016-05-16,0.6041,132760.0,22.0,2467.0,0.6023,0.6041,0.6023,10000478,2016-06-22,2016-06-22,P,2.65,2015-11-10
12751,2016-05-16 10:02:00,2016-05-16,0.6041,0.0,0.0,2467.0,0.6041,0.6041,0.6041,10000478,2016-06-22,2016-06-22,P,2.65,2015-11-10
12752,2016-05-16 10:03:00,2016-05-16,0.6041,0.0,0.0,2467.0,0.6041,0.6041,0.6041,10000478,2016-06-22,2016-06-22,P,2.65,2015-11-10
12753,2016-05-16 10:04:00,2016-05-16,0.6041,0.0,0.0,2467.0,0.6041,0.6041,0.6041,10000478,2016-06-22,2016-06-22,P,2.65,2015-11-10
12754,2016-05-16 10:05:00,2016-05-16,0.6041,0.0,0.0,2467.0,0.6041,0.6041,0.6041,10000478,2016-06-22,2016-06-22,P,2.65,2015-11-10
12755,2016-05-16 10:06:00,2016-05-16,0.6041,0.0,0.0,2467.0,0.6041,0.6041,0.6041,10000478,2016-06-22,2016-06-22,P,2.65,2015-11-10
12756,2016-05-16 10:07:00,2016-05-16,0.6041,0.0,0.0,2467.0,0.6041,0.6041,0.6041,10000478,2016-06-22,2016-06-22,P,2.65,2015-11-10
12757,2016-05-16 10:08:00,2016-05-16,0.6041,6000.0,1.0,2468.0,0.6041,0.6,0.6,10000478,2016-06-22,2016-06-22,P,2.65,2015-11-10
12758,2016-05-16 10:09:00,2016-05-16,0.6,0.0,0.0,2468.0,0.6,0.6,0.6,10000478,2016-06-22,2016-06-22,P,2.65,2015-11-10
12759,2016-05-16 10:10:00,2016-05-16,0.6,0.0,0.0,2468.0,0.6,0.6,0.6,10000478,2016-06-22,2016-06-22,P,2.65,2015-11-10
12760,2016-05-16 10:11:00,2016-05-16,0.6,0.0,0.0,2468.0,0.6,0.6,0.6,10000478,2016-06-22,2016-06-22,P,2.65,2015-11-10
12761,2016-05-16 10:12:00,2016-05-16,0.6,0.0,0.0,2468.0,0.6,0.6,0.6,10000478,2016-06-22,2016-06-22,P,2.65,2015-11-10
12762,2016-05-16 10:13:00,2016-05-16,0.6,0.0,0.0,2468.0,0.6,0.6,0.6,10000478,2016-06-22,2016-06-22,P,2.65,2015-11-10
12763,2016-05-16 10:14:00,2016-05-16,0.6,0.0,0.0,2468.0,0.6,0.6,0.6,10000478,2016-06-22,2016-06-22,P,2.65,2015-11-10
12764,2016-05-16 10:15:00,2016-05-16,0.6,0.0,0.0,2468.0,0.6,0.6,0.6,10000478,2016-06-22,2016-06-22,P,2.65,2015-11-10
12765,2016-05-16 10:16:00,2016-05-16,0.6,0.0,0.0,2468.0,0.6,0.6,0.6,10000478,2016-06-22,2016-06-22,P,2.65,2015-11-10
12766,2016-05-16 10:17:00,2016-05-16,0.6,0.0,0.0,2468.0,0.6,0.6,0.6,10000478,2016-06-22,2016-06-22,P,2.65,2015-11-10
12767,2016-05-16 10:18:00,2016-05-16,0.6,0.0,0.0,2468.0,0.6,0.6,0.6,10000478,2016-06-22,2016-06-22,P,2.65,2015-11-10
12768,2016-05-16 10:19:00,2016-05-16,0.6,0.0,0.0,2468.0,0.6,0.6,0.6,10000478,2016-06-22,2016-06-22,P,2.65,2015-11-10
12769,2016-05-16 10:20:00,2016-05-16,0.6,0.0,0.0,2468.0,0.6,0.6,0.6,10000478,2016-06-22,2016-06-22,P,2.65,2015-11-10
12770,2016-05-16 10:21:00,2016-05-16,0.6,0.0,0.0,2468.0,0.6,0.6,0.6,10000478,2016-06-22,2016-06-22,P,2.65,2015-11-10
12771,2016-05-16 10:22:00,2016-05-16,0.6,0.0,0.0,2468.0,0.6,0.6,0.6,10000478,2016-06-22,2016-06-22,P,2.65,2015-11-10
12772,2016-05-16 10:23:00,2016-05-16,0.6,11952.0,2.0,2466.0,0.6,0.5976,0.5976,10000478,2016-06-22,2016-06-22,P,2.65,2015-11-10
12773,2016-05-16 10:24:00,2016-05-16,0.5985,11970.0,2.0,2466.0,0.5976,0.5985,0.5976,10000478,2016-06-22,2016-06-22,P,2.65,2015-11-10
12774,2016-05-16 10:25:00,2016-05-16,0.5985,0.0,0.0,2466.0,0.5985,0.5985,0.5985,10000478,2016-06-22,2016-06-22,P,2.65,2015-11-10
12775,2016-05-16 10:26:00,2016-05-16,0.5985,0.0,0.0,2466.0,0.5985,0.5985,0.5985,10000478,2016-06-22,2016-06-22,P,2.65,2015-11-10
12776,2016-05-16 10:27:00,2016-05-16,0.5985,0.0,0.0,2466.0,0.5985,0.5985,0.5985,10000478,2016-06-22,2016-06-22,P,2.65,2015-11-10
12777,2016-05-16 10:28:00,2016-05-16,0.5985,5947.0,1.0,2466.0,0.5985,0.5947,0.5947,10000478,2016-06-22,2016-06-22,P,2.65,2015-11-10
12778,2016-05-16 10:29:00,2016-05-16,0.5947,0.0,0.0,2466.0,0.5947,0.5947,0.5947,10000478,2016-06-22,2016-06-22,P,2.65,2015-11-10
12779,2016-05-16 10:30:00,2016-05-16,0.5947,0.0,0.0,2466.0,0.5947,0.5947,0.5947,10000478,2016-06-22,2016-06-22,P,2.65,2015-11-10
12780,2016-05-16 10:31:00,2016-05-16,0.5947,0.0,0.0,2466.0,0.5947,0.5947,0.5947,10000478,2016-06-22,2016-06-22,P,2.65,2015-11-10
12781,2016-05-16 10:32:00,2016-05-16,0.5947,0.0,0.0,2466.0,0.5947,0.5947,0.5947,10000478,2016-06-22,2016-06-22,P,2.65,2015-11-10
12782,2016-05-16 10:33:00,2016-05-16,0.5947,0.0,0.0,2466.0,0.5947,0.5947,0.5947,10000478,2016-06-22,2016-06-22,P,2.65,2015-11-10
12783,2016-05-16 10:34:00,2016-05-16,0.5947,0.0,0.0,2466.0,0.5947,0.5947,0.5947,10000478,2016-06-22,2016-06-22,P,2.65,2015-11-10
12784,2016-05-16 10:35:00,2016-05-16,0.5947,0.0,0.0,2466.0,0.5947,0.5947,0.5947,10000478,2016-06-22,2016-06-22,P,2.65,2015-11-10
12785,2016-05-16 10:36:00,2016-05-16,0.5947,0.0,0.0,2466.0,0.5947,0.5947,0.5947,10000478,2016-06-22,2016-06-22,P,2.65,2015-11-10
12786,2016-05-16 10:37:00,2016-05-16,0.5947,0.0,0.0,2466.0,0.5947,0.5947,0.5947,10000478,2016-06-22,2016-06-22,P,2.65,2015-11-10
12787,2016-05-16 10:38:00,2016-05-16,0.5947,0.0,0.0,2466.0,0.5947,0.5947,0.5947,10000478,2016-06-22,2016-06-22,P,2.65,2015-11-10
12788,2016-05-16 10:39:00,2016-05-16,0.5947,0.0,0.0,2466.0,0.5947,0.5947,0.5947,10000478,2016-06-22,2016-06-22,P,2.65,2015-11-10
12789,2016-05-16 10:40:00,2016-05-16,0.5947,0.0,0.0,2466.0,0.5947,0.5947,0.5947,10000478,2016-06-22,2016-06-22,P,2.65,2015-11-10
12790,2016-05-16 10:41:00,2016-05-16,0.5947,0.0,0.0,2466.0,0.5947,0.5947,0.5947,10000478,2016-06-22,2016-06-22,P,2.65,2015-11-10
12791,2016-05-16 10:42:00,2016-05-16,0.5947,0.0,0.0,2466.0,0.5947,0.5947,0.5947,10000478,2016-06-22,2016-06-22,P,2.65,2015-11-10
12792,2016-05-16 10:43:00,2016-05-16,0.5947,0.0,0.0,2466.0,0.5947,0.5947,0.5947,10000478,2016-06-22,2016-06-22,P,2.65,2015-11-10
12793,2016-05-16 10:44:00,2016-05-16,0.5947,0.0,0.0,2466.0,0.5947,0.5947,0.5947,10000478,2016-06-22,2016-06-22,P,2.65,2015-11-10
12794,2016-05-16 10:45:00,2016-05-16,0.5947,0.0,0.0,2466.0,0.5947,0.5947,0.5947,10000478,2016-06-22,2016-06-22,P,2.65,2015-11-10
12795,2016-05-16 10:46:00,2016-05-16,0.5947,0.0,0.0,2466.0,0.5947,0.5947,0.5947,10000478,2016-06-22,2016-06-22,P,2.65,2015-11-10
12796,2016-05-16 10:47:00,2016-05-16,0.5947,0.0,0.0,2466.0,0.5947,0.5947,0.5947,10000478,2016-06-22,2016-06-22,P,2.65,2015-11-10
12797,2016-05-16 10:48:00,2016-05-16,0.5947,0.0,0.0,2466.0,0.5947,0.5947,0.5947,10000478,2016-06-22,2016-06-22,P,2.65,2015-11-10
12798,2016-05-16 10:49:00,2016-05-16,0.5947,0.0,0.0,2466.0,0.5947,0.5947,0.5947,10000478,2016-06-22,2016-06-22,P,2.65,2015-11-10
12799,2016-05-16 10:50:00,2016-05-16,0.5947,0.0,0.0,2466.0,0.5947,0.5947,0.5947,10000478,2016-06-22,2016-06-22,P,2.65,2015-11-10
12800,2016-05-16 10:51:00,2016-05-16,0.5947,5918.0,1.0,2467.0,0.5947,0.5918,0.5918,10000478,2016-06-22,2016-06-22,P,2.65,2015-11-10
12801,2016-05-16 10:52:00,2016-05-16,0.5918,0.0,0.0,2467.0,0.5918,0.5918,0.5918,10000478,2016-06-22,2016-06-22,P,2.65,2015-11-10
12802,2016-05-16 10:53:00,2016-05-16,0.5918,0.0,0.0,2467.0,0.5918,0.5918,0.5918,10000478,2016-06-22,2016-06-22,P,2.65,2015-11-10
12803,2016-05-16 10:54:00,2016-05-16,0.5918,0.0,0.0,2467.0,0.5918,0.5918,0.5918,10000478,2016-06-22,2016-06-22,P,2.65,2015-11-10
12804,2016-05-16 10:55:00,2016-05-16,0.5918,59000.0,10.0,2477.0,0.5918,0.59,0.59,10000478,2016-06-22,2016-06-22,P,2.65,2015-11-10
12805,2016-05-16 10:56:00,2016-05-16,0.59,117780.0,20.0,2477.0,0.59,0.5878,0.5878,10000478,2016-06-22,2016-06-22,P,2.65,2015-11-10
12806,2016-05-16 10:57:00,2016-05-16,0.5878,0.0,0.0,2477.0,0.5878,0.5878,0.5878,10000478,2016-06-22,2016-06-22,P,2.65,2015-11-10
12807,2016-05-16 10:58:00,2016-05-16,0.5878,0.0,0.0,2477.0,0.5878,0.5878,0.5878,10000478,2016-06-22,2016-06-22,P,2.65,2015-11-10
12808,2016-05-16 10:59:00,2016-05-16,0.5878,0.0,0.0,2477.0,0.5878,0.5878,0.5878,10000478,2016-06-22,2016-06-22,P,2.65,2015-11-10
12809,2016-05-16 11:00:00,2016-05-16,0.5878,0.0,0.0,2477.0,0.5878,0.5878,0.5878,10000478,2016-06-22,2016-06-22,P,2.65,2015-11-10
12810,2016-05-16 11:01:00,2016-05-16,0.5878,58602.0,10.0,2482.0,0.5878,0.5867,0.5867,10000478,2016-06-22,2016-06-22,P,2.65,2015-11-10
12811,2016-05-16 11:02:00,2016-05-16,0.5867,0.0,0.0,2482.0,0.5867,0.5867,0.5867,10000478,2016-06-22,2016-06-22,P,2.65,2015-11-10
12812,2016-05-16 11:03:00,2016-05-16,0.5867,0.0,0.0,2482.0,0.5867,0.5867,0.5867,10000478,2016-06-22,2016-06-22,P,2.65,2015-11-10
12813,2016-05-16 11:04:00,2016-05-16,0.5867,0.0,0.0,2482.0,0.5867,0.5867,0.5867,10000478,2016-06-22,2016-06-22,P,2.65,2015-11-10
12814,2016-05-16 11:05:00,2016-05-16,0.5867,0.0,0.0,2482.0,0.5867,0.5867,0.5867,10000478,2016-06-22,2016-06-22,P,2.65,2015-11-10
12815,2016-05-16 11:06:00,2016-05-16,0.5867,0.0,0.0,2482.0,0.5867,0.5867,0.5867,10000478,2016-06-22,2016-06-22,P,2.65,2015-11-10
12816,2016-05-16 11:07:00,2016-05-16,0.5867,0.0,0.0,2482.0,0.5867,0.5867,0.5867,10000478,2016-06-22,2016-06-22,P,2.65,2015-11-10
12817,2016-05-16 11:08:00,2016-05-16,0.5867,0.0,0.0,2482.0,0.5867,0.5867,0.5867,10000478,2016-06-22,2016-06-22,P,2.65,2015-11-10
12818,2016-05-16 11:09:00,2016-05-16,0.5867,0.0,0.0,2482.0,0.5867,0.5867,0.5867,10000478,2016-06-22,2016-06-22,P,2.65,2015-11-10
12819,2016-05-16 11:10:00,2016-05-16,0.5867,0.0,0.0,2482.0,0.5867,0.5867,0.5867,10000478,2016-06-22,2016-06-22,P,2.65,2015-11-10
12820,2016-05-16 11:11:00,2016-05-16,0.5867,0.0,0.0,2482.0,0.5867,0.5867,0.5867,10000478,2016-06-22,2016-06-22,P,2.65,2015-11-10
12821,2016-05-16 11:12:00,2016-05-16,0.5873,5873.0,1.0,2482.0,0.5867,0.5873,0.5867,10000478,2016-06-22,2016-06-22,P,2.65,2015-11-10
12822,2016-05-16 11:13:00,2016-05-16,0.5873,0.0,0.0,2482.0,0.5873,0.5873,0.5873,10000478,2016-06-22,2016-06-22,P,2.65,2015-11-10
12823,2016-05-16 11:14:00,2016-05-16,0.5873,0.0,0.0,2482.0,0.5873,0.5873,0.5873,10000478,2016-06-22,2016-06-22,P,2.65,2015-11-10
12824,2016-05-16 11:15:00,2016-05-16,0.5873,0.0,0.0,2482.0,0.5873,0.5873,0.5873,10000478,2016-06-22,2016-06-22,P,2.65,2015-11-10
12825,2016-05-16 11:16:00,2016-05-16,0.5873,0.0,0.0,2482.0,0.5873,0.5873,0.5873,10000478,2016-06-22,2016-06-22,P,2.65,2015-11-10
12826,2016-05-16 11:17:00,2016-05-16,0.5873,0.0,0.0,2482.0,0.5873,0.5873,0.5873,10000478,2016-06-22,2016-06-22,P,2.65,2015-11-10
12827,2016-05-16 11:18:00,2016-05-16,0.5873,0.0,0.0,2482.0,0.5873,0.5873,0.5873,10000478,2016-06-22,2016-06-22,P,2.65,2015-11-10
12828,2016-05-16 11:19:00,2016-05-16,0.5873,0.0,0.0,2482.0,0.5873,0.5873,0.5873,10000478,2016-06-22,2016-06-22,P,2.65,2015-11-10
12829,2016-05-16 11:20:00,2016-05-16,0.5873,0.0,0.0,2482.0,0.5873,0.5873,0.5873,10000478,2016-06-22,2016-06-22,P,2.65,2015-11-10
12830,2016-05-16 11:21:00,2016-05-16,0.5873,0.0,0.0,2482.0,0.5873,0.5873,0.5873,10000478,2016-06-22,2016-06-22,P,2.65,2015-11-10
12831,2016-05-16 11:22:00,2016-05-16,0.5873,0.0,0.0,2482.0,0.5873,0.5873,0.5873,10000478,2016-06-22,2016-06-22,P,2.65,2015-11-10
12832,2016-05-16 11:23:00,2016-05-16,0.5873,0.0,0.0,2482.0,0.5873,0.5873,0.5873,10000478,2016-06-22,2016-06-22,P,2.65,2015-11-10
12833,2016-05-16 11:24:00,2016-05-16,0.5873,0.0,0.0,2482.0,0.5873,0.5873,0.5873,10000478,2016-06-22,2016-06-22,P,2.65,2015-11-10
12834,2016-05-16 11:25:00,2016-05-16,0.5873,0.0,0.0,2482.0,0.5873,0.5873,0.5873,10000478,2016-06-22,2016-06-22,P,2.65,2015-11-10
12835,2016-05-16 11:26:00,2016-05-16,0.5873,0.0,0.0,2482.0,0.5873,0.5873,0.5873,10000478,2016-06-22,2016-06-22,P,2.65,2015-11-10
12836,2016-05-16 11:27:00,2016-05-16,0.5873,0.0,0.0,2482.0,0.5873,0.5873,0.5873,10000478,2016-06-22,2016-06-22,P,2.65,2015-11-10
12837,2016-05-16 11:28:00,2016-05-16,0.5873,0.0,0.0,2482.0,0.5873,0.5873,0.5873,10000478,2016-06-22,2016-06-22,P,2.65,2015-11-10
12838,2016-05-16 11:29:00,2016-05-16,0.5873,0.0,0.0,2482.0,0.5873,0.5873,0.5873,10000478,2016-06-22,2016-06-22,P,2.65,2015-11-10
12839,2016-05-16 11:30:00,2016-05-16,0.5873,0.0,0.0,2482.0,0.5873,0.5873,0.5873,10000478,2016-06-22,2016-06-22,P,2.65,2015-11-10
12840,2016-05-16 13:01:00,2016-05-16,0.5873,0.0,0.0,2482.0,0.5873,0.5873,0.5873,10000478,2016-06-22,2016-06-22,P,2.65,2015-11-10
12841,2016-05-16 13:02:00,2016-05-16,0.5873,0.0,0.0,2482.0,0.5873,0.5873,0.5873,10000478,2016-06-22,2016-06-22,P,2.65,2015-11-10
12842,2016-05-16 13:03:00,2016-05-16,0.5873,0.0,0.0,2482.0,0.5873,0.5873,0.5873,10000478,2016-06-22,2016-06-22,P,2.65,2015-11-10
12843,2016-05-16 13:04:00,2016-05-16,0.5873,0.0,0.0,2482.0,0.5873,0.5873,0.5873,10000478,2016-06-22,2016-06-22,P,2.65,2015-11-10
12844,2016-05-16 13:05:00,2016-05-16,0.5873,0.0,0.0,2482.0,0.5873,0.5873,0.5873,10000478,2016-06-22,2016-06-22,P,2.65,2015-11-10
12845,2016-05-16 13:06:00,2016-05-16,0.5873,0.0,0.0,2482.0,0.5873,0.5873,0.5873,10000478,2016-06-22,2016-06-22,P,2.65,2015-11-10
12846,2016-05-16 13:07:00,2016-05-16,0.5873,0.0,0.0,2482.0,0.5873,0.5873,0.5873,10000478,2016-06-22,2016-06-22,P,2.65,2015-11-10
12847,2016-05-16 13:08:00,2016-05-16,0.5873,0.0,0.0,2482.0,0.5873,0.5873,0.5873,10000478,2016-06-22,2016-06-22,P,2.65,2015-11-10
12848,2016-05-16 13:09:00,2016-05-16,0.5873,0.0,0.0,2482.0,0.5873,0.5873,0.5873,10000478,2016-06-22,2016-06-22,P,2.65,2015-11-10
12849,2016-05-16 13:10:00,2016-05-16,0.5873,0.0,0.0,2482.0,0.5873,0.5873,0.5873,10000478,2016-06-22,2016-06-22,P,2.65,2015-11-10
12850,2016-05-16 13:11:00,2016-05-16,0.5873,0.0,0.0,2482.0,0.5873,0.5873,0.5873,10000478,2016-06-22,2016-06-22,P,2.65,2015-11-10
12851,2016-05-16 13:12:00,2016-05-16,0.5873,0.0,0.0,2482.0,0.5873,0.5873,0.5873,10000478,2016-06-22,2016-06-22,P,2.65,2015-11-10
12852,2016-05-16 13:13:00,2016-05-16,0.5873,0.0,0.0,2482.0,0.5873,0.5873,0.5873,10000478,2016-06-22,2016-06-22,P,2.65,2015-11-10
12853,2016-05-16 13:14:00,2016-05-16,0.5873,0.0,0.0,2482.0,0.5873,0.5873,0.5873,10000478,2016-06-22,2016-06-22,P,2.65,2015-11-10
12854,2016-05-16 13:15:00,2016-05-16,0.5873,0.0,0.0,2482.0,0.5873,0.5873,0.5873,10000478,2016-06-22,2016-06-22,P,2.65,2015-11-10
12855,2016-05-16 13:16:00,2016-05-16,0.5873,0.0,0.0,2482.0,0.5873,0.5873,0.5873,10000478,2016-06-22,2016-06-22,P,2.65,2015-11-10
12856,2016-05-16 13:17:00,2016-05-16,0.5873,0.0,0.0,2482.0,0.5873,0.5873,0.5873,10000478,2016-06-22,2016-06-22,P,2.65,2015-11-10
12857,2016-05-16 13:18:00,2016-05-16,0.5873,0.0,0.0,2482.0,0.5873,0.5873,0.5873,10000478,2016-06-22,2016-06-22,P,2.65,2015-11-10
12858,2016-05-16 13:19:00,2016-05-16,0.5873,0.0,0.0,2482.0,0.5873,0.5873,0.5873,10000478,2016-06-22,2016-06-22,P,2.65,2015-11-10
12859,2016-05-16 13:20:00,2016-05-16,0.5873,0.0,0.0,2482.0,0.5873,0.5873,0.5873,10000478,2016-06-22,2016-06-22,P,2.65,2015-11-10
12860,2016-05-16 13:21:00,2016-05-16,0.5884,5884.0,1.0,2482.0,0.5873,0.5884,0.5873,10000478,2016-06-22,2016-06-22,P,2.65,2015-11-10
12861,2016-05-16 13:22:00,2016-05-16,0.5884,0.0,0.0,2482.0,0.5884,0.5884,0.5884,10000478,2016-06-22,2016-06-22,P,2.65,2015-11-10
12862,2016-05-16 13:23:00,2016-05-16,0.5884,0.0,0.0,2482.0,0.5884,0.5884,0.5884,10000478,2016-06-22,2016-06-22,P,2.65,2015-11-10
12863,2016-05-16 13:24:00,2016-05-16,0.5884,0.0,0.0,2482.0,0.5884,0.5884,0.5884,10000478,2016-06-22,2016-06-22,P,2.65,2015-11-10
12864,2016-05-16 13:25:00,2016-05-16,0.5884,0.0,0.0,2482.0,0.5884,0.5884,0.5884,10000478,2016-06-22,2016-06-22,P,2.65,2015-11-10
12865,2016-05-16 13:26:00,2016-05-16,0.5884,0.0,0.0,2482.0,0.5884,0.5884,0.5884,10000478,2016-06-22,2016-06-22,P,2.65,2015-11-10
12866,2016-05-16 13:27:00,2016-05-16,0.5884,0.0,0.0,2482.0,0.5884,0.5884,0.5884,10000478,2016-06-22,2016-06-22,P,2.65,2015-11-10
12867,2016-05-16 13:28:00,2016-05-16,0.5884,0.0,0.0,2482.0,0.5884,0.5884,0.5884,10000478,2016-06-22,2016-06-22,P,2.65,2015-11-10
12868,2016-05-16 13:29:00,2016-05-16,0.5884,0.0,0.0,2482.0,0.5884,0.5884,0.5884,10000478,2016-06-22,2016-06-22,P,2.65,2015-11-10
12869,2016-05-16 13:30:00,2016-05-16,0.5884,0.0,0.0,2482.0,0.5884,0.5884,0.5884,10000478,2016-06-22,2016-06-22,P,2.65,2015-11-10
12870,2016-05-16 13:31:00,2016-05-16,0.5884,0.0,0.0,2482.0,0.5884,0.5884,0.5884,10000478,2016-06-22,2016-06-22,P,2.65,2015-11-10
12871,2016-05-16 13:32:00,2016-05-16,0.5884,0.0,0.0,2482.0,0.5884,0.5884,0.5884,10000478,2016-06-22,2016-06-22,P,2.65,2015-11-10
12872,2016-05-16 13:33:00,2016-05-16,0.5884,0.0,0.0,2482.0,0.5884,0.5884,0.5884,10000478,2016-06-22,2016-06-22,P,2.65,2015-11-10
12873,2016-05-16 13:34:00,2016-05-16,0.5884,0.0,0.0,2482.0,0.5884,0.5884,0.5884,10000478,2016-06-22,2016-06-22,P,2.65,2015-11-10
12874,2016-05-16 13:35:00,2016-05-16,0.5884,0.0,0.0,2482.0,0.5884,0.5884,0.5884,10000478,2016-06-22,2016-06-22,P,2.65,2015-11-10
12875,2016-05-16 13:36:00,2016-05-16,0.5884,0.0,0.0,2482.0,0.5884,0.5884,0.5884,10000478,2016-06-22,2016-06-22,P,2.65,2015-11-10
12876,2016-05-16 13:37:00,2016-05-16,0.5884,0.0,0.0,2482.0,0.5884,0.5884,0.5884,10000478,2016-06-22,2016-06-22,P,2.65,2015-11-10
12877,2016-05-16 13:38:00,2016-05-16,0.5884,0.0,0.0,2482.0,0.5884,0.5884,0.5884,10000478,2016-06-22,2016-06-22,P,2.65,2015-11-10
12878,2016-05-16 13:39:00,2016-05-16,0.5884,0.0,0.0,2482.0,0.5884,0.5884,0.5884,10000478,2016-06-22,2016-06-22,P,2.65,2015-11-10
12879,2016-05-16 13:40:00,2016-05-16,0.5884,0.0,0.0,2482.0,0.5884,0.5884,0.5884,10000478,2016-06-22,2016-06-22,P,2.65,2015-11-10
12880,2016-05-16 13:41:00,2016-05-16,0.5884,0.0,0.0,2482.0,0.5884,0.5884,0.5884,10000478,2016-06-22,2016-06-22,P,2.65,2015-11-10
12881,2016-05-16 13:42:00,2016-05-16,0.5884,0.0,0.0,2482.0,0.5884,0.5884,0.5884,10000478,2016-06-22,2016-06-22,P,2.65,2015-11-10
12882,2016-05-16 13:43:00,2016-05-16,0.5884,0.0,0.0,2482.0,0.5884,0.5884,0.5884,10000478,2016-06-22,2016-06-22,P,2.65,2015-11-10
12883,2016-05-16 13:44:00,2016-05-16,0.5884,0.0,0.0,2482.0,0.5884,0.5884,0.5884,10000478,2016-06-22,2016-06-22,P,2.65,2015-11-10
12884,2016-05-16 13:45:00,2016-05-16,0.5884,0.0,0.0,2482.0,0.5884,0.5884,0.5884,10000478,2016-06-22,2016-06-22,P,2.65,2015-11-10
12885,2016-05-16 13:46:00,2016-05-16,0.5884,0.0,0.0,2482.0,0.5884,0.5884,0.5884,10000478,2016-06-22,2016-06-22,P,2.65,2015-11-10
12886,2016-05-16 13:47:00,2016-05-16,0.5884,0.0,0.0,2482.0,0.5884,0.5884,0.5884,10000478,2016-06-22,2016-06-22,P,2.65,2015-11-10
12887,2016-05-16 13:48:00,2016-05-16,0.5884,0.0,0.0,2482.0,0.5884,0.5884,0.5884,10000478,2016-06-22,2016-06-22,P,2.65,2015-11-10
12888,2016-05-16 13:49:00,2016-05-16,0.5884,0.0,0.0,2482.0,0.5884,0.5884,0.5884,10000478,2016-06-22,2016-06-22,P,2.65,2015-11-10
12889,2016-05-16 13:50:00,2016-05-16,0.5884,0.0,0.0,2482.0,0.5884,0.5884,0.5884,10000478,2016-06-22,2016-06-22,P,2.65,2015-11-10
12890,2016-05-16 13:51:00,2016-05-16,0.5884,0.0,0.0,2482.0,0.5884,0.5884,0.5884,10000478,2016-06-22,2016-06-22,P,2.65,2015-11-10
12891,2016-05-16 13:52:00,2016-05-16,0.5884,0.0,0.0,2482.0,0.5884,0.5884,0.5884,10000478,2016-06-22,2016-06-22,P,2.65,2015-11-10
12892,2016-05-16 13:53:00,2016-05-16,0.5884,0.0,0.0,2482.0,0.5884,0.5884,0.5884,10000478,2016-06-22,2016-06-22,P,2.65,2015-11-10
12893,2016-05-16 13:54:00,2016-05-16,0.5884,0.0,0.0,2482.0,0.5884,0.5884,0.5884,10000478,2016-06-22,2016-06-22,P,2.65,2015-11-10
12894,2016-05-16 13:55:00,2016-05-16,0.5884,70560.0,12.0,2494.0,0.5884,0.588,0.588,10000478,2016-06-22,2016-06-22,P,2.65,2015-11-10
12895,2016-05-16 13:56:00,2016-05-16,0.588,105840.0,18.0,2512.0,0.588,0.588,0.588,10000478,2016-06-22,2016-06-22,P,2.65,2015-11-10
12896,2016-05-16 13:57:00,2016-05-16,0.588,0.0,0.0,2512.0,0.588,0.588,0.588,10000478,2016-06-22,2016-06-22,P,2.65,2015-11-10
12897,2016-05-16 13:58:00,2016-05-16,0.588,0.0,0.0,2512.0,0.588,0.588,0.588,10000478,2016-06-22,2016-06-22,P,2.65,2015-11-10
12898,2016-05-16 13:59:00,2016-05-16,0.588,0.0,0.0,2512.0,0.588,0.588,0.588,10000478,2016-06-22,2016-06-22,P,2.65,2015-11-10
12899,2016-05-16 14:00:00,2016-05-16,0.588,0.0,0.0,2512.0,0.588,0.588,0.588,10000478,2016-06-22,2016-06-22,P,2.65,2015-11-10
12900,2016-05-16 14:01:00,2016-05-16,0.588,0.0,0.0,2512.0,0.588,0.588,0.588,10000478,2016-06-22,2016-06-22,P,2.65,2015-11-10
12901,2016-05-16 14:02:00,2016-05-16,0.588,0.0,0.0,2512.0,0.588,0.588,0.588,10000478,2016-06-22,2016-06-22,P,2.65,2015-11-10
12902,2016-05-16 14:03:00,2016-05-16,0.588,0.0,0.0,2512.0,0.588,0.588,0.588,10000478,2016-06-22,2016-06-22,P,2.65,2015-11-10
12903,2016-05-16 14:04:00,2016-05-16,0.588,0.0,0.0,2512.0,0.588,0.588,0.588,10000478,2016-06-22,2016-06-22,P,2.65,2015-11-10
12904,2016-05-16 14:05:00,2016-05-16,0.588,0.0,0.0,2512.0,0.588,0.588,0.588,10000478,2016-06-22,2016-06-22,P,2.65,2015-11-10
12905,2016-05-16 14:06:00,2016-05-16,0.588,0.0,0.0,2512.0,0.588,0.588,0.588,10000478,2016-06-22,2016-06-22,P,2.65,2015-11-10
12906,2016-05-16 14:07:00,2016-05-16,0.588,0.0,0.0,2512.0,0.588,0.588,0.588,10000478,2016-06-22,2016-06-22,P,2.65,2015-11-10
12907,2016-05-16 14:08:00,2016-05-16,0.588,0.0,0.0,2512.0,0.588,0.588,0.588,10000478,2016-06-22,2016-06-22,P,2.65,2015-11-10
12908,2016-05-16 14:09:00,2016-05-16,0.588,0.0,0.0,2512.0,0.588,0.588,0.588,10000478,2016-06-22,2016-06-22,P,2.65,2015-11-10
12909,2016-05-16 14:10:00,2016-05-16,0.588,0.0,0.0,2512.0,0.588,0.588,0.588,10000478,2016-06-22,2016-06-22,P,2.65,2015-11-10
12910,2016-05-16 14:11:00,2016-05-16,0.588,0.0,0.0,2512.0,0.588,0.588,0.588,10000478,2016-06-22,2016-06-22,P,2.65,2015-11-10
12911,2016-05-16 14:12:00,2016-05-16,0.588,0.0,0.0,2512.0,0.588,0.588,0.588,10000478,2016-06-22,2016-06-22,P,2.65,2015-11-10
12912,2016-05-16 14:13:00,2016-05-16,0.588,0.0,0.0,2512.0,0.588,0.588,0.588,10000478,2016-06-22,2016-06-22,P,2.65,2015-11-10
12913,2016-05-16 14:14:00,2016-05-16,0.588,0.0,0.0,2512.0,0.588,0.588,0.588,10000478,2016-06-22,2016-06-22,P,2.65,2015-11-10
12914,2016-05-16 14:15:00,2016-05-16,0.588,0.0,0.0,2512.0,0.588,0.588,0.588,10000478,2016-06-22,2016-06-22,P,2.65,2015-11-10
12915,2016-05-16 14:16:00,2016-05-16,0.588,0.0,0.0,2512.0,0.588,0.588,0.588,10000478,2016-06-22,2016-06-22,P,2.65,2015-11-10
12916,2016-05-16 14:17:00,2016-05-16,0.588,0.0,0.0,2512.0,0.588,0.588,0.588,10000478,2016-06-22,2016-06-22,P,2.65,2015-11-10
12917,2016-05-16 14:18:00,2016-05-16,0.588,0.0,0.0,2512.0,0.588,0.588,0.588,10000478,2016-06-22,2016-06-22,P,2.65,2015-11-10
12918,2016-05-16 14:19:00,2016-05-16,0.588,0.0,0.0,2512.0,0.588,0.588,0.588,10000478,2016-06-22,2016-06-22,P,2.65,2015-11-10
12919,2016-05-16 14:20:00,2016-05-16,0.588,0.0,0.0,2512.0,0.588,0.588,0.588,10000478,2016-06-22,2016-06-22,P,2.65,2015-11-10
12920,2016-05-16 14:21:00,2016-05-16,0.588,0.0,0.0,2512.0,0.588,0.588,0.588,10000478,2016-06-22,2016-06-22,P,2.65,2015-11-10
12921,2016-05-16 14:22:00,2016-05-16,0.588,0.0,0.0,2512.0,0.588,0.588,0.588,10000478,2016-06-22,2016-06-22,P,2.65,2015-11-10
12922,2016-05-16 14:23:00,2016-05-16,0.588,0.0,0.0,2512.0,0.588,0.588,0.588,10000478,2016-06-22,2016-06-22,P,2.65,2015-11-10
12923,2016-05-16 14:24:00,2016-05-16,0.588,0.0,0.0,2512.0,0.588,0.588,0.588,10000478,2016-06-22,2016-06-22,P,2.65,2015-11-10
12924,2016-05-16 14:25:00,2016-05-16,0.588,0.0,0.0,2512.0,0.588,0.588,0.588,10000478,2016-06-22,2016-06-22,P,2.65,2015-11-10
12925,2016-05-16 14:26:00,2016-05-16,0.588,0.0,0.0,2512.0,0.588,0.588,0.588,10000478,2016-06-22,2016-06-22,P,2.65,2015-11-10
12926,2016-05-16 14:27:00,2016-05-16,0.588,0.0,0.0,2512.0,0.588,0.588,0.588,10000478,2016-06-22,2016-06-22,P,2.65,2015-11-10
12927,2016-05-16 14:28:00,2016-05-16,0.5915,5915.0,1.0,2512.0,0.588,0.5915,0.588,10000478,2016-06-22,2016-06-22,P,2.65,2015-11-10
12928,2016-05-16 14:29:00,2016-05-16,0.5915,0.0,0.0,2512.0,0.5915,0.5915,0.5915,10000478,2016-06-22,2016-06-22,P,2.65,2015-11-10
12929,2016-05-16 14:30:00,2016-05-16,0.5915,0.0,0.0,2512.0,0.5915,0.5915,0.5915,10000478,2016-06-22,2016-06-22,P,2.65,2015-11-10
12930,2016-05-16 14:31:00,2016-05-16,0.5915,0.0,0.0,2512.0,0.5915,0.5915,0.5915,10000478,2016-06-22,2016-06-22,P,2.65,2015-11-10
12931,2016-05-16 14:32:00,2016-05-16,0.5915,58760.0,10.0,2508.0,0.5915,0.5876,0.5876,10000478,2016-06-22,2016-06-22,P,2.65,2015-11-10
12932,2016-05-16 14:33:00,2016-05-16,0.5876,52848.0,9.0,2504.0,0.5876,0.5872,0.5872,10000478,2016-06-22,2016-06-22,P,2.65,2015-11-10
12933,2016-05-16 14:34:00,2016-05-16,0.5872,0.0,0.0,2504.0,0.5872,0.5872,0.5872,10000478,2016-06-22,2016-06-22,P,2.65,2015-11-10
12934,2016-05-16 14:35:00,2016-05-16,0.5872,0.0,0.0,2504.0,0.5872,0.5872,0.5872,10000478,2016-06-22,2016-06-22,P,2.65,2015-11-10
12935,2016-05-16 14:36:00,2016-05-16,0.5872,0.0,0.0,2504.0,0.5872,0.5872,0.5872,10000478,2016-06-22,2016-06-22,P,2.65,2015-11-10
12936,2016-05-16 14:37:00,2016-05-16,0.5872,5867.0,1.0,2504.0,0.5872,0.5867,0.5867,10000478,2016-06-22,2016-06-22,P,2.65,2015-11-10
12937,2016-05-16 14:38:00,2016-05-16,0.5867,0.0,0.0,2504.0,0.5867,0.5867,0.5867,10000478,2016-06-22,2016-06-22,P,2.65,2015-11-10
12938,2016-05-16 14:39:00,2016-05-16,0.5867,0.0,0.0,2504.0,0.5867,0.5867,0.5867,10000478,2016-06-22,2016-06-22,P,2.65,2015-11-10
12939,2016-05-16 14:40:00,2016-05-16,0.5867,0.0,0.0,2504.0,0.5867,0.5867,0.5867,10000478,2016-06-22,2016-06-22,P,2.65,2015-11-10
12940,2016-05-16 14:41:00,2016-05-16,0.5867,0.0,0.0,2504.0,0.5867,0.5867,0.5867,10000478,2016-06-22,2016-06-22,P,2.65,2015-11-10
12941,2016-05-16 14:42:00,2016-05-16,0.5887,11774.0,2.0,2504.0,0.5867,0.5887,0.5867,10000478,2016-06-22,2016-06-22,P,2.65,2015-11-10
12942,2016-05-16 14:43:00,2016-05-16,0.5887,0.0,0.0,2504.0,0.5887,0.5887,0.5887,10000478,2016-06-22,2016-06-22,P,2.65,2015-11-10
12943,2016-05-16 14:44:00,2016-05-16,0.5887,0.0,0.0,2504.0,0.5887,0.5887,0.5887,10000478,2016-06-22,2016-06-22,P,2.65,2015-11-10
12944,2016-05-16 14:45:00,2016-05-16,0.5887,0.0,0.0,2504.0,0.5887,0.5887,0.5887,10000478,2016-06-22,2016-06-22,P,2.65,2015-11-10
12945,2016-05-16 14:46:00,2016-05-16,0.5887,0.0,0.0,2504.0,0.5887,0.5887,0.5887,10000478,2016-06-22,2016-06-22,P,2.65,2015-11-10
12946,2016-05-16 14:47:00,2016-05-16,0.5887,0.0,0.0,2504.0,0.5887,0.5887,0.5887,10000478,2016-06-22,2016-06-22,P,2.65,2015-11-10
12947,2016-05-16 14:48:00,2016-05-16,0.5887,0.0,0.0,2504.0,0.5887,0.5887,0.5887,10000478,2016-06-22,2016-06-22,P,2.65,2015-11-10
12948,2016-05-16 14:49:00,2016-05-16,0.5887,0.0,0.0,2504.0,0.5887,0.5887,0.5887,10000478,2016-06-22,2016-06-22,P,2.65,2015-11-10
12949,2016-05-16 14:50:00,2016-05-16,0.5887,0.0,0.0,2504.0,0.5887,0.5887,0.5887,10000478,2016-06-22,2016-06-22,P,2.65,2015-11-10
12950,2016-05-16 14:51:00,2016-05-16,0.5887,0.0,0.0,2504.0,0.5887,0.5887,0.5887,10000478,2016-06-22,2016-06-22,P,2.65,2015-11-10
12951,2016-05-16 14:52:00,2016-05-16,0.5887,0.0,0.0,2504.0,0.5887,0.5887,0.5887,10000478,2016-06-22,2016-06-22,P,2.65,2015-11-10
12952,2016-05-16 14:53:00,2016-05-16,0.5887,0.0,0.0,2504.0,0.5887,0.5887,0.5887,10000478,2016-06-22,2016-06-22,P,2.65,2015-11-10
12953,2016-05-16 14:54:00,2016-05-16,0.5887,0.0,0.0,2504.0,0.5887,0.5887,0.5887,10000478,2016-06-22,2016-06-22,P,2.65,2015-11-10
12954,2016-05-16 14:55:00,2016-05-16,0.5887,0.0,0.0,2504.0,0.5887,0.5887,0.5887,10000478,2016-06-22,2016-06-22,P,2.65,2015-11-10
12955,2016-05-16 14:56:00,2016-05-16,0.5887,0.0,0.0,2504.0,0.5887,0.5887,0.5887,10000478,2016-06-22,2016-06-22,P,2.65,2015-11-10
12956,2016-05-16 14:57:00,2016-05-16,0.5887,0.0,0.0,2504.0,0.5887,0.5887,0.5887,10000478,2016-06-22,2016-06-22,P,2.65,2015-11-10
12957,2016-05-16 14:58:00,2016-05-16,0.5887,0.0,0.0,2504.0,0.5887,0.5887,0.5887,10000478,2016-06-22,2016-06-22,P,2.65,2015-11-10
12958,2016-05-16 14:59:00,2016-05-16,0.5887,0.0,0.0,2504.0,0.5887,0.5887,0.5887,10000478,2016-06-22,2016-06-22,P,2.65,2015-11-10
12959,2016-05-16 15:00:00,2016-05-16,0.5887,0.0,0.0,2504.0,0.5887,0.5887,0.5887,10000478,2016-06-22,2016-06-22,P,2.65,2015-11-10
12960,2016-05-16 09:31:00,2016-05-16,0.0021,0.0,0.0,7435.0,0.0021,0.0021,0.0021,10000452,2016-06-22,2016-06-22,C,2.35,2015-10-29
12961,2016-05-16 09:32:00,2016-05-16,0.0021,0.0,0.0,7435.0,0.0021,0.0021,0.0021,10000452,2016-06-22,2016-06-22,C,2.35,2015-10-29
12962,2016-05-16 09:33:00,2016-05-16,0.0021,0.0,0.0,7435.0,0.0021,0.0021,0.0021,10000452,2016-06-22,2016-06-22,C,2.35,2015-10-29
12963,2016-05-16 09:34:00,2016-05-16,0.0021,0.0,0.0,7435.0,0.0021,0.0021,0.0021,10000452,2016-06-22,2016-06-22,C,2.35,2015-10-29
12964,2016-05-16 09:35:00,2016-05-16,0.0024,1138.0,50.0,7427.0,0.0022,0.002,0.002,10000452,2016-06-22,2016-06-22,C,2.35,2015-10-29
12965,2016-05-16 09:36:00,2016-05-16,0.002,200.0,10.0,7427.0,0.002,0.002,0.002,10000452,2016-06-22,2016-06-22,C,2.35,2015-10-29
12966,2016-05-16 09:37:00,2016-05-16,0.002,0.0,0.0,7427.0,0.002,0.002,0.002,10000452,2016-06-22,2016-06-22,C,2.35,2015-10-29
12967,2016-05-16 09:38:00,2016-05-16,0.002,0.0,0.0,7427.0,0.002,0.002,0.002,10000452,2016-06-22,2016-06-22,C,2.35,2015-10-29
12968,2016-05-16 09:39:00,2016-05-16,0.002,0.0,0.0,7427.0,0.002,0.002,0.002,10000452,2016-06-22,2016-06-22,C,2.35,2015-10-29
12969,2016-05-16 09:40:00,2016-05-16,0.002,0.0,0.0,7427.0,0.002,0.002,0.002,10000452,2016-06-22,2016-06-22,C,2.35,2015-10-29
12970,2016-05-16 09:41:00,2016-05-16,0.002,0.0,0.0,7427.0,0.002,0.002,0.002,10000452,2016-06-22,2016-06-22,C,2.35,2015-10-29
12971,2016-05-16 09:42:00,2016-05-16,0.002,0.0,0.0,7427.0,0.002,0.002,0.002,10000452,2016-06-22,2016-06-22,C,2.35,2015-10-29
12972,2016-05-16 09:43:00,2016-05-16,0.002,0.0,0.0,7427.0,0.002,0.002,0.002,10000452,2016-06-22,2016-06-22,C,2.35,2015-10-29
12973,2016-05-16 09:44:00,2016-05-16,0.002,0.0,0.0,7427.0,0.002,0.002,0.002,10000452,2016-06-22,2016-06-22,C,2.35,2015-10-29
12974,2016-05-16 09:45:00,2016-05-16,0.0022,220.0,10.0,7427.0,0.002,0.0022,0.002,10000452,2016-06-22,2016-06-22,C,2.35,2015-10-29
12975,2016-05-16 09:46:00,2016-05-16,0.0022,572.0,26.0,7424.0,0.0022,0.0022,0.0022,10000452,2016-06-22,2016-06-22,C,2.35,2015-10-29
12976,2016-05-16 09:47:00,2016-05-16,0.0022,838.0,39.0,7424.0,0.0022,0.0021,0.0021,10000452,2016-06-22,2016-06-22,C,2.35,2015-10-29
12977,2016-05-16 09:48:00,2016-05-16,0.0022,760.0,35.0,7424.0,0.0021,0.0022,0.0021,10000452,2016-06-22,2016-06-22,C,2.35,2015-10-29
12978,2016-05-16 09:49:00,2016-05-16,0.0022,1320.0,60.0,7434.0,0.0022,0.0022,0.0022,10000452,2016-06-22,2016-06-22,C,2.35,2015-10-29
12979,2016-05-16 09:50:00,2016-05-16,0.0022,1980.0,90.0,7434.0,0.0022,0.0022,0.0022,10000452,2016-06-22,2016-06-22,C,2.35,2015-10-29
12980,2016-05-16 09:51:00,2016-05-16,0.0022,660.0,30.0,7449.0,0.0022,0.0022,0.0022,10000452,2016-06-22,2016-06-22,C,2.35,2015-10-29
12981,2016-05-16 09:52:00,2016-05-16,0.0022,0.0,0.0,7449.0,0.0022,0.0022,0.0022,10000452,2016-06-22,2016-06-22,C,2.35,2015-10-29
12982,2016-05-16 09:53:00,2016-05-16,0.0022,652.0,31.0,7449.0,0.0022,0.0021,0.0021,10000452,2016-06-22,2016-06-22,C,2.35,2015-10-29
12983,2016-05-16 09:54:00,2016-05-16,0.0021,756.0,36.0,7449.0,0.0021,0.0021,0.0021,10000452,2016-06-22,2016-06-22,C,2.35,2015-10-29
12984,2016-05-16 09:55:00,2016-05-16,0.0021,1113.0,53.0,7449.0,0.0021,0.0021,0.0021,10000452,2016-06-22,2016-06-22,C,2.35,2015-10-29
12985,2016-05-16 09:56:00,2016-05-16,0.0022,2300.0,105.0,7484.0,0.0021,0.0022,0.0021,10000452,2016-06-22,2016-06-22,C,2.35,2015-10-29
12986,2016-05-16 09:57:00,2016-05-16,0.0022,2266.0,103.0,7577.0,0.0022,0.0022,0.0022,10000452,2016-06-22,2016-06-22,C,2.35,2015-10-29
12987,2016-05-16 09:58:00,2016-05-16,0.0022,870.0,40.0,7577.0,0.0022,0.0022,0.0021,10000452,2016-06-22,2016-06-22,C,2.35,2015-10-29
12988,2016-05-16 09:59:00,2016-05-16,0.0022,0.0,0.0,7577.0,0.0022,0.0022,0.0022,10000452,2016-06-22,2016-06-22,C,2.35,2015-10-29
12989,2016-05-16 10:00:00,2016-05-16,0.0022,0.0,0.0,7577.0,0.0022,0.0022,0.0022,10000452,2016-06-22,2016-06-22,C,2.35,2015-10-29
12990,2016-05-16 10:01:00,2016-05-16,0.0022,440.0,20.0,7577.0,0.0022,0.0022,0.0022,10000452,2016-06-22,2016-06-22,C,2.35,2015-10-29
12991,2016-05-16 10:02:00,2016-05-16,0.0022,0.0,0.0,7577.0,0.0022,0.0022,0.0022,10000452,2016-06-22,2016-06-22,C,2.35,2015-10-29
12992,2016-05-16 10:03:00,2016-05-16,0.0022,0.0,0.0,7577.0,0.0022,0.0022,0.0022,10000452,2016-06-22,2016-06-22,C,2.35,2015-10-29
12993,2016-05-16 10:04:00,2016-05-16,0.0022,0.0,0.0,7577.0,0.0022,0.0022,0.0022,10000452,2016-06-22,2016-06-22,C,2.35,2015-10-29
12994,2016-05-16 10:05:00,2016-05-16,0.0022,0.0,0.0,7577.0,0.0022,0.0022,0.0022,10000452,2016-06-22,2016-06-22,C,2.35,2015-10-29
12995,2016-05-16 10:06:00,2016-05-16,0.0022,0.0,0.0,7577.0,0.0022,0.0022,0.0022,10000452,2016-06-22,2016-06-22,C,2.35,2015-10-29
12996,2016-05-16 10:07:00,2016-05-16,0.0022,0.0,0.0,7577.0,0.0022,0.0022,0.0022,10000452,2016-06-22,2016-06-22,C,2.35,2015-10-29
12997,2016-05-16 10:08:00,2016-05-16,0.0022,0.0,0.0,7577.0,0.0022,0.0022,0.0022,10000452,2016-06-22,2016-06-22,C,2.35,2015-10-29
12998,2016-05-16 10:09:00,2016-05-16,0.0022,0.0,0.0,7577.0,0.0022,0.0022,0.0022,10000452,2016-06-22,2016-06-22,C,2.35,2015-10-29
12999,2016-05-16 10:10:00,2016-05-16,0.0022,0.0,0.0,7577.0,0.0022,0.0022,0.0022,10000452,2016-06-22,2016-06-22,C,2.35,2015-10-29
13000,2016-05-16 10:11:00,2016-05-16,0.0022,105.0,5.0,7577.0,0.0022,0.0021,0.0021,10000452,2016-06-22,2016-06-22,C,2.35,2015-10-29
13001,2016-05-16 10:12:00,2016-05-16,0.0021,1360.0,67.0,7519.0,0.0021,0.002,0.002,10000452,2016-06-22,2016-06-22,C,2.35,2015-10-29
13002,2016-05-16 10:13:00,2016-05-16,0.0021,210.0,10.0,7509.0,0.002,0.0021,0.002,10000452,2016-06-22,2016-06-22,C,2.35,2015-10-29
13003,2016-05-16 10:14:00,2016-05-16,0.0021,210.0,10.0,7499.0,0.0021,0.0021,0.0021,10000452,2016-06-22,2016-06-22,C,2.35,2015-10-29
13004,2016-05-16 10:15:00,2016-05-16,0.0021,0.0,0.0,7499.0,0.0021,0.0021,0.0021,10000452,2016-06-22,2016-06-22,C,2.35,2015-10-29
13005,2016-05-16 10:16:00,2016-05-16,0.0021,0.0,0.0,7499.0,0.0021,0.0021,0.0021,10000452,2016-06-22,2016-06-22,C,2.35,2015-10-29
13006,2016-05-16 10:17:00,2016-05-16,0.0021,0.0,0.0,7499.0,0.0021,0.0021,0.0021,10000452,2016-06-22,2016-06-22,C,2.35,2015-10-29
13007,2016-05-16 10:18:00,2016-05-16,0.0021,420.0,20.0,7479.0,0.0021,0.0021,0.0021,10000452,2016-06-22,2016-06-22,C,2.35,2015-10-29
13008,2016-05-16 10:19:00,2016-05-16,0.0021,0.0,0.0,7479.0,0.0021,0.0021,0.0021,10000452,2016-06-22,2016-06-22,C,2.35,2015-10-29
13009,2016-05-16 10:20:00,2016-05-16,0.0021,0.0,0.0,7479.0,0.0021,0.0021,0.0021,10000452,2016-06-22,2016-06-22,C,2.35,2015-10-29
13010,2016-05-16 10:21:00,2016-05-16,0.0021,0.0,0.0,7479.0,0.0021,0.0021,0.0021,10000452,2016-06-22,2016-06-22,C,2.35,2015-10-29
13011,2016-05-16 10:22:00,2016-05-16,0.0021,0.0,0.0,7479.0,0.0021,0.0021,0.0021,10000452,2016-06-22,2016-06-22,C,2.35,2015-10-29
13012,2016-05-16 10:23:00,2016-05-16,0.0021,0.0,0.0,7479.0,0.0021,0.0021,0.0021,10000452,2016-06-22,2016-06-22,C,2.35,2015-10-29
13013,2016-05-16 10:24:00,2016-05-16,0.0021,0.0,0.0,7479.0,0.0021,0.0021,0.0021,10000452,2016-06-22,2016-06-22,C,2.35,2015-10-29
13014,2016-05-16 10:25:00,2016-05-16,0.0021,0.0,0.0,7479.0,0.0021,0.0021,0.0021,10000452,2016-06-22,2016-06-22,C,2.35,2015-10-29
13015,2016-05-16 10:26:00,2016-05-16,0.0021,0.0,0.0,7479.0,0.0021,0.0021,0.0021,10000452,2016-06-22,2016-06-22,C,2.35,2015-10-29
13016,2016-05-16 10:27:00,2016-05-16,0.0021,0.0,0.0,7479.0,0.0021,0.0021,0.0021,10000452,2016-06-22,2016-06-22,C,2.35,2015-10-29
13017,2016-05-16 10:28:00,2016-05-16,0.0021,0.0,0.0,7479.0,0.0021,0.0021,0.0021,10000452,2016-06-22,2016-06-22,C,2.35,2015-10-29
13018,2016-05-16 10:29:00,2016-05-16,0.0021,0.0,0.0,7479.0,0.0021,0.0021,0.0021,10000452,2016-06-22,2016-06-22,C,2.35,2015-10-29
13019,2016-05-16 10:30:00,2016-05-16,0.0022,22.0,1.0,7479.0,0.0021,0.0022,0.0021,10000452,2016-06-22,2016-06-22,C,2.35,2015-10-29
13020,2016-05-16 10:31:00,2016-05-16,0.0022,0.0,0.0,7479.0,0.0022,0.0022,0.0022,10000452,2016-06-22,2016-06-22,C,2.35,2015-10-29
13021,2016-05-16 10:32:00,2016-05-16,0.0022,0.0,0.0,7479.0,0.0022,0.0022,0.0022,10000452,2016-06-22,2016-06-22,C,2.35,2015-10-29
13022,2016-05-16 10:33:00,2016-05-16,0.0022,0.0,0.0,7479.0,0.0022,0.0022,0.0022,10000452,2016-06-22,2016-06-22,C,2.35,2015-10-29
13023,2016-05-16 10:34:00,2016-05-16,0.0022,110.0,5.0,7484.0,0.0022,0.0022,0.0022,10000452,2016-06-22,2016-06-22,C,2.35,2015-10-29
13024,2016-05-16 10:35:00,2016-05-16,0.0022,0.0,0.0,7484.0,0.0022,0.0022,0.0022,10000452,2016-06-22,2016-06-22,C,2.35,2015-10-29
13025,2016-05-16 10:36:00,2016-05-16,0.0022,0.0,0.0,7484.0,0.0022,0.0022,0.0022,10000452,2016-06-22,2016-06-22,C,2.35,2015-10-29
13026,2016-05-16 10:37:00,2016-05-16,0.0022,0.0,0.0,7484.0,0.0022,0.0022,0.0022,10000452,2016-06-22,2016-06-22,C,2.35,2015-10-29
13027,2016-05-16 10:38:00,2016-05-16,0.0022,22.0,1.0,7484.0,0.0022,0.0022,0.0022,10000452,2016-06-22,2016-06-22,C,2.35,2015-10-29
13028,2016-05-16 10:39:00,2016-05-16,0.0022,0.0,0.0,7484.0,0.0022,0.0022,0.0022,10000452,2016-06-22,2016-06-22,C,2.35,2015-10-29
13029,2016-05-16 10:40:00,2016-05-16,0.0022,0.0,0.0,7484.0,0.0022,0.0022,0.0022,10000452,2016-06-22,2016-06-22,C,2.35,2015-10-29
13030,2016-05-16 10:41:00,2016-05-16,0.0022,0.0,0.0,7484.0,0.0022,0.0022,0.0022,10000452,2016-06-22,2016-06-22,C,2.35,2015-10-29
13031,2016-05-16 10:42:00,2016-05-16,0.0022,0.0,0.0,7484.0,0.0022,0.0022,0.0022,10000452,2016-06-22,2016-06-22,C,2.35,2015-10-29
13032,2016-05-16 10:43:00,2016-05-16,0.0022,0.0,0.0,7484.0,0.0022,0.0022,0.0022,10000452,2016-06-22,2016-06-22,C,2.35,2015-10-29
13033,2016-05-16 10:44:00,2016-05-16,0.0022,0.0,0.0,7484.0,0.0022,0.0022,0.0022,10000452,2016-06-22,2016-06-22,C,2.35,2015-10-29
13034,2016-05-16 10:45:00,2016-05-16,0.0022,0.0,0.0,7484.0,0.0022,0.0022,0.0022,10000452,2016-06-22,2016-06-22,C,2.35,2015-10-29
13035,2016-05-16 10:46:00,2016-05-16,0.0022,0.0,0.0,7484.0,0.0022,0.0022,0.0022,10000452,2016-06-22,2016-06-22,C,2.35,2015-10-29
13036,2016-05-16 10:47:00,2016-05-16,0.0022,0.0,0.0,7484.0,0.0022,0.0022,0.0022,10000452,2016-06-22,2016-06-22,C,2.35,2015-10-29
13037,2016-05-16 10:48:00,2016-05-16,0.0022,0.0,0.0,7484.0,0.0022,0.0022,0.0022,10000452,2016-06-22,2016-06-22,C,2.35,2015-10-29
13038,2016-05-16 10:49:00,2016-05-16,0.0022,0.0,0.0,7484.0,0.0022,0.0022,0.0022,10000452,2016-06-22,2016-06-22,C,2.35,2015-10-29
13039,2016-05-16 10:50:00,2016-05-16,0.0022,22.0,1.0,7485.0,0.0022,0.0022,0.0022,10000452,2016-06-22,2016-06-22,C,2.35,2015-10-29
13040,2016-05-16 10:51:00,2016-05-16,0.0022,0.0,0.0,7485.0,0.0022,0.0022,0.0022,10000452,2016-06-22,2016-06-22,C,2.35,2015-10-29
13041,2016-05-16 10:52:00,2016-05-16,0.0022,0.0,0.0,7485.0,0.0022,0.0022,0.0022,10000452,2016-06-22,2016-06-22,C,2.35,2015-10-29
13042,2016-05-16 10:53:00,2016-05-16,0.0022,0.0,0.0,7485.0,0.0022,0.0022,0.0022,10000452,2016-06-22,2016-06-22,C,2.35,2015-10-29
13043,2016-05-16 10:54:00,2016-05-16,0.0022,220.0,10.0,7495.0,0.0022,0.0022,0.0022,10000452,2016-06-22,2016-06-22,C,2.35,2015-10-29
13044,2016-05-16 10:55:00,2016-05-16,0.0022,0.0,0.0,7495.0,0.0022,0.0022,0.0022,10000452,2016-06-22,2016-06-22,C,2.35,2015-10-29
13045,2016-05-16 10:56:00,2016-05-16,0.0022,0.0,0.0,7495.0,0.0022,0.0022,0.0022,10000452,2016-06-22,2016-06-22,C,2.35,2015-10-29
13046,2016-05-16 10:57:00,2016-05-16,0.0022,0.0,0.0,7495.0,0.0022,0.0022,0.0022,10000452,2016-06-22,2016-06-22,C,2.35,2015-10-29
13047,2016-05-16 10:58:00,2016-05-16,0.0022,0.0,0.0,7495.0,0.0022,0.0022,0.0022,10000452,2016-06-22,2016-06-22,C,2.35,2015-10-29
13048,2016-05-16 10:59:00,2016-05-16,0.0022,0.0,0.0,7495.0,0.0022,0.0022,0.0022,10000452,2016-06-22,2016-06-22,C,2.35,2015-10-29
13049,2016-05-16 11:00:00,2016-05-16,0.0022,0.0,0.0,7495.0,0.0022,0.0022,0.0022,10000452,2016-06-22,2016-06-22,C,2.35,2015-10-29
13050,2016-05-16 11:01:00,2016-05-16,0.0022,0.0,0.0,7495.0,0.0022,0.0022,0.0022,10000452,2016-06-22,2016-06-22,C,2.35,2015-10-29
13051,2016-05-16 11:02:00,2016-05-16,0.0022,0.0,0.0,7495.0,0.0022,0.0022,0.0022,10000452,2016-06-22,2016-06-22,C,2.35,2015-10-29
13052,2016-05-16 11:03:00,2016-05-16,0.0022,0.0,0.0,7495.0,0.0022,0.0022,0.0022,10000452,2016-06-22,2016-06-22,C,2.35,2015-10-29
13053,2016-05-16 11:04:00,2016-05-16,0.0022,0.0,0.0,7495.0,0.0022,0.0022,0.0022,10000452,2016-06-22,2016-06-22,C,2.35,2015-10-29
13054,2016-05-16 11:05:00,2016-05-16,0.0022,0.0,0.0,7495.0,0.0022,0.0022,0.0022,10000452,2016-06-22,2016-06-22,C,2.35,2015-10-29
13055,2016-05-16 11:06:00,2016-05-16,0.0022,0.0,0.0,7495.0,0.0022,0.0022,0.0022,10000452,2016-06-22,2016-06-22,C,2.35,2015-10-29
13056,2016-05-16 11:07:00,2016-05-16,0.0022,0.0,0.0,7495.0,0.0022,0.0022,0.0022,10000452,2016-06-22,2016-06-22,C,2.35,2015-10-29
13057,2016-05-16 11:08:00,2016-05-16,0.0022,0.0,0.0,7495.0,0.0022,0.0022,0.0022,10000452,2016-06-22,2016-06-22,C,2.35,2015-10-29
13058,2016-05-16 11:09:00,2016-05-16,0.0022,0.0,0.0,7495.0,0.0022,0.0022,0.0022,10000452,2016-06-22,2016-06-22,C,2.35,2015-10-29
13059,2016-05-16 11:10:00,2016-05-16,0.0022,0.0,0.0,7495.0,0.0022,0.0022,0.0022,10000452,2016-06-22,2016-06-22,C,2.35,2015-10-29
13060,2016-05-16 11:11:00,2016-05-16,0.0022,374.0,17.0,7495.0,0.0022,0.0022,0.0022,10000452,2016-06-22,2016-06-22,C,2.35,2015-10-29
13061,2016-05-16 11:12:00,2016-05-16,0.0022,88.0,4.0,7492.0,0.0022,0.0022,0.0022,10000452,2016-06-22,2016-06-22,C,2.35,2015-10-29
13062,2016-05-16 11:13:00,2016-05-16,0.0022,0.0,0.0,7492.0,0.0022,0.0022,0.0022,10000452,2016-06-22,2016-06-22,C,2.35,2015-10-29
13063,2016-05-16 11:14:00,2016-05-16,0.0022,0.0,0.0,7492.0,0.0022,0.0022,0.0022,10000452,2016-06-22,2016-06-22,C,2.35,2015-10-29
13064,2016-05-16 11:15:00,2016-05-16,0.0022,0.0,0.0,7492.0,0.0022,0.0022,0.0022,10000452,2016-06-22,2016-06-22,C,2.35,2015-10-29
13065,2016-05-16 11:16:00,2016-05-16,0.0022,0.0,0.0,7492.0,0.0022,0.0022,0.0022,10000452,2016-06-22,2016-06-22,C,2.35,2015-10-29
13066,2016-05-16 11:17:00,2016-05-16,0.0022,0.0,0.0,7492.0,0.0022,0.0022,0.0022,10000452,2016-06-22,2016-06-22,C,2.35,2015-10-29
13067,2016-05-16 11:18:00,2016-05-16,0.0022,0.0,0.0,7492.0,0.0022,0.0022,0.0022,10000452,2016-06-22,2016-06-22,C,2.35,2015-10-29
13068,2016-05-16 11:19:00,2016-05-16,0.0022,0.0,0.0,7492.0,0.0022,0.0022,0.0022,10000452,2016-06-22,2016-06-22,C,2.35,2015-10-29
13069,2016-05-16 11:20:00,2016-05-16,0.0022,0.0,0.0,7492.0,0.0022,0.0022,0.0022,10000452,2016-06-22,2016-06-22,C,2.35,2015-10-29
13070,2016-05-16 11:21:00,2016-05-16,0.0022,0.0,0.0,7492.0,0.0022,0.0022,0.0022,10000452,2016-06-22,2016-06-22,C,2.35,2015-10-29
13071,2016-05-16 11:22:00,2016-05-16,0.0022,0.0,0.0,7492.0,0.0022,0.0022,0.0022,10000452,2016-06-22,2016-06-22,C,2.35,2015-10-29
13072,2016-05-16 11:23:00,2016-05-16,0.0022,0.0,0.0,7492.0,0.0022,0.0022,0.0022,10000452,2016-06-22,2016-06-22,C,2.35,2015-10-29
13073,2016-05-16 11:24:00,2016-05-16,0.0022,0.0,0.0,7492.0,0.0022,0.0022,0.0022,10000452,2016-06-22,2016-06-22,C,2.35,2015-10-29
13074,2016-05-16 11:25:00,2016-05-16,0.0022,0.0,0.0,7492.0,0.0022,0.0022,0.0022,10000452,2016-06-22,2016-06-22,C,2.35,2015-10-29
13075,2016-05-16 11:26:00,2016-05-16,0.0022,0.0,0.0,7492.0,0.0022,0.0022,0.0022,10000452,2016-06-22,2016-06-22,C,2.35,2015-10-29
13076,2016-05-16 11:27:00,2016-05-16,0.0022,0.0,0.0,7492.0,0.0022,0.0022,0.0022,10000452,2016-06-22,2016-06-22,C,2.35,2015-10-29
13077,2016-05-16 11:28:00,2016-05-16,0.0022,0.0,0.0,7492.0,0.0022,0.0022,0.0022,10000452,2016-06-22,2016-06-22,C,2.35,2015-10-29
13078,2016-05-16 11:29:00,2016-05-16,0.0022,0.0,0.0,7492.0,0.0022,0.0022,0.0022,10000452,2016-06-22,2016-06-22,C,2.35,2015-10-29
13079,2016-05-16 11:30:00,2016-05-16,0.0022,0.0,0.0,7492.0,0.0022,0.0022,0.0022,10000452,2016-06-22,2016-06-22,C,2.35,2015-10-29
13080,2016-05-16 13:01:00,2016-05-16,0.0022,0.0,0.0,7492.0,0.0022,0.0022,0.0022,10000452,2016-06-22,2016-06-22,C,2.35,2015-10-29
13081,2016-05-16 13:02:00,2016-05-16,0.0022,21.0,1.0,7492.0,0.0022,0.0021,0.0021,10000452,2016-06-22,2016-06-22,C,2.35,2015-10-29
13082,2016-05-16 13:03:00,2016-05-16,0.0021,0.0,0.0,7492.0,0.0021,0.0021,0.0021,10000452,2016-06-22,2016-06-22,C,2.35,2015-10-29
13083,2016-05-16 13:04:00,2016-05-16,0.0021,0.0,0.0,7492.0,0.0021,0.0021,0.0021,10000452,2016-06-22,2016-06-22,C,2.35,2015-10-29
13084,2016-05-16 13:05:00,2016-05-16,0.0021,0.0,0.0,7492.0,0.0021,0.0021,0.0021,10000452,2016-06-22,2016-06-22,C,2.35,2015-10-29
13085,2016-05-16 13:06:00,2016-05-16,0.0021,0.0,0.0,7492.0,0.0021,0.0021,0.0021,10000452,2016-06-22,2016-06-22,C,2.35,2015-10-29
13086,2016-05-16 13:07:00,2016-05-16,0.0021,0.0,0.0,7492.0,0.0021,0.0021,0.0021,10000452,2016-06-22,2016-06-22,C,2.35,2015-10-29
13087,2016-05-16 13:08:00,2016-05-16,0.0021,0.0,0.0,7492.0,0.0021,0.0021,0.0021,10000452,2016-06-22,2016-06-22,C,2.35,2015-10-29
13088,2016-05-16 13:09:00,2016-05-16,0.0021,0.0,0.0,7492.0,0.0021,0.0021,0.0021,10000452,2016-06-22,2016-06-22,C,2.35,2015-10-29
13089,2016-05-16 13:10:00,2016-05-16,0.0023,460.0,20.0,7512.0,0.0021,0.0023,0.0021,10000452,2016-06-22,2016-06-22,C,2.35,2015-10-29
13090,2016-05-16 13:11:00,2016-05-16,0.0023,920.0,40.0,7552.0,0.0023,0.0023,0.0023,10000452,2016-06-22,2016-06-22,C,2.35,2015-10-29
13091,2016-05-16 13:12:00,2016-05-16,0.0023,345.0,15.0,7557.0,0.0023,0.0023,0.0023,10000452,2016-06-22,2016-06-22,C,2.35,2015-10-29
13092,2016-05-16 13:13:00,2016-05-16,0.0023,0.0,0.0,7557.0,0.0023,0.0023,0.0023,10000452,2016-06-22,2016-06-22,C,2.35,2015-10-29
13093,2016-05-16 13:14:00,2016-05-16,0.0023,0.0,0.0,7557.0,0.0023,0.0023,0.0023,10000452,2016-06-22,2016-06-22,C,2.35,2015-10-29
13094,2016-05-16 13:15:00,2016-05-16,0.0023,0.0,0.0,7557.0,0.0023,0.0023,0.0023,10000452,2016-06-22,2016-06-22,C,2.35,2015-10-29
13095,2016-05-16 13:16:00,2016-05-16,0.0021,294.0,14.0,7557.0,0.0021,0.0021,0.0021,10000452,2016-06-22,2016-06-22,C,2.35,2015-10-29
13096,2016-05-16 13:17:00,2016-05-16,0.0021,0.0,0.0,7557.0,0.0021,0.0021,0.0021,10000452,2016-06-22,2016-06-22,C,2.35,2015-10-29
13097,2016-05-16 13:18:00,2016-05-16,0.0021,0.0,0.0,7557.0,0.0021,0.0021,0.0021,10000452,2016-06-22,2016-06-22,C,2.35,2015-10-29
13098,2016-05-16 13:19:00,2016-05-16,0.0021,0.0,0.0,7557.0,0.0021,0.0021,0.0021,10000452,2016-06-22,2016-06-22,C,2.35,2015-10-29
13099,2016-05-16 13:20:00,2016-05-16,0.0021,0.0,0.0,7557.0,0.0021,0.0021,0.0021,10000452,2016-06-22,2016-06-22,C,2.35,2015-10-29
13100,2016-05-16 13:21:00,2016-05-16,0.0021,0.0,0.0,7557.0,0.0021,0.0021,0.0021,10000452,2016-06-22,2016-06-22,C,2.35,2015-10-29
13101,2016-05-16 13:22:00,2016-05-16,0.0021,0.0,0.0,7557.0,0.0021,0.0021,0.0021,10000452,2016-06-22,2016-06-22,C,2.35,2015-10-29
13102,2016-05-16 13:23:00,2016-05-16,0.0021,0.0,0.0,7557.0,0.0021,0.0021,0.0021,10000452,2016-06-22,2016-06-22,C,2.35,2015-10-29
13103,2016-05-16 13:24:00,2016-05-16,0.0021,400.0,20.0,7567.0,0.0021,0.002,0.002,10000452,2016-06-22,2016-06-22,C,2.35,2015-10-29
13104,2016-05-16 13:25:00,2016-05-16,0.002,0.0,0.0,7567.0,0.002,0.002,0.002,10000452,2016-06-22,2016-06-22,C,2.35,2015-10-29
13105,2016-05-16 13:26:00,2016-05-16,0.002,0.0,0.0,7567.0,0.002,0.002,0.002,10000452,2016-06-22,2016-06-22,C,2.35,2015-10-29
13106,2016-05-16 13:27:00,2016-05-16,0.002,0.0,0.0,7567.0,0.002,0.002,0.002,10000452,2016-06-22,2016-06-22,C,2.35,2015-10-29
13107,2016-05-16 13:28:00,2016-05-16,0.002,0.0,0.0,7567.0,0.002,0.002,0.002,10000452,2016-06-22,2016-06-22,C,2.35,2015-10-29
13108,2016-05-16 13:29:00,2016-05-16,0.002,0.0,0.0,7567.0,0.002,0.002,0.002,10000452,2016-06-22,2016-06-22,C,2.35,2015-10-29
13109,2016-05-16 13:30:00,2016-05-16,0.002,0.0,0.0,7567.0,0.002,0.002,0.002,10000452,2016-06-22,2016-06-22,C,2.35,2015-10-29
13110,2016-05-16 13:31:00,2016-05-16,0.002,0.0,0.0,7567.0,0.002,0.002,0.002,10000452,2016-06-22,2016-06-22,C,2.35,2015-10-29
13111,2016-05-16 13:32:00,2016-05-16,0.002,0.0,0.0,7567.0,0.002,0.002,0.002,10000452,2016-06-22,2016-06-22,C,2.35,2015-10-29
13112,2016-05-16 13:33:00,2016-05-16,0.002,0.0,0.0,7567.0,0.002,0.002,0.002,10000452,2016-06-22,2016-06-22,C,2.35,2015-10-29
13113,2016-05-16 13:34:00,2016-05-16,0.002,0.0,0.0,7567.0,0.002,0.002,0.002,10000452,2016-06-22,2016-06-22,C,2.35,2015-10-29
13114,2016-05-16 13:35:00,2016-05-16,0.002,0.0,0.0,7567.0,0.002,0.002,0.002,10000452,2016-06-22,2016-06-22,C,2.35,2015-10-29
13115,2016-05-16 13:36:00,2016-05-16,0.002,0.0,0.0,7567.0,0.002,0.002,0.002,10000452,2016-06-22,2016-06-22,C,2.35,2015-10-29
13116,2016-05-16 13:37:00,2016-05-16,0.002,0.0,0.0,7567.0,0.002,0.002,0.002,10000452,2016-06-22,2016-06-22,C,2.35,2015-10-29
13117,2016-05-16 13:38:00,2016-05-16,0.002,0.0,0.0,7567.0,0.002,0.002,0.002,10000452,2016-06-22,2016-06-22,C,2.35,2015-10-29
13118,2016-05-16 13:39:00,2016-05-16,0.002,0.0,0.0,7567.0,0.002,0.002,0.002,10000452,2016-06-22,2016-06-22,C,2.35,2015-10-29
13119,2016-05-16 13:40:00,2016-05-16,0.002,0.0,0.0,7567.0,0.002,0.002,0.002,10000452,2016-06-22,2016-06-22,C,2.35,2015-10-29
13120,2016-05-16 13:41:00,2016-05-16,0.002,0.0,0.0,7567.0,0.002,0.002,0.002,10000452,2016-06-22,2016-06-22,C,2.35,2015-10-29
13121,2016-05-16 13:42:00,2016-05-16,0.002,0.0,0.0,7567.0,0.002,0.002,0.002,10000452,2016-06-22,2016-06-22,C,2.35,2015-10-29
13122,2016-05-16 13:43:00,2016-05-16,0.002,0.0,0.0,7567.0,0.002,0.002,0.002,10000452,2016-06-22,2016-06-22,C,2.35,2015-10-29
13123,2016-05-16 13:44:00,2016-05-16,0.002,0.0,0.0,7567.0,0.002,0.002,0.002,10000452,2016-06-22,2016-06-22,C,2.35,2015-10-29
13124,2016-05-16 13:45:00,2016-05-16,0.0021,1386.0,66.0,7633.0,0.0021,0.0021,0.0021,10000452,2016-06-22,2016-06-22,C,2.35,2015-10-29
13125,2016-05-16 13:46:00,2016-05-16,0.0021,0.0,0.0,7633.0,0.0021,0.0021,0.0021,10000452,2016-06-22,2016-06-22,C,2.35,2015-10-29
13126,2016-05-16 13:47:00,2016-05-16,0.0021,0.0,0.0,7633.0,0.0021,0.0021,0.0021,10000452,2016-06-22,2016-06-22,C,2.35,2015-10-29
13127,2016-05-16 13:48:00,2016-05-16,0.0021,0.0,0.0,7633.0,0.0021,0.0021,0.0021,10000452,2016-06-22,2016-06-22,C,2.35,2015-10-29
13128,2016-05-16 13:49:00,2016-05-16,0.0021,0.0,0.0,7633.0,0.0021,0.0021,0.0021,10000452,2016-06-22,2016-06-22,C,2.35,2015-10-29
13129,2016-05-16 13:50:00,2016-05-16,0.0021,230.0,11.0,7644.0,0.0021,0.002,0.002,10000452,2016-06-22,2016-06-22,C,2.35,2015-10-29
13130,2016-05-16 13:51:00,2016-05-16,0.002,0.0,0.0,7644.0,0.002,0.002,0.002,10000452,2016-06-22,2016-06-22,C,2.35,2015-10-29
13131,2016-05-16 13:52:00,2016-05-16,0.002,0.0,0.0,7644.0,0.002,0.002,0.002,10000452,2016-06-22,2016-06-22,C,2.35,2015-10-29
13132,2016-05-16 13:53:00,2016-05-16,0.002,0.0,0.0,7644.0,0.002,0.002,0.002,10000452,2016-06-22,2016-06-22,C,2.35,2015-10-29
13133,2016-05-16 13:54:00,2016-05-16,0.002,0.0,0.0,7644.0,0.002,0.002,0.002,10000452,2016-06-22,2016-06-22,C,2.35,2015-10-29
13134,2016-05-16 13:55:00,2016-05-16,0.0021,84.0,4.0,7642.0,0.002,0.0021,0.002,10000452,2016-06-22,2016-06-22,C,2.35,2015-10-29
13135,2016-05-16 13:56:00,2016-05-16,0.0021,0.0,0.0,7642.0,0.0021,0.0021,0.0021,10000452,2016-06-22,2016-06-22,C,2.35,2015-10-29
13136,2016-05-16 13:57:00,2016-05-16,0.0021,0.0,0.0,7642.0,0.0021,0.0021,0.0021,10000452,2016-06-22,2016-06-22,C,2.35,2015-10-29
13137,2016-05-16 13:58:00,2016-05-16,0.0021,0.0,0.0,7642.0,0.0021,0.0021,0.0021,10000452,2016-06-22,2016-06-22,C,2.35,2015-10-29
13138,2016-05-16 13:59:00,2016-05-16,0.0021,20.0,1.0,7642.0,0.0021,0.002,0.002,10000452,2016-06-22,2016-06-22,C,2.35,2015-10-29
13139,2016-05-16 14:00:00,2016-05-16,0.002,0.0,0.0,7642.0,0.002,0.002,0.002,10000452,2016-06-22,2016-06-22,C,2.35,2015-10-29
13140,2016-05-16 14:01:00,2016-05-16,0.002,0.0,0.0,7642.0,0.002,0.002,0.002,10000452,2016-06-22,2016-06-22,C,2.35,2015-10-29
13141,2016-05-16 14:02:00,2016-05-16,0.002,0.0,0.0,7642.0,0.002,0.002,0.002,10000452,2016-06-22,2016-06-22,C,2.35,2015-10-29
13142,2016-05-16 14:03:00,2016-05-16,0.002,0.0,0.0,7642.0,0.002,0.002,0.002,10000452,2016-06-22,2016-06-22,C,2.35,2015-10-29
13143,2016-05-16 14:04:00,2016-05-16,0.002,0.0,0.0,7642.0,0.002,0.002,0.002,10000452,2016-06-22,2016-06-22,C,2.35,2015-10-29
13144,2016-05-16 14:05:00,2016-05-16,0.002,0.0,0.0,7642.0,0.002,0.002,0.002,10000452,2016-06-22,2016-06-22,C,2.35,2015-10-29
13145,2016-05-16 14:06:00,2016-05-16,0.002,0.0,0.0,7642.0,0.002,0.002,0.002,10000452,2016-06-22,2016-06-22,C,2.35,2015-10-29
13146,2016-05-16 14:07:00,2016-05-16,0.002,380.0,19.0,7632.0,0.002,0.002,0.002,10000452,2016-06-22,2016-06-22,C,2.35,2015-10-29
13147,2016-05-16 14:08:00,2016-05-16,0.002,0.0,0.0,7632.0,0.002,0.002,0.002,10000452,2016-06-22,2016-06-22,C,2.35,2015-10-29
13148,2016-05-16 14:09:00,2016-05-16,0.002,0.0,0.0,7632.0,0.002,0.002,0.002,10000452,2016-06-22,2016-06-22,C,2.35,2015-10-29
13149,2016-05-16 14:10:00,2016-05-16,0.002,0.0,0.0,7632.0,0.002,0.002,0.002,10000452,2016-06-22,2016-06-22,C,2.35,2015-10-29
13150,2016-05-16 14:11:00,2016-05-16,0.002,0.0,0.0,7632.0,0.002,0.002,0.002,10000452,2016-06-22,2016-06-22,C,2.35,2015-10-29
13151,2016-05-16 14:12:00,2016-05-16,0.002,0.0,0.0,7632.0,0.002,0.002,0.002,10000452,2016-06-22,2016-06-22,C,2.35,2015-10-29
13152,2016-05-16 14:13:00,2016-05-16,0.002,0.0,0.0,7632.0,0.002,0.002,0.002,10000452,2016-06-22,2016-06-22,C,2.35,2015-10-29
13153,2016-05-16 14:14:00,2016-05-16,0.002,0.0,0.0,7632.0,0.002,0.002,0.002,10000452,2016-06-22,2016-06-22,C,2.35,2015-10-29
13154,2016-05-16 14:15:00,2016-05-16,0.002,600.0,30.0,7642.0,0.002,0.002,0.002,10000452,2016-06-22,2016-06-22,C,2.35,2015-10-29
13155,2016-05-16 14:16:00,2016-05-16,0.002,19.0,1.0,7642.0,0.002,0.0019,0.0019,10000452,2016-06-22,2016-06-22,C,2.35,2015-10-29
13156,2016-05-16 14:17:00,2016-05-16,0.0019,0.0,0.0,7642.0,0.0019,0.0019,0.0019,10000452,2016-06-22,2016-06-22,C,2.35,2015-10-29
13157,2016-05-16 14:18:00,2016-05-16,0.0019,190.0,10.0,7642.0,0.0019,0.0019,0.0019,10000452,2016-06-22,2016-06-22,C,2.35,2015-10-29
13158,2016-05-16 14:19:00,2016-05-16,0.0019,0.0,0.0,7642.0,0.0019,0.0019,0.0019,10000452,2016-06-22,2016-06-22,C,2.35,2015-10-29
13159,2016-05-16 14:20:00,2016-05-16,0.0019,0.0,0.0,7642.0,0.0019,0.0019,0.0019,10000452,2016-06-22,2016-06-22,C,2.35,2015-10-29
13160,2016-05-16 14:21:00,2016-05-16,0.0019,0.0,0.0,7642.0,0.0019,0.0019,0.0019,10000452,2016-06-22,2016-06-22,C,2.35,2015-10-29
13161,2016-05-16 14:22:00,2016-05-16,0.0019,0.0,0.0,7642.0,0.0019,0.0019,0.0019,10000452,2016-06-22,2016-06-22,C,2.35,2015-10-29
13162,2016-05-16 14:23:00,2016-05-16,0.0019,0.0,0.0,7642.0,0.0019,0.0019,0.0019,10000452,2016-06-22,2016-06-22,C,2.35,2015-10-29
13163,2016-05-16 14:24:00,2016-05-16,0.0019,0.0,0.0,7642.0,0.0019,0.0019,0.0019,10000452,2016-06-22,2016-06-22,C,2.35,2015-10-29
13164,2016-05-16 14:25:00,2016-05-16,0.0019,0.0,0.0,7642.0,0.0019,0.0019,0.0019,10000452,2016-06-22,2016-06-22,C,2.35,2015-10-29
13165,2016-05-16 14:26:00,2016-05-16,0.0019,0.0,0.0,7642.0,0.0019,0.0019,0.0019,10000452,2016-06-22,2016-06-22,C,2.35,2015-10-29
13166,2016-05-16 14:27:00,2016-05-16,0.0019,0.0,0.0,7642.0,0.0019,0.0019,0.0019,10000452,2016-06-22,2016-06-22,C,2.35,2015-10-29
13167,2016-05-16 14:28:00,2016-05-16,0.0019,0.0,0.0,7642.0,0.0019,0.0019,0.0019,10000452,2016-06-22,2016-06-22,C,2.35,2015-10-29
13168,2016-05-16 14:29:00,2016-05-16,0.0019,0.0,0.0,7642.0,0.0019,0.0019,0.0019,10000452,2016-06-22,2016-06-22,C,2.35,2015-10-29
13169,2016-05-16 14:30:00,2016-05-16,0.0022,1080.0,50.0,7652.0,0.0019,0.0022,0.0019,10000452,2016-06-22,2016-06-22,C,2.35,2015-10-29
13170,2016-05-16 14:31:00,2016-05-16,0.0022,0.0,0.0,7652.0,0.0022,0.0022,0.0022,10000452,2016-06-22,2016-06-22,C,2.35,2015-10-29
13171,2016-05-16 14:32:00,2016-05-16,0.0022,0.0,0.0,7652.0,0.0022,0.0022,0.0022,10000452,2016-06-22,2016-06-22,C,2.35,2015-10-29
13172,2016-05-16 14:33:00,2016-05-16,0.0022,0.0,0.0,7652.0,0.0022,0.0022,0.0022,10000452,2016-06-22,2016-06-22,C,2.35,2015-10-29
13173,2016-05-16 14:34:00,2016-05-16,0.0022,0.0,0.0,7652.0,0.0022,0.0022,0.0022,10000452,2016-06-22,2016-06-22,C,2.35,2015-10-29
13174,2016-05-16 14:35:00,2016-05-16,0.0022,0.0,0.0,7652.0,0.0022,0.0022,0.0022,10000452,2016-06-22,2016-06-22,C,2.35,2015-10-29
13175,2016-05-16 14:36:00,2016-05-16,0.0022,0.0,0.0,7652.0,0.0022,0.0022,0.0022,10000452,2016-06-22,2016-06-22,C,2.35,2015-10-29
13176,2016-05-16 14:37:00,2016-05-16,0.0022,0.0,0.0,7652.0,0.0022,0.0022,0.0022,10000452,2016-06-22,2016-06-22,C,2.35,2015-10-29
13177,2016-05-16 14:38:00,2016-05-16,0.0022,0.0,0.0,7652.0,0.0022,0.0022,0.0022,10000452,2016-06-22,2016-06-22,C,2.35,2015-10-29
13178,2016-05-16 14:39:00,2016-05-16,0.0022,0.0,0.0,7652.0,0.0022,0.0022,0.0022,10000452,2016-06-22,2016-06-22,C,2.35,2015-10-29
13179,2016-05-16 14:40:00,2016-05-16,0.0022,0.0,0.0,7652.0,0.0022,0.0022,0.0022,10000452,2016-06-22,2016-06-22,C,2.35,2015-10-29
13180,2016-05-16 14:41:00,2016-05-16,0.0022,210.0,10.0,7662.0,0.0022,0.0021,0.0021,10000452,2016-06-22,2016-06-22,C,2.35,2015-10-29
13181,2016-05-16 14:42:00,2016-05-16,0.0021,0.0,0.0,7662.0,0.0021,0.0021,0.0021,10000452,2016-06-22,2016-06-22,C,2.35,2015-10-29
13182,2016-05-16 14:43:00,2016-05-16,0.0021,0.0,0.0,7662.0,0.0021,0.0021,0.0021,10000452,2016-06-22,2016-06-22,C,2.35,2015-10-29
13183,2016-05-16 14:44:00,2016-05-16,0.0021,0.0,0.0,7662.0,0.0021,0.0021,0.0021,10000452,2016-06-22,2016-06-22,C,2.35,2015-10-29
13184,2016-05-16 14:45:00,2016-05-16,0.0021,0.0,0.0,7662.0,0.0021,0.0021,0.0021,10000452,2016-06-22,2016-06-22,C,2.35,2015-10-29
13185,2016-05-16 14:46:00,2016-05-16,0.0021,0.0,0.0,7662.0,0.0021,0.0021,0.0021,10000452,2016-06-22,2016-06-22,C,2.35,2015-10-29
13186,2016-05-16 14:47:00,2016-05-16,0.0021,0.0,0.0,7662.0,0.0021,0.0021,0.0021,10000452,2016-06-22,2016-06-22,C,2.35,2015-10-29
13187,2016-05-16 14:48:00,2016-05-16,0.0021,0.0,0.0,7662.0,0.0021,0.0021,0.0021,10000452,2016-06-22,2016-06-22,C,2.35,2015-10-29
13188,2016-05-16 14:49:00,2016-05-16,0.0021,0.0,0.0,7662.0,0.0021,0.0021,0.0021,10000452,2016-06-22,2016-06-22,C,2.35,2015-10-29
13189,2016-05-16 14:50:00,2016-05-16,0.0021,210.0,10.0,7662.0,0.0021,0.0021,0.0021,10000452,2016-06-22,2016-06-22,C,2.35,2015-10-29
13190,2016-05-16 14:51:00,2016-05-16,0.0021,840.0,40.0,7682.0,0.0021,0.0021,0.0021,10000452,2016-06-22,2016-06-22,C,2.35,2015-10-29
13191,2016-05-16 14:52:00,2016-05-16,0.0021,0.0,0.0,7682.0,0.0021,0.0021,0.0021,10000452,2016-06-22,2016-06-22,C,2.35,2015-10-29
13192,2016-05-16 14:53:00,2016-05-16,0.0021,0.0,0.0,7682.0,0.0021,0.0021,0.0021,10000452,2016-06-22,2016-06-22,C,2.35,2015-10-29
13193,2016-05-16 14:54:00,2016-05-16,0.0021,0.0,0.0,7682.0,0.0021,0.0021,0.0021,10000452,2016-06-22,2016-06-22,C,2.35,2015-10-29
13194,2016-05-16 14:55:00,2016-05-16,0.0021,0.0,0.0,7682.0,0.0021,0.0021,0.0021,10000452,2016-06-22,2016-06-22,C,2.35,2015-10-29
13195,2016-05-16 14:56:00,2016-05-16,0.0021,0.0,0.0,7682.0,0.0021,0.0021,0.0021,10000452,2016-06-22,2016-06-22,C,2.35,2015-10-29
13196,2016-05-16 14:57:00,2016-05-16,0.0021,0.0,0.0,7682.0,0.0021,0.0021,0.0021,10000452,2016-06-22,2016-06-22,C,2.35,2015-10-29
13197,2016-05-16 14:58:00,2016-05-16,0.0021,0.0,0.0,7682.0,0.0021,0.0021,0.0021,10000452,2016-06-22,2016-06-22,C,2.35,2015-10-29
13198,2016-05-16 14:59:00,2016-05-16,0.0021,0.0,0.0,7682.0,0.0021,0.0021,0.0021,10000452,2016-06-22,2016-06-22,C,2.35,2015-10-29
13199,2016-05-16 15:00:00,2016-05-16,0.0021,0.0,0.0,7682.0,0.0021,0.0021,0.0021,10000452,2016-06-22,2016-06-22,C,2.35,2015-10-29
13200,2016-05-16 09:31:00,2016-05-16,0.0669,15284.0,23.0,6305.0,0.0644,0.0669,0.063,10000571,2016-09-28,2016-09-28,C,2.1,2016-02-01
13201,2016-05-16 09:32:00,2016-05-16,0.0669,0.0,0.0,6305.0,0.0669,0.0669,0.0669,10000571,2016-09-28,2016-09-28,C,2.1,2016-02-01
13202,2016-05-16 09:33:00,2016-05-16,0.0669,655.0,1.0,6306.0,0.0669,0.0655,0.0655,10000571,2016-09-28,2016-09-28,C,2.1,2016-02-01
13203,2016-05-16 09:34:00,2016-05-16,0.0655,0.0,0.0,6306.0,0.0655,0.0655,0.0655,10000571,2016-09-28,2016-09-28,C,2.1,2016-02-01
13204,2016-05-16 09:35:00,2016-05-16,0.0655,3148.0,5.0,6311.0,0.0655,0.063,0.0628,10000571,2016-09-28,2016-09-28,C,2.1,2016-02-01
13205,2016-05-16 09:36:00,2016-05-16,0.063,0.0,0.0,6311.0,0.063,0.063,0.063,10000571,2016-09-28,2016-09-28,C,2.1,2016-02-01
13206,2016-05-16 09:37:00,2016-05-16,0.0644,2576.0,4.0,6315.0,0.063,0.0644,0.063,10000571,2016-09-28,2016-09-28,C,2.1,2016-02-01
13207,2016-05-16 09:38:00,2016-05-16,0.0644,9015.0,14.0,6329.0,0.0644,0.0643,0.0643,10000571,2016-09-28,2016-09-28,C,2.1,2016-02-01
13208,2016-05-16 09:39:00,2016-05-16,0.0644,10878.0,17.0,6346.0,0.0643,0.0637,0.0637,10000571,2016-09-28,2016-09-28,C,2.1,2016-02-01
13209,2016-05-16 09:40:00,2016-05-16,0.0644,3864.0,6.0,6352.0,0.0637,0.0644,0.0637,10000571,2016-09-28,2016-09-28,C,2.1,2016-02-01
13210,2016-05-16 09:41:00,2016-05-16,0.0644,0.0,0.0,6352.0,0.0644,0.0644,0.0644,10000571,2016-09-28,2016-09-28,C,2.1,2016-02-01
13211,2016-05-16 09:42:00,2016-05-16,0.0644,0.0,0.0,6352.0,0.0644,0.0644,0.0644,10000571,2016-09-28,2016-09-28,C,2.1,2016-02-01
13212,2016-05-16 09:43:00,2016-05-16,0.0644,0.0,0.0,6352.0,0.0644,0.0644,0.0644,10000571,2016-09-28,2016-09-28,C,2.1,2016-02-01
13213,2016-05-16 09:44:00,2016-05-16,0.0644,0.0,0.0,6352.0,0.0644,0.0644,0.0644,10000571,2016-09-28,2016-09-28,C,2.1,2016-02-01
13214,2016-05-16 09:45:00,2016-05-16,0.0644,0.0,0.0,6352.0,0.0644,0.0644,0.0644,10000571,2016-09-28,2016-09-28,C,2.1,2016-02-01
13215,2016-05-16 09:46:00,2016-05-16,0.0644,0.0,0.0,6352.0,0.0644,0.0644,0.0644,10000571,2016-09-28,2016-09-28,C,2.1,2016-02-01
13216,2016-05-16 09:47:00,2016-05-16,0.0644,0.0,0.0,6352.0,0.0644,0.0644,0.0644,10000571,2016-09-28,2016-09-28,C,2.1,2016-02-01
13217,2016-05-16 09:48:00,2016-05-16,0.0644,0.0,0.0,6352.0,0.0644,0.0644,0.0644,10000571,2016-09-28,2016-09-28,C,2.1,2016-02-01
13218,2016-05-16 09:49:00,2016-05-16,0.0644,0.0,0.0,6352.0,0.0644,0.0644,0.0644,10000571,2016-09-28,2016-09-28,C,2.1,2016-02-01
13219,2016-05-16 09:50:00,2016-05-16,0.0644,12790.0,20.0,6354.0,0.0644,0.064,0.0639,10000571,2016-09-28,2016-09-28,C,2.1,2016-02-01
13220,2016-05-16 09:51:00,2016-05-16,0.064,0.0,0.0,6354.0,0.064,0.064,0.064,10000571,2016-09-28,2016-09-28,C,2.1,2016-02-01
13221,2016-05-16 09:52:00,2016-05-16,0.064,0.0,0.0,6354.0,0.064,0.064,0.064,10000571,2016-09-28,2016-09-28,C,2.1,2016-02-01
13222,2016-05-16 09:53:00,2016-05-16,0.064,1866.0,3.0,6354.0,0.064,0.0622,0.0622,10000571,2016-09-28,2016-09-28,C,2.1,2016-02-01
13223,2016-05-16 09:54:00,2016-05-16,0.0623,16685.0,27.0,6357.0,0.0622,0.0623,0.0603,10000571,2016-09-28,2016-09-28,C,2.1,2016-02-01
13224,2016-05-16 09:55:00,2016-05-16,0.0623,611.0,1.0,6356.0,0.0623,0.0611,0.0611,10000571,2016-09-28,2016-09-28,C,2.1,2016-02-01
13225,2016-05-16 09:56:00,2016-05-16,0.061,7320.0,12.0,6359.0,0.061,0.061,0.061,10000571,2016-09-28,2016-09-28,C,2.1,2016-02-01
13226,2016-05-16 09:57:00,2016-05-16,0.061,2440.0,4.0,6363.0,0.061,0.061,0.061,10000571,2016-09-28,2016-09-28,C,2.1,2016-02-01
13227,2016-05-16 09:58:00,2016-05-16,0.061,0.0,0.0,6363.0,0.061,0.061,0.061,10000571,2016-09-28,2016-09-28,C,2.1,2016-02-01
13228,2016-05-16 09:59:00,2016-05-16,0.061,0.0,0.0,6363.0,0.061,0.061,0.061,10000571,2016-09-28,2016-09-28,C,2.1,2016-02-01
13229,2016-05-16 10:00:00,2016-05-16,0.061,0.0,0.0,6363.0,0.061,0.061,0.061,10000571,2016-09-28,2016-09-28,C,2.1,2016-02-01
13230,2016-05-16 10:01:00,2016-05-16,0.061,3050.0,5.0,6359.0,0.061,0.061,0.061,10000571,2016-09-28,2016-09-28,C,2.1,2016-02-01
13231,2016-05-16 10:02:00,2016-05-16,0.0619,11680.0,19.0,6363.0,0.061,0.0619,0.061,10000571,2016-09-28,2016-09-28,C,2.1,2016-02-01
13232,2016-05-16 10:03:00,2016-05-16,0.0619,0.0,0.0,6363.0,0.0619,0.0619,0.0619,10000571,2016-09-28,2016-09-28,C,2.1,2016-02-01
13233,2016-05-16 10:04:00,2016-05-16,0.0619,0.0,0.0,6363.0,0.0619,0.0619,0.0619,10000571,2016-09-28,2016-09-28,C,2.1,2016-02-01
13234,2016-05-16 10:05:00,2016-05-16,0.0619,1223.0,2.0,6365.0,0.0619,0.0612,0.0611,10000571,2016-09-28,2016-09-28,C,2.1,2016-02-01
13235,2016-05-16 10:06:00,2016-05-16,0.0613,6713.0,11.0,6366.0,0.0612,0.061,0.061,10000571,2016-09-28,2016-09-28,C,2.1,2016-02-01
13236,2016-05-16 10:07:00,2016-05-16,0.061,0.0,0.0,6366.0,0.061,0.061,0.061,10000571,2016-09-28,2016-09-28,C,2.1,2016-02-01
13237,2016-05-16 10:08:00,2016-05-16,0.0623,1245.0,2.0,6368.0,0.061,0.0623,0.061,10000571,2016-09-28,2016-09-28,C,2.1,2016-02-01
13238,2016-05-16 10:09:00,2016-05-16,0.0636,6360.0,10.0,6368.0,0.0623,0.0636,0.0623,10000571,2016-09-28,2016-09-28,C,2.1,2016-02-01
13239,2016-05-16 10:10:00,2016-05-16,0.0636,0.0,0.0,6368.0,0.0636,0.0636,0.0636,10000571,2016-09-28,2016-09-28,C,2.1,2016-02-01
13240,2016-05-16 10:11:00,2016-05-16,0.0636,0.0,0.0,6368.0,0.0636,0.0636,0.0636,10000571,2016-09-28,2016-09-28,C,2.1,2016-02-01
13241,2016-05-16 10:12:00,2016-05-16,0.0636,0.0,0.0,6368.0,0.0636,0.0636,0.0636,10000571,2016-09-28,2016-09-28,C,2.1,2016-02-01
13242,2016-05-16 10:13:00,2016-05-16,0.0636,0.0,0.0,6368.0,0.0636,0.0636,0.0636,10000571,2016-09-28,2016-09-28,C,2.1,2016-02-01
13243,2016-05-16 10:14:00,2016-05-16,0.0636,0.0,0.0,6368.0,0.0636,0.0636,0.0636,10000571,2016-09-28,2016-09-28,C,2.1,2016-02-01
13244,2016-05-16 10:15:00,2016-05-16,0.0636,0.0,0.0,6368.0,0.0636,0.0636,0.0636,10000571,2016-09-28,2016-09-28,C,2.1,2016-02-01
13245,2016-05-16 10:16:00,2016-05-16,0.0636,0.0,0.0,6368.0,0.0636,0.0636,0.0636,10000571,2016-09-28,2016-09-28,C,2.1,2016-02-01
13246,2016-05-16 10:17:00,2016-05-16,0.0636,1866.0,3.0,6370.0,0.0636,0.0623,0.062,10000571,2016-09-28,2016-09-28,C,2.1,2016-02-01
13247,2016-05-16 10:18:00,2016-05-16,0.0623,1246.0,2.0,6372.0,0.0623,0.0623,0.0623,10000571,2016-09-28,2016-09-28,C,2.1,2016-02-01
13248,2016-05-16 10:19:00,2016-05-16,0.0623,0.0,0.0,6372.0,0.0623,0.0623,0.0623,10000571,2016-09-28,2016-09-28,C,2.1,2016-02-01
13249,2016-05-16 10:20:00,2016-05-16,0.0623,0.0,0.0,6372.0,0.0623,0.0623,0.0623,10000571,2016-09-28,2016-09-28,C,2.1,2016-02-01
13250,2016-05-16 10:21:00,2016-05-16,0.0623,623.0,1.0,6373.0,0.0623,0.0623,0.0623,10000571,2016-09-28,2016-09-28,C,2.1,2016-02-01
13251,2016-05-16 10:22:00,2016-05-16,0.0623,0.0,0.0,6373.0,0.0623,0.0623,0.0623,10000571,2016-09-28,2016-09-28,C,2.1,2016-02-01
13252,2016-05-16 10:23:00,2016-05-16,0.0623,0.0,0.0,6373.0,0.0623,0.0623,0.0623,10000571,2016-09-28,2016-09-28,C,2.1,2016-02-01
13253,2016-05-16 10:24:00,2016-05-16,0.0623,620.0,1.0,6373.0,0.0623,0.062,0.062,10000571,2016-09-28,2016-09-28,C,2.1,2016-02-01
13254,2016-05-16 10:25:00,2016-05-16,0.062,0.0,0.0,6373.0,0.062,0.062,0.062,10000571,2016-09-28,2016-09-28,C,2.1,2016-02-01
13255,2016-05-16 10:26:00,2016-05-16,0.062,6190.0,10.0,6383.0,0.062,0.0619,0.0619,10000571,2016-09-28,2016-09-28,C,2.1,2016-02-01
13256,2016-05-16 10:27:00,2016-05-16,0.0619,0.0,0.0,6383.0,0.0619,0.0619,0.0619,10000571,2016-09-28,2016-09-28,C,2.1,2016-02-01
13257,2016-05-16 10:28:00,2016-05-16,0.0625,6250.0,10.0,6393.0,0.0619,0.0625,0.0619,10000571,2016-09-28,2016-09-28,C,2.1,2016-02-01
13258,2016-05-16 10:29:00,2016-05-16,0.0632,1888.0,3.0,6395.0,0.0632,0.0628,0.0628,10000571,2016-09-28,2016-09-28,C,2.1,2016-02-01
13259,2016-05-16 10:30:00,2016-05-16,0.0632,2528.0,4.0,6399.0,0.0628,0.0632,0.0628,10000571,2016-09-28,2016-09-28,C,2.1,2016-02-01
13260,2016-05-16 10:31:00,2016-05-16,0.0632,5056.0,8.0,6407.0,0.0632,0.0632,0.0632,10000571,2016-09-28,2016-09-28,C,2.1,2016-02-01
13261,2016-05-16 10:32:00,2016-05-16,0.0632,3160.0,5.0,6412.0,0.0632,0.0632,0.0632,10000571,2016-09-28,2016-09-28,C,2.1,2016-02-01
13262,2016-05-16 10:33:00,2016-05-16,0.0632,0.0,0.0,6412.0,0.0632,0.0632,0.0632,10000571,2016-09-28,2016-09-28,C,2.1,2016-02-01
13263,2016-05-16 10:34:00,2016-05-16,0.0632,0.0,0.0,6412.0,0.0632,0.0632,0.0632,10000571,2016-09-28,2016-09-28,C,2.1,2016-02-01
13264,2016-05-16 10:35:00,2016-05-16,0.0636,3816.0,6.0,6418.0,0.0632,0.0636,0.0632,10000571,2016-09-28,2016-09-28,C,2.1,2016-02-01
13265,2016-05-16 10:36:00,2016-05-16,0.0636,8874.0,14.0,6432.0,0.0633,0.0636,0.0633,10000571,2016-09-28,2016-09-28,C,2.1,2016-02-01
13266,2016-05-16 10:37:00,2016-05-16,0.0636,0.0,0.0,6432.0,0.0636,0.0636,0.0636,10000571,2016-09-28,2016-09-28,C,2.1,2016-02-01
13267,2016-05-16 10:38:00,2016-05-16,0.0636,0.0,0.0,6432.0,0.0636,0.0636,0.0636,10000571,2016-09-28,2016-09-28,C,2.1,2016-02-01
13268,2016-05-16 10:39:00,2016-05-16,0.0636,0.0,0.0,6432.0,0.0636,0.0636,0.0636,10000571,2016-09-28,2016-09-28,C,2.1,2016-02-01
13269,2016-05-16 10:40:00,2016-05-16,0.0636,0.0,0.0,6432.0,0.0636,0.0636,0.0636,10000571,2016-09-28,2016-09-28,C,2.1,2016-02-01
13270,2016-05-16 10:41:00,2016-05-16,0.0636,0.0,0.0,6432.0,0.0636,0.0636,0.0636,10000571,2016-09-28,2016-09-28,C,2.1,2016-02-01
13271,2016-05-16 10:42:00,2016-05-16,0.0636,0.0,0.0,6432.0,0.0636,0.0636,0.0636,10000571,2016-09-28,2016-09-28,C,2.1,2016-02-01
13272,2016-05-16 10:43:00,2016-05-16,0.0636,0.0,0.0,6432.0,0.0636,0.0636,0.0636,10000571,2016-09-28,2016-09-28,C,2.1,2016-02-01
13273,2016-05-16 10:44:00,2016-05-16,0.0636,0.0,0.0,6432.0,0.0636,0.0636,0.0636,10000571,2016-09-28,2016-09-28,C,2.1,2016-02-01
13274,2016-05-16 10:45:00,2016-05-16,0.0636,0.0,0.0,6432.0,0.0636,0.0636,0.0636,10000571,2016-09-28,2016-09-28,C,2.1,2016-02-01
13275,2016-05-16 10:46:00,2016-05-16,0.0636,0.0,0.0,6432.0,0.0636,0.0636,0.0636,10000571,2016-09-28,2016-09-28,C,2.1,2016-02-01
13276,2016-05-16 10:47:00,2016-05-16,0.0636,0.0,0.0,6432.0,0.0636,0.0636,0.0636,10000571,2016-09-28,2016-09-28,C,2.1,2016-02-01
13277,2016-05-16 10:48:00,2016-05-16,0.0636,0.0,0.0,6432.0,0.0636,0.0636,0.0636,10000571,2016-09-28,2016-09-28,C,2.1,2016-02-01
13278,2016-05-16 10:49:00,2016-05-16,0.0644,7084.0,11.0,6442.0,0.0636,0.0644,0.0636,10000571,2016-09-28,2016-09-28,C,2.1,2016-02-01
13279,2016-05-16 10:50:00,2016-05-16,0.0644,5796.0,9.0,6451.0,0.0644,0.0644,0.0644,10000571,2016-09-28,2016-09-28,C,2.1,2016-02-01
13280,2016-05-16 10:51:00,2016-05-16,0.0651,1300.0,2.0,6453.0,0.0644,0.0649,0.0644,10000571,2016-09-28,2016-09-28,C,2.1,2016-02-01
13281,2016-05-16 10:52:00,2016-05-16,0.0662,662.0,1.0,6454.0,0.0649,0.0662,0.0649,10000571,2016-09-28,2016-09-28,C,2.1,2016-02-01
13282,2016-05-16 10:53:00,2016-05-16,0.0666,33250.0,50.0,6424.0,0.0662,0.0666,0.0662,10000571,2016-09-28,2016-09-28,C,2.1,2016-02-01
13283,2016-05-16 10:54:00,2016-05-16,0.0666,6660.0,10.0,6414.0,0.0666,0.0666,0.0666,10000571,2016-09-28,2016-09-28,C,2.1,2016-02-01
13284,2016-05-16 10:55:00,2016-05-16,0.0666,0.0,0.0,6414.0,0.0666,0.0666,0.0666,10000571,2016-09-28,2016-09-28,C,2.1,2016-02-01
13285,2016-05-16 10:56:00,2016-05-16,0.0666,659.0,1.0,6415.0,0.0666,0.0659,0.0659,10000571,2016-09-28,2016-09-28,C,2.1,2016-02-01
13286,2016-05-16 10:57:00,2016-05-16,0.0659,0.0,0.0,6415.0,0.0659,0.0659,0.0659,10000571,2016-09-28,2016-09-28,C,2.1,2016-02-01
13287,2016-05-16 10:58:00,2016-05-16,0.0659,0.0,0.0,6415.0,0.0659,0.0659,0.0659,10000571,2016-09-28,2016-09-28,C,2.1,2016-02-01
13288,2016-05-16 10:59:00,2016-05-16,0.0659,0.0,0.0,6415.0,0.0659,0.0659,0.0659,10000571,2016-09-28,2016-09-28,C,2.1,2016-02-01
13289,2016-05-16 11:00:00,2016-05-16,0.0676,2026.0,3.0,6416.0,0.0675,0.0676,0.0675,10000571,2016-09-28,2016-09-28,C,2.1,2016-02-01
13290,2016-05-16 11:01:00,2016-05-16,0.0685,2046.0,3.0,6416.0,0.0676,0.0685,0.0676,10000571,2016-09-28,2016-09-28,C,2.1,2016-02-01
13291,2016-05-16 11:02:00,2016-05-16,0.0685,0.0,0.0,6416.0,0.0685,0.0685,0.0685,10000571,2016-09-28,2016-09-28,C,2.1,2016-02-01
13292,2016-05-16 11:03:00,2016-05-16,0.0685,0.0,0.0,6416.0,0.0685,0.0685,0.0685,10000571,2016-09-28,2016-09-28,C,2.1,2016-02-01
13293,2016-05-16 11:04:00,2016-05-16,0.0685,0.0,0.0,6416.0,0.0685,0.0685,0.0685,10000571,2016-09-28,2016-09-28,C,2.1,2016-02-01
13294,2016-05-16 11:05:00,2016-05-16,0.0685,0.0,0.0,6416.0,0.0685,0.0685,0.0685,10000571,2016-09-28,2016-09-28,C,2.1,2016-02-01
13295,2016-05-16 11:06:00,2016-05-16,0.0685,0.0,0.0,6416.0,0.0685,0.0685,0.0685,10000571,2016-09-28,2016-09-28,C,2.1,2016-02-01
13296,2016-05-16 11:07:00,2016-05-16,0.0685,0.0,0.0,6416.0,0.0685,0.0685,0.0685,10000571,2016-09-28,2016-09-28,C,2.1,2016-02-01
13297,2016-05-16 11:08:00,2016-05-16,0.0685,0.0,0.0,6416.0,0.0685,0.0685,0.0685,10000571,2016-09-28,2016-09-28,C,2.1,2016-02-01
13298,2016-05-16 11:09:00,2016-05-16,0.0685,0.0,0.0,6416.0,0.0685,0.0685,0.0685,10000571,2016-09-28,2016-09-28,C,2.1,2016-02-01
13299,2016-05-16 11:10:00,2016-05-16,0.0685,0.0,0.0,6416.0,0.0685,0.0685,0.0685,10000571,2016-09-28,2016-09-28,C,2.1,2016-02-01
13300,2016-05-16 11:11:00,2016-05-16,0.0685,0.0,0.0,6416.0,0.0685,0.0685,0.0685,10000571,2016-09-28,2016-09-28,C,2.1,2016-02-01
13301,2016-05-16 11:12:00,2016-05-16,0.0685,0.0,0.0,6416.0,0.0685,0.0685,0.0685,10000571,2016-09-28,2016-09-28,C,2.1,2016-02-01
13302,2016-05-16 11:13:00,2016-05-16,0.0685,0.0,0.0,6416.0,0.0685,0.0685,0.0685,10000571,2016-09-28,2016-09-28,C,2.1,2016-02-01
13303,2016-05-16 11:14:00,2016-05-16,0.0685,680.0,1.0,6417.0,0.0685,0.068,0.068,10000571,2016-09-28,2016-09-28,C,2.1,2016-02-01
13304,2016-05-16 11:15:00,2016-05-16,0.068,672.0,1.0,6417.0,0.068,0.0672,0.0672,10000571,2016-09-28,2016-09-28,C,2.1,2016-02-01
13305,2016-05-16 11:16:00,2016-05-16,0.0672,0.0,0.0,6417.0,0.0672,0.0672,0.0672,10000571,2016-09-28,2016-09-28,C,2.1,2016-02-01
13306,2016-05-16 11:17:00,2016-05-16,0.0672,0.0,0.0,6417.0,0.0672,0.0672,0.0672,10000571,2016-09-28,2016-09-28,C,2.1,2016-02-01
13307,2016-05-16 11:18:00,2016-05-16,0.0672,0.0,0.0,6417.0,0.0672,0.0672,0.0672,10000571,2016-09-28,2016-09-28,C,2.1,2016-02-01
13308,2016-05-16 11:19:00,2016-05-16,0.0672,0.0,0.0,6417.0,0.0672,0.0672,0.0672,10000571,2016-09-28,2016-09-28,C,2.1,2016-02-01
13309,2016-05-16 11:20:00,2016-05-16,0.0672,0.0,0.0,6417.0,0.0672,0.0672,0.0672,10000571,2016-09-28,2016-09-28,C,2.1,2016-02-01
13310,2016-05-16 11:21:00,2016-05-16,0.0672,0.0,0.0,6417.0,0.0672,0.0672,0.0672,10000571,2016-09-28,2016-09-28,C,2.1,2016-02-01
13311,2016-05-16 11:22:00,2016-05-16,0.0672,0.0,0.0,6417.0,0.0672,0.0672,0.0672,10000571,2016-09-28,2016-09-28,C,2.1,2016-02-01
13312,2016-05-16 11:23:00,2016-05-16,0.0672,0.0,0.0,6417.0,0.0672,0.0672,0.0672,10000571,2016-09-28,2016-09-28,C,2.1,2016-02-01
13313,2016-05-16 11:24:00,2016-05-16,0.0672,0.0,0.0,6417.0,0.0672,0.0672,0.0672,10000571,2016-09-28,2016-09-28,C,2.1,2016-02-01
13314,2016-05-16 11:25:00,2016-05-16,0.0672,0.0,0.0,6417.0,0.0672,0.0672,0.0672,10000571,2016-09-28,2016-09-28,C,2.1,2016-02-01
13315,2016-05-16 11:26:00,2016-05-16,0.0671,3355.0,5.0,6422.0,0.0671,0.0671,0.0671,10000571,2016-09-28,2016-09-28,C,2.1,2016-02-01
13316,2016-05-16 11:27:00,2016-05-16,0.0671,0.0,0.0,6422.0,0.0671,0.0671,0.0671,10000571,2016-09-28,2016-09-28,C,2.1,2016-02-01
13317,2016-05-16 11:28:00,2016-05-16,0.0671,0.0,0.0,6422.0,0.0671,0.0671,0.0671,10000571,2016-09-28,2016-09-28,C,2.1,2016-02-01
13318,2016-05-16 11:29:00,2016-05-16,0.0671,0.0,0.0,6422.0,0.0671,0.0671,0.0671,10000571,2016-09-28,2016-09-28,C,2.1,2016-02-01
13319,2016-05-16 11:30:00,2016-05-16,0.0671,0.0,0.0,6422.0,0.0671,0.0671,0.0671,10000571,2016-09-28,2016-09-28,C,2.1,2016-02-01
13320,2016-05-16 13:01:00,2016-05-16,0.0671,0.0,0.0,6422.0,0.0671,0.0671,0.0671,10000571,2016-09-28,2016-09-28,C,2.1,2016-02-01
13321,2016-05-16 13:02:00,2016-05-16,0.0671,0.0,0.0,6422.0,0.0671,0.0671,0.0671,10000571,2016-09-28,2016-09-28,C,2.1,2016-02-01
13322,2016-05-16 13:03:00,2016-05-16,0.0677,677.0,1.0,6422.0,0.0671,0.0677,0.0671,10000571,2016-09-28,2016-09-28,C,2.1,2016-02-01
13323,2016-05-16 13:04:00,2016-05-16,0.0677,0.0,0.0,6422.0,0.0677,0.0677,0.0677,10000571,2016-09-28,2016-09-28,C,2.1,2016-02-01
13324,2016-05-16 13:05:00,2016-05-16,0.0677,0.0,0.0,6422.0,0.0677,0.0677,0.0677,10000571,2016-09-28,2016-09-28,C,2.1,2016-02-01
13325,2016-05-16 13:06:00,2016-05-16,0.0677,0.0,0.0,6422.0,0.0677,0.0677,0.0677,10000571,2016-09-28,2016-09-28,C,2.1,2016-02-01
13326,2016-05-16 13:07:00,2016-05-16,0.0677,0.0,0.0,6422.0,0.0677,0.0677,0.0677,10000571,2016-09-28,2016-09-28,C,2.1,2016-02-01
13327,2016-05-16 13:08:00,2016-05-16,0.0677,0.0,0.0,6422.0,0.0677,0.0677,0.0677,10000571,2016-09-28,2016-09-28,C,2.1,2016-02-01
13328,2016-05-16 13:09:00,2016-05-16,0.0677,0.0,0.0,6422.0,0.0677,0.0677,0.0677,10000571,2016-09-28,2016-09-28,C,2.1,2016-02-01
13329,2016-05-16 13:10:00,2016-05-16,0.0677,0.0,0.0,6422.0,0.0677,0.0677,0.0677,10000571,2016-09-28,2016-09-28,C,2.1,2016-02-01
13330,2016-05-16 13:11:00,2016-05-16,0.0677,0.0,0.0,6422.0,0.0677,0.0677,0.0677,10000571,2016-09-28,2016-09-28,C,2.1,2016-02-01
13331,2016-05-16 13:12:00,2016-05-16,0.0677,0.0,0.0,6422.0,0.0677,0.0677,0.0677,10000571,2016-09-28,2016-09-28,C,2.1,2016-02-01
13332,2016-05-16 13:13:00,2016-05-16,0.0677,0.0,0.0,6422.0,0.0677,0.0677,0.0677,10000571,2016-09-28,2016-09-28,C,2.1,2016-02-01
13333,2016-05-16 13:14:00,2016-05-16,0.0677,0.0,0.0,6422.0,0.0677,0.0677,0.0677,10000571,2016-09-28,2016-09-28,C,2.1,2016-02-01
13334,2016-05-16 13:15:00,2016-05-16,0.0677,0.0,0.0,6422.0,0.0677,0.0677,0.0677,10000571,2016-09-28,2016-09-28,C,2.1,2016-02-01
13335,2016-05-16 13:16:00,2016-05-16,0.0677,0.0,0.0,6422.0,0.0677,0.0677,0.0677,10000571,2016-09-28,2016-09-28,C,2.1,2016-02-01
13336,2016-05-16 13:17:00,2016-05-16,0.0677,0.0,0.0,6422.0,0.0677,0.0677,0.0677,10000571,2016-09-28,2016-09-28,C,2.1,2016-02-01
13337,2016-05-16 13:18:00,2016-05-16,0.0677,0.0,0.0,6422.0,0.0677,0.0677,0.0677,10000571,2016-09-28,2016-09-28,C,2.1,2016-02-01
13338,2016-05-16 13:19:00,2016-05-16,0.0677,0.0,0.0,6422.0,0.0677,0.0677,0.0677,10000571,2016-09-28,2016-09-28,C,2.1,2016-02-01
13339,2016-05-16 13:20:00,2016-05-16,0.0677,0.0,0.0,6422.0,0.0677,0.0677,0.0677,10000571,2016-09-28,2016-09-28,C,2.1,2016-02-01
13340,2016-05-16 13:21:00,2016-05-16,0.0677,0.0,0.0,6422.0,0.0677,0.0677,0.0677,10000571,2016-09-28,2016-09-28,C,2.1,2016-02-01
13341,2016-05-16 13:22:00,2016-05-16,0.0677,0.0,0.0,6422.0,0.0677,0.0677,0.0677,10000571,2016-09-28,2016-09-28,C,2.1,2016-02-01
13342,2016-05-16 13:23:00,2016-05-16,0.0677,0.0,0.0,6422.0,0.0677,0.0677,0.0677,10000571,2016-09-28,2016-09-28,C,2.1,2016-02-01
13343,2016-05-16 13:24:00,2016-05-16,0.0677,0.0,0.0,6422.0,0.0677,0.0677,0.0677,10000571,2016-09-28,2016-09-28,C,2.1,2016-02-01
13344,2016-05-16 13:25:00,2016-05-16,0.0677,0.0,0.0,6422.0,0.0677,0.0677,0.0677,10000571,2016-09-28,2016-09-28,C,2.1,2016-02-01
13345,2016-05-16 13:26:00,2016-05-16,0.0677,0.0,0.0,6422.0,0.0677,0.0677,0.0677,10000571,2016-09-28,2016-09-28,C,2.1,2016-02-01
13346,2016-05-16 13:27:00,2016-05-16,0.0677,1944.0,3.0,6424.0,0.0677,0.0646,0.0646,10000571,2016-09-28,2016-09-28,C,2.1,2016-02-01
13347,2016-05-16 13:28:00,2016-05-16,0.0646,0.0,0.0,6424.0,0.0646,0.0646,0.0646,10000571,2016-09-28,2016-09-28,C,2.1,2016-02-01
13348,2016-05-16 13:29:00,2016-05-16,0.0646,0.0,0.0,6424.0,0.0646,0.0646,0.0646,10000571,2016-09-28,2016-09-28,C,2.1,2016-02-01
13349,2016-05-16 13:30:00,2016-05-16,0.065,1300.0,2.0,6426.0,0.0646,0.065,0.0646,10000571,2016-09-28,2016-09-28,C,2.1,2016-02-01
13350,2016-05-16 13:31:00,2016-05-16,0.0661,1322.0,2.0,6427.0,0.065,0.0661,0.065,10000571,2016-09-28,2016-09-28,C,2.1,2016-02-01
13351,2016-05-16 13:32:00,2016-05-16,0.0661,0.0,0.0,6427.0,0.0661,0.0661,0.0661,10000571,2016-09-28,2016-09-28,C,2.1,2016-02-01
13352,2016-05-16 13:33:00,2016-05-16,0.0661,0.0,0.0,6427.0,0.0661,0.0661,0.0661,10000571,2016-09-28,2016-09-28,C,2.1,2016-02-01
13353,2016-05-16 13:34:00,2016-05-16,0.0661,1983.0,3.0,6427.0,0.0661,0.0661,0.0661,10000571,2016-09-28,2016-09-28,C,2.1,2016-02-01
13354,2016-05-16 13:35:00,2016-05-16,0.0661,0.0,0.0,6427.0,0.0661,0.0661,0.0661,10000571,2016-09-28,2016-09-28,C,2.1,2016-02-01
13355,2016-05-16 13:36:00,2016-05-16,0.0661,0.0,0.0,6427.0,0.0661,0.0661,0.0661,10000571,2016-09-28,2016-09-28,C,2.1,2016-02-01
13356,2016-05-16 13:37:00,2016-05-16,0.0661,0.0,0.0,6427.0,0.0661,0.0661,0.0661,10000571,2016-09-28,2016-09-28,C,2.1,2016-02-01
13357,2016-05-16 13:38:00,2016-05-16,0.0661,6610.0,10.0,6431.0,0.0661,0.0661,0.0661,10000571,2016-09-28,2016-09-28,C,2.1,2016-02-01
13358,2016-05-16 13:39:00,2016-05-16,0.0661,0.0,0.0,6431.0,0.0661,0.0661,0.0661,10000571,2016-09-28,2016-09-28,C,2.1,2016-02-01
13359,2016-05-16 13:40:00,2016-05-16,0.0661,0.0,0.0,6431.0,0.0661,0.0661,0.0661,10000571,2016-09-28,2016-09-28,C,2.1,2016-02-01
13360,2016-05-16 13:41:00,2016-05-16,0.0661,0.0,0.0,6431.0,0.0661,0.0661,0.0661,10000571,2016-09-28,2016-09-28,C,2.1,2016-02-01
13361,2016-05-16 13:42:00,2016-05-16,0.0661,0.0,0.0,6431.0,0.0661,0.0661,0.0661,10000571,2016-09-28,2016-09-28,C,2.1,2016-02-01
13362,2016-05-16 13:43:00,2016-05-16,0.0661,1322.0,2.0,6433.0,0.0661,0.0661,0.0661,10000571,2016-09-28,2016-09-28,C,2.1,2016-02-01
13363,2016-05-16 13:44:00,2016-05-16,0.0663,7283.0,11.0,6439.0,0.0663,0.0663,0.0663,10000571,2016-09-28,2016-09-28,C,2.1,2016-02-01
13364,2016-05-16 13:45:00,2016-05-16,0.0665,1330.0,2.0,6441.0,0.0663,0.0665,0.0663,10000571,2016-09-28,2016-09-28,C,2.1,2016-02-01
13365,2016-05-16 13:46:00,2016-05-16,0.0665,0.0,0.0,6441.0,0.0665,0.0665,0.0665,10000571,2016-09-28,2016-09-28,C,2.1,2016-02-01
13366,2016-05-16 13:47:00,2016-05-16,0.0665,0.0,0.0,6441.0,0.0665,0.0665,0.0665,10000571,2016-09-28,2016-09-28,C,2.1,2016-02-01
13367,2016-05-16 13:48:00,2016-05-16,0.0671,6710.0,10.0,6441.0,0.0665,0.0671,0.0665,10000571,2016-09-28,2016-09-28,C,2.1,2016-02-01
13368,2016-05-16 13:49:00,2016-05-16,0.0671,0.0,0.0,6441.0,0.0671,0.0671,0.0671,10000571,2016-09-28,2016-09-28,C,2.1,2016-02-01
13369,2016-05-16 13:50:00,2016-05-16,0.0671,0.0,0.0,6441.0,0.0671,0.0671,0.0671,10000571,2016-09-28,2016-09-28,C,2.1,2016-02-01
13370,2016-05-16 13:51:00,2016-05-16,0.0671,652.0,1.0,6442.0,0.0671,0.0652,0.0652,10000571,2016-09-28,2016-09-28,C,2.1,2016-02-01
13371,2016-05-16 13:52:00,2016-05-16,0.0652,0.0,0.0,6442.0,0.0652,0.0652,0.0652,10000571,2016-09-28,2016-09-28,C,2.1,2016-02-01
13372,2016-05-16 13:53:00,2016-05-16,0.0666,2664.0,4.0,6443.0,0.0652,0.0666,0.0652,10000571,2016-09-28,2016-09-28,C,2.1,2016-02-01
13373,2016-05-16 13:54:00,2016-05-16,0.0666,3295.0,5.0,6448.0,0.0666,0.0659,0.0659,10000571,2016-09-28,2016-09-28,C,2.1,2016-02-01
13374,2016-05-16 13:55:00,2016-05-16,0.0659,0.0,0.0,6448.0,0.0659,0.0659,0.0659,10000571,2016-09-28,2016-09-28,C,2.1,2016-02-01
13375,2016-05-16 13:56:00,2016-05-16,0.0679,1352.0,2.0,6450.0,0.0659,0.0679,0.0659,10000571,2016-09-28,2016-09-28,C,2.1,2016-02-01
13376,2016-05-16 13:57:00,2016-05-16,0.0679,0.0,0.0,6450.0,0.0679,0.0679,0.0679,10000571,2016-09-28,2016-09-28,C,2.1,2016-02-01
13377,2016-05-16 13:58:00,2016-05-16,0.0679,6770.0,10.0,6440.0,0.0679,0.0677,0.0677,10000571,2016-09-28,2016-09-28,C,2.1,2016-02-01
13378,2016-05-16 13:59:00,2016-05-16,0.0677,20169.0,30.0,6460.0,0.0677,0.0671,0.0664,10000571,2016-09-28,2016-09-28,C,2.1,2016-02-01
13379,2016-05-16 14:00:00,2016-05-16,0.0671,2684.0,4.0,6464.0,0.0671,0.0671,0.0671,10000571,2016-09-28,2016-09-28,C,2.1,2016-02-01
13380,2016-05-16 14:01:00,2016-05-16,0.0672,5374.0,8.0,6472.0,0.0671,0.0672,0.0671,10000571,2016-09-28,2016-09-28,C,2.1,2016-02-01
13381,2016-05-16 14:02:00,2016-05-16,0.0672,6660.0,10.0,6482.0,0.0672,0.0666,0.0666,10000571,2016-09-28,2016-09-28,C,2.1,2016-02-01
13382,2016-05-16 14:03:00,2016-05-16,0.0672,14584.0,22.0,6504.0,0.0666,0.0672,0.0662,10000571,2016-09-28,2016-09-28,C,2.1,2016-02-01
13383,2016-05-16 14:04:00,2016-05-16,0.0672,672.0,1.0,6505.0,0.0672,0.0672,0.0672,10000571,2016-09-28,2016-09-28,C,2.1,2016-02-01
13384,2016-05-16 14:05:00,2016-05-16,0.0672,6620.0,10.0,6515.0,0.0672,0.0662,0.0662,10000571,2016-09-28,2016-09-28,C,2.1,2016-02-01
13385,2016-05-16 14:06:00,2016-05-16,0.0662,6610.0,10.0,6515.0,0.0662,0.0661,0.0661,10000571,2016-09-28,2016-09-28,C,2.1,2016-02-01
13386,2016-05-16 14:07:00,2016-05-16,0.0661,0.0,0.0,6515.0,0.0661,0.0661,0.0661,10000571,2016-09-28,2016-09-28,C,2.1,2016-02-01
13387,2016-05-16 14:08:00,2016-05-16,0.0661,0.0,0.0,6515.0,0.0661,0.0661,0.0661,10000571,2016-09-28,2016-09-28,C,2.1,2016-02-01
13388,2016-05-16 14:09:00,2016-05-16,0.0661,0.0,0.0,6515.0,0.0661,0.0661,0.0661,10000571,2016-09-28,2016-09-28,C,2.1,2016-02-01
13389,2016-05-16 14:10:00,2016-05-16,0.0661,0.0,0.0,6515.0,0.0661,0.0661,0.0661,10000571,2016-09-28,2016-09-28,C,2.1,2016-02-01
13390,2016-05-16 14:11:00,2016-05-16,0.0661,0.0,0.0,6515.0,0.0661,0.0661,0.0661,10000571,2016-09-28,2016-09-28,C,2.1,2016-02-01
13391,2016-05-16 14:12:00,2016-05-16,0.0661,0.0,0.0,6515.0,0.0661,0.0661,0.0661,10000571,2016-09-28,2016-09-28,C,2.1,2016-02-01
13392,2016-05-16 14:13:00,2016-05-16,0.0661,3290.0,5.0,6520.0,0.0661,0.0658,0.0658,10000571,2016-09-28,2016-09-28,C,2.1,2016-02-01
13393,2016-05-16 14:14:00,2016-05-16,0.0658,0.0,0.0,6520.0,0.0658,0.0658,0.0658,10000571,2016-09-28,2016-09-28,C,2.1,2016-02-01
13394,2016-05-16 14:15:00,2016-05-16,0.0658,0.0,0.0,6520.0,0.0658,0.0658,0.0658,10000571,2016-09-28,2016-09-28,C,2.1,2016-02-01
13395,2016-05-16 14:16:00,2016-05-16,0.0658,0.0,0.0,6520.0,0.0658,0.0658,0.0658,10000571,2016-09-28,2016-09-28,C,2.1,2016-02-01
13396,2016-05-16 14:17:00,2016-05-16,0.0658,0.0,0.0,6520.0,0.0658,0.0658,0.0658,10000571,2016-09-28,2016-09-28,C,2.1,2016-02-01
13397,2016-05-16 14:18:00,2016-05-16,0.0658,0.0,0.0,6520.0,0.0658,0.0658,0.0658,10000571,2016-09-28,2016-09-28,C,2.1,2016-02-01
13398,2016-05-16 14:19:00,2016-05-16,0.0662,662.0,1.0,6520.0,0.0658,0.0662,0.0658,10000571,2016-09-28,2016-09-28,C,2.1,2016-02-01
13399,2016-05-16 14:20:00,2016-05-16,0.0662,646.0,1.0,6520.0,0.0662,0.0646,0.0646,10000571,2016-09-28,2016-09-28,C,2.1,2016-02-01
13400,2016-05-16 14:21:00,2016-05-16,0.0646,0.0,0.0,6520.0,0.0646,0.0646,0.0646,10000571,2016-09-28,2016-09-28,C,2.1,2016-02-01
13401,2016-05-16 14:22:00,2016-05-16,0.0646,12840.0,20.0,6540.0,0.0646,0.0642,0.0642,10000571,2016-09-28,2016-09-28,C,2.1,2016-02-01
13402,2016-05-16 14:23:00,2016-05-16,0.0642,0.0,0.0,6540.0,0.0642,0.0642,0.0642,10000571,2016-09-28,2016-09-28,C,2.1,2016-02-01
13403,2016-05-16 14:24:00,2016-05-16,0.0642,642.0,1.0,6540.0,0.0642,0.0642,0.0642,10000571,2016-09-28,2016-09-28,C,2.1,2016-02-01
13404,2016-05-16 14:25:00,2016-05-16,0.0642,0.0,0.0,6540.0,0.0642,0.0642,0.0642,10000571,2016-09-28,2016-09-28,C,2.1,2016-02-01
13405,2016-05-16 14:26:00,2016-05-16,0.0642,0.0,0.0,6540.0,0.0642,0.0642,0.0642,10000571,2016-09-28,2016-09-28,C,2.1,2016-02-01
13406,2016-05-16 14:27:00,2016-05-16,0.0642,0.0,0.0,6540.0,0.0642,0.0642,0.0642,10000571,2016-09-28,2016-09-28,C,2.1,2016-02-01
13407,2016-05-16 14:28:00,2016-05-16,0.065,3246.0,5.0,6541.0,0.0642,0.065,0.0642,10000571,2016-09-28,2016-09-28,C,2.1,2016-02-01
13408,2016-05-16 14:29:00,2016-05-16,0.065,0.0,0.0,6541.0,0.065,0.065,0.065,10000571,2016-09-28,2016-09-28,C,2.1,2016-02-01
13409,2016-05-16 14:30:00,2016-05-16,0.065,0.0,0.0,6541.0,0.065,0.065,0.065,10000571,2016-09-28,2016-09-28,C,2.1,2016-02-01
13410,2016-05-16 14:31:00,2016-05-16,0.065,0.0,0.0,6541.0,0.065,0.065,0.065,10000571,2016-09-28,2016-09-28,C,2.1,2016-02-01
13411,2016-05-16 14:32:00,2016-05-16,0.065,0.0,0.0,6541.0,0.065,0.065,0.065,10000571,2016-09-28,2016-09-28,C,2.1,2016-02-01
13412,2016-05-16 14:33:00,2016-05-16,0.065,0.0,0.0,6541.0,0.065,0.065,0.065,10000571,2016-09-28,2016-09-28,C,2.1,2016-02-01
13413,2016-05-16 14:34:00,2016-05-16,0.0658,658.0,1.0,6542.0,0.065,0.0658,0.065,10000571,2016-09-28,2016-09-28,C,2.1,2016-02-01
13414,2016-05-16 14:35:00,2016-05-16,0.0658,0.0,0.0,6542.0,0.0658,0.0658,0.0658,10000571,2016-09-28,2016-09-28,C,2.1,2016-02-01
13415,2016-05-16 14:36:00,2016-05-16,0.0659,3295.0,5.0,6547.0,0.0658,0.0659,0.0658,10000571,2016-09-28,2016-09-28,C,2.1,2016-02-01
13416,2016-05-16 14:37:00,2016-05-16,0.067,2008.0,3.0,6550.0,0.0659,0.067,0.0659,10000571,2016-09-28,2016-09-28,C,2.1,2016-02-01
13417,2016-05-16 14:38:00,2016-05-16,0.0676,1352.0,2.0,6552.0,0.067,0.0676,0.067,10000571,2016-09-28,2016-09-28,C,2.1,2016-02-01
13418,2016-05-16 14:39:00,2016-05-16,0.0677,6770.0,10.0,6552.0,0.0676,0.0677,0.0676,10000571,2016-09-28,2016-09-28,C,2.1,2016-02-01
13419,2016-05-16 14:40:00,2016-05-16,0.0677,0.0,0.0,6552.0,0.0677,0.0677,0.0677,10000571,2016-09-28,2016-09-28,C,2.1,2016-02-01
13420,2016-05-16 14:41:00,2016-05-16,0.0678,1356.0,2.0,6553.0,0.0677,0.0678,0.0677,10000571,2016-09-28,2016-09-28,C,2.1,2016-02-01
13421,2016-05-16 14:42:00,2016-05-16,0.0678,0.0,0.0,6553.0,0.0678,0.0678,0.0678,10000571,2016-09-28,2016-09-28,C,2.1,2016-02-01
13422,2016-05-16 14:43:00,2016-05-16,0.0678,666.0,1.0,6554.0,0.0678,0.0666,0.0666,10000571,2016-09-28,2016-09-28,C,2.1,2016-02-01
13423,2016-05-16 14:44:00,2016-05-16,0.0666,1998.0,3.0,6557.0,0.0666,0.0666,0.0666,10000571,2016-09-28,2016-09-28,C,2.1,2016-02-01
13424,2016-05-16 14:45:00,2016-05-16,0.0666,0.0,0.0,6557.0,0.0666,0.0666,0.0666,10000571,2016-09-28,2016-09-28,C,2.1,2016-02-01
13425,2016-05-16 14:46:00,2016-05-16,0.0676,7435.0,11.0,6568.0,0.0666,0.0676,0.0666,10000571,2016-09-28,2016-09-28,C,2.1,2016-02-01
13426,2016-05-16 14:47:00,2016-05-16,0.0676,6760.0,10.0,6568.0,0.0676,0.0676,0.0676,10000571,2016-09-28,2016-09-28,C,2.1,2016-02-01
13427,2016-05-16 14:48:00,2016-05-16,0.0676,0.0,0.0,6568.0,0.0676,0.0676,0.0676,10000571,2016-09-28,2016-09-28,C,2.1,2016-02-01
13428,2016-05-16 14:49:00,2016-05-16,0.0677,677.0,1.0,6568.0,0.0676,0.0677,0.0676,10000571,2016-09-28,2016-09-28,C,2.1,2016-02-01
13429,2016-05-16 14:50:00,2016-05-16,0.0677,0.0,0.0,6568.0,0.0677,0.0677,0.0677,10000571,2016-09-28,2016-09-28,C,2.1,2016-02-01
13430,2016-05-16 14:51:00,2016-05-16,0.0677,664.0,1.0,6569.0,0.0677,0.0664,0.0664,10000571,2016-09-28,2016-09-28,C,2.1,2016-02-01
13431,2016-05-16 14:52:00,2016-05-16,0.0664,0.0,0.0,6569.0,0.0664,0.0664,0.0664,10000571,2016-09-28,2016-09-28,C,2.1,2016-02-01
13432,2016-05-16 14:53:00,2016-05-16,0.0664,0.0,0.0,6569.0,0.0664,0.0664,0.0664,10000571,2016-09-28,2016-09-28,C,2.1,2016-02-01
13433,2016-05-16 14:54:00,2016-05-16,0.0664,0.0,0.0,6569.0,0.0664,0.0664,0.0664,10000571,2016-09-28,2016-09-28,C,2.1,2016-02-01
13434,2016-05-16 14:55:00,2016-05-16,0.0664,0.0,0.0,6569.0,0.0664,0.0664,0.0664,10000571,2016-09-28,2016-09-28,C,2.1,2016-02-01
13435,2016-05-16 14:56:00,2016-05-16,0.0679,3395.0,5.0,6564.0,0.0679,0.0679,0.0679,10000571,2016-09-28,2016-09-28,C,2.1,2016-02-01
13436,2016-05-16 14:57:00,2016-05-16,0.0679,0.0,0.0,6564.0,0.0679,0.0679,0.0679,10000571,2016-09-28,2016-09-28,C,2.1,2016-02-01
13437,2016-05-16 14:58:00,2016-05-16,0.0679,0.0,0.0,6564.0,0.0679,0.0679,0.0679,10000571,2016-09-28,2016-09-28,C,2.1,2016-02-01
13438,2016-05-16 14:59:00,2016-05-16,0.0679,0.0,0.0,6564.0,0.0679,0.0679,0.0679,10000571,2016-09-28,2016-09-28,C,2.1,2016-02-01
13439,2016-05-16 15:00:00,2016-05-16,0.0679,0.0,0.0,6564.0,0.0679,0.0679,0.0679,10000571,2016-09-28,2016-09-28,C,2.1,2016-02-01
13440,2016-05-16 09:31:00,2016-05-16,0.0476,476.0,1.0,4495.0,0.0476,0.0476,0.0476,10000619,2016-12-28,2016-12-28,C,2.202,2016-04-28
13441,2016-05-16 09:32:00,2016-05-16,0.0476,0.0,0.0,4495.0,0.0476,0.0476,0.0476,10000619,2016-12-28,2016-12-28,C,2.202,2016-04-28
13442,2016-05-16 09:33:00,2016-05-16,0.0476,6895.0,15.0,4495.0,0.0476,0.0463,0.0458,10000619,2016-12-28,2016-12-28,C,2.202,2016-04-28
13443,2016-05-16 09:34:00,2016-05-16,0.0475,8918.0,19.0,4495.0,0.0463,0.0475,0.0463,10000619,2016-12-28,2016-12-28,C,2.202,2016-04-28
13444,2016-05-16 09:35:00,2016-05-16,0.0477,10003.0,21.0,4505.0,0.0475,0.0463,0.0463,10000619,2016-12-28,2016-12-28,C,2.202,2016-04-28
13445,2016-05-16 09:36:00,2016-05-16,0.0463,0.0,0.0,4505.0,0.0463,0.0463,0.0463,10000619,2016-12-28,2016-12-28,C,2.202,2016-04-28
13446,2016-05-16 09:37:00,2016-05-16,0.0463,0.0,0.0,4505.0,0.0463,0.0463,0.0463,10000619,2016-12-28,2016-12-28,C,2.202,2016-04-28
13447,2016-05-16 09:38:00,2016-05-16,0.0467,2802.0,6.0,4504.0,0.0463,0.0467,0.0463,10000619,2016-12-28,2016-12-28,C,2.202,2016-04-28
13448,2016-05-16 09:39:00,2016-05-16,0.0467,0.0,0.0,4504.0,0.0467,0.0467,0.0467,10000619,2016-12-28,2016-12-28,C,2.202,2016-04-28
13449,2016-05-16 09:40:00,2016-05-16,0.0469,938.0,2.0,4502.0,0.0467,0.0469,0.0467,10000619,2016-12-28,2016-12-28,C,2.202,2016-04-28
13450,2016-05-16 09:41:00,2016-05-16,0.0477,5239.0,11.0,4502.0,0.0469,0.0477,0.0469,10000619,2016-12-28,2016-12-28,C,2.202,2016-04-28
13451,2016-05-16 09:42:00,2016-05-16,0.0477,0.0,0.0,4502.0,0.0477,0.0477,0.0477,10000619,2016-12-28,2016-12-28,C,2.202,2016-04-28
13452,2016-05-16 09:43:00,2016-05-16,0.0477,0.0,0.0,4502.0,0.0477,0.0477,0.0477,10000619,2016-12-28,2016-12-28,C,2.202,2016-04-28
13453,2016-05-16 09:44:00,2016-05-16,0.0477,0.0,0.0,4502.0,0.0477,0.0477,0.0477,10000619,2016-12-28,2016-12-28,C,2.202,2016-04-28
13454,2016-05-16 09:45:00,2016-05-16,0.0477,5240.0,11.0,4507.0,0.0477,0.047,0.047,10000619,2016-12-28,2016-12-28,C,2.202,2016-04-28
13455,2016-05-16 09:46:00,2016-05-16,0.047,0.0,0.0,4507.0,0.047,0.047,0.047,10000619,2016-12-28,2016-12-28,C,2.202,2016-04-28
13456,2016-05-16 09:47:00,2016-05-16,0.047,14089.0,30.0,4507.0,0.047,0.0469,0.0469,10000619,2016-12-28,2016-12-28,C,2.202,2016-04-28
13457,2016-05-16 09:48:00,2016-05-16,0.0476,5698.0,12.0,4507.0,0.0469,0.0476,0.0469,10000619,2016-12-28,2016-12-28,C,2.202,2016-04-28
13458,2016-05-16 09:49:00,2016-05-16,0.0476,0.0,0.0,4507.0,0.0476,0.0476,0.0476,10000619,2016-12-28,2016-12-28,C,2.202,2016-04-28
13459,2016-05-16 09:50:00,2016-05-16,0.0476,0.0,0.0,4507.0,0.0476,0.0476,0.0476,10000619,2016-12-28,2016-12-28,C,2.202,2016-04-28
13460,2016-05-16 09:51:00,2016-05-16,0.0476,4760.0,10.0,4516.0,0.0476,0.0476,0.0476,10000619,2016-12-28,2016-12-28,C,2.202,2016-04-28
13461,2016-05-16 09:52:00,2016-05-16,0.0476,5620.0,12.0,4512.0,0.0476,0.0468,0.0468,10000619,2016-12-28,2016-12-28,C,2.202,2016-04-28
13462,2016-05-16 09:53:00,2016-05-16,0.0466,13940.0,30.0,4482.0,0.0466,0.0463,0.0463,10000619,2016-12-28,2016-12-28,C,2.202,2016-04-28
13463,2016-05-16 09:54:00,2016-05-16,0.0468,11073.0,24.0,4469.0,0.0463,0.0468,0.0457,10000619,2016-12-28,2016-12-28,C,2.202,2016-04-28
13464,2016-05-16 09:55:00,2016-05-16,0.0468,0.0,0.0,4469.0,0.0468,0.0468,0.0468,10000619,2016-12-28,2016-12-28,C,2.202,2016-04-28
13465,2016-05-16 09:56:00,2016-05-16,0.0468,0.0,0.0,4469.0,0.0468,0.0468,0.0468,10000619,2016-12-28,2016-12-28,C,2.202,2016-04-28
13466,2016-05-16 09:57:00,2016-05-16,0.0468,0.0,0.0,4469.0,0.0468,0.0468,0.0468,10000619,2016-12-28,2016-12-28,C,2.202,2016-04-28
13467,2016-05-16 09:58:00,2016-05-16,0.0468,4668.0,10.0,4470.0,0.0468,0.0467,0.0467,10000619,2016-12-28,2016-12-28,C,2.202,2016-04-28
13468,2016-05-16 09:59:00,2016-05-16,0.0467,462.0,1.0,4469.0,0.0467,0.0462,0.0462,10000619,2016-12-28,2016-12-28,C,2.202,2016-04-28
13469,2016-05-16 10:00:00,2016-05-16,0.0462,0.0,0.0,4469.0,0.0462,0.0462,0.0462,10000619,2016-12-28,2016-12-28,C,2.202,2016-04-28
13470,2016-05-16 10:01:00,2016-05-16,0.0462,2310.0,5.0,4464.0,0.0462,0.0462,0.0462,10000619,2016-12-28,2016-12-28,C,2.202,2016-04-28
13471,2016-05-16 10:02:00,2016-05-16,0.0462,9694.0,21.0,4471.0,0.0462,0.0461,0.0461,10000619,2016-12-28,2016-12-28,C,2.202,2016-04-28
13472,2016-05-16 10:03:00,2016-05-16,0.0467,4670.0,10.0,4471.0,0.0467,0.0467,0.0467,10000619,2016-12-28,2016-12-28,C,2.202,2016-04-28
13473,2016-05-16 10:04:00,2016-05-16,0.0467,0.0,0.0,4471.0,0.0467,0.0467,0.0467,10000619,2016-12-28,2016-12-28,C,2.202,2016-04-28
13474,2016-05-16 10:05:00,2016-05-16,0.0474,5202.0,11.0,4480.0,0.0467,0.0462,0.0462,10000619,2016-12-28,2016-12-28,C,2.202,2016-04-28
13475,2016-05-16 10:06:00,2016-05-16,0.0463,4625.0,10.0,4470.0,0.0462,0.0462,0.0462,10000619,2016-12-28,2016-12-28,C,2.202,2016-04-28
13476,2016-05-16 10:07:00,2016-05-16,0.0462,0.0,0.0,4470.0,0.0462,0.0462,0.0462,10000619,2016-12-28,2016-12-28,C,2.202,2016-04-28
13477,2016-05-16 10:08:00,2016-05-16,0.0462,0.0,0.0,4470.0,0.0462,0.0462,0.0462,10000619,2016-12-28,2016-12-28,C,2.202,2016-04-28
13478,2016-05-16 10:09:00,2016-05-16,0.0462,0.0,0.0,4470.0,0.0462,0.0462,0.0462,10000619,2016-12-28,2016-12-28,C,2.202,2016-04-28
13479,2016-05-16 10:10:00,2016-05-16,0.0462,0.0,0.0,4470.0,0.0462,0.0462,0.0462,10000619,2016-12-28,2016-12-28,C,2.202,2016-04-28
13480,2016-05-16 10:11:00,2016-05-16,0.0462,0.0,0.0,4470.0,0.0462,0.0462,0.0462,10000619,2016-12-28,2016-12-28,C,2.202,2016-04-28
13481,2016-05-16 10:12:00,2016-05-16,0.0462,0.0,0.0,4470.0,0.0462,0.0462,0.0462,10000619,2016-12-28,2016-12-28,C,2.202,2016-04-28
13482,2016-05-16 10:13:00,2016-05-16,0.0462,0.0,0.0,4470.0,0.0462,0.0462,0.0462,10000619,2016-12-28,2016-12-28,C,2.202,2016-04-28
13483,2016-05-16 10:14:00,2016-05-16,0.0462,0.0,0.0,4470.0,0.0462,0.0462,0.0462,10000619,2016-12-28,2016-12-28,C,2.202,2016-04-28
13484,2016-05-16 10:15:00,2016-05-16,0.0462,0.0,0.0,4470.0,0.0462,0.0462,0.0462,10000619,2016-12-28,2016-12-28,C,2.202,2016-04-28
13485,2016-05-16 10:16:00,2016-05-16,0.0462,0.0,0.0,4470.0,0.0462,0.0462,0.0462,10000619,2016-12-28,2016-12-28,C,2.202,2016-04-28
13486,2016-05-16 10:17:00,2016-05-16,0.0462,0.0,0.0,4470.0,0.0462,0.0462,0.0462,10000619,2016-12-28,2016-12-28,C,2.202,2016-04-28
13487,2016-05-16 10:18:00,2016-05-16,0.0462,0.0,0.0,4470.0,0.0462,0.0462,0.0462,10000619,2016-12-28,2016-12-28,C,2.202,2016-04-28
13488,2016-05-16 10:19:00,2016-05-16,0.0462,0.0,0.0,4470.0,0.0462,0.0462,0.0462,10000619,2016-12-28,2016-12-28,C,2.202,2016-04-28
13489,2016-05-16 10:20:00,2016-05-16,0.0462,0.0,0.0,4470.0,0.0462,0.0462,0.0462,10000619,2016-12-28,2016-12-28,C,2.202,2016-04-28
13490,2016-05-16 10:21:00,2016-05-16,0.0474,16039.0,34.0,4441.0,0.0462,0.0469,0.0462,10000619,2016-12-28,2016-12-28,C,2.202,2016-04-28
13491,2016-05-16 10:22:00,2016-05-16,0.0469,938.0,2.0,4439.0,0.0469,0.0469,0.0469,10000619,2016-12-28,2016-12-28,C,2.202,2016-04-28
13492,2016-05-16 10:23:00,2016-05-16,0.0469,5159.0,11.0,4428.0,0.0469,0.0469,0.0469,10000619,2016-12-28,2016-12-28,C,2.202,2016-04-28
13493,2016-05-16 10:24:00,2016-05-16,0.0469,468.0,1.0,4427.0,0.0469,0.0468,0.0468,10000619,2016-12-28,2016-12-28,C,2.202,2016-04-28
13494,2016-05-16 10:25:00,2016-05-16,0.0468,0.0,0.0,4427.0,0.0468,0.0468,0.0468,10000619,2016-12-28,2016-12-28,C,2.202,2016-04-28
13495,2016-05-16 10:26:00,2016-05-16,0.0468,5616.0,12.0,4427.0,0.0468,0.0468,0.0468,10000619,2016-12-28,2016-12-28,C,2.202,2016-04-28
13496,2016-05-16 10:27:00,2016-05-16,0.0468,0.0,0.0,4427.0,0.0468,0.0468,0.0468,10000619,2016-12-28,2016-12-28,C,2.202,2016-04-28
13497,2016-05-16 10:28:00,2016-05-16,0.0468,0.0,0.0,4427.0,0.0468,0.0468,0.0468,10000619,2016-12-28,2016-12-28,C,2.202,2016-04-28
13498,2016-05-16 10:29:00,2016-05-16,0.0468,468.0,1.0,4426.0,0.0468,0.0468,0.0468,10000619,2016-12-28,2016-12-28,C,2.202,2016-04-28
13499,2016-05-16 10:30:00,2016-05-16,0.0468,3276.0,7.0,4419.0,0.0468,0.0468,0.0468,10000619,2016-12-28,2016-12-28,C,2.202,2016-04-28
13500,2016-05-16 10:31:00,2016-05-16,0.0468,2808.0,6.0,4413.0,0.0468,0.0468,0.0468,10000619,2016-12-28,2016-12-28,C,2.202,2016-04-28
13501,2016-05-16 10:32:00,2016-05-16,0.0468,0.0,0.0,4413.0,0.0468,0.0468,0.0468,10000619,2016-12-28,2016-12-28,C,2.202,2016-04-28
13502,2016-05-16 10:33:00,2016-05-16,0.0468,0.0,0.0,4413.0,0.0468,0.0468,0.0468,10000619,2016-12-28,2016-12-28,C,2.202,2016-04-28
13503,2016-05-16 10:34:00,2016-05-16,0.0468,0.0,0.0,4413.0,0.0468,0.0468,0.0468,10000619,2016-12-28,2016-12-28,C,2.202,2016-04-28
13504,2016-05-16 10:35:00,2016-05-16,0.0468,0.0,0.0,4413.0,0.0468,0.0468,0.0468,10000619,2016-12-28,2016-12-28,C,2.202,2016-04-28
13505,2016-05-16 10:36:00,2016-05-16,0.0468,0.0,0.0,4413.0,0.0468,0.0468,0.0468,10000619,2016-12-28,2016-12-28,C,2.202,2016-04-28
13506,2016-05-16 10:37:00,2016-05-16,0.0468,936.0,2.0,4411.0,0.0468,0.0468,0.0468,10000619,2016-12-28,2016-12-28,C,2.202,2016-04-28
13507,2016-05-16 10:38:00,2016-05-16,0.0468,0.0,0.0,4411.0,0.0468,0.0468,0.0468,10000619,2016-12-28,2016-12-28,C,2.202,2016-04-28
13508,2016-05-16 10:39:00,2016-05-16,0.0468,465.0,1.0,4410.0,0.0468,0.0465,0.0465,10000619,2016-12-28,2016-12-28,C,2.202,2016-04-28
13509,2016-05-16 10:40:00,2016-05-16,0.0465,0.0,0.0,4410.0,0.0465,0.0465,0.0465,10000619,2016-12-28,2016-12-28,C,2.202,2016-04-28
13510,2016-05-16 10:41:00,2016-05-16,0.0465,0.0,0.0,4410.0,0.0465,0.0465,0.0465,10000619,2016-12-28,2016-12-28,C,2.202,2016-04-28
13511,2016-05-16 10:42:00,2016-05-16,0.0465,465.0,1.0,4409.0,0.0465,0.0465,0.0465,10000619,2016-12-28,2016-12-28,C,2.202,2016-04-28
13512,2016-05-16 10:43:00,2016-05-16,0.0465,0.0,0.0,4409.0,0.0465,0.0465,0.0465,10000619,2016-12-28,2016-12-28,C,2.202,2016-04-28
13513,2016-05-16 10:44:00,2016-05-16,0.0465,0.0,0.0,4409.0,0.0465,0.0465,0.0465,10000619,2016-12-28,2016-12-28,C,2.202,2016-04-28
13514,2016-05-16 10:45:00,2016-05-16,0.0465,465.0,1.0,4408.0,0.0465,0.0465,0.0465,10000619,2016-12-28,2016-12-28,C,2.202,2016-04-28
13515,2016-05-16 10:46:00,2016-05-16,0.0465,465.0,1.0,4407.0,0.0465,0.0465,0.0465,10000619,2016-12-28,2016-12-28,C,2.202,2016-04-28
13516,2016-05-16 10:47:00,2016-05-16,0.047,1875.0,4.0,4409.0,0.0465,0.047,0.0465,10000619,2016-12-28,2016-12-28,C,2.202,2016-04-28
13517,2016-05-16 10:48:00,2016-05-16,0.047,0.0,0.0,4409.0,0.047,0.047,0.047,10000619,2016-12-28,2016-12-28,C,2.202,2016-04-28
13518,2016-05-16 10:49:00,2016-05-16,0.047,466.0,1.0,4409.0,0.047,0.0466,0.0466,10000619,2016-12-28,2016-12-28,C,2.202,2016-04-28
13519,2016-05-16 10:50:00,2016-05-16,0.0466,466.0,1.0,4409.0,0.0466,0.0466,0.0466,10000619,2016-12-28,2016-12-28,C,2.202,2016-04-28
13520,2016-05-16 10:51:00,2016-05-16,0.047,3290.0,7.0,4416.0,0.0466,0.047,0.0466,10000619,2016-12-28,2016-12-28,C,2.202,2016-04-28
13521,2016-05-16 10:52:00,2016-05-16,0.0474,4740.0,10.0,4426.0,0.047,0.0474,0.047,10000619,2016-12-28,2016-12-28,C,2.202,2016-04-28
13522,2016-05-16 10:53:00,2016-05-16,0.0474,0.0,0.0,4426.0,0.0474,0.0474,0.0474,10000619,2016-12-28,2016-12-28,C,2.202,2016-04-28
13523,2016-05-16 10:54:00,2016-05-16,0.0474,0.0,0.0,4426.0,0.0474,0.0474,0.0474,10000619,2016-12-28,2016-12-28,C,2.202,2016-04-28
13524,2016-05-16 10:55:00,2016-05-16,0.0474,0.0,0.0,4426.0,0.0474,0.0474,0.0474,10000619,2016-12-28,2016-12-28,C,2.202,2016-04-28
13525,2016-05-16 10:56:00,2016-05-16,0.0476,4760.0,10.0,4436.0,0.0474,0.0476,0.0474,10000619,2016-12-28,2016-12-28,C,2.202,2016-04-28
13526,2016-05-16 10:57:00,2016-05-16,0.0476,0.0,0.0,4436.0,0.0476,0.0476,0.0476,10000619,2016-12-28,2016-12-28,C,2.202,2016-04-28
13527,2016-05-16 10:58:00,2016-05-16,0.0478,10506.0,22.0,4458.0,0.0476,0.0478,0.0476,10000619,2016-12-28,2016-12-28,C,2.202,2016-04-28
13528,2016-05-16 10:59:00,2016-05-16,0.0478,0.0,0.0,4458.0,0.0478,0.0478,0.0478,10000619,2016-12-28,2016-12-28,C,2.202,2016-04-28
13529,2016-05-16 11:00:00,2016-05-16,0.0478,0.0,0.0,4458.0,0.0478,0.0478,0.0478,10000619,2016-12-28,2016-12-28,C,2.202,2016-04-28
13530,2016-05-16 11:01:00,2016-05-16,0.0491,491.0,1.0,4459.0,0.0478,0.0491,0.0478,10000619,2016-12-28,2016-12-28,C,2.202,2016-04-28
13531,2016-05-16 11:02:00,2016-05-16,0.0491,0.0,0.0,4459.0,0.0491,0.0491,0.0491,10000619,2016-12-28,2016-12-28,C,2.202,2016-04-28
13532,2016-05-16 11:03:00,2016-05-16,0.0491,0.0,0.0,4459.0,0.0491,0.0491,0.0491,10000619,2016-12-28,2016-12-28,C,2.202,2016-04-28
13533,2016-05-16 11:04:00,2016-05-16,0.0491,0.0,0.0,4459.0,0.0491,0.0491,0.0491,10000619,2016-12-28,2016-12-28,C,2.202,2016-04-28
13534,2016-05-16 11:05:00,2016-05-16,0.0491,0.0,0.0,4459.0,0.0491,0.0491,0.0491,10000619,2016-12-28,2016-12-28,C,2.202,2016-04-28
13535,2016-05-16 11:06:00,2016-05-16,0.0489,1956.0,4.0,4463.0,0.0489,0.0489,0.0489,10000619,2016-12-28,2016-12-28,C,2.202,2016-04-28
13536,2016-05-16 11:07:00,2016-05-16,0.0489,0.0,0.0,4463.0,0.0489,0.0489,0.0489,10000619,2016-12-28,2016-12-28,C,2.202,2016-04-28
13537,2016-05-16 11:08:00,2016-05-16,0.0489,489.0,1.0,4464.0,0.0489,0.0489,0.0489,10000619,2016-12-28,2016-12-28,C,2.202,2016-04-28
13538,2016-05-16 11:09:00,2016-05-16,0.0489,0.0,0.0,4464.0,0.0489,0.0489,0.0489,10000619,2016-12-28,2016-12-28,C,2.202,2016-04-28
13539,2016-05-16 11:10:00,2016-05-16,0.0489,0.0,0.0,4464.0,0.0489,0.0489,0.0489,10000619,2016-12-28,2016-12-28,C,2.202,2016-04-28
13540,2016-05-16 11:11:00,2016-05-16,0.0489,0.0,0.0,4464.0,0.0489,0.0489,0.0489,10000619,2016-12-28,2016-12-28,C,2.202,2016-04-28
13541,2016-05-16 11:12:00,2016-05-16,0.0489,0.0,0.0,4464.0,0.0489,0.0489,0.0489,10000619,2016-12-28,2016-12-28,C,2.202,2016-04-28
13542,2016-05-16 11:13:00,2016-05-16,0.0489,489.0,1.0,4465.0,0.0489,0.0489,0.0489,10000619,2016-12-28,2016-12-28,C,2.202,2016-04-28
13543,2016-05-16 11:14:00,2016-05-16,0.0489,2927.0,6.0,4469.0,0.0489,0.0482,0.0482,10000619,2016-12-28,2016-12-28,C,2.202,2016-04-28
13544,2016-05-16 11:15:00,2016-05-16,0.0482,0.0,0.0,4469.0,0.0482,0.0482,0.0482,10000619,2016-12-28,2016-12-28,C,2.202,2016-04-28
13545,2016-05-16 11:16:00,2016-05-16,0.0482,0.0,0.0,4469.0,0.0482,0.0482,0.0482,10000619,2016-12-28,2016-12-28,C,2.202,2016-04-28
13546,2016-05-16 11:17:00,2016-05-16,0.0482,0.0,0.0,4469.0,0.0482,0.0482,0.0482,10000619,2016-12-28,2016-12-28,C,2.202,2016-04-28
13547,2016-05-16 11:18:00,2016-05-16,0.0482,0.0,0.0,4469.0,0.0482,0.0482,0.0482,10000619,2016-12-28,2016-12-28,C,2.202,2016-04-28
13548,2016-05-16 11:19:00,2016-05-16,0.0482,0.0,0.0,4469.0,0.0482,0.0482,0.0482,10000619,2016-12-28,2016-12-28,C,2.202,2016-04-28
13549,2016-05-16 11:20:00,2016-05-16,0.0482,0.0,0.0,4469.0,0.0482,0.0482,0.0482,10000619,2016-12-28,2016-12-28,C,2.202,2016-04-28
13550,2016-05-16 11:21:00,2016-05-16,0.0482,0.0,0.0,4469.0,0.0482,0.0482,0.0482,10000619,2016-12-28,2016-12-28,C,2.202,2016-04-28
13551,2016-05-16 11:22:00,2016-05-16,0.0482,0.0,0.0,4469.0,0.0482,0.0482,0.0482,10000619,2016-12-28,2016-12-28,C,2.202,2016-04-28
13552,2016-05-16 11:23:00,2016-05-16,0.0482,0.0,0.0,4469.0,0.0482,0.0482,0.0482,10000619,2016-12-28,2016-12-28,C,2.202,2016-04-28
13553,2016-05-16 11:24:00,2016-05-16,0.0482,0.0,0.0,4469.0,0.0482,0.0482,0.0482,10000619,2016-12-28,2016-12-28,C,2.202,2016-04-28
13554,2016-05-16 11:25:00,2016-05-16,0.0482,4820.0,10.0,4477.0,0.0482,0.0482,0.0482,10000619,2016-12-28,2016-12-28,C,2.202,2016-04-28
13555,2016-05-16 11:26:00,2016-05-16,0.0482,0.0,0.0,4477.0,0.0482,0.0482,0.0482,10000619,2016-12-28,2016-12-28,C,2.202,2016-04-28
13556,2016-05-16 11:27:00,2016-05-16,0.0482,0.0,0.0,4477.0,0.0482,0.0482,0.0482,10000619,2016-12-28,2016-12-28,C,2.202,2016-04-28
13557,2016-05-16 11:28:00,2016-05-16,0.0489,489.0,1.0,4478.0,0.0482,0.0489,0.0482,10000619,2016-12-28,2016-12-28,C,2.202,2016-04-28
13558,2016-05-16 11:29:00,2016-05-16,0.0489,489.0,1.0,4478.0,0.0489,0.0489,0.0489,10000619,2016-12-28,2016-12-28,C,2.202,2016-04-28
13559,2016-05-16 11:30:00,2016-05-16,0.0489,0.0,0.0,4478.0,0.0489,0.0489,0.0489,10000619,2016-12-28,2016-12-28,C,2.202,2016-04-28
13560,2016-05-16 13:01:00,2016-05-16,0.0489,0.0,0.0,4478.0,0.0489,0.0489,0.0489,10000619,2016-12-28,2016-12-28,C,2.202,2016-04-28
13561,2016-05-16 13:02:00,2016-05-16,0.0489,972.0,2.0,4478.0,0.0489,0.0486,0.0486,10000619,2016-12-28,2016-12-28,C,2.202,2016-04-28
13562,2016-05-16 13:03:00,2016-05-16,0.0486,7229.0,15.0,4482.0,0.0486,0.0483,0.0481,10000619,2016-12-28,2016-12-28,C,2.202,2016-04-28
13563,2016-05-16 13:04:00,2016-05-16,0.0483,966.0,2.0,4482.0,0.0483,0.0483,0.0483,10000619,2016-12-28,2016-12-28,C,2.202,2016-04-28
13564,2016-05-16 13:05:00,2016-05-16,0.0483,0.0,0.0,4482.0,0.0483,0.0483,0.0483,10000619,2016-12-28,2016-12-28,C,2.202,2016-04-28
13565,2016-05-16 13:06:00,2016-05-16,0.0483,0.0,0.0,4482.0,0.0483,0.0483,0.0483,10000619,2016-12-28,2016-12-28,C,2.202,2016-04-28
13566,2016-05-16 13:07:00,2016-05-16,0.0483,0.0,0.0,4482.0,0.0483,0.0483,0.0483,10000619,2016-12-28,2016-12-28,C,2.202,2016-04-28
13567,2016-05-16 13:08:00,2016-05-16,0.0483,0.0,0.0,4482.0,0.0483,0.0483,0.0483,10000619,2016-12-28,2016-12-28,C,2.202,2016-04-28
13568,2016-05-16 13:09:00,2016-05-16,0.0483,0.0,0.0,4482.0,0.0483,0.0483,0.0483,10000619,2016-12-28,2016-12-28,C,2.202,2016-04-28
13569,2016-05-16 13:10:00,2016-05-16,0.0483,0.0,0.0,4482.0,0.0483,0.0483,0.0483,10000619,2016-12-28,2016-12-28,C,2.202,2016-04-28
13570,2016-05-16 13:11:00,2016-05-16,0.0483,0.0,0.0,4482.0,0.0483,0.0483,0.0483,10000619,2016-12-28,2016-12-28,C,2.202,2016-04-28
13571,2016-05-16 13:12:00,2016-05-16,0.0483,0.0,0.0,4482.0,0.0483,0.0483,0.0483,10000619,2016-12-28,2016-12-28,C,2.202,2016-04-28
13572,2016-05-16 13:13:00,2016-05-16,0.0483,0.0,0.0,4482.0,0.0483,0.0483,0.0483,10000619,2016-12-28,2016-12-28,C,2.202,2016-04-28
13573,2016-05-16 13:14:00,2016-05-16,0.0483,0.0,0.0,4482.0,0.0483,0.0483,0.0483,10000619,2016-12-28,2016-12-28,C,2.202,2016-04-28
13574,2016-05-16 13:15:00,2016-05-16,0.0483,0.0,0.0,4482.0,0.0483,0.0483,0.0483,10000619,2016-12-28,2016-12-28,C,2.202,2016-04-28
13575,2016-05-16 13:16:00,2016-05-16,0.0483,0.0,0.0,4482.0,0.0483,0.0483,0.0483,10000619,2016-12-28,2016-12-28,C,2.202,2016-04-28
13576,2016-05-16 13:17:00,2016-05-16,0.0483,0.0,0.0,4482.0,0.0483,0.0483,0.0483,10000619,2016-12-28,2016-12-28,C,2.202,2016-04-28
13577,2016-05-16 13:18:00,2016-05-16,0.0483,0.0,0.0,4482.0,0.0483,0.0483,0.0483,10000619,2016-12-28,2016-12-28,C,2.202,2016-04-28
13578,2016-05-16 13:19:00,2016-05-16,0.0483,0.0,0.0,4482.0,0.0483,0.0483,0.0483,10000619,2016-12-28,2016-12-28,C,2.202,2016-04-28
13579,2016-05-16 13:20:00,2016-05-16,0.0483,0.0,0.0,4482.0,0.0483,0.0483,0.0483,10000619,2016-12-28,2016-12-28,C,2.202,2016-04-28
13580,2016-05-16 13:21:00,2016-05-16,0.0483,0.0,0.0,4482.0,0.0483,0.0483,0.0483,10000619,2016-12-28,2016-12-28,C,2.202,2016-04-28
13581,2016-05-16 13:22:00,2016-05-16,0.0483,0.0,0.0,4482.0,0.0483,0.0483,0.0483,10000619,2016-12-28,2016-12-28,C,2.202,2016-04-28
13582,2016-05-16 13:23:00,2016-05-16,0.0483,0.0,0.0,4482.0,0.0483,0.0483,0.0483,10000619,2016-12-28,2016-12-28,C,2.202,2016-04-28
13583,2016-05-16 13:24:00,2016-05-16,0.0483,0.0,0.0,4482.0,0.0483,0.0483,0.0483,10000619,2016-12-28,2016-12-28,C,2.202,2016-04-28
13584,2016-05-16 13:25:00,2016-05-16,0.0483,4800.0,10.0,4473.0,0.0483,0.048,0.048,10000619,2016-12-28,2016-12-28,C,2.202,2016-04-28
13585,2016-05-16 13:26:00,2016-05-16,0.048,0.0,0.0,4473.0,0.048,0.048,0.048,10000619,2016-12-28,2016-12-28,C,2.202,2016-04-28
13586,2016-05-16 13:27:00,2016-05-16,0.048,0.0,0.0,4473.0,0.048,0.048,0.048,10000619,2016-12-28,2016-12-28,C,2.202,2016-04-28
13587,2016-05-16 13:28:00,2016-05-16,0.048,0.0,0.0,4473.0,0.048,0.048,0.048,10000619,2016-12-28,2016-12-28,C,2.202,2016-04-28
13588,2016-05-16 13:29:00,2016-05-16,0.048,468.0,1.0,4473.0,0.048,0.0468,0.0468,10000619,2016-12-28,2016-12-28,C,2.202,2016-04-28
13589,2016-05-16 13:30:00,2016-05-16,0.0468,0.0,0.0,4473.0,0.0468,0.0468,0.0468,10000619,2016-12-28,2016-12-28,C,2.202,2016-04-28
13590,2016-05-16 13:31:00,2016-05-16,0.0468,0.0,0.0,4473.0,0.0468,0.0468,0.0468,10000619,2016-12-28,2016-12-28,C,2.202,2016-04-28
13591,2016-05-16 13:32:00,2016-05-16,0.0468,0.0,0.0,4473.0,0.0468,0.0468,0.0468,10000619,2016-12-28,2016-12-28,C,2.202,2016-04-28
13592,2016-05-16 13:33:00,2016-05-16,0.0468,0.0,0.0,4473.0,0.0468,0.0468,0.0468,10000619,2016-12-28,2016-12-28,C,2.202,2016-04-28
13593,2016-05-16 13:34:00,2016-05-16,0.0468,0.0,0.0,4473.0,0.0468,0.0468,0.0468,10000619,2016-12-28,2016-12-28,C,2.202,2016-04-28
13594,2016-05-16 13:35:00,2016-05-16,0.0468,0.0,0.0,4473.0,0.0468,0.0468,0.0468,10000619,2016-12-28,2016-12-28,C,2.202,2016-04-28
13595,2016-05-16 13:36:00,2016-05-16,0.0468,0.0,0.0,4473.0,0.0468,0.0468,0.0468,10000619,2016-12-28,2016-12-28,C,2.202,2016-04-28
13596,2016-05-16 13:37:00,2016-05-16,0.0468,0.0,0.0,4473.0,0.0468,0.0468,0.0468,10000619,2016-12-28,2016-12-28,C,2.202,2016-04-28
13597,2016-05-16 13:38:00,2016-05-16,0.0468,0.0,0.0,4473.0,0.0468,0.0468,0.0468,10000619,2016-12-28,2016-12-28,C,2.202,2016-04-28
13598,2016-05-16 13:39:00,2016-05-16,0.0468,0.0,0.0,4473.0,0.0468,0.0468,0.0468,10000619,2016-12-28,2016-12-28,C,2.202,2016-04-28
13599,2016-05-16 13:40:00,2016-05-16,0.047,9400.0,20.0,4473.0,0.0468,0.047,0.0468,10000619,2016-12-28,2016-12-28,C,2.202,2016-04-28
13600,2016-05-16 13:41:00,2016-05-16,0.047,0.0,0.0,4473.0,0.047,0.047,0.047,10000619,2016-12-28,2016-12-28,C,2.202,2016-04-28
13601,2016-05-16 13:42:00,2016-05-16,0.047,3290.0,7.0,4473.0,0.047,0.047,0.047,10000619,2016-12-28,2016-12-28,C,2.202,2016-04-28
13602,2016-05-16 13:43:00,2016-05-16,0.047,0.0,0.0,4473.0,0.047,0.047,0.047,10000619,2016-12-28,2016-12-28,C,2.202,2016-04-28
13603,2016-05-16 13:44:00,2016-05-16,0.0474,2370.0,5.0,4478.0,0.0474,0.0474,0.0474,10000619,2016-12-28,2016-12-28,C,2.202,2016-04-28
13604,2016-05-16 13:45:00,2016-05-16,0.0474,0.0,0.0,4478.0,0.0474,0.0474,0.0474,10000619,2016-12-28,2016-12-28,C,2.202,2016-04-28
13605,2016-05-16 13:46:00,2016-05-16,0.0474,0.0,0.0,4478.0,0.0474,0.0474,0.0474,10000619,2016-12-28,2016-12-28,C,2.202,2016-04-28
13606,2016-05-16 13:47:00,2016-05-16,0.0474,0.0,0.0,4478.0,0.0474,0.0474,0.0474,10000619,2016-12-28,2016-12-28,C,2.202,2016-04-28
13607,2016-05-16 13:48:00,2016-05-16,0.0474,0.0,0.0,4478.0,0.0474,0.0474,0.0474,10000619,2016-12-28,2016-12-28,C,2.202,2016-04-28
13608,2016-05-16 13:49:00,2016-05-16,0.0474,0.0,0.0,4478.0,0.0474,0.0474,0.0474,10000619,2016-12-28,2016-12-28,C,2.202,2016-04-28
13609,2016-05-16 13:50:00,2016-05-16,0.0474,2844.0,6.0,4484.0,0.0474,0.0474,0.0474,10000619,2016-12-28,2016-12-28,C,2.202,2016-04-28
13610,2016-05-16 13:51:00,2016-05-16,0.0474,0.0,0.0,4484.0,0.0474,0.0474,0.0474,10000619,2016-12-28,2016-12-28,C,2.202,2016-04-28
13611,2016-05-16 13:52:00,2016-05-16,0.0474,948.0,2.0,4486.0,0.0474,0.0474,0.0474,10000619,2016-12-28,2016-12-28,C,2.202,2016-04-28
13612,2016-05-16 13:53:00,2016-05-16,0.0474,0.0,0.0,4486.0,0.0474,0.0474,0.0474,10000619,2016-12-28,2016-12-28,C,2.202,2016-04-28
13613,2016-05-16 13:54:00,2016-05-16,0.0474,0.0,0.0,4486.0,0.0474,0.0474,0.0474,10000619,2016-12-28,2016-12-28,C,2.202,2016-04-28
13614,2016-05-16 13:55:00,2016-05-16,0.0474,948.0,2.0,4488.0,0.0474,0.0474,0.0474,10000619,2016-12-28,2016-12-28,C,2.202,2016-04-28
13615,2016-05-16 13:56:00,2016-05-16,0.0474,2370.0,5.0,4493.0,0.0474,0.0474,0.0474,10000619,2016-12-28,2016-12-28,C,2.202,2016-04-28
13616,2016-05-16 13:57:00,2016-05-16,0.0474,0.0,0.0,4493.0,0.0474,0.0474,0.0474,10000619,2016-12-28,2016-12-28,C,2.202,2016-04-28
13617,2016-05-16 13:58:00,2016-05-16,0.0474,0.0,0.0,4493.0,0.0474,0.0474,0.0474,10000619,2016-12-28,2016-12-28,C,2.202,2016-04-28
13618,2016-05-16 13:59:00,2016-05-16,0.0474,0.0,0.0,4493.0,0.0474,0.0474,0.0474,10000619,2016-12-28,2016-12-28,C,2.202,2016-04-28
13619,2016-05-16 14:00:00,2016-05-16,0.0474,0.0,0.0,4493.0,0.0474,0.0474,0.0474,10000619,2016-12-28,2016-12-28,C,2.202,2016-04-28
13620,2016-05-16 14:01:00,2016-05-16,0.0474,0.0,0.0,4493.0,0.0474,0.0474,0.0474,10000619,2016-12-28,2016-12-28,C,2.202,2016-04-28
13621,2016-05-16 14:02:00,2016-05-16,0.0474,0.0,0.0,4493.0,0.0474,0.0474,0.0474,10000619,2016-12-28,2016-12-28,C,2.202,2016-04-28
13622,2016-05-16 14:03:00,2016-05-16,0.0474,0.0,0.0,4493.0,0.0474,0.0474,0.0474,10000619,2016-12-28,2016-12-28,C,2.202,2016-04-28
13623,2016-05-16 14:04:00,2016-05-16,0.0474,0.0,0.0,4493.0,0.0474,0.0474,0.0474,10000619,2016-12-28,2016-12-28,C,2.202,2016-04-28
13624,2016-05-16 14:05:00,2016-05-16,0.0474,0.0,0.0,4493.0,0.0474,0.0474,0.0474,10000619,2016-12-28,2016-12-28,C,2.202,2016-04-28
13625,2016-05-16 14:06:00,2016-05-16,0.0474,0.0,0.0,4493.0,0.0474,0.0474,0.0474,10000619,2016-12-28,2016-12-28,C,2.202,2016-04-28
13626,2016-05-16 14:07:00,2016-05-16,0.0474,0.0,0.0,4493.0,0.0474,0.0474,0.0474,10000619,2016-12-28,2016-12-28,C,2.202,2016-04-28
13627,2016-05-16 14:08:00,2016-05-16,0.0474,4730.0,10.0,4493.0,0.0474,0.0473,0.0473,10000619,2016-12-28,2016-12-28,C,2.202,2016-04-28
13628,2016-05-16 14:09:00,2016-05-16,0.0473,0.0,0.0,4493.0,0.0473,0.0473,0.0473,10000619,2016-12-28,2016-12-28,C,2.202,2016-04-28
13629,2016-05-16 14:10:00,2016-05-16,0.0473,0.0,0.0,4493.0,0.0473,0.0473,0.0473,10000619,2016-12-28,2016-12-28,C,2.202,2016-04-28
13630,2016-05-16 14:11:00,2016-05-16,0.0475,950.0,2.0,4493.0,0.0473,0.0475,0.0473,10000619,2016-12-28,2016-12-28,C,2.202,2016-04-28
13631,2016-05-16 14:12:00,2016-05-16,0.0475,475.0,1.0,4494.0,0.0475,0.0475,0.0475,10000619,2016-12-28,2016-12-28,C,2.202,2016-04-28
13632,2016-05-16 14:13:00,2016-05-16,0.0475,0.0,0.0,4494.0,0.0475,0.0475,0.0475,10000619,2016-12-28,2016-12-28,C,2.202,2016-04-28
13633,2016-05-16 14:14:00,2016-05-16,0.0475,0.0,0.0,4494.0,0.0475,0.0475,0.0475,10000619,2016-12-28,2016-12-28,C,2.202,2016-04-28
13634,2016-05-16 14:15:00,2016-05-16,0.0475,0.0,0.0,4494.0,0.0475,0.0475,0.0475,10000619,2016-12-28,2016-12-28,C,2.202,2016-04-28
13635,2016-05-16 14:16:00,2016-05-16,0.0475,5685.0,12.0,4489.0,0.0475,0.0472,0.0472,10000619,2016-12-28,2016-12-28,C,2.202,2016-04-28
13636,2016-05-16 14:17:00,2016-05-16,0.0475,2850.0,6.0,4489.0,0.0475,0.0475,0.0475,10000619,2016-12-28,2016-12-28,C,2.202,2016-04-28
13637,2016-05-16 14:18:00,2016-05-16,0.0475,4730.0,10.0,4499.0,0.0475,0.0473,0.0473,10000619,2016-12-28,2016-12-28,C,2.202,2016-04-28
13638,2016-05-16 14:19:00,2016-05-16,0.0473,0.0,0.0,4499.0,0.0473,0.0473,0.0473,10000619,2016-12-28,2016-12-28,C,2.202,2016-04-28
13639,2016-05-16 14:20:00,2016-05-16,0.0473,472.0,1.0,4499.0,0.0473,0.0472,0.0472,10000619,2016-12-28,2016-12-28,C,2.202,2016-04-28
13640,2016-05-16 14:21:00,2016-05-16,0.0472,0.0,0.0,4499.0,0.0472,0.0472,0.0472,10000619,2016-12-28,2016-12-28,C,2.202,2016-04-28
13641,2016-05-16 14:22:00,2016-05-16,0.0472,0.0,0.0,4499.0,0.0472,0.0472,0.0472,10000619,2016-12-28,2016-12-28,C,2.202,2016-04-28
13642,2016-05-16 14:23:00,2016-05-16,0.0472,3776.0,8.0,4499.0,0.0472,0.0472,0.0472,10000619,2016-12-28,2016-12-28,C,2.202,2016-04-28
13643,2016-05-16 14:24:00,2016-05-16,0.0472,0.0,0.0,4499.0,0.0472,0.0472,0.0472,10000619,2016-12-28,2016-12-28,C,2.202,2016-04-28
13644,2016-05-16 14:25:00,2016-05-16,0.0472,0.0,0.0,4499.0,0.0472,0.0472,0.0472,10000619,2016-12-28,2016-12-28,C,2.202,2016-04-28
13645,2016-05-16 14:26:00,2016-05-16,0.0472,8496.0,18.0,4503.0,0.0472,0.0472,0.0472,10000619,2016-12-28,2016-12-28,C,2.202,2016-04-28
13646,2016-05-16 14:27:00,2016-05-16,0.0472,0.0,0.0,4503.0,0.0472,0.0472,0.0472,10000619,2016-12-28,2016-12-28,C,2.202,2016-04-28
13647,2016-05-16 14:28:00,2016-05-16,0.0472,0.0,0.0,4503.0,0.0472,0.0472,0.0472,10000619,2016-12-28,2016-12-28,C,2.202,2016-04-28
13648,2016-05-16 14:29:00,2016-05-16,0.0472,944.0,2.0,4505.0,0.0472,0.0472,0.0472,10000619,2016-12-28,2016-12-28,C,2.202,2016-04-28
13649,2016-05-16 14:30:00,2016-05-16,0.0472,0.0,0.0,4505.0,0.0472,0.0472,0.0472,10000619,2016-12-28,2016-12-28,C,2.202,2016-04-28
13650,2016-05-16 14:31:00,2016-05-16,0.0472,0.0,0.0,4505.0,0.0472,0.0472,0.0472,10000619,2016-12-28,2016-12-28,C,2.202,2016-04-28
13651,2016-05-16 14:32:00,2016-05-16,0.0472,0.0,0.0,4505.0,0.0472,0.0472,0.0472,10000619,2016-12-28,2016-12-28,C,2.202,2016-04-28
13652,2016-05-16 14:33:00,2016-05-16,0.0472,0.0,0.0,4505.0,0.0472,0.0472,0.0472,10000619,2016-12-28,2016-12-28,C,2.202,2016-04-28
13653,2016-05-16 14:34:00,2016-05-16,0.0472,0.0,0.0,4505.0,0.0472,0.0472,0.0472,10000619,2016-12-28,2016-12-28,C,2.202,2016-04-28
13654,2016-05-16 14:35:00,2016-05-16,0.0472,0.0,0.0,4505.0,0.0472,0.0472,0.0472,10000619,2016-12-28,2016-12-28,C,2.202,2016-04-28
13655,2016-05-16 14:36:00,2016-05-16,0.0472,0.0,0.0,4505.0,0.0472,0.0472,0.0472,10000619,2016-12-28,2016-12-28,C,2.202,2016-04-28
13656,2016-05-16 14:37:00,2016-05-16,0.0472,0.0,0.0,4505.0,0.0472,0.0472,0.0472,10000619,2016-12-28,2016-12-28,C,2.202,2016-04-28
13657,2016-05-16 14:38:00,2016-05-16,0.0472,0.0,0.0,4505.0,0.0472,0.0472,0.0472,10000619,2016-12-28,2016-12-28,C,2.202,2016-04-28
13658,2016-05-16 14:39:00,2016-05-16,0.0472,0.0,0.0,4505.0,0.0472,0.0472,0.0472,10000619,2016-12-28,2016-12-28,C,2.202,2016-04-28
13659,2016-05-16 14:40:00,2016-05-16,0.0472,0.0,0.0,4505.0,0.0472,0.0472,0.0472,10000619,2016-12-28,2016-12-28,C,2.202,2016-04-28
13660,2016-05-16 14:41:00,2016-05-16,0.0484,4840.0,10.0,4495.0,0.0472,0.0484,0.0472,10000619,2016-12-28,2016-12-28,C,2.202,2016-04-28
13661,2016-05-16 14:42:00,2016-05-16,0.0488,3904.0,8.0,4495.0,0.0484,0.0488,0.0484,10000619,2016-12-28,2016-12-28,C,2.202,2016-04-28
13662,2016-05-16 14:43:00,2016-05-16,0.0488,0.0,0.0,4495.0,0.0488,0.0488,0.0488,10000619,2016-12-28,2016-12-28,C,2.202,2016-04-28
13663,2016-05-16 14:44:00,2016-05-16,0.0488,480.0,1.0,4494.0,0.0488,0.048,0.048,10000619,2016-12-28,2016-12-28,C,2.202,2016-04-28
13664,2016-05-16 14:45:00,2016-05-16,0.048,0.0,0.0,4494.0,0.048,0.048,0.048,10000619,2016-12-28,2016-12-28,C,2.202,2016-04-28
13665,2016-05-16 14:46:00,2016-05-16,0.048,4320.0,9.0,4494.0,0.048,0.048,0.048,10000619,2016-12-28,2016-12-28,C,2.202,2016-04-28
13666,2016-05-16 14:47:00,2016-05-16,0.048,0.0,0.0,4494.0,0.048,0.048,0.048,10000619,2016-12-28,2016-12-28,C,2.202,2016-04-28
13667,2016-05-16 14:48:00,2016-05-16,0.048,0.0,0.0,4494.0,0.048,0.048,0.048,10000619,2016-12-28,2016-12-28,C,2.202,2016-04-28
13668,2016-05-16 14:49:00,2016-05-16,0.048,0.0,0.0,4494.0,0.048,0.048,0.048,10000619,2016-12-28,2016-12-28,C,2.202,2016-04-28
13669,2016-05-16 14:50:00,2016-05-16,0.048,0.0,0.0,4494.0,0.048,0.048,0.048,10000619,2016-12-28,2016-12-28,C,2.202,2016-04-28
13670,2016-05-16 14:51:00,2016-05-16,0.048,0.0,0.0,4494.0,0.048,0.048,0.048,10000619,2016-12-28,2016-12-28,C,2.202,2016-04-28
13671,2016-05-16 14:52:00,2016-05-16,0.048,0.0,0.0,4494.0,0.048,0.048,0.048,10000619,2016-12-28,2016-12-28,C,2.202,2016-04-28
13672,2016-05-16 14:53:00,2016-05-16,0.048,0.0,0.0,4494.0,0.048,0.048,0.048,10000619,2016-12-28,2016-12-28,C,2.202,2016-04-28
13673,2016-05-16 14:54:00,2016-05-16,0.048,0.0,0.0,4494.0,0.048,0.048,0.048,10000619,2016-12-28,2016-12-28,C,2.202,2016-04-28
13674,2016-05-16 14:55:00,2016-05-16,0.048,0.0,0.0,4494.0,0.048,0.048,0.048,10000619,2016-12-28,2016-12-28,C,2.202,2016-04-28
13675,2016-05-16 14:56:00,2016-05-16,0.048,0.0,0.0,4494.0,0.048,0.048,0.048,10000619,2016-12-28,2016-12-28,C,2.202,2016-04-28
13676,2016-05-16 14:57:00,2016-05-16,0.048,0.0,0.0,4494.0,0.048,0.048,0.048,10000619,2016-12-28,2016-12-28,C,2.202,2016-04-28
13677,2016-05-16 14:58:00,2016-05-16,0.048,0.0,0.0,4494.0,0.048,0.048,0.048,10000619,2016-12-28,2016-12-28,C,2.202,2016-04-28
13678,2016-05-16 14:59:00,2016-05-16,0.048,0.0,0.0,4494.0,0.048,0.048,0.048,10000619,2016-12-28,2016-12-28,C,2.202,2016-04-28
13679,2016-05-16 15:00:00,2016-05-16,0.048,0.0,0.0,4494.0,0.048,0.048,0.048,10000619,2016-12-28,2016-12-28,C,2.202,2016-04-28
13680,2016-05-16 09:31:00,2016-05-16,0.0528,0.0,0.0,11343.0,0.0528,0.0528,0.0528,10000562,2016-09-28,2016-09-28,P,1.95,2016-01-28
13681,2016-05-16 09:32:00,2016-05-16,0.0528,0.0,0.0,11343.0,0.0528,0.0528,0.0528,10000562,2016-09-28,2016-09-28,P,1.95,2016-01-28
13682,2016-05-16 09:33:00,2016-05-16,0.0528,0.0,0.0,11343.0,0.0528,0.0528,0.0528,10000562,2016-09-28,2016-09-28,P,1.95,2016-01-28
13683,2016-05-16 09:34:00,2016-05-16,0.0548,6574.0,12.0,11352.0,0.0528,0.0548,0.0528,10000562,2016-09-28,2016-09-28,P,1.95,2016-01-28
13684,2016-05-16 09:35:00,2016-05-16,0.0556,12160.0,22.0,11352.0,0.0548,0.0552,0.0548,10000562,2016-09-28,2016-09-28,P,1.95,2016-01-28
13685,2016-05-16 09:36:00,2016-05-16,0.0552,12057.0,22.0,11353.0,0.0552,0.0549,0.0547,10000562,2016-09-28,2016-09-28,P,1.95,2016-01-28
13686,2016-05-16 09:37:00,2016-05-16,0.0549,10940.0,20.0,11353.0,0.0549,0.0547,0.0547,10000562,2016-09-28,2016-09-28,P,1.95,2016-01-28
13687,2016-05-16 09:38:00,2016-05-16,0.0547,0.0,0.0,11353.0,0.0547,0.0547,0.0547,10000562,2016-09-28,2016-09-28,P,1.95,2016-01-28
13688,2016-05-16 09:39:00,2016-05-16,0.0547,8150.0,15.0,11353.0,0.0547,0.0547,0.0534,10000562,2016-09-28,2016-09-28,P,1.95,2016-01-28
13689,2016-05-16 09:40:00,2016-05-16,0.055,10990.0,20.0,11353.0,0.0547,0.055,0.0547,10000562,2016-09-28,2016-09-28,P,1.95,2016-01-28
13690,2016-05-16 09:41:00,2016-05-16,0.055,1100.0,2.0,11353.0,0.055,0.055,0.055,10000562,2016-09-28,2016-09-28,P,1.95,2016-01-28
13691,2016-05-16 09:42:00,2016-05-16,0.055,0.0,0.0,11353.0,0.055,0.055,0.055,10000562,2016-09-28,2016-09-28,P,1.95,2016-01-28
13692,2016-05-16 09:43:00,2016-05-16,0.055,0.0,0.0,11353.0,0.055,0.055,0.055,10000562,2016-09-28,2016-09-28,P,1.95,2016-01-28
13693,2016-05-16 09:44:00,2016-05-16,0.055,0.0,0.0,11353.0,0.055,0.055,0.055,10000562,2016-09-28,2016-09-28,P,1.95,2016-01-28
13694,2016-05-16 09:45:00,2016-05-16,0.055,0.0,0.0,11353.0,0.055,0.055,0.055,10000562,2016-09-28,2016-09-28,P,1.95,2016-01-28
13695,2016-05-16 09:46:00,2016-05-16,0.055,2180.0,4.0,11357.0,0.055,0.0547,0.0547,10000562,2016-09-28,2016-09-28,P,1.95,2016-01-28
13696,2016-05-16 09:47:00,2016-05-16,0.0547,0.0,0.0,11357.0,0.0547,0.0547,0.0547,10000562,2016-09-28,2016-09-28,P,1.95,2016-01-28
13697,2016-05-16 09:48:00,2016-05-16,0.0552,11568.0,21.0,11358.0,0.0547,0.0552,0.0547,10000562,2016-09-28,2016-09-28,P,1.95,2016-01-28
13698,2016-05-16 09:49:00,2016-05-16,0.0552,12136.0,22.0,11358.0,0.0552,0.0552,0.0548,10000562,2016-09-28,2016-09-28,P,1.95,2016-01-28
13699,2016-05-16 09:50:00,2016-05-16,0.0554,5540.0,10.0,11358.0,0.0554,0.0554,0.0554,10000562,2016-09-28,2016-09-28,P,1.95,2016-01-28
13700,2016-05-16 09:51:00,2016-05-16,0.0556,8864.0,16.0,11362.0,0.0554,0.0556,0.0554,10000562,2016-09-28,2016-09-28,P,1.95,2016-01-28
13701,2016-05-16 09:52:00,2016-05-16,0.0556,1096.0,2.0,11362.0,0.0556,0.0548,0.0548,10000562,2016-09-28,2016-09-28,P,1.95,2016-01-28
13702,2016-05-16 09:53:00,2016-05-16,0.0548,0.0,0.0,11362.0,0.0548,0.0548,0.0548,10000562,2016-09-28,2016-09-28,P,1.95,2016-01-28
13703,2016-05-16 09:54:00,2016-05-16,0.0567,4536.0,8.0,11366.0,0.0548,0.0567,0.0548,10000562,2016-09-28,2016-09-28,P,1.95,2016-01-28
13704,2016-05-16 09:55:00,2016-05-16,0.0577,12107.0,21.0,11375.0,0.0576,0.0577,0.0576,10000562,2016-09-28,2016-09-28,P,1.95,2016-01-28
13705,2016-05-16 09:56:00,2016-05-16,0.0577,0.0,0.0,11375.0,0.0577,0.0577,0.0577,10000562,2016-09-28,2016-09-28,P,1.95,2016-01-28
13706,2016-05-16 09:57:00,2016-05-16,0.0577,0.0,0.0,11375.0,0.0577,0.0577,0.0577,10000562,2016-09-28,2016-09-28,P,1.95,2016-01-28
13707,2016-05-16 09:58:00,2016-05-16,0.0577,0.0,0.0,11375.0,0.0577,0.0577,0.0577,10000562,2016-09-28,2016-09-28,P,1.95,2016-01-28
13708,2016-05-16 09:59:00,2016-05-16,0.0578,11556.0,20.0,11375.0,0.0577,0.0578,0.0577,10000562,2016-09-28,2016-09-28,P,1.95,2016-01-28
13709,2016-05-16 10:00:00,2016-05-16,0.0582,34810.0,60.0,11385.0,0.0578,0.058,0.0578,10000562,2016-09-28,2016-09-28,P,1.95,2016-01-28
13710,2016-05-16 10:01:00,2016-05-16,0.0583,23250.0,40.0,11389.0,0.0579,0.0581,0.0579,10000562,2016-09-28,2016-09-28,P,1.95,2016-01-28
13711,2016-05-16 10:02:00,2016-05-16,0.0581,6381.0,11.0,11388.0,0.0581,0.058,0.058,10000562,2016-09-28,2016-09-28,P,1.95,2016-01-28
13712,2016-05-16 10:03:00,2016-05-16,0.0592,27001.0,46.0,11383.0,0.058,0.0592,0.0579,10000562,2016-09-28,2016-09-28,P,1.95,2016-01-28
13713,2016-05-16 10:04:00,2016-05-16,0.0592,0.0,0.0,11383.0,0.0592,0.0592,0.0592,10000562,2016-09-28,2016-09-28,P,1.95,2016-01-28
13714,2016-05-16 10:05:00,2016-05-16,0.0579,4632.0,8.0,11383.0,0.0579,0.0579,0.0579,10000562,2016-09-28,2016-09-28,P,1.95,2016-01-28
13715,2016-05-16 10:06:00,2016-05-16,0.0579,0.0,0.0,11383.0,0.0579,0.0579,0.0579,10000562,2016-09-28,2016-09-28,P,1.95,2016-01-28
13716,2016-05-16 10:07:00,2016-05-16,0.0579,0.0,0.0,11383.0,0.0579,0.0579,0.0579,10000562,2016-09-28,2016-09-28,P,1.95,2016-01-28
13717,2016-05-16 10:08:00,2016-05-16,0.0579,0.0,0.0,11383.0,0.0579,0.0579,0.0579,10000562,2016-09-28,2016-09-28,P,1.95,2016-01-28
13718,2016-05-16 10:09:00,2016-05-16,0.0579,0.0,0.0,11383.0,0.0579,0.0579,0.0579,10000562,2016-09-28,2016-09-28,P,1.95,2016-01-28
13719,2016-05-16 10:10:00,2016-05-16,0.0579,0.0,0.0,11383.0,0.0579,0.0579,0.0579,10000562,2016-09-28,2016-09-28,P,1.95,2016-01-28
13720,2016-05-16 10:11:00,2016-05-16,0.0579,0.0,0.0,11383.0,0.0579,0.0579,0.0579,10000562,2016-09-28,2016-09-28,P,1.95,2016-01-28
13721,2016-05-16 10:12:00,2016-05-16,0.0579,0.0,0.0,11383.0,0.0579,0.0579,0.0579,10000562,2016-09-28,2016-09-28,P,1.95,2016-01-28
13722,2016-05-16 10:13:00,2016-05-16,0.0579,0.0,0.0,11383.0,0.0579,0.0579,0.0579,10000562,2016-09-28,2016-09-28,P,1.95,2016-01-28
13723,2016-05-16 10:14:00,2016-05-16,0.0579,0.0,0.0,11383.0,0.0579,0.0579,0.0579,10000562,2016-09-28,2016-09-28,P,1.95,2016-01-28
13724,2016-05-16 10:15:00,2016-05-16,0.0579,0.0,0.0,11383.0,0.0579,0.0579,0.0579,10000562,2016-09-28,2016-09-28,P,1.95,2016-01-28
13725,2016-05-16 10:16:00,2016-05-16,0.0579,565.0,1.0,11383.0,0.0579,0.0565,0.0565,10000562,2016-09-28,2016-09-28,P,1.95,2016-01-28
13726,2016-05-16 10:17:00,2016-05-16,0.0565,0.0,0.0,11383.0,0.0565,0.0565,0.0565,10000562,2016-09-28,2016-09-28,P,1.95,2016-01-28
13727,2016-05-16 10:18:00,2016-05-16,0.0565,0.0,0.0,11383.0,0.0565,0.0565,0.0565,10000562,2016-09-28,2016-09-28,P,1.95,2016-01-28
13728,2016-05-16 10:19:00,2016-05-16,0.0565,0.0,0.0,11383.0,0.0565,0.0565,0.0565,10000562,2016-09-28,2016-09-28,P,1.95,2016-01-28
13729,2016-05-16 10:20:00,2016-05-16,0.0565,0.0,0.0,11383.0,0.0565,0.0565,0.0565,10000562,2016-09-28,2016-09-28,P,1.95,2016-01-28
13730,2016-05-16 10:21:00,2016-05-16,0.0565,0.0,0.0,11383.0,0.0565,0.0565,0.0565,10000562,2016-09-28,2016-09-28,P,1.95,2016-01-28
13731,2016-05-16 10:22:00,2016-05-16,0.0565,5590.0,10.0,11383.0,0.0565,0.0559,0.0559,10000562,2016-09-28,2016-09-28,P,1.95,2016-01-28
13732,2016-05-16 10:23:00,2016-05-16,0.0559,0.0,0.0,11383.0,0.0559,0.0559,0.0559,10000562,2016-09-28,2016-09-28,P,1.95,2016-01-28
13733,2016-05-16 10:24:00,2016-05-16,0.057,570.0,1.0,11382.0,0.0559,0.057,0.0559,10000562,2016-09-28,2016-09-28,P,1.95,2016-01-28
13734,2016-05-16 10:25:00,2016-05-16,0.057,0.0,0.0,11382.0,0.057,0.057,0.057,10000562,2016-09-28,2016-09-28,P,1.95,2016-01-28
13735,2016-05-16 10:26:00,2016-05-16,0.057,2850.0,5.0,11377.0,0.057,0.057,0.057,10000562,2016-09-28,2016-09-28,P,1.95,2016-01-28
13736,2016-05-16 10:27:00,2016-05-16,0.057,570.0,1.0,11376.0,0.057,0.057,0.057,10000562,2016-09-28,2016-09-28,P,1.95,2016-01-28
13737,2016-05-16 10:28:00,2016-05-16,0.057,4560.0,8.0,11370.0,0.057,0.057,0.057,10000562,2016-09-28,2016-09-28,P,1.95,2016-01-28
13738,2016-05-16 10:29:00,2016-05-16,0.057,9087.0,16.0,11359.0,0.057,0.0567,0.0567,10000562,2016-09-28,2016-09-28,P,1.95,2016-01-28
13739,2016-05-16 10:30:00,2016-05-16,0.0567,0.0,0.0,11359.0,0.0567,0.0567,0.0567,10000562,2016-09-28,2016-09-28,P,1.95,2016-01-28
13740,2016-05-16 10:31:00,2016-05-16,0.0568,1135.0,2.0,11357.0,0.0567,0.0568,0.0567,10000562,2016-09-28,2016-09-28,P,1.95,2016-01-28
13741,2016-05-16 10:32:00,2016-05-16,0.0568,568.0,1.0,11356.0,0.0568,0.0568,0.0568,10000562,2016-09-28,2016-09-28,P,1.95,2016-01-28
13742,2016-05-16 10:33:00,2016-05-16,0.0568,568.0,1.0,11355.0,0.0568,0.0568,0.0568,10000562,2016-09-28,2016-09-28,P,1.95,2016-01-28
13743,2016-05-16 10:34:00,2016-05-16,0.0568,0.0,0.0,11355.0,0.0568,0.0568,0.0568,10000562,2016-09-28,2016-09-28,P,1.95,2016-01-28
13744,2016-05-16 10:35:00,2016-05-16,0.0568,22152.0,39.0,11316.0,0.0568,0.0568,0.0568,10000562,2016-09-28,2016-09-28,P,1.95,2016-01-28
13745,2016-05-16 10:36:00,2016-05-16,0.0568,5104.0,9.0,11315.0,0.0568,0.0567,0.0567,10000562,2016-09-28,2016-09-28,P,1.95,2016-01-28
13746,2016-05-16 10:37:00,2016-05-16,0.0567,0.0,0.0,11315.0,0.0567,0.0567,0.0567,10000562,2016-09-28,2016-09-28,P,1.95,2016-01-28
13747,2016-05-16 10:38:00,2016-05-16,0.0567,0.0,0.0,11315.0,0.0567,0.0567,0.0567,10000562,2016-09-28,2016-09-28,P,1.95,2016-01-28
13748,2016-05-16 10:39:00,2016-05-16,0.0567,564.0,1.0,11314.0,0.0567,0.0564,0.0564,10000562,2016-09-28,2016-09-28,P,1.95,2016-01-28
13749,2016-05-16 10:40:00,2016-05-16,0.0564,0.0,0.0,11314.0,0.0564,0.0564,0.0564,10000562,2016-09-28,2016-09-28,P,1.95,2016-01-28
13750,2016-05-16 10:41:00,2016-05-16,0.0564,0.0,0.0,11314.0,0.0564,0.0564,0.0564,10000562,2016-09-28,2016-09-28,P,1.95,2016-01-28
13751,2016-05-16 10:42:00,2016-05-16,0.0564,0.0,0.0,11314.0,0.0564,0.0564,0.0564,10000562,2016-09-28,2016-09-28,P,1.95,2016-01-28
13752,2016-05-16 10:43:00,2016-05-16,0.0564,0.0,0.0,11314.0,0.0564,0.0564,0.0564,10000562,2016-09-28,2016-09-28,P,1.95,2016-01-28
13753,2016-05-16 10:44:00,2016-05-16,0.0564,0.0,0.0,11314.0,0.0564,0.0564,0.0564,10000562,2016-09-28,2016-09-28,P,1.95,2016-01-28
13754,2016-05-16 10:45:00,2016-05-16,0.0564,0.0,0.0,11314.0,0.0564,0.0564,0.0564,10000562,2016-09-28,2016-09-28,P,1.95,2016-01-28
13755,2016-05-16 10:46:00,2016-05-16,0.0564,0.0,0.0,11314.0,0.0564,0.0564,0.0564,10000562,2016-09-28,2016-09-28,P,1.95,2016-01-28
13756,2016-05-16 10:47:00,2016-05-16,0.0564,1692.0,3.0,11314.0,0.0564,0.0564,0.0564,10000562,2016-09-28,2016-09-28,P,1.95,2016-01-28
13757,2016-05-16 10:48:00,2016-05-16,0.0568,568.0,1.0,11314.0,0.0564,0.0568,0.0564,10000562,2016-09-28,2016-09-28,P,1.95,2016-01-28
13758,2016-05-16 10:49:00,2016-05-16,0.0568,9588.0,17.0,11314.0,0.0568,0.0564,0.0564,10000562,2016-09-28,2016-09-28,P,1.95,2016-01-28
13759,2016-05-16 10:50:00,2016-05-16,0.0564,4995.0,9.0,11321.0,0.0564,0.0555,0.0555,10000562,2016-09-28,2016-09-28,P,1.95,2016-01-28
13760,2016-05-16 10:51:00,2016-05-16,0.0555,0.0,0.0,11321.0,0.0555,0.0555,0.0555,10000562,2016-09-28,2016-09-28,P,1.95,2016-01-28
13761,2016-05-16 10:52:00,2016-05-16,0.0555,0.0,0.0,11321.0,0.0555,0.0555,0.0555,10000562,2016-09-28,2016-09-28,P,1.95,2016-01-28
13762,2016-05-16 10:53:00,2016-05-16,0.0555,0.0,0.0,11321.0,0.0555,0.0555,0.0555,10000562,2016-09-28,2016-09-28,P,1.95,2016-01-28
13763,2016-05-16 10:54:00,2016-05-16,0.0555,10870.0,20.0,11311.0,0.0555,0.0543,0.0543,10000562,2016-09-28,2016-09-28,P,1.95,2016-01-28
13764,2016-05-16 10:55:00,2016-05-16,0.0544,2720.0,5.0,11316.0,0.0543,0.0544,0.0543,10000562,2016-09-28,2016-09-28,P,1.95,2016-01-28
13765,2016-05-16 10:56:00,2016-05-16,0.0547,2735.0,5.0,11316.0,0.0544,0.0547,0.0544,10000562,2016-09-28,2016-09-28,P,1.95,2016-01-28
13766,2016-05-16 10:57:00,2016-05-16,0.0547,0.0,0.0,11316.0,0.0547,0.0547,0.0547,10000562,2016-09-28,2016-09-28,P,1.95,2016-01-28
13767,2016-05-16 10:58:00,2016-05-16,0.0547,0.0,0.0,11316.0,0.0547,0.0547,0.0547,10000562,2016-09-28,2016-09-28,P,1.95,2016-01-28
13768,2016-05-16 10:59:00,2016-05-16,0.0547,2156.0,4.0,11316.0,0.0547,0.0539,0.0539,10000562,2016-09-28,2016-09-28,P,1.95,2016-01-28
13769,2016-05-16 11:00:00,2016-05-16,0.0539,0.0,0.0,11316.0,0.0539,0.0539,0.0539,10000562,2016-09-28,2016-09-28,P,1.95,2016-01-28
13770,2016-05-16 11:01:00,2016-05-16,0.0539,0.0,0.0,11316.0,0.0539,0.0539,0.0539,10000562,2016-09-28,2016-09-28,P,1.95,2016-01-28
13771,2016-05-16 11:02:00,2016-05-16,0.0539,2665.0,5.0,11321.0,0.0539,0.0533,0.0533,10000562,2016-09-28,2016-09-28,P,1.95,2016-01-28
13772,2016-05-16 11:03:00,2016-05-16,0.0533,0.0,0.0,11321.0,0.0533,0.0533,0.0533,10000562,2016-09-28,2016-09-28,P,1.95,2016-01-28
13773,2016-05-16 11:04:00,2016-05-16,0.0533,0.0,0.0,11321.0,0.0533,0.0533,0.0533,10000562,2016-09-28,2016-09-28,P,1.95,2016-01-28
13774,2016-05-16 11:05:00,2016-05-16,0.0533,0.0,0.0,11321.0,0.0533,0.0533,0.0533,10000562,2016-09-28,2016-09-28,P,1.95,2016-01-28
13775,2016-05-16 11:06:00,2016-05-16,0.0533,0.0,0.0,11321.0,0.0533,0.0533,0.0533,10000562,2016-09-28,2016-09-28,P,1.95,2016-01-28
13776,2016-05-16 11:07:00,2016-05-16,0.0533,0.0,0.0,11321.0,0.0533,0.0533,0.0533,10000562,2016-09-28,2016-09-28,P,1.95,2016-01-28
13777,2016-05-16 11:08:00,2016-05-16,0.0533,0.0,0.0,11321.0,0.0533,0.0533,0.0533,10000562,2016-09-28,2016-09-28,P,1.95,2016-01-28
13778,2016-05-16 11:09:00,2016-05-16,0.0533,0.0,0.0,11321.0,0.0533,0.0533,0.0533,10000562,2016-09-28,2016-09-28,P,1.95,2016-01-28
13779,2016-05-16 11:10:00,2016-05-16,0.0533,0.0,0.0,11321.0,0.0533,0.0533,0.0533,10000562,2016-09-28,2016-09-28,P,1.95,2016-01-28
13780,2016-05-16 11:11:00,2016-05-16,0.0533,0.0,0.0,11321.0,0.0533,0.0533,0.0533,10000562,2016-09-28,2016-09-28,P,1.95,2016-01-28
13781,2016-05-16 11:12:00,2016-05-16,0.0541,541.0,1.0,11320.0,0.0533,0.0541,0.0533,10000562,2016-09-28,2016-09-28,P,1.95,2016-01-28
13782,2016-05-16 11:13:00,2016-05-16,0.0541,0.0,0.0,11320.0,0.0541,0.0541,0.0541,10000562,2016-09-28,2016-09-28,P,1.95,2016-01-28
13783,2016-05-16 11:14:00,2016-05-16,0.0541,0.0,0.0,11320.0,0.0541,0.0541,0.0541,10000562,2016-09-28,2016-09-28,P,1.95,2016-01-28
13784,2016-05-16 11:15:00,2016-05-16,0.0541,5370.0,10.0,11310.0,0.0541,0.0537,0.0537,10000562,2016-09-28,2016-09-28,P,1.95,2016-01-28
13785,2016-05-16 11:16:00,2016-05-16,0.0537,537.0,1.0,11309.0,0.0537,0.0537,0.0537,10000562,2016-09-28,2016-09-28,P,1.95,2016-01-28
13786,2016-05-16 11:17:00,2016-05-16,0.0537,0.0,0.0,11309.0,0.0537,0.0537,0.0537,10000562,2016-09-28,2016-09-28,P,1.95,2016-01-28
13787,2016-05-16 11:18:00,2016-05-16,0.0537,2148.0,4.0,11305.0,0.0537,0.0537,0.0537,10000562,2016-09-28,2016-09-28,P,1.95,2016-01-28
13788,2016-05-16 11:19:00,2016-05-16,0.0537,0.0,0.0,11305.0,0.0537,0.0537,0.0537,10000562,2016-09-28,2016-09-28,P,1.95,2016-01-28
13789,2016-05-16 11:20:00,2016-05-16,0.0537,537.0,1.0,11304.0,0.0537,0.0537,0.0537,10000562,2016-09-28,2016-09-28,P,1.95,2016-01-28
13790,2016-05-16 11:21:00,2016-05-16,0.0537,19332.0,36.0,11302.0,0.0537,0.0537,0.0537,10000562,2016-09-28,2016-09-28,P,1.95,2016-01-28
13791,2016-05-16 11:22:00,2016-05-16,0.0537,1611.0,3.0,11299.0,0.0537,0.0537,0.0537,10000562,2016-09-28,2016-09-28,P,1.95,2016-01-28
13792,2016-05-16 11:23:00,2016-05-16,0.0537,0.0,0.0,11299.0,0.0537,0.0537,0.0537,10000562,2016-09-28,2016-09-28,P,1.95,2016-01-28
13793,2016-05-16 11:24:00,2016-05-16,0.0537,0.0,0.0,11299.0,0.0537,0.0537,0.0537,10000562,2016-09-28,2016-09-28,P,1.95,2016-01-28
13794,2016-05-16 11:25:00,2016-05-16,0.0537,0.0,0.0,11299.0,0.0537,0.0537,0.0537,10000562,2016-09-28,2016-09-28,P,1.95,2016-01-28
13795,2016-05-16 11:26:00,2016-05-16,0.0537,0.0,0.0,11299.0,0.0537,0.0537,0.0537,10000562,2016-09-28,2016-09-28,P,1.95,2016-01-28
13796,2016-05-16 11:27:00,2016-05-16,0.0537,0.0,0.0,11299.0,0.0537,0.0537,0.0537,10000562,2016-09-28,2016-09-28,P,1.95,2016-01-28
13797,2016-05-16 11:28:00,2016-05-16,0.0537,0.0,0.0,11299.0,0.0537,0.0537,0.0537,10000562,2016-09-28,2016-09-28,P,1.95,2016-01-28
13798,2016-05-16 11:29:00,2016-05-16,0.0537,0.0,0.0,11299.0,0.0537,0.0537,0.0537,10000562,2016-09-28,2016-09-28,P,1.95,2016-01-28
13799,2016-05-16 11:30:00,2016-05-16,0.0537,0.0,0.0,11299.0,0.0537,0.0537,0.0537,10000562,2016-09-28,2016-09-28,P,1.95,2016-01-28
13800,2016-05-16 13:01:00,2016-05-16,0.0542,1626.0,3.0,11299.0,0.0537,0.0542,0.0537,10000562,2016-09-28,2016-09-28,P,1.95,2016-01-28
13801,2016-05-16 13:02:00,2016-05-16,0.0542,0.0,0.0,11299.0,0.0542,0.0542,0.0542,10000562,2016-09-28,2016-09-28,P,1.95,2016-01-28
13802,2016-05-16 13:03:00,2016-05-16,0.0542,0.0,0.0,11299.0,0.0542,0.0542,0.0542,10000562,2016-09-28,2016-09-28,P,1.95,2016-01-28
13803,2016-05-16 13:04:00,2016-05-16,0.0542,0.0,0.0,11299.0,0.0542,0.0542,0.0542,10000562,2016-09-28,2016-09-28,P,1.95,2016-01-28
13804,2016-05-16 13:05:00,2016-05-16,0.0542,0.0,0.0,11299.0,0.0542,0.0542,0.0542,10000562,2016-09-28,2016-09-28,P,1.95,2016-01-28
13805,2016-05-16 13:06:00,2016-05-16,0.0542,0.0,0.0,11299.0,0.0542,0.0542,0.0542,10000562,2016-09-28,2016-09-28,P,1.95,2016-01-28
13806,2016-05-16 13:07:00,2016-05-16,0.0542,0.0,0.0,11299.0,0.0542,0.0542,0.0542,10000562,2016-09-28,2016-09-28,P,1.95,2016-01-28
13807,2016-05-16 13:08:00,2016-05-16,0.0542,0.0,0.0,11299.0,0.0542,0.0542,0.0542,10000562,2016-09-28,2016-09-28,P,1.95,2016-01-28
13808,2016-05-16 13:09:00,2016-05-16,0.0542,0.0,0.0,11299.0,0.0542,0.0542,0.0542,10000562,2016-09-28,2016-09-28,P,1.95,2016-01-28
13809,2016-05-16 13:10:00,2016-05-16,0.0542,0.0,0.0,11299.0,0.0542,0.0542,0.0542,10000562,2016-09-28,2016-09-28,P,1.95,2016-01-28
13810,2016-05-16 13:11:00,2016-05-16,0.0542,0.0,0.0,11299.0,0.0542,0.0542,0.0542,10000562,2016-09-28,2016-09-28,P,1.95,2016-01-28
13811,2016-05-16 13:12:00,2016-05-16,0.0542,0.0,0.0,11299.0,0.0542,0.0542,0.0542,10000562,2016-09-28,2016-09-28,P,1.95,2016-01-28
13812,2016-05-16 13:13:00,2016-05-16,0.0544,1632.0,3.0,11302.0,0.0542,0.0544,0.0542,10000562,2016-09-28,2016-09-28,P,1.95,2016-01-28
13813,2016-05-16 13:14:00,2016-05-16,0.0544,0.0,0.0,11302.0,0.0544,0.0544,0.0544,10000562,2016-09-28,2016-09-28,P,1.95,2016-01-28
13814,2016-05-16 13:15:00,2016-05-16,0.0544,0.0,0.0,11302.0,0.0544,0.0544,0.0544,10000562,2016-09-28,2016-09-28,P,1.95,2016-01-28
13815,2016-05-16 13:16:00,2016-05-16,0.0544,5300.0,10.0,11312.0,0.0544,0.053,0.053,10000562,2016-09-28,2016-09-28,P,1.95,2016-01-28
13816,2016-05-16 13:17:00,2016-05-16,0.053,0.0,0.0,11312.0,0.053,0.053,0.053,10000562,2016-09-28,2016-09-28,P,1.95,2016-01-28
13817,2016-05-16 13:18:00,2016-05-16,0.054000000000000006,2700.0,5.0,11317.0,0.053,0.054000000000000006,0.053,10000562,2016-09-28,2016-09-28,P,1.95,2016-01-28
13818,2016-05-16 13:19:00,2016-05-16,0.054000000000000006,0.0,0.0,11317.0,0.054000000000000006,0.054000000000000006,0.054000000000000006,10000562,2016-09-28,2016-09-28,P,1.95,2016-01-28
13819,2016-05-16 13:20:00,2016-05-16,0.0542,1084.0,2.0,11319.0,0.054000000000000006,0.0542,0.054000000000000006,10000562,2016-09-28,2016-09-28,P,1.95,2016-01-28
13820,2016-05-16 13:21:00,2016-05-16,0.0542,5405.0,10.0,11329.0,0.0542,0.054000000000000006,0.054000000000000006,10000562,2016-09-28,2016-09-28,P,1.95,2016-01-28
13821,2016-05-16 13:22:00,2016-05-16,0.054000000000000006,1620.0,3.0,11332.0,0.054000000000000006,0.054000000000000006,0.054000000000000006,10000562,2016-09-28,2016-09-28,P,1.95,2016-01-28
13822,2016-05-16 13:23:00,2016-05-16,0.0542,2708.0,5.0,11337.0,0.054000000000000006,0.0542,0.054000000000000006,10000562,2016-09-28,2016-09-28,P,1.95,2016-01-28
13823,2016-05-16 13:24:00,2016-05-16,0.0542,1626.0,3.0,11340.0,0.0542,0.0542,0.0542,10000562,2016-09-28,2016-09-28,P,1.95,2016-01-28
13824,2016-05-16 13:25:00,2016-05-16,0.0542,542.0,1.0,11341.0,0.0542,0.0542,0.0542,10000562,2016-09-28,2016-09-28,P,1.95,2016-01-28
13825,2016-05-16 13:26:00,2016-05-16,0.0542,0.0,0.0,11341.0,0.0542,0.0542,0.0542,10000562,2016-09-28,2016-09-28,P,1.95,2016-01-28
13826,2016-05-16 13:27:00,2016-05-16,0.0545,5450.0,10.0,11351.0,0.0542,0.0545,0.0542,10000562,2016-09-28,2016-09-28,P,1.95,2016-01-28
13827,2016-05-16 13:28:00,2016-05-16,0.0545,0.0,0.0,11351.0,0.0545,0.0545,0.0545,10000562,2016-09-28,2016-09-28,P,1.95,2016-01-28
13828,2016-05-16 13:29:00,2016-05-16,0.0545,0.0,0.0,11351.0,0.0545,0.0545,0.0545,10000562,2016-09-28,2016-09-28,P,1.95,2016-01-28
13829,2016-05-16 13:30:00,2016-05-16,0.0545,0.0,0.0,11351.0,0.0545,0.0545,0.0545,10000562,2016-09-28,2016-09-28,P,1.95,2016-01-28
13830,2016-05-16 13:31:00,2016-05-16,0.0545,6529.0,12.0,11362.0,0.0545,0.0544,0.0544,10000562,2016-09-28,2016-09-28,P,1.95,2016-01-28
13831,2016-05-16 13:32:00,2016-05-16,0.0544,4896.0,9.0,11367.0,0.0544,0.0544,0.0544,10000562,2016-09-28,2016-09-28,P,1.95,2016-01-28
13832,2016-05-16 13:33:00,2016-05-16,0.0544,7064.0,13.0,11375.0,0.0544,0.0543,0.0543,10000562,2016-09-28,2016-09-28,P,1.95,2016-01-28
13833,2016-05-16 13:34:00,2016-05-16,0.0543,1086.0,2.0,11377.0,0.0543,0.0543,0.0543,10000562,2016-09-28,2016-09-28,P,1.95,2016-01-28
13834,2016-05-16 13:35:00,2016-05-16,0.0543,0.0,0.0,11377.0,0.0543,0.0543,0.0543,10000562,2016-09-28,2016-09-28,P,1.95,2016-01-28
13835,2016-05-16 13:36:00,2016-05-16,0.0546,6546.0,12.0,11378.0,0.0543,0.0543,0.0543,10000562,2016-09-28,2016-09-28,P,1.95,2016-01-28
13836,2016-05-16 13:37:00,2016-05-16,0.055,11000.0,20.0,11378.0,0.0543,0.055,0.0543,10000562,2016-09-28,2016-09-28,P,1.95,2016-01-28
13837,2016-05-16 13:38:00,2016-05-16,0.055,0.0,0.0,11378.0,0.055,0.055,0.055,10000562,2016-09-28,2016-09-28,P,1.95,2016-01-28
13838,2016-05-16 13:39:00,2016-05-16,0.055,0.0,0.0,11378.0,0.055,0.055,0.055,10000562,2016-09-28,2016-09-28,P,1.95,2016-01-28
13839,2016-05-16 13:40:00,2016-05-16,0.055,0.0,0.0,11378.0,0.055,0.055,0.055,10000562,2016-09-28,2016-09-28,P,1.95,2016-01-28
13840,2016-05-16 13:41:00,2016-05-16,0.055,0.0,0.0,11378.0,0.055,0.055,0.055,10000562,2016-09-28,2016-09-28,P,1.95,2016-01-28
13841,2016-05-16 13:42:00,2016-05-16,0.055,0.0,0.0,11378.0,0.055,0.055,0.055,10000562,2016-09-28,2016-09-28,P,1.95,2016-01-28
13842,2016-05-16 13:43:00,2016-05-16,0.055,0.0,0.0,11378.0,0.055,0.055,0.055,10000562,2016-09-28,2016-09-28,P,1.95,2016-01-28
13843,2016-05-16 13:44:00,2016-05-16,0.055,0.0,0.0,11378.0,0.055,0.055,0.055,10000562,2016-09-28,2016-09-28,P,1.95,2016-01-28
13844,2016-05-16 13:45:00,2016-05-16,0.055,0.0,0.0,11378.0,0.055,0.055,0.055,10000562,2016-09-28,2016-09-28,P,1.95,2016-01-28
13845,2016-05-16 13:46:00,2016-05-16,0.055,0.0,0.0,11378.0,0.055,0.055,0.055,10000562,2016-09-28,2016-09-28,P,1.95,2016-01-28
13846,2016-05-16 13:47:00,2016-05-16,0.055,0.0,0.0,11378.0,0.055,0.055,0.055,10000562,2016-09-28,2016-09-28,P,1.95,2016-01-28
13847,2016-05-16 13:48:00,2016-05-16,0.055,0.0,0.0,11378.0,0.055,0.055,0.055,10000562,2016-09-28,2016-09-28,P,1.95,2016-01-28
13848,2016-05-16 13:49:00,2016-05-16,0.055,534.0,1.0,11379.0,0.055,0.0534,0.0534,10000562,2016-09-28,2016-09-28,P,1.95,2016-01-28
13849,2016-05-16 13:50:00,2016-05-16,0.0534,0.0,0.0,11379.0,0.0534,0.0534,0.0534,10000562,2016-09-28,2016-09-28,P,1.95,2016-01-28
13850,2016-05-16 13:51:00,2016-05-16,0.0543,543.0,1.0,11380.0,0.0534,0.0543,0.0534,10000562,2016-09-28,2016-09-28,P,1.95,2016-01-28
13851,2016-05-16 13:52:00,2016-05-16,0.0543,543.0,1.0,11381.0,0.0543,0.0543,0.0543,10000562,2016-09-28,2016-09-28,P,1.95,2016-01-28
13852,2016-05-16 13:53:00,2016-05-16,0.0543,0.0,0.0,11381.0,0.0543,0.0543,0.0543,10000562,2016-09-28,2016-09-28,P,1.95,2016-01-28
13853,2016-05-16 13:54:00,2016-05-16,0.0543,6516.0,12.0,11379.0,0.0543,0.0543,0.0543,10000562,2016-09-28,2016-09-28,P,1.95,2016-01-28
13854,2016-05-16 13:55:00,2016-05-16,0.0543,0.0,0.0,11379.0,0.0543,0.0543,0.0543,10000562,2016-09-28,2016-09-28,P,1.95,2016-01-28
13855,2016-05-16 13:56:00,2016-05-16,0.0543,537.0,1.0,11379.0,0.0543,0.0537,0.0537,10000562,2016-09-28,2016-09-28,P,1.95,2016-01-28
13856,2016-05-16 13:57:00,2016-05-16,0.0537,0.0,0.0,11379.0,0.0537,0.0537,0.0537,10000562,2016-09-28,2016-09-28,P,1.95,2016-01-28
13857,2016-05-16 13:58:00,2016-05-16,0.0537,0.0,0.0,11379.0,0.0537,0.0537,0.0537,10000562,2016-09-28,2016-09-28,P,1.95,2016-01-28
13858,2016-05-16 13:59:00,2016-05-16,0.0537,0.0,0.0,11379.0,0.0537,0.0537,0.0537,10000562,2016-09-28,2016-09-28,P,1.95,2016-01-28
13859,2016-05-16 14:00:00,2016-05-16,0.0537,0.0,0.0,11379.0,0.0537,0.0537,0.0537,10000562,2016-09-28,2016-09-28,P,1.95,2016-01-28
13860,2016-05-16 14:01:00,2016-05-16,0.0537,0.0,0.0,11379.0,0.0537,0.0537,0.0537,10000562,2016-09-28,2016-09-28,P,1.95,2016-01-28
13861,2016-05-16 14:02:00,2016-05-16,0.0537,0.0,0.0,11379.0,0.0537,0.0537,0.0537,10000562,2016-09-28,2016-09-28,P,1.95,2016-01-28
13862,2016-05-16 14:03:00,2016-05-16,0.0537,0.0,0.0,11379.0,0.0537,0.0537,0.0537,10000562,2016-09-28,2016-09-28,P,1.95,2016-01-28
13863,2016-05-16 14:04:00,2016-05-16,0.0537,0.0,0.0,11379.0,0.0537,0.0537,0.0537,10000562,2016-09-28,2016-09-28,P,1.95,2016-01-28
13864,2016-05-16 14:05:00,2016-05-16,0.0537,0.0,0.0,11379.0,0.0537,0.0537,0.0537,10000562,2016-09-28,2016-09-28,P,1.95,2016-01-28
13865,2016-05-16 14:06:00,2016-05-16,0.0537,0.0,0.0,11379.0,0.0537,0.0537,0.0537,10000562,2016-09-28,2016-09-28,P,1.95,2016-01-28
13866,2016-05-16 14:07:00,2016-05-16,0.0537,0.0,0.0,11379.0,0.0537,0.0537,0.0537,10000562,2016-09-28,2016-09-28,P,1.95,2016-01-28
13867,2016-05-16 14:08:00,2016-05-16,0.0537,0.0,0.0,11379.0,0.0537,0.0537,0.0537,10000562,2016-09-28,2016-09-28,P,1.95,2016-01-28
13868,2016-05-16 14:09:00,2016-05-16,0.0537,0.0,0.0,11379.0,0.0537,0.0537,0.0537,10000562,2016-09-28,2016-09-28,P,1.95,2016-01-28
13869,2016-05-16 14:10:00,2016-05-16,0.0537,0.0,0.0,11379.0,0.0537,0.0537,0.0537,10000562,2016-09-28,2016-09-28,P,1.95,2016-01-28
13870,2016-05-16 14:11:00,2016-05-16,0.0537,0.0,0.0,11379.0,0.0537,0.0537,0.0537,10000562,2016-09-28,2016-09-28,P,1.95,2016-01-28
13871,2016-05-16 14:12:00,2016-05-16,0.0537,0.0,0.0,11379.0,0.0537,0.0537,0.0537,10000562,2016-09-28,2016-09-28,P,1.95,2016-01-28
13872,2016-05-16 14:13:00,2016-05-16,0.0537,0.0,0.0,11379.0,0.0537,0.0537,0.0537,10000562,2016-09-28,2016-09-28,P,1.95,2016-01-28
13873,2016-05-16 14:14:00,2016-05-16,0.0537,0.0,0.0,11379.0,0.0537,0.0537,0.0537,10000562,2016-09-28,2016-09-28,P,1.95,2016-01-28
13874,2016-05-16 14:15:00,2016-05-16,0.0537,0.0,0.0,11379.0,0.0537,0.0537,0.0537,10000562,2016-09-28,2016-09-28,P,1.95,2016-01-28
13875,2016-05-16 14:16:00,2016-05-16,0.055,550.0,1.0,11380.0,0.0537,0.055,0.0537,10000562,2016-09-28,2016-09-28,P,1.95,2016-01-28
13876,2016-05-16 14:17:00,2016-05-16,0.055,0.0,0.0,11380.0,0.055,0.055,0.055,10000562,2016-09-28,2016-09-28,P,1.95,2016-01-28
13877,2016-05-16 14:18:00,2016-05-16,0.055,0.0,0.0,11380.0,0.055,0.055,0.055,10000562,2016-09-28,2016-09-28,P,1.95,2016-01-28
13878,2016-05-16 14:19:00,2016-05-16,0.0552,1104.0,2.0,11380.0,0.055,0.0552,0.055,10000562,2016-09-28,2016-09-28,P,1.95,2016-01-28
13879,2016-05-16 14:20:00,2016-05-16,0.0552,0.0,0.0,11380.0,0.0552,0.0552,0.0552,10000562,2016-09-28,2016-09-28,P,1.95,2016-01-28
13880,2016-05-16 14:21:00,2016-05-16,0.0552,0.0,0.0,11380.0,0.0552,0.0552,0.0552,10000562,2016-09-28,2016-09-28,P,1.95,2016-01-28
13881,2016-05-16 14:22:00,2016-05-16,0.0552,0.0,0.0,11380.0,0.0552,0.0552,0.0552,10000562,2016-09-28,2016-09-28,P,1.95,2016-01-28
13882,2016-05-16 14:23:00,2016-05-16,0.0552,546.0,1.0,11381.0,0.0552,0.0546,0.0546,10000562,2016-09-28,2016-09-28,P,1.95,2016-01-28
13883,2016-05-16 14:24:00,2016-05-16,0.0546,2168.0,4.0,11385.0,0.0546,0.0542,0.0542,10000562,2016-09-28,2016-09-28,P,1.95,2016-01-28
13884,2016-05-16 14:25:00,2016-05-16,0.0542,0.0,0.0,11385.0,0.0542,0.0542,0.0542,10000562,2016-09-28,2016-09-28,P,1.95,2016-01-28
13885,2016-05-16 14:26:00,2016-05-16,0.0542,0.0,0.0,11385.0,0.0542,0.0542,0.0542,10000562,2016-09-28,2016-09-28,P,1.95,2016-01-28
13886,2016-05-16 14:27:00,2016-05-16,0.0542,0.0,0.0,11385.0,0.0542,0.0542,0.0542,10000562,2016-09-28,2016-09-28,P,1.95,2016-01-28
13887,2016-05-16 14:28:00,2016-05-16,0.0543,543.0,1.0,11386.0,0.0542,0.0543,0.0542,10000562,2016-09-28,2016-09-28,P,1.95,2016-01-28
13888,2016-05-16 14:29:00,2016-05-16,0.0543,0.0,0.0,11386.0,0.0543,0.0543,0.0543,10000562,2016-09-28,2016-09-28,P,1.95,2016-01-28
13889,2016-05-16 14:30:00,2016-05-16,0.0543,0.0,0.0,11386.0,0.0543,0.0543,0.0543,10000562,2016-09-28,2016-09-28,P,1.95,2016-01-28
13890,2016-05-16 14:31:00,2016-05-16,0.055,8235.0,15.0,11386.0,0.0543,0.0547,0.0543,10000562,2016-09-28,2016-09-28,P,1.95,2016-01-28
13891,2016-05-16 14:32:00,2016-05-16,0.0547,0.0,0.0,11386.0,0.0547,0.0547,0.0547,10000562,2016-09-28,2016-09-28,P,1.95,2016-01-28
13892,2016-05-16 14:33:00,2016-05-16,0.0547,2735.0,5.0,11387.0,0.0547,0.0547,0.0547,10000562,2016-09-28,2016-09-28,P,1.95,2016-01-28
13893,2016-05-16 14:34:00,2016-05-16,0.0547,536.0,1.0,11388.0,0.0547,0.0536,0.0536,10000562,2016-09-28,2016-09-28,P,1.95,2016-01-28
13894,2016-05-16 14:35:00,2016-05-16,0.0536,0.0,0.0,11388.0,0.0536,0.0536,0.0536,10000562,2016-09-28,2016-09-28,P,1.95,2016-01-28
13895,2016-05-16 14:36:00,2016-05-16,0.0542,542.0,1.0,11388.0,0.0536,0.0542,0.0536,10000562,2016-09-28,2016-09-28,P,1.95,2016-01-28
13896,2016-05-16 14:37:00,2016-05-16,0.0542,4878.0,9.0,11397.0,0.0542,0.0542,0.0542,10000562,2016-09-28,2016-09-28,P,1.95,2016-01-28
13897,2016-05-16 14:38:00,2016-05-16,0.0542,0.0,0.0,11397.0,0.0542,0.0542,0.0542,10000562,2016-09-28,2016-09-28,P,1.95,2016-01-28
13898,2016-05-16 14:39:00,2016-05-16,0.0542,12328.0,23.0,11404.0,0.0542,0.0536,0.0535,10000562,2016-09-28,2016-09-28,P,1.95,2016-01-28
13899,2016-05-16 14:40:00,2016-05-16,0.054000000000000006,1614.0,3.0,11407.0,0.0536,0.0537,0.0536,10000562,2016-09-28,2016-09-28,P,1.95,2016-01-28
13900,2016-05-16 14:41:00,2016-05-16,0.054000000000000006,5907.0,11.0,11415.0,0.0537,0.054000000000000006,0.0535,10000562,2016-09-28,2016-09-28,P,1.95,2016-01-28
13901,2016-05-16 14:42:00,2016-05-16,0.054000000000000006,2680.0,5.0,11420.0,0.054000000000000006,0.0536,0.0536,10000562,2016-09-28,2016-09-28,P,1.95,2016-01-28
13902,2016-05-16 14:43:00,2016-05-16,0.0536,6961.0,13.0,11427.0,0.0536,0.0535,0.0535,10000562,2016-09-28,2016-09-28,P,1.95,2016-01-28
13903,2016-05-16 14:44:00,2016-05-16,0.0535,6418.0,12.0,11434.0,0.0535,0.0535,0.0534,10000562,2016-09-28,2016-09-28,P,1.95,2016-01-28
13904,2016-05-16 14:45:00,2016-05-16,0.054000000000000006,7020.0,13.0,11442.0,0.0535,0.054000000000000006,0.0535,10000562,2016-09-28,2016-09-28,P,1.95,2016-01-28
13905,2016-05-16 14:46:00,2016-05-16,0.054000000000000006,539.0,1.0,11443.0,0.054000000000000006,0.0539,0.0539,10000562,2016-09-28,2016-09-28,P,1.95,2016-01-28
13906,2016-05-16 14:47:00,2016-05-16,0.0542,3776.0,7.0,11450.0,0.0539,0.0542,0.0539,10000562,2016-09-28,2016-09-28,P,1.95,2016-01-28
13907,2016-05-16 14:48:00,2016-05-16,0.0546,2165.0,4.0,11453.0,0.0542,0.0541,0.0539,10000562,2016-09-28,2016-09-28,P,1.95,2016-01-28
13908,2016-05-16 14:49:00,2016-05-16,0.0541,2705.0,5.0,11458.0,0.0541,0.0541,0.0541,10000562,2016-09-28,2016-09-28,P,1.95,2016-01-28
13909,2016-05-16 14:50:00,2016-05-16,0.0541,0.0,0.0,11458.0,0.0541,0.0541,0.0541,10000562,2016-09-28,2016-09-28,P,1.95,2016-01-28
13910,2016-05-16 14:51:00,2016-05-16,0.0546,5460.0,10.0,11460.0,0.0541,0.0546,0.0541,10000562,2016-09-28,2016-09-28,P,1.95,2016-01-28
13911,2016-05-16 14:52:00,2016-05-16,0.0546,0.0,0.0,11460.0,0.0546,0.0546,0.0546,10000562,2016-09-28,2016-09-28,P,1.95,2016-01-28
13912,2016-05-16 14:53:00,2016-05-16,0.0546,0.0,0.0,11460.0,0.0546,0.0546,0.0546,10000562,2016-09-28,2016-09-28,P,1.95,2016-01-28
13913,2016-05-16 14:54:00,2016-05-16,0.0546,0.0,0.0,11460.0,0.0546,0.0546,0.0546,10000562,2016-09-28,2016-09-28,P,1.95,2016-01-28
13914,2016-05-16 14:55:00,2016-05-16,0.0546,1090.0,2.0,11460.0,0.0546,0.0545,0.0545,10000562,2016-09-28,2016-09-28,P,1.95,2016-01-28
13915,2016-05-16 14:56:00,2016-05-16,0.0545,0.0,0.0,11460.0,0.0545,0.0545,0.0545,10000562,2016-09-28,2016-09-28,P,1.95,2016-01-28
13916,2016-05-16 14:57:00,2016-05-16,0.0549,5490.0,10.0,11460.0,0.0545,0.0549,0.0545,10000562,2016-09-28,2016-09-28,P,1.95,2016-01-28
13917,2016-05-16 14:58:00,2016-05-16,0.0549,0.0,0.0,11460.0,0.0549,0.0549,0.0549,10000562,2016-09-28,2016-09-28,P,1.95,2016-01-28
13918,2016-05-16 14:59:00,2016-05-16,0.0549,0.0,0.0,11460.0,0.0549,0.0549,0.0549,10000562,2016-09-28,2016-09-28,P,1.95,2016-01-28
13919,2016-05-16 15:00:00,2016-05-16,0.0549,0.0,0.0,11460.0,0.0549,0.0549,0.0549,10000562,2016-09-28,2016-09-28,P,1.95,2016-01-28
13920,2016-05-16 09:31:00,2016-05-16,0.257,15448.0,6.0,8027.0,0.2598,0.256,0.256,10000569,2016-09-28,2016-09-28,C,1.8,2016-01-29
13921,2016-05-16 09:32:00,2016-05-16,0.256,0.0,0.0,8027.0,0.256,0.256,0.256,10000569,2016-09-28,2016-09-28,C,1.8,2016-01-29
13922,2016-05-16 09:33:00,2016-05-16,0.256,0.0,0.0,8027.0,0.256,0.256,0.256,10000569,2016-09-28,2016-09-28,C,1.8,2016-01-29
13923,2016-05-16 09:34:00,2016-05-16,0.2577,2577.0,1.0,8027.0,0.256,0.2577,0.256,10000569,2016-09-28,2016-09-28,C,1.8,2016-01-29
13924,2016-05-16 09:35:00,2016-05-16,0.2577,0.0,0.0,8027.0,0.2577,0.2577,0.2577,10000569,2016-09-28,2016-09-28,C,1.8,2016-01-29
13925,2016-05-16 09:36:00,2016-05-16,0.2577,10282.0,4.0,8023.0,0.2577,0.2571,0.2571,10000569,2016-09-28,2016-09-28,C,1.8,2016-01-29
13926,2016-05-16 09:37:00,2016-05-16,0.2571,0.0,0.0,8023.0,0.2571,0.2571,0.2571,10000569,2016-09-28,2016-09-28,C,1.8,2016-01-29
13927,2016-05-16 09:38:00,2016-05-16,0.2571,0.0,0.0,8023.0,0.2571,0.2571,0.2571,10000569,2016-09-28,2016-09-28,C,1.8,2016-01-29
13928,2016-05-16 09:39:00,2016-05-16,0.2571,0.0,0.0,8023.0,0.2571,0.2571,0.2571,10000569,2016-09-28,2016-09-28,C,1.8,2016-01-29
13929,2016-05-16 09:40:00,2016-05-16,0.2581,7671.0,3.0,8026.0,0.2571,0.2545,0.2545,10000569,2016-09-28,2016-09-28,C,1.8,2016-01-29
13930,2016-05-16 09:41:00,2016-05-16,0.2545,0.0,0.0,8026.0,0.2545,0.2545,0.2545,10000569,2016-09-28,2016-09-28,C,1.8,2016-01-29
13931,2016-05-16 09:42:00,2016-05-16,0.2545,0.0,0.0,8026.0,0.2545,0.2545,0.2545,10000569,2016-09-28,2016-09-28,C,1.8,2016-01-29
13932,2016-05-16 09:43:00,2016-05-16,0.2545,0.0,0.0,8026.0,0.2545,0.2545,0.2545,10000569,2016-09-28,2016-09-28,C,1.8,2016-01-29
13933,2016-05-16 09:44:00,2016-05-16,0.2545,0.0,0.0,8026.0,0.2545,0.2545,0.2545,10000569,2016-09-28,2016-09-28,C,1.8,2016-01-29
13934,2016-05-16 09:45:00,2016-05-16,0.2545,5061.0,2.0,8028.0,0.2545,0.253,0.253,10000569,2016-09-28,2016-09-28,C,1.8,2016-01-29
13935,2016-05-16 09:46:00,2016-05-16,0.253,7590.0,3.0,8031.0,0.253,0.253,0.253,10000569,2016-09-28,2016-09-28,C,1.8,2016-01-29
13936,2016-05-16 09:47:00,2016-05-16,0.253,0.0,0.0,8031.0,0.253,0.253,0.253,10000569,2016-09-28,2016-09-28,C,1.8,2016-01-29
13937,2016-05-16 09:48:00,2016-05-16,0.253,0.0,0.0,8031.0,0.253,0.253,0.253,10000569,2016-09-28,2016-09-28,C,1.8,2016-01-29
13938,2016-05-16 09:49:00,2016-05-16,0.253,0.0,0.0,8031.0,0.253,0.253,0.253,10000569,2016-09-28,2016-09-28,C,1.8,2016-01-29
13939,2016-05-16 09:50:00,2016-05-16,0.253,0.0,0.0,8031.0,0.253,0.253,0.253,10000569,2016-09-28,2016-09-28,C,1.8,2016-01-29
13940,2016-05-16 09:51:00,2016-05-16,0.253,0.0,0.0,8031.0,0.253,0.253,0.253,10000569,2016-09-28,2016-09-28,C,1.8,2016-01-29
13941,2016-05-16 09:52:00,2016-05-16,0.253,12617.0,5.0,8036.0,0.253,0.252,0.252,10000569,2016-09-28,2016-09-28,C,1.8,2016-01-29
13942,2016-05-16 09:53:00,2016-05-16,0.252,72373.0,29.0,8056.0,0.252,0.2487,0.2487,10000569,2016-09-28,2016-09-28,C,1.8,2016-01-29
13943,2016-05-16 09:54:00,2016-05-16,0.249,52100.0,21.0,8066.0,0.2487,0.249,0.2479,10000569,2016-09-28,2016-09-28,C,1.8,2016-01-29
13944,2016-05-16 09:55:00,2016-05-16,0.249,24790.0,10.0,8067.0,0.249,0.248,0.247,10000569,2016-09-28,2016-09-28,C,1.8,2016-01-29
13945,2016-05-16 09:56:00,2016-05-16,0.248,17294.0,7.0,8067.0,0.248,0.248,0.2458,10000569,2016-09-28,2016-09-28,C,1.8,2016-01-29
13946,2016-05-16 09:57:00,2016-05-16,0.248,29760.0,12.0,8077.0,0.248,0.248,0.248,10000569,2016-09-28,2016-09-28,C,1.8,2016-01-29
13947,2016-05-16 09:58:00,2016-05-16,0.248,17344.0,7.0,8079.0,0.248,0.2472,0.2472,10000569,2016-09-28,2016-09-28,C,1.8,2016-01-29
13948,2016-05-16 09:59:00,2016-05-16,0.2472,0.0,0.0,8079.0,0.2472,0.2472,0.2472,10000569,2016-09-28,2016-09-28,C,1.8,2016-01-29
13949,2016-05-16 10:00:00,2016-05-16,0.2472,0.0,0.0,8079.0,0.2472,0.2472,0.2472,10000569,2016-09-28,2016-09-28,C,1.8,2016-01-29
13950,2016-05-16 10:01:00,2016-05-16,0.2471,44469.0,18.0,8092.0,0.2471,0.2467,0.2467,10000569,2016-09-28,2016-09-28,C,1.8,2016-01-29
13951,2016-05-16 10:02:00,2016-05-16,0.2467,0.0,0.0,8092.0,0.2467,0.2467,0.2467,10000569,2016-09-28,2016-09-28,C,1.8,2016-01-29
13952,2016-05-16 10:03:00,2016-05-16,0.2467,0.0,0.0,8092.0,0.2467,0.2467,0.2467,10000569,2016-09-28,2016-09-28,C,1.8,2016-01-29
13953,2016-05-16 10:04:00,2016-05-16,0.2467,0.0,0.0,8092.0,0.2467,0.2467,0.2467,10000569,2016-09-28,2016-09-28,C,1.8,2016-01-29
13954,2016-05-16 10:05:00,2016-05-16,0.2467,0.0,0.0,8092.0,0.2467,0.2467,0.2467,10000569,2016-09-28,2016-09-28,C,1.8,2016-01-29
13955,2016-05-16 10:06:00,2016-05-16,0.2467,0.0,0.0,8092.0,0.2467,0.2467,0.2467,10000569,2016-09-28,2016-09-28,C,1.8,2016-01-29
13956,2016-05-16 10:07:00,2016-05-16,0.2495,14969.0,6.0,8093.0,0.2467,0.2494,0.2467,10000569,2016-09-28,2016-09-28,C,1.8,2016-01-29
13957,2016-05-16 10:08:00,2016-05-16,0.2494,0.0,0.0,8093.0,0.2494,0.2494,0.2494,10000569,2016-09-28,2016-09-28,C,1.8,2016-01-29
13958,2016-05-16 10:09:00,2016-05-16,0.2494,0.0,0.0,8093.0,0.2494,0.2494,0.2494,10000569,2016-09-28,2016-09-28,C,1.8,2016-01-29
13959,2016-05-16 10:10:00,2016-05-16,0.2494,0.0,0.0,8093.0,0.2494,0.2494,0.2494,10000569,2016-09-28,2016-09-28,C,1.8,2016-01-29
13960,2016-05-16 10:11:00,2016-05-16,0.2494,0.0,0.0,8093.0,0.2494,0.2494,0.2494,10000569,2016-09-28,2016-09-28,C,1.8,2016-01-29
13961,2016-05-16 10:12:00,2016-05-16,0.2494,0.0,0.0,8093.0,0.2494,0.2494,0.2494,10000569,2016-09-28,2016-09-28,C,1.8,2016-01-29
13962,2016-05-16 10:13:00,2016-05-16,0.2494,0.0,0.0,8093.0,0.2494,0.2494,0.2494,10000569,2016-09-28,2016-09-28,C,1.8,2016-01-29
13963,2016-05-16 10:14:00,2016-05-16,0.2494,0.0,0.0,8093.0,0.2494,0.2494,0.2494,10000569,2016-09-28,2016-09-28,C,1.8,2016-01-29
13964,2016-05-16 10:15:00,2016-05-16,0.2494,0.0,0.0,8093.0,0.2494,0.2494,0.2494,10000569,2016-09-28,2016-09-28,C,1.8,2016-01-29
13965,2016-05-16 10:16:00,2016-05-16,0.2494,0.0,0.0,8093.0,0.2494,0.2494,0.2494,10000569,2016-09-28,2016-09-28,C,1.8,2016-01-29
13966,2016-05-16 10:17:00,2016-05-16,0.2494,0.0,0.0,8093.0,0.2494,0.2494,0.2494,10000569,2016-09-28,2016-09-28,C,1.8,2016-01-29
13967,2016-05-16 10:18:00,2016-05-16,0.2494,0.0,0.0,8093.0,0.2494,0.2494,0.2494,10000569,2016-09-28,2016-09-28,C,1.8,2016-01-29
13968,2016-05-16 10:19:00,2016-05-16,0.2494,0.0,0.0,8093.0,0.2494,0.2494,0.2494,10000569,2016-09-28,2016-09-28,C,1.8,2016-01-29
13969,2016-05-16 10:20:00,2016-05-16,0.2494,0.0,0.0,8093.0,0.2494,0.2494,0.2494,10000569,2016-09-28,2016-09-28,C,1.8,2016-01-29
13970,2016-05-16 10:21:00,2016-05-16,0.2494,0.0,0.0,8093.0,0.2494,0.2494,0.2494,10000569,2016-09-28,2016-09-28,C,1.8,2016-01-29
13971,2016-05-16 10:22:00,2016-05-16,0.2494,0.0,0.0,8093.0,0.2494,0.2494,0.2494,10000569,2016-09-28,2016-09-28,C,1.8,2016-01-29
13972,2016-05-16 10:23:00,2016-05-16,0.2494,0.0,0.0,8093.0,0.2494,0.2494,0.2494,10000569,2016-09-28,2016-09-28,C,1.8,2016-01-29
13973,2016-05-16 10:24:00,2016-05-16,0.2494,0.0,0.0,8093.0,0.2494,0.2494,0.2494,10000569,2016-09-28,2016-09-28,C,1.8,2016-01-29
13974,2016-05-16 10:25:00,2016-05-16,0.2494,0.0,0.0,8093.0,0.2494,0.2494,0.2494,10000569,2016-09-28,2016-09-28,C,1.8,2016-01-29
13975,2016-05-16 10:26:00,2016-05-16,0.2494,0.0,0.0,8093.0,0.2494,0.2494,0.2494,10000569,2016-09-28,2016-09-28,C,1.8,2016-01-29
13976,2016-05-16 10:27:00,2016-05-16,0.2494,0.0,0.0,8093.0,0.2494,0.2494,0.2494,10000569,2016-09-28,2016-09-28,C,1.8,2016-01-29
13977,2016-05-16 10:28:00,2016-05-16,0.251,5020.0,2.0,8095.0,0.2494,0.251,0.2494,10000569,2016-09-28,2016-09-28,C,1.8,2016-01-29
13978,2016-05-16 10:29:00,2016-05-16,0.2527,12635.0,5.0,8100.0,0.251,0.2527,0.251,10000569,2016-09-28,2016-09-28,C,1.8,2016-01-29
13979,2016-05-16 10:30:00,2016-05-16,0.2527,0.0,0.0,8100.0,0.2527,0.2527,0.2527,10000569,2016-09-28,2016-09-28,C,1.8,2016-01-29
13980,2016-05-16 10:31:00,2016-05-16,0.2527,0.0,0.0,8100.0,0.2527,0.2527,0.2527,10000569,2016-09-28,2016-09-28,C,1.8,2016-01-29
13981,2016-05-16 10:32:00,2016-05-16,0.2527,0.0,0.0,8100.0,0.2527,0.2527,0.2527,10000569,2016-09-28,2016-09-28,C,1.8,2016-01-29
13982,2016-05-16 10:33:00,2016-05-16,0.2527,0.0,0.0,8100.0,0.2527,0.2527,0.2527,10000569,2016-09-28,2016-09-28,C,1.8,2016-01-29
13983,2016-05-16 10:34:00,2016-05-16,0.2527,0.0,0.0,8100.0,0.2527,0.2527,0.2527,10000569,2016-09-28,2016-09-28,C,1.8,2016-01-29
13984,2016-05-16 10:35:00,2016-05-16,0.2527,0.0,0.0,8100.0,0.2527,0.2527,0.2527,10000569,2016-09-28,2016-09-28,C,1.8,2016-01-29
13985,2016-05-16 10:36:00,2016-05-16,0.2527,0.0,0.0,8100.0,0.2527,0.2527,0.2527,10000569,2016-09-28,2016-09-28,C,1.8,2016-01-29
13986,2016-05-16 10:37:00,2016-05-16,0.2527,0.0,0.0,8100.0,0.2527,0.2527,0.2527,10000569,2016-09-28,2016-09-28,C,1.8,2016-01-29
13987,2016-05-16 10:38:00,2016-05-16,0.2527,0.0,0.0,8100.0,0.2527,0.2527,0.2527,10000569,2016-09-28,2016-09-28,C,1.8,2016-01-29
13988,2016-05-16 10:39:00,2016-05-16,0.2527,0.0,0.0,8100.0,0.2527,0.2527,0.2527,10000569,2016-09-28,2016-09-28,C,1.8,2016-01-29
13989,2016-05-16 10:40:00,2016-05-16,0.2527,0.0,0.0,8100.0,0.2527,0.2527,0.2527,10000569,2016-09-28,2016-09-28,C,1.8,2016-01-29
13990,2016-05-16 10:41:00,2016-05-16,0.2527,0.0,0.0,8100.0,0.2527,0.2527,0.2527,10000569,2016-09-28,2016-09-28,C,1.8,2016-01-29
13991,2016-05-16 10:42:00,2016-05-16,0.2527,0.0,0.0,8100.0,0.2527,0.2527,0.2527,10000569,2016-09-28,2016-09-28,C,1.8,2016-01-29
13992,2016-05-16 10:43:00,2016-05-16,0.2527,0.0,0.0,8100.0,0.2527,0.2527,0.2527,10000569,2016-09-28,2016-09-28,C,1.8,2016-01-29
13993,2016-05-16 10:44:00,2016-05-16,0.2527,0.0,0.0,8100.0,0.2527,0.2527,0.2527,10000569,2016-09-28,2016-09-28,C,1.8,2016-01-29
13994,2016-05-16 10:45:00,2016-05-16,0.2527,5034.0,2.0,8100.0,0.2527,0.2517,0.2517,10000569,2016-09-28,2016-09-28,C,1.8,2016-01-29
13995,2016-05-16 10:46:00,2016-05-16,0.2515,25150.0,10.0,8100.0,0.2515,0.2515,0.2515,10000569,2016-09-28,2016-09-28,C,1.8,2016-01-29
13996,2016-05-16 10:47:00,2016-05-16,0.2515,0.0,0.0,8100.0,0.2515,0.2515,0.2515,10000569,2016-09-28,2016-09-28,C,1.8,2016-01-29
13997,2016-05-16 10:48:00,2016-05-16,0.2515,0.0,0.0,8100.0,0.2515,0.2515,0.2515,10000569,2016-09-28,2016-09-28,C,1.8,2016-01-29
13998,2016-05-16 10:49:00,2016-05-16,0.2515,0.0,0.0,8100.0,0.2515,0.2515,0.2515,10000569,2016-09-28,2016-09-28,C,1.8,2016-01-29
13999,2016-05-16 10:50:00,2016-05-16,0.2515,0.0,0.0,8100.0,0.2515,0.2515,0.2515,10000569,2016-09-28,2016-09-28,C,1.8,2016-01-29
14000,2016-05-16 10:51:00,2016-05-16,0.2515,0.0,0.0,8100.0,0.2515,0.2515,0.2515,10000569,2016-09-28,2016-09-28,C,1.8,2016-01-29
14001,2016-05-16 10:52:00,2016-05-16,0.2515,0.0,0.0,8100.0,0.2515,0.2515,0.2515,10000569,2016-09-28,2016-09-28,C,1.8,2016-01-29
14002,2016-05-16 10:53:00,2016-05-16,0.2515,0.0,0.0,8100.0,0.2515,0.2515,0.2515,10000569,2016-09-28,2016-09-28,C,1.8,2016-01-29
14003,2016-05-16 10:54:00,2016-05-16,0.2515,0.0,0.0,8100.0,0.2515,0.2515,0.2515,10000569,2016-09-28,2016-09-28,C,1.8,2016-01-29
14004,2016-05-16 10:55:00,2016-05-16,0.2565,28203.0,11.0,8100.0,0.2515,0.2565,0.2515,10000569,2016-09-28,2016-09-28,C,1.8,2016-01-29
14005,2016-05-16 10:56:00,2016-05-16,0.2577,5142.0,2.0,8101.0,0.2565,0.2577,0.2565,10000569,2016-09-28,2016-09-28,C,1.8,2016-01-29
14006,2016-05-16 10:57:00,2016-05-16,0.2577,0.0,0.0,8101.0,0.2577,0.2577,0.2577,10000569,2016-09-28,2016-09-28,C,1.8,2016-01-29
14007,2016-05-16 10:58:00,2016-05-16,0.2586,5172.0,2.0,8099.0,0.2577,0.2586,0.2577,10000569,2016-09-28,2016-09-28,C,1.8,2016-01-29
14008,2016-05-16 10:59:00,2016-05-16,0.262,54929.0,21.0,8120.0,0.2586,0.262,0.2586,10000569,2016-09-28,2016-09-28,C,1.8,2016-01-29
14009,2016-05-16 11:00:00,2016-05-16,0.262,23544.0,9.0,8129.0,0.262,0.2616,0.2616,10000569,2016-09-28,2016-09-28,C,1.8,2016-01-29
14010,2016-05-16 11:01:00,2016-05-16,0.2616,0.0,0.0,8129.0,0.2616,0.2616,0.2616,10000569,2016-09-28,2016-09-28,C,1.8,2016-01-29
14011,2016-05-16 11:02:00,2016-05-16,0.2616,2611.0,1.0,8129.0,0.2616,0.2611,0.2611,10000569,2016-09-28,2016-09-28,C,1.8,2016-01-29
14012,2016-05-16 11:03:00,2016-05-16,0.2615,15686.0,6.0,8129.0,0.2611,0.2615,0.2611,10000569,2016-09-28,2016-09-28,C,1.8,2016-01-29
14013,2016-05-16 11:04:00,2016-05-16,0.2615,0.0,0.0,8129.0,0.2615,0.2615,0.2615,10000569,2016-09-28,2016-09-28,C,1.8,2016-01-29
14014,2016-05-16 11:05:00,2016-05-16,0.2615,0.0,0.0,8129.0,0.2615,0.2615,0.2615,10000569,2016-09-28,2016-09-28,C,1.8,2016-01-29
14015,2016-05-16 11:06:00,2016-05-16,0.2615,0.0,0.0,8129.0,0.2615,0.2615,0.2615,10000569,2016-09-28,2016-09-28,C,1.8,2016-01-29
14016,2016-05-16 11:07:00,2016-05-16,0.2615,5172.0,2.0,8128.0,0.2615,0.2585,0.2585,10000569,2016-09-28,2016-09-28,C,1.8,2016-01-29
14017,2016-05-16 11:08:00,2016-05-16,0.261,28460.0,11.0,8127.0,0.2585,0.2585,0.2585,10000569,2016-09-28,2016-09-28,C,1.8,2016-01-29
14018,2016-05-16 11:09:00,2016-05-16,0.2585,0.0,0.0,8127.0,0.2585,0.2585,0.2585,10000569,2016-09-28,2016-09-28,C,1.8,2016-01-29
14019,2016-05-16 11:10:00,2016-05-16,0.2585,0.0,0.0,8127.0,0.2585,0.2585,0.2585,10000569,2016-09-28,2016-09-28,C,1.8,2016-01-29
14020,2016-05-16 11:11:00,2016-05-16,0.2585,0.0,0.0,8127.0,0.2585,0.2585,0.2585,10000569,2016-09-28,2016-09-28,C,1.8,2016-01-29
14021,2016-05-16 11:12:00,2016-05-16,0.26,2600.0,1.0,8128.0,0.2585,0.26,0.2585,10000569,2016-09-28,2016-09-28,C,1.8,2016-01-29
14022,2016-05-16 11:13:00,2016-05-16,0.26,0.0,0.0,8128.0,0.26,0.26,0.26,10000569,2016-09-28,2016-09-28,C,1.8,2016-01-29
14023,2016-05-16 11:14:00,2016-05-16,0.26,0.0,0.0,8128.0,0.26,0.26,0.26,10000569,2016-09-28,2016-09-28,C,1.8,2016-01-29
14024,2016-05-16 11:15:00,2016-05-16,0.26,2587.0,1.0,8129.0,0.26,0.2587,0.2587,10000569,2016-09-28,2016-09-28,C,1.8,2016-01-29
14025,2016-05-16 11:16:00,2016-05-16,0.2587,0.0,0.0,8129.0,0.2587,0.2587,0.2587,10000569,2016-09-28,2016-09-28,C,1.8,2016-01-29
14026,2016-05-16 11:17:00,2016-05-16,0.2587,0.0,0.0,8129.0,0.2587,0.2587,0.2587,10000569,2016-09-28,2016-09-28,C,1.8,2016-01-29
14027,2016-05-16 11:18:00,2016-05-16,0.2587,0.0,0.0,8129.0,0.2587,0.2587,0.2587,10000569,2016-09-28,2016-09-28,C,1.8,2016-01-29
14028,2016-05-16 11:19:00,2016-05-16,0.2587,0.0,0.0,8129.0,0.2587,0.2587,0.2587,10000569,2016-09-28,2016-09-28,C,1.8,2016-01-29
14029,2016-05-16 11:20:00,2016-05-16,0.2587,0.0,0.0,8129.0,0.2587,0.2587,0.2587,10000569,2016-09-28,2016-09-28,C,1.8,2016-01-29
14030,2016-05-16 11:21:00,2016-05-16,0.2587,0.0,0.0,8129.0,0.2587,0.2587,0.2587,10000569,2016-09-28,2016-09-28,C,1.8,2016-01-29
14031,2016-05-16 11:22:00,2016-05-16,0.2587,0.0,0.0,8129.0,0.2587,0.2587,0.2587,10000569,2016-09-28,2016-09-28,C,1.8,2016-01-29
14032,2016-05-16 11:23:00,2016-05-16,0.2587,0.0,0.0,8129.0,0.2587,0.2587,0.2587,10000569,2016-09-28,2016-09-28,C,1.8,2016-01-29
14033,2016-05-16 11:24:00,2016-05-16,0.2601,7803.0,3.0,8126.0,0.2587,0.2601,0.2587,10000569,2016-09-28,2016-09-28,C,1.8,2016-01-29
14034,2016-05-16 11:25:00,2016-05-16,0.2601,7803.0,3.0,8126.0,0.2601,0.2601,0.2601,10000569,2016-09-28,2016-09-28,C,1.8,2016-01-29
14035,2016-05-16 11:26:00,2016-05-16,0.2601,10404.0,4.0,8126.0,0.2601,0.2601,0.2601,10000569,2016-09-28,2016-09-28,C,1.8,2016-01-29
14036,2016-05-16 11:27:00,2016-05-16,0.2615,5230.0,2.0,8128.0,0.2601,0.2615,0.2601,10000569,2016-09-28,2016-09-28,C,1.8,2016-01-29
14037,2016-05-16 11:28:00,2016-05-16,0.2615,0.0,0.0,8128.0,0.2615,0.2615,0.2615,10000569,2016-09-28,2016-09-28,C,1.8,2016-01-29
14038,2016-05-16 11:29:00,2016-05-16,0.2615,0.0,0.0,8128.0,0.2615,0.2615,0.2615,10000569,2016-09-28,2016-09-28,C,1.8,2016-01-29
14039,2016-05-16 11:30:00,2016-05-16,0.2615,0.0,0.0,8128.0,0.2615,0.2615,0.2615,10000569,2016-09-28,2016-09-28,C,1.8,2016-01-29
14040,2016-05-16 13:01:00,2016-05-16,0.2615,0.0,0.0,8128.0,0.2615,0.2615,0.2615,10000569,2016-09-28,2016-09-28,C,1.8,2016-01-29
14041,2016-05-16 13:02:00,2016-05-16,0.2615,5180.0,2.0,8130.0,0.2615,0.259,0.259,10000569,2016-09-28,2016-09-28,C,1.8,2016-01-29
14042,2016-05-16 13:03:00,2016-05-16,0.259,0.0,0.0,8130.0,0.259,0.259,0.259,10000569,2016-09-28,2016-09-28,C,1.8,2016-01-29
14043,2016-05-16 13:04:00,2016-05-16,0.259,0.0,0.0,8130.0,0.259,0.259,0.259,10000569,2016-09-28,2016-09-28,C,1.8,2016-01-29
14044,2016-05-16 13:05:00,2016-05-16,0.259,0.0,0.0,8130.0,0.259,0.259,0.259,10000569,2016-09-28,2016-09-28,C,1.8,2016-01-29
14045,2016-05-16 13:06:00,2016-05-16,0.259,0.0,0.0,8130.0,0.259,0.259,0.259,10000569,2016-09-28,2016-09-28,C,1.8,2016-01-29
14046,2016-05-16 13:07:00,2016-05-16,0.2588,2588.0,1.0,8131.0,0.2588,0.2588,0.2588,10000569,2016-09-28,2016-09-28,C,1.8,2016-01-29
14047,2016-05-16 13:08:00,2016-05-16,0.2588,0.0,0.0,8131.0,0.2588,0.2588,0.2588,10000569,2016-09-28,2016-09-28,C,1.8,2016-01-29
14048,2016-05-16 13:09:00,2016-05-16,0.2588,0.0,0.0,8131.0,0.2588,0.2588,0.2588,10000569,2016-09-28,2016-09-28,C,1.8,2016-01-29
14049,2016-05-16 13:10:00,2016-05-16,0.2588,0.0,0.0,8131.0,0.2588,0.2588,0.2588,10000569,2016-09-28,2016-09-28,C,1.8,2016-01-29
14050,2016-05-16 13:11:00,2016-05-16,0.2588,0.0,0.0,8131.0,0.2588,0.2588,0.2588,10000569,2016-09-28,2016-09-28,C,1.8,2016-01-29
14051,2016-05-16 13:12:00,2016-05-16,0.2588,0.0,0.0,8131.0,0.2588,0.2588,0.2588,10000569,2016-09-28,2016-09-28,C,1.8,2016-01-29
14052,2016-05-16 13:13:00,2016-05-16,0.2588,0.0,0.0,8131.0,0.2588,0.2588,0.2588,10000569,2016-09-28,2016-09-28,C,1.8,2016-01-29
14053,2016-05-16 13:14:00,2016-05-16,0.2601,26010.0,10.0,8141.0,0.2588,0.2601,0.2588,10000569,2016-09-28,2016-09-28,C,1.8,2016-01-29
14054,2016-05-16 13:15:00,2016-05-16,0.2601,0.0,0.0,8141.0,0.2601,0.2601,0.2601,10000569,2016-09-28,2016-09-28,C,1.8,2016-01-29
14055,2016-05-16 13:16:00,2016-05-16,0.2601,0.0,0.0,8141.0,0.2601,0.2601,0.2601,10000569,2016-09-28,2016-09-28,C,1.8,2016-01-29
14056,2016-05-16 13:17:00,2016-05-16,0.2601,0.0,0.0,8141.0,0.2601,0.2601,0.2601,10000569,2016-09-28,2016-09-28,C,1.8,2016-01-29
14057,2016-05-16 13:18:00,2016-05-16,0.2601,0.0,0.0,8141.0,0.2601,0.2601,0.2601,10000569,2016-09-28,2016-09-28,C,1.8,2016-01-29
14058,2016-05-16 13:19:00,2016-05-16,0.2601,25910.0,10.0,8151.0,0.2601,0.2591,0.2591,10000569,2016-09-28,2016-09-28,C,1.8,2016-01-29
14059,2016-05-16 13:20:00,2016-05-16,0.2601,54391.0,21.0,8172.0,0.2591,0.2589,0.2589,10000569,2016-09-28,2016-09-28,C,1.8,2016-01-29
14060,2016-05-16 13:21:00,2016-05-16,0.2589,51720.0,20.0,8183.0,0.2589,0.2585,0.2585,10000569,2016-09-28,2016-09-28,C,1.8,2016-01-29
14061,2016-05-16 13:22:00,2016-05-16,0.2601,10376.0,4.0,8187.0,0.2585,0.2601,0.2585,10000569,2016-09-28,2016-09-28,C,1.8,2016-01-29
14062,2016-05-16 13:23:00,2016-05-16,0.2601,23274.0,9.0,8196.0,0.2601,0.2586,0.2586,10000569,2016-09-28,2016-09-28,C,1.8,2016-01-29
14063,2016-05-16 13:24:00,2016-05-16,0.2586,0.0,0.0,8196.0,0.2586,0.2586,0.2586,10000569,2016-09-28,2016-09-28,C,1.8,2016-01-29
14064,2016-05-16 13:25:00,2016-05-16,0.2586,0.0,0.0,8196.0,0.2586,0.2586,0.2586,10000569,2016-09-28,2016-09-28,C,1.8,2016-01-29
14065,2016-05-16 13:26:00,2016-05-16,0.2586,5140.0,2.0,8198.0,0.2586,0.257,0.257,10000569,2016-09-28,2016-09-28,C,1.8,2016-01-29
14066,2016-05-16 13:27:00,2016-05-16,0.257,0.0,0.0,8198.0,0.257,0.257,0.257,10000569,2016-09-28,2016-09-28,C,1.8,2016-01-29
14067,2016-05-16 13:28:00,2016-05-16,0.257,0.0,0.0,8198.0,0.257,0.257,0.257,10000569,2016-09-28,2016-09-28,C,1.8,2016-01-29
14068,2016-05-16 13:29:00,2016-05-16,0.257,0.0,0.0,8198.0,0.257,0.257,0.257,10000569,2016-09-28,2016-09-28,C,1.8,2016-01-29
14069,2016-05-16 13:30:00,2016-05-16,0.2571,7712.0,3.0,8201.0,0.257,0.257,0.257,10000569,2016-09-28,2016-09-28,C,1.8,2016-01-29
14070,2016-05-16 13:31:00,2016-05-16,0.257,0.0,0.0,8201.0,0.257,0.257,0.257,10000569,2016-09-28,2016-09-28,C,1.8,2016-01-29
14071,2016-05-16 13:32:00,2016-05-16,0.2588,10352.0,4.0,8205.0,0.257,0.2588,0.257,10000569,2016-09-28,2016-09-28,C,1.8,2016-01-29
14072,2016-05-16 13:33:00,2016-05-16,0.2588,10352.0,4.0,8209.0,0.2588,0.2588,0.2588,10000569,2016-09-28,2016-09-28,C,1.8,2016-01-29
14073,2016-05-16 13:34:00,2016-05-16,0.2588,0.0,0.0,8209.0,0.2588,0.2588,0.2588,10000569,2016-09-28,2016-09-28,C,1.8,2016-01-29
14074,2016-05-16 13:35:00,2016-05-16,0.2588,0.0,0.0,8209.0,0.2588,0.2588,0.2588,10000569,2016-09-28,2016-09-28,C,1.8,2016-01-29
14075,2016-05-16 13:36:00,2016-05-16,0.2588,0.0,0.0,8209.0,0.2588,0.2588,0.2588,10000569,2016-09-28,2016-09-28,C,1.8,2016-01-29
14076,2016-05-16 13:37:00,2016-05-16,0.2588,2571.0,1.0,8210.0,0.2588,0.2571,0.2571,10000569,2016-09-28,2016-09-28,C,1.8,2016-01-29
14077,2016-05-16 13:38:00,2016-05-16,0.2571,0.0,0.0,8210.0,0.2571,0.2571,0.2571,10000569,2016-09-28,2016-09-28,C,1.8,2016-01-29
14078,2016-05-16 13:39:00,2016-05-16,0.2571,0.0,0.0,8210.0,0.2571,0.2571,0.2571,10000569,2016-09-28,2016-09-28,C,1.8,2016-01-29
14079,2016-05-16 13:40:00,2016-05-16,0.2571,0.0,0.0,8210.0,0.2571,0.2571,0.2571,10000569,2016-09-28,2016-09-28,C,1.8,2016-01-29
14080,2016-05-16 13:41:00,2016-05-16,0.2571,0.0,0.0,8210.0,0.2571,0.2571,0.2571,10000569,2016-09-28,2016-09-28,C,1.8,2016-01-29
14081,2016-05-16 13:42:00,2016-05-16,0.2571,0.0,0.0,8210.0,0.2571,0.2571,0.2571,10000569,2016-09-28,2016-09-28,C,1.8,2016-01-29
14082,2016-05-16 13:43:00,2016-05-16,0.2571,0.0,0.0,8210.0,0.2571,0.2571,0.2571,10000569,2016-09-28,2016-09-28,C,1.8,2016-01-29
14083,2016-05-16 13:44:00,2016-05-16,0.2571,0.0,0.0,8210.0,0.2571,0.2571,0.2571,10000569,2016-09-28,2016-09-28,C,1.8,2016-01-29
14084,2016-05-16 13:45:00,2016-05-16,0.2571,0.0,0.0,8210.0,0.2571,0.2571,0.2571,10000569,2016-09-28,2016-09-28,C,1.8,2016-01-29
14085,2016-05-16 13:46:00,2016-05-16,0.2571,0.0,0.0,8210.0,0.2571,0.2571,0.2571,10000569,2016-09-28,2016-09-28,C,1.8,2016-01-29
14086,2016-05-16 13:47:00,2016-05-16,0.2571,0.0,0.0,8210.0,0.2571,0.2571,0.2571,10000569,2016-09-28,2016-09-28,C,1.8,2016-01-29
14087,2016-05-16 13:48:00,2016-05-16,0.2571,0.0,0.0,8210.0,0.2571,0.2571,0.2571,10000569,2016-09-28,2016-09-28,C,1.8,2016-01-29
14088,2016-05-16 13:49:00,2016-05-16,0.2571,0.0,0.0,8210.0,0.2571,0.2571,0.2571,10000569,2016-09-28,2016-09-28,C,1.8,2016-01-29
14089,2016-05-16 13:50:00,2016-05-16,0.2571,0.0,0.0,8210.0,0.2571,0.2571,0.2571,10000569,2016-09-28,2016-09-28,C,1.8,2016-01-29
14090,2016-05-16 13:51:00,2016-05-16,0.2571,0.0,0.0,8210.0,0.2571,0.2571,0.2571,10000569,2016-09-28,2016-09-28,C,1.8,2016-01-29
14091,2016-05-16 13:52:00,2016-05-16,0.2577,2577.0,1.0,8211.0,0.2571,0.2577,0.2571,10000569,2016-09-28,2016-09-28,C,1.8,2016-01-29
14092,2016-05-16 13:53:00,2016-05-16,0.2577,0.0,0.0,8211.0,0.2577,0.2577,0.2577,10000569,2016-09-28,2016-09-28,C,1.8,2016-01-29
14093,2016-05-16 13:54:00,2016-05-16,0.2577,0.0,0.0,8211.0,0.2577,0.2577,0.2577,10000569,2016-09-28,2016-09-28,C,1.8,2016-01-29
14094,2016-05-16 13:55:00,2016-05-16,0.2602,10408.0,4.0,8214.0,0.2577,0.2602,0.2577,10000569,2016-09-28,2016-09-28,C,1.8,2016-01-29
14095,2016-05-16 13:56:00,2016-05-16,0.2602,0.0,0.0,8214.0,0.2602,0.2602,0.2602,10000569,2016-09-28,2016-09-28,C,1.8,2016-01-29
14096,2016-05-16 13:57:00,2016-05-16,0.2602,0.0,0.0,8214.0,0.2602,0.2602,0.2602,10000569,2016-09-28,2016-09-28,C,1.8,2016-01-29
14097,2016-05-16 13:58:00,2016-05-16,0.2614,5228.0,2.0,8214.0,0.2602,0.2614,0.2602,10000569,2016-09-28,2016-09-28,C,1.8,2016-01-29
14098,2016-05-16 13:59:00,2016-05-16,0.2614,2614.0,1.0,8215.0,0.2614,0.2614,0.2614,10000569,2016-09-28,2016-09-28,C,1.8,2016-01-29
14099,2016-05-16 14:00:00,2016-05-16,0.2614,23526.0,9.0,8224.0,0.2614,0.2614,0.2614,10000569,2016-09-28,2016-09-28,C,1.8,2016-01-29
14100,2016-05-16 14:01:00,2016-05-16,0.2614,0.0,0.0,8224.0,0.2614,0.2614,0.2614,10000569,2016-09-28,2016-09-28,C,1.8,2016-01-29
14101,2016-05-16 14:02:00,2016-05-16,0.2614,0.0,0.0,8224.0,0.2614,0.2614,0.2614,10000569,2016-09-28,2016-09-28,C,1.8,2016-01-29
14102,2016-05-16 14:03:00,2016-05-16,0.2614,0.0,0.0,8224.0,0.2614,0.2614,0.2614,10000569,2016-09-28,2016-09-28,C,1.8,2016-01-29
14103,2016-05-16 14:04:00,2016-05-16,0.2614,0.0,0.0,8224.0,0.2614,0.2614,0.2614,10000569,2016-09-28,2016-09-28,C,1.8,2016-01-29
14104,2016-05-16 14:05:00,2016-05-16,0.2614,0.0,0.0,8224.0,0.2614,0.2614,0.2614,10000569,2016-09-28,2016-09-28,C,1.8,2016-01-29
14105,2016-05-16 14:06:00,2016-05-16,0.2614,0.0,0.0,8224.0,0.2614,0.2614,0.2614,10000569,2016-09-28,2016-09-28,C,1.8,2016-01-29
14106,2016-05-16 14:07:00,2016-05-16,0.2614,0.0,0.0,8224.0,0.2614,0.2614,0.2614,10000569,2016-09-28,2016-09-28,C,1.8,2016-01-29
14107,2016-05-16 14:08:00,2016-05-16,0.2614,0.0,0.0,8224.0,0.2614,0.2614,0.2614,10000569,2016-09-28,2016-09-28,C,1.8,2016-01-29
14108,2016-05-16 14:09:00,2016-05-16,0.2599,2599.0,1.0,8225.0,0.2599,0.2599,0.2599,10000569,2016-09-28,2016-09-28,C,1.8,2016-01-29
14109,2016-05-16 14:10:00,2016-05-16,0.2599,0.0,0.0,8225.0,0.2599,0.2599,0.2599,10000569,2016-09-28,2016-09-28,C,1.8,2016-01-29
14110,2016-05-16 14:11:00,2016-05-16,0.2599,0.0,0.0,8225.0,0.2599,0.2599,0.2599,10000569,2016-09-28,2016-09-28,C,1.8,2016-01-29
14111,2016-05-16 14:12:00,2016-05-16,0.2599,0.0,0.0,8225.0,0.2599,0.2599,0.2599,10000569,2016-09-28,2016-09-28,C,1.8,2016-01-29
14112,2016-05-16 14:13:00,2016-05-16,0.2619,2619.0,1.0,8226.0,0.2599,0.2619,0.2599,10000569,2016-09-28,2016-09-28,C,1.8,2016-01-29
14113,2016-05-16 14:14:00,2016-05-16,0.2619,0.0,0.0,8226.0,0.2619,0.2619,0.2619,10000569,2016-09-28,2016-09-28,C,1.8,2016-01-29
14114,2016-05-16 14:15:00,2016-05-16,0.2619,20729.0,8.0,8232.0,0.2619,0.2584,0.2584,10000569,2016-09-28,2016-09-28,C,1.8,2016-01-29
14115,2016-05-16 14:16:00,2016-05-16,0.2584,100517.0,39.0,8271.0,0.2584,0.2568,0.2568,10000569,2016-09-28,2016-09-28,C,1.8,2016-01-29
14116,2016-05-16 14:17:00,2016-05-16,0.2568,0.0,0.0,8271.0,0.2568,0.2568,0.2568,10000569,2016-09-28,2016-09-28,C,1.8,2016-01-29
14117,2016-05-16 14:18:00,2016-05-16,0.2568,0.0,0.0,8271.0,0.2568,0.2568,0.2568,10000569,2016-09-28,2016-09-28,C,1.8,2016-01-29
14118,2016-05-16 14:19:00,2016-05-16,0.2568,0.0,0.0,8271.0,0.2568,0.2568,0.2568,10000569,2016-09-28,2016-09-28,C,1.8,2016-01-29
14119,2016-05-16 14:20:00,2016-05-16,0.2568,0.0,0.0,8271.0,0.2568,0.2568,0.2568,10000569,2016-09-28,2016-09-28,C,1.8,2016-01-29
14120,2016-05-16 14:21:00,2016-05-16,0.2568,0.0,0.0,8271.0,0.2568,0.2568,0.2568,10000569,2016-09-28,2016-09-28,C,1.8,2016-01-29
14121,2016-05-16 14:22:00,2016-05-16,0.2568,2560.0,1.0,8272.0,0.2568,0.256,0.256,10000569,2016-09-28,2016-09-28,C,1.8,2016-01-29
14122,2016-05-16 14:23:00,2016-05-16,0.256,0.0,0.0,8272.0,0.256,0.256,0.256,10000569,2016-09-28,2016-09-28,C,1.8,2016-01-29
14123,2016-05-16 14:24:00,2016-05-16,0.256,0.0,0.0,8272.0,0.256,0.256,0.256,10000569,2016-09-28,2016-09-28,C,1.8,2016-01-29
14124,2016-05-16 14:25:00,2016-05-16,0.256,0.0,0.0,8272.0,0.256,0.256,0.256,10000569,2016-09-28,2016-09-28,C,1.8,2016-01-29
14125,2016-05-16 14:26:00,2016-05-16,0.256,0.0,0.0,8272.0,0.256,0.256,0.256,10000569,2016-09-28,2016-09-28,C,1.8,2016-01-29
14126,2016-05-16 14:27:00,2016-05-16,0.256,0.0,0.0,8272.0,0.256,0.256,0.256,10000569,2016-09-28,2016-09-28,C,1.8,2016-01-29
14127,2016-05-16 14:28:00,2016-05-16,0.256,0.0,0.0,8272.0,0.256,0.256,0.256,10000569,2016-09-28,2016-09-28,C,1.8,2016-01-29
14128,2016-05-16 14:29:00,2016-05-16,0.256,0.0,0.0,8272.0,0.256,0.256,0.256,10000569,2016-09-28,2016-09-28,C,1.8,2016-01-29
14129,2016-05-16 14:30:00,2016-05-16,0.256,0.0,0.0,8272.0,0.256,0.256,0.256,10000569,2016-09-28,2016-09-28,C,1.8,2016-01-29
14130,2016-05-16 14:31:00,2016-05-16,0.259,15540.0,6.0,8266.0,0.256,0.259,0.256,10000569,2016-09-28,2016-09-28,C,1.8,2016-01-29
14131,2016-05-16 14:32:00,2016-05-16,0.259,0.0,0.0,8266.0,0.259,0.259,0.259,10000569,2016-09-28,2016-09-28,C,1.8,2016-01-29
14132,2016-05-16 14:33:00,2016-05-16,0.259,10360.0,4.0,8266.0,0.259,0.259,0.259,10000569,2016-09-28,2016-09-28,C,1.8,2016-01-29
14133,2016-05-16 14:34:00,2016-05-16,0.259,0.0,0.0,8266.0,0.259,0.259,0.259,10000569,2016-09-28,2016-09-28,C,1.8,2016-01-29
14134,2016-05-16 14:35:00,2016-05-16,0.259,0.0,0.0,8266.0,0.259,0.259,0.259,10000569,2016-09-28,2016-09-28,C,1.8,2016-01-29
14135,2016-05-16 14:36:00,2016-05-16,0.2595,2595.0,1.0,8265.0,0.259,0.2595,0.259,10000569,2016-09-28,2016-09-28,C,1.8,2016-01-29
14136,2016-05-16 14:37:00,2016-05-16,0.2611,36500.0,14.0,8261.0,0.2595,0.2611,0.2595,10000569,2016-09-28,2016-09-28,C,1.8,2016-01-29
14137,2016-05-16 14:38:00,2016-05-16,0.2618,2618.0,1.0,8261.0,0.2611,0.2618,0.2611,10000569,2016-09-28,2016-09-28,C,1.8,2016-01-29
14138,2016-05-16 14:39:00,2016-05-16,0.2618,0.0,0.0,8261.0,0.2618,0.2618,0.2618,10000569,2016-09-28,2016-09-28,C,1.8,2016-01-29
14139,2016-05-16 14:40:00,2016-05-16,0.2618,0.0,0.0,8261.0,0.2618,0.2618,0.2618,10000569,2016-09-28,2016-09-28,C,1.8,2016-01-29
14140,2016-05-16 14:41:00,2016-05-16,0.2618,0.0,0.0,8261.0,0.2618,0.2618,0.2618,10000569,2016-09-28,2016-09-28,C,1.8,2016-01-29
14141,2016-05-16 14:42:00,2016-05-16,0.2618,0.0,0.0,8261.0,0.2618,0.2618,0.2618,10000569,2016-09-28,2016-09-28,C,1.8,2016-01-29
14142,2016-05-16 14:43:00,2016-05-16,0.2618,2597.0,1.0,8262.0,0.2618,0.2597,0.2597,10000569,2016-09-28,2016-09-28,C,1.8,2016-01-29
14143,2016-05-16 14:44:00,2016-05-16,0.2597,0.0,0.0,8262.0,0.2597,0.2597,0.2597,10000569,2016-09-28,2016-09-28,C,1.8,2016-01-29
14144,2016-05-16 14:45:00,2016-05-16,0.2597,0.0,0.0,8262.0,0.2597,0.2597,0.2597,10000569,2016-09-28,2016-09-28,C,1.8,2016-01-29
14145,2016-05-16 14:46:00,2016-05-16,0.2605,2605.0,1.0,8262.0,0.2597,0.2605,0.2597,10000569,2016-09-28,2016-09-28,C,1.8,2016-01-29
14146,2016-05-16 14:47:00,2016-05-16,0.2605,0.0,0.0,8262.0,0.2605,0.2605,0.2605,10000569,2016-09-28,2016-09-28,C,1.8,2016-01-29
14147,2016-05-16 14:48:00,2016-05-16,0.2615,10460.0,4.0,8262.0,0.2605,0.2615,0.2605,10000569,2016-09-28,2016-09-28,C,1.8,2016-01-29
14148,2016-05-16 14:49:00,2016-05-16,0.2615,0.0,0.0,8262.0,0.2615,0.2615,0.2615,10000569,2016-09-28,2016-09-28,C,1.8,2016-01-29
14149,2016-05-16 14:50:00,2016-05-16,0.2616,5232.0,2.0,8262.0,0.2615,0.2616,0.2615,10000569,2016-09-28,2016-09-28,C,1.8,2016-01-29
14150,2016-05-16 14:51:00,2016-05-16,0.2616,0.0,0.0,8262.0,0.2616,0.2616,0.2616,10000569,2016-09-28,2016-09-28,C,1.8,2016-01-29
14151,2016-05-16 14:52:00,2016-05-16,0.2616,0.0,0.0,8262.0,0.2616,0.2616,0.2616,10000569,2016-09-28,2016-09-28,C,1.8,2016-01-29
14152,2016-05-16 14:53:00,2016-05-16,0.2616,0.0,0.0,8262.0,0.2616,0.2616,0.2616,10000569,2016-09-28,2016-09-28,C,1.8,2016-01-29
14153,2016-05-16 14:54:00,2016-05-16,0.2616,0.0,0.0,8262.0,0.2616,0.2616,0.2616,10000569,2016-09-28,2016-09-28,C,1.8,2016-01-29
14154,2016-05-16 14:55:00,2016-05-16,0.2616,0.0,0.0,8262.0,0.2616,0.2616,0.2616,10000569,2016-09-28,2016-09-28,C,1.8,2016-01-29
14155,2016-05-16 14:56:00,2016-05-16,0.2616,25932.0,10.0,8253.0,0.2616,0.2593,0.2593,10000569,2016-09-28,2016-09-28,C,1.8,2016-01-29
14156,2016-05-16 14:57:00,2016-05-16,0.2593,0.0,0.0,8253.0,0.2593,0.2593,0.2593,10000569,2016-09-28,2016-09-28,C,1.8,2016-01-29
14157,2016-05-16 14:58:00,2016-05-16,0.2593,0.0,0.0,8253.0,0.2593,0.2593,0.2593,10000569,2016-09-28,2016-09-28,C,1.8,2016-01-29
14158,2016-05-16 14:59:00,2016-05-16,0.2593,0.0,0.0,8253.0,0.2593,0.2593,0.2593,10000569,2016-09-28,2016-09-28,C,1.8,2016-01-29
14159,2016-05-16 15:00:00,2016-05-16,0.2593,0.0,0.0,8253.0,0.2593,0.2593,0.2593,10000569,2016-09-28,2016-09-28,C,1.8,2016-01-29
14160,2016-05-16 09:31:00,2016-05-16,0.049,21595.0,45.0,13936.0,0.0479,0.048,0.0479,10000530,2016-06-22,2016-06-22,P,2.05,2016-01-12
14161,2016-05-16 09:32:00,2016-05-16,0.0487,42176.0,88.0,13975.0,0.048,0.0481,0.0473,10000530,2016-06-22,2016-06-22,P,2.05,2016-01-12
14162,2016-05-16 09:33:00,2016-05-16,0.0481,12441.0,26.0,13985.0,0.0481,0.048,0.0472,10000530,2016-06-22,2016-06-22,P,2.05,2016-01-12
14163,2016-05-16 09:34:00,2016-05-16,0.048,7673.0,16.0,13993.0,0.048,0.048,0.0475,10000530,2016-06-22,2016-06-22,P,2.05,2016-01-12
14164,2016-05-16 09:35:00,2016-05-16,0.0485,8636.0,18.0,14009.0,0.048,0.0476,0.0475,10000530,2016-06-22,2016-06-22,P,2.05,2016-01-12
14165,2016-05-16 09:36:00,2016-05-16,0.0476,29954.0,64.0,14036.0,0.0476,0.0464,0.0461,10000530,2016-06-22,2016-06-22,P,2.05,2016-01-12
14166,2016-05-16 09:37:00,2016-05-16,0.0475,25101.0,53.0,14066.0,0.0464,0.0475,0.0461,10000530,2016-06-22,2016-06-22,P,2.05,2016-01-12
14167,2016-05-16 09:38:00,2016-05-16,0.0475,7088.0,15.0,14077.0,0.0475,0.0475,0.0464,10000530,2016-06-22,2016-06-22,P,2.05,2016-01-12
14168,2016-05-16 09:39:00,2016-05-16,0.0468,14908.0,32.0,14067.0,0.0467,0.0463,0.0463,10000530,2016-06-22,2016-06-22,P,2.05,2016-01-12
14169,2016-05-16 09:40:00,2016-05-16,0.0474,30455.0,65.0,14081.0,0.0463,0.0465,0.0462,10000530,2016-06-22,2016-06-22,P,2.05,2016-01-12
14170,2016-05-16 09:41:00,2016-05-16,0.0475,10820.0,23.0,14079.0,0.0465,0.0467,0.0465,10000530,2016-06-22,2016-06-22,P,2.05,2016-01-12
14171,2016-05-16 09:42:00,2016-05-16,0.0475,2825.0,6.0,14080.0,0.0467,0.0469,0.0467,10000530,2016-06-22,2016-06-22,P,2.05,2016-01-12
14172,2016-05-16 09:43:00,2016-05-16,0.0479,11437.0,24.0,14102.0,0.0469,0.047,0.0467,10000530,2016-06-22,2016-06-22,P,2.05,2016-01-12
14173,2016-05-16 09:44:00,2016-05-16,0.0478,17149.0,36.0,14120.0,0.047,0.0473,0.0469,10000530,2016-06-22,2016-06-22,P,2.05,2016-01-12
14174,2016-05-16 09:45:00,2016-05-16,0.0484,25990.0,54.0,14123.0,0.0473,0.0484,0.047,10000530,2016-06-22,2016-06-22,P,2.05,2016-01-12
14175,2016-05-16 09:46:00,2016-05-16,0.0485,10634.0,22.0,14134.0,0.0484,0.0485,0.0473,10000530,2016-06-22,2016-06-22,P,2.05,2016-01-12
14176,2016-05-16 09:47:00,2016-05-16,0.0485,1449.0,3.0,14137.0,0.0485,0.0483,0.0483,10000530,2016-06-22,2016-06-22,P,2.05,2016-01-12
14177,2016-05-16 09:48:00,2016-05-16,0.0484,28275.0,59.0,14144.0,0.0483,0.0476,0.0476,10000530,2016-06-22,2016-06-22,P,2.05,2016-01-12
14178,2016-05-16 09:49:00,2016-05-16,0.0487,36586.0,76.0,14153.0,0.0476,0.0485,0.0473,10000530,2016-06-22,2016-06-22,P,2.05,2016-01-12
14179,2016-05-16 09:50:00,2016-05-16,0.0489,19490.0,40.0,14163.0,0.0485,0.0489,0.0485,10000530,2016-06-22,2016-06-22,P,2.05,2016-01-12
14180,2016-05-16 09:51:00,2016-05-16,0.0491,15652.0,32.0,14166.0,0.0489,0.0477,0.0477,10000530,2016-06-22,2016-06-22,P,2.05,2016-01-12
14181,2016-05-16 09:52:00,2016-05-16,0.0487,1938.0,4.0,14167.0,0.0477,0.0487,0.0477,10000530,2016-06-22,2016-06-22,P,2.05,2016-01-12
14182,2016-05-16 09:53:00,2016-05-16,0.0515,37557.0,75.0,14193.0,0.0484,0.0507,0.0484,10000530,2016-06-22,2016-06-22,P,2.05,2016-01-12
14183,2016-05-16 09:54:00,2016-05-16,0.0525,65868.0,128.0,14246.0,0.0507,0.0521,0.0507,10000530,2016-06-22,2016-06-22,P,2.05,2016-01-12
14184,2016-05-16 09:55:00,2016-05-16,0.0522,43936.0,85.0,14254.0,0.0521,0.0509,0.0509,10000530,2016-06-22,2016-06-22,P,2.05,2016-01-12
14185,2016-05-16 09:56:00,2016-05-16,0.0517,27200.0,53.0,14272.0,0.0509,0.0517,0.0509,10000530,2016-06-22,2016-06-22,P,2.05,2016-01-12
14186,2016-05-16 09:57:00,2016-05-16,0.0515,13270.0,26.0,14260.0,0.051,0.0512,0.0508,10000530,2016-06-22,2016-06-22,P,2.05,2016-01-12
14187,2016-05-16 09:58:00,2016-05-16,0.0512,17841.0,35.0,14270.0,0.0512,0.0511,0.0508,10000530,2016-06-22,2016-06-22,P,2.05,2016-01-12
14188,2016-05-16 09:59:00,2016-05-16,0.0513,9717.0,19.0,14279.0,0.0511,0.0511,0.0509,10000530,2016-06-22,2016-06-22,P,2.05,2016-01-12
14189,2016-05-16 10:00:00,2016-05-16,0.0511,34514.0,68.0,14334.0,0.0511,0.051,0.0506,10000530,2016-06-22,2016-06-22,P,2.05,2016-01-12
14190,2016-05-16 10:01:00,2016-05-16,0.0522,29436.0,57.0,14376.0,0.051,0.052000000000000005,0.051,10000530,2016-06-22,2016-06-22,P,2.05,2016-01-12
14191,2016-05-16 10:02:00,2016-05-16,0.052000000000000005,45185.0,89.0,14463.0,0.052000000000000005,0.0505,0.0503,10000530,2016-06-22,2016-06-22,P,2.05,2016-01-12
14192,2016-05-16 10:03:00,2016-05-16,0.0505,26107.0,52.0,14502.0,0.0505,0.0499,0.0499,10000530,2016-06-22,2016-06-22,P,2.05,2016-01-12
14193,2016-05-16 10:04:00,2016-05-16,0.0501,3501.0,7.0,14502.0,0.0499,0.05,0.0499,10000530,2016-06-22,2016-06-22,P,2.05,2016-01-12
14194,2016-05-16 10:05:00,2016-05-16,0.05,18925.0,38.0,14513.0,0.05,0.0497,0.0497,10000530,2016-06-22,2016-06-22,P,2.05,2016-01-12
14195,2016-05-16 10:06:00,2016-05-16,0.0497,0.0,0.0,14513.0,0.0497,0.0497,0.0497,10000530,2016-06-22,2016-06-22,P,2.05,2016-01-12
14196,2016-05-16 10:07:00,2016-05-16,0.0499,13360.0,27.0,14527.0,0.0497,0.049,0.049,10000530,2016-06-22,2016-06-22,P,2.05,2016-01-12
14197,2016-05-16 10:08:00,2016-05-16,0.0491,7365.0,15.0,14535.0,0.049,0.0491,0.049,10000530,2016-06-22,2016-06-22,P,2.05,2016-01-12
14198,2016-05-16 10:09:00,2016-05-16,0.0496,5356.0,11.0,14534.0,0.0491,0.0496,0.0486,10000530,2016-06-22,2016-06-22,P,2.05,2016-01-12
14199,2016-05-16 10:10:00,2016-05-16,0.0496,2480.0,5.0,14534.0,0.0496,0.0496,0.0496,10000530,2016-06-22,2016-06-22,P,2.05,2016-01-12
14200,2016-05-16 10:11:00,2016-05-16,0.0496,4945.0,10.0,14534.0,0.0496,0.0495,0.0494,10000530,2016-06-22,2016-06-22,P,2.05,2016-01-12
14201,2016-05-16 10:12:00,2016-05-16,0.0497,14327.0,29.0,14534.0,0.0495,0.0497,0.0495,10000530,2016-06-22,2016-06-22,P,2.05,2016-01-12
14202,2016-05-16 10:13:00,2016-05-16,0.0497,31425.0,64.0,14575.0,0.0497,0.0486,0.0486,10000530,2016-06-22,2016-06-22,P,2.05,2016-01-12
14203,2016-05-16 10:14:00,2016-05-16,0.0491,9800.0,20.0,14577.0,0.0486,0.0489,0.0486,10000530,2016-06-22,2016-06-22,P,2.05,2016-01-12
14204,2016-05-16 10:15:00,2016-05-16,0.0489,0.0,0.0,14577.0,0.0489,0.0489,0.0489,10000530,2016-06-22,2016-06-22,P,2.05,2016-01-12
14205,2016-05-16 10:16:00,2016-05-16,0.049,6341.0,13.0,14573.0,0.0489,0.0485,0.0485,10000530,2016-06-22,2016-06-22,P,2.05,2016-01-12
14206,2016-05-16 10:17:00,2016-05-16,0.0485,2415.0,5.0,14578.0,0.0485,0.0483,0.0483,10000530,2016-06-22,2016-06-22,P,2.05,2016-01-12
14207,2016-05-16 10:18:00,2016-05-16,0.0483,2405.0,5.0,14578.0,0.0483,0.0481,0.0481,10000530,2016-06-22,2016-06-22,P,2.05,2016-01-12
14208,2016-05-16 10:19:00,2016-05-16,0.0481,14410.0,30.0,14608.0,0.0481,0.0481,0.048,10000530,2016-06-22,2016-06-22,P,2.05,2016-01-12
14209,2016-05-16 10:20:00,2016-05-16,0.0481,0.0,0.0,14608.0,0.0481,0.0481,0.0481,10000530,2016-06-22,2016-06-22,P,2.05,2016-01-12
14210,2016-05-16 10:21:00,2016-05-16,0.0484,4840.0,10.0,14618.0,0.0481,0.0484,0.0481,10000530,2016-06-22,2016-06-22,P,2.05,2016-01-12
14211,2016-05-16 10:22:00,2016-05-16,0.0484,2405.0,5.0,14623.0,0.0484,0.0481,0.0481,10000530,2016-06-22,2016-06-22,P,2.05,2016-01-12
14212,2016-05-16 10:23:00,2016-05-16,0.0482,4820.0,10.0,14633.0,0.0481,0.0482,0.0481,10000530,2016-06-22,2016-06-22,P,2.05,2016-01-12
14213,2016-05-16 10:24:00,2016-05-16,0.0493,19580.0,40.0,14623.0,0.0486,0.0493,0.0486,10000530,2016-06-22,2016-06-22,P,2.05,2016-01-12
14214,2016-05-16 10:25:00,2016-05-16,0.0493,6890.0,14.0,14633.0,0.0493,0.049,0.049,10000530,2016-06-22,2016-06-22,P,2.05,2016-01-12
14215,2016-05-16 10:26:00,2016-05-16,0.049,20026.0,41.0,14661.0,0.049,0.0486,0.0486,10000530,2016-06-22,2016-06-22,P,2.05,2016-01-12
14216,2016-05-16 10:27:00,2016-05-16,0.0486,14460.0,30.0,14681.0,0.0486,0.0482,0.0482,10000530,2016-06-22,2016-06-22,P,2.05,2016-01-12
14217,2016-05-16 10:28:00,2016-05-16,0.0488,10623.0,22.0,14688.0,0.0482,0.0486,0.048,10000530,2016-06-22,2016-06-22,P,2.05,2016-01-12
14218,2016-05-16 10:29:00,2016-05-16,0.0486,480.0,1.0,14688.0,0.0486,0.048,0.048,10000530,2016-06-22,2016-06-22,P,2.05,2016-01-12
14219,2016-05-16 10:30:00,2016-05-16,0.048,2393.0,5.0,14691.0,0.048,0.0478,0.0478,10000530,2016-06-22,2016-06-22,P,2.05,2016-01-12
14220,2016-05-16 10:31:00,2016-05-16,0.0478,0.0,0.0,14691.0,0.0478,0.0478,0.0478,10000530,2016-06-22,2016-06-22,P,2.05,2016-01-12
14221,2016-05-16 10:32:00,2016-05-16,0.0478,4730.0,10.0,14701.0,0.0478,0.0473,0.0473,10000530,2016-06-22,2016-06-22,P,2.05,2016-01-12
14222,2016-05-16 10:33:00,2016-05-16,0.0478,2390.0,5.0,14701.0,0.0473,0.0478,0.0473,10000530,2016-06-22,2016-06-22,P,2.05,2016-01-12
14223,2016-05-16 10:34:00,2016-05-16,0.0478,0.0,0.0,14701.0,0.0478,0.0478,0.0478,10000530,2016-06-22,2016-06-22,P,2.05,2016-01-12
14224,2016-05-16 10:35:00,2016-05-16,0.0478,473.0,1.0,14702.0,0.0478,0.0473,0.0473,10000530,2016-06-22,2016-06-22,P,2.05,2016-01-12
14225,2016-05-16 10:36:00,2016-05-16,0.0473,18392.0,39.0,14740.0,0.0473,0.0469,0.0469,10000530,2016-06-22,2016-06-22,P,2.05,2016-01-12
14226,2016-05-16 10:37:00,2016-05-16,0.0469,2345.0,5.0,14740.0,0.0469,0.0469,0.0469,10000530,2016-06-22,2016-06-22,P,2.05,2016-01-12
14227,2016-05-16 10:38:00,2016-05-16,0.048,4800.0,10.0,14740.0,0.0469,0.048,0.0469,10000530,2016-06-22,2016-06-22,P,2.05,2016-01-12
14228,2016-05-16 10:39:00,2016-05-16,0.048,954.0,2.0,14738.0,0.048,0.0477,0.0477,10000530,2016-06-22,2016-06-22,P,2.05,2016-01-12
14229,2016-05-16 10:40:00,2016-05-16,0.0477,0.0,0.0,14738.0,0.0477,0.0477,0.0477,10000530,2016-06-22,2016-06-22,P,2.05,2016-01-12
14230,2016-05-16 10:41:00,2016-05-16,0.0477,0.0,0.0,14738.0,0.0477,0.0477,0.0477,10000530,2016-06-22,2016-06-22,P,2.05,2016-01-12
14231,2016-05-16 10:42:00,2016-05-16,0.0477,0.0,0.0,14738.0,0.0477,0.0477,0.0477,10000530,2016-06-22,2016-06-22,P,2.05,2016-01-12
14232,2016-05-16 10:43:00,2016-05-16,0.0477,949.0,2.0,14737.0,0.0477,0.0475,0.0474,10000530,2016-06-22,2016-06-22,P,2.05,2016-01-12
14233,2016-05-16 10:44:00,2016-05-16,0.0481,5279.0,11.0,14738.0,0.0481,0.0475,0.0475,10000530,2016-06-22,2016-06-22,P,2.05,2016-01-12
14234,2016-05-16 10:45:00,2016-05-16,0.0476,1902.0,4.0,14741.0,0.0475,0.0476,0.0474,10000530,2016-06-22,2016-06-22,P,2.05,2016-01-12
14235,2016-05-16 10:46:00,2016-05-16,0.0477,7626.0,16.0,14745.0,0.0476,0.0476,0.0476,10000530,2016-06-22,2016-06-22,P,2.05,2016-01-12
14236,2016-05-16 10:47:00,2016-05-16,0.0476,22741.0,48.0,14738.0,0.0476,0.0471,0.0471,10000530,2016-06-22,2016-06-22,P,2.05,2016-01-12
14237,2016-05-16 10:48:00,2016-05-16,0.0471,9420.0,20.0,14728.0,0.0471,0.0471,0.0471,10000530,2016-06-22,2016-06-22,P,2.05,2016-01-12
14238,2016-05-16 10:49:00,2016-05-16,0.0471,27215.0,58.0,14774.0,0.0471,0.0468,0.0468,10000530,2016-06-22,2016-06-22,P,2.05,2016-01-12
14239,2016-05-16 10:50:00,2016-05-16,0.0468,44444.0,96.0,14776.0,0.0468,0.0459,0.0459,10000530,2016-06-22,2016-06-22,P,2.05,2016-01-12
14240,2016-05-16 10:51:00,2016-05-16,0.0461,68228.0,152.0,14818.0,0.0459,0.0444,0.0444,10000530,2016-06-22,2016-06-22,P,2.05,2016-01-12
14241,2016-05-16 10:52:00,2016-05-16,0.0446,20000.0,45.0,14818.0,0.0444,0.0444,0.0444,10000530,2016-06-22,2016-06-22,P,2.05,2016-01-12
14242,2016-05-16 10:53:00,2016-05-16,0.0446,8891.0,20.0,14827.0,0.0444,0.0445,0.0444,10000530,2016-06-22,2016-06-22,P,2.05,2016-01-12
14243,2016-05-16 10:54:00,2016-05-16,0.0445,4440.0,10.0,14837.0,0.0445,0.0444,0.0444,10000530,2016-06-22,2016-06-22,P,2.05,2016-01-12
14244,2016-05-16 10:55:00,2016-05-16,0.0444,6608.0,15.0,14835.0,0.0444,0.044,0.044,10000530,2016-06-22,2016-06-22,P,2.05,2016-01-12
14245,2016-05-16 10:56:00,2016-05-16,0.044,16848.0,39.0,14871.0,0.044,0.0432,0.0427,10000530,2016-06-22,2016-06-22,P,2.05,2016-01-12
14246,2016-05-16 10:57:00,2016-05-16,0.0432,0.0,0.0,14871.0,0.0432,0.0432,0.0432,10000530,2016-06-22,2016-06-22,P,2.05,2016-01-12
14247,2016-05-16 10:58:00,2016-05-16,0.0432,19188.0,45.0,14911.0,0.0432,0.0424,0.0424,10000530,2016-06-22,2016-06-22,P,2.05,2016-01-12
14248,2016-05-16 10:59:00,2016-05-16,0.0424,30708.0,73.0,14973.0,0.0423,0.0415,0.0415,10000530,2016-06-22,2016-06-22,P,2.05,2016-01-12
14249,2016-05-16 11:00:00,2016-05-16,0.0416,30358.0,74.0,15012.0,0.0415,0.0408,0.0408,10000530,2016-06-22,2016-06-22,P,2.05,2016-01-12
14250,2016-05-16 11:01:00,2016-05-16,0.0415,11775.0,29.0,15008.0,0.0408,0.0407,0.0401,10000530,2016-06-22,2016-06-22,P,2.05,2016-01-12
14251,2016-05-16 11:02:00,2016-05-16,0.0414,826.0,2.0,15006.0,0.0407,0.0412,0.0407,10000530,2016-06-22,2016-06-22,P,2.05,2016-01-12
14252,2016-05-16 11:03:00,2016-05-16,0.0412,0.0,0.0,15006.0,0.0412,0.0412,0.0412,10000530,2016-06-22,2016-06-22,P,2.05,2016-01-12
14253,2016-05-16 11:04:00,2016-05-16,0.0414,8672.0,21.0,15005.0,0.0412,0.0412,0.0412,10000530,2016-06-22,2016-06-22,P,2.05,2016-01-12
14254,2016-05-16 11:05:00,2016-05-16,0.0415,8712.0,21.0,15005.0,0.0412,0.0415,0.0412,10000530,2016-06-22,2016-06-22,P,2.05,2016-01-12
14255,2016-05-16 11:06:00,2016-05-16,0.0415,4120.0,10.0,15006.0,0.0415,0.0412,0.0412,10000530,2016-06-22,2016-06-22,P,2.05,2016-01-12
14256,2016-05-16 11:07:00,2016-05-16,0.0419,8380.0,20.0,15006.0,0.0412,0.0419,0.0412,10000530,2016-06-22,2016-06-22,P,2.05,2016-01-12
14257,2016-05-16 11:08:00,2016-05-16,0.0421,2518.0,6.0,15006.0,0.0419,0.0413,0.0413,10000530,2016-06-22,2016-06-22,P,2.05,2016-01-12
14258,2016-05-16 11:09:00,2016-05-16,0.0413,7423.0,18.0,15020.0,0.0413,0.0411,0.0411,10000530,2016-06-22,2016-06-22,P,2.05,2016-01-12
14259,2016-05-16 11:10:00,2016-05-16,0.0411,3280.0,8.0,15021.0,0.0411,0.041,0.041,10000530,2016-06-22,2016-06-22,P,2.05,2016-01-12
14260,2016-05-16 11:11:00,2016-05-16,0.041,0.0,0.0,15021.0,0.041,0.041,0.041,10000530,2016-06-22,2016-06-22,P,2.05,2016-01-12
14261,2016-05-16 11:12:00,2016-05-16,0.0415,12450.0,30.0,15051.0,0.041,0.0415,0.041,10000530,2016-06-22,2016-06-22,P,2.05,2016-01-12
14262,2016-05-16 11:13:00,2016-05-16,0.0421,4210.0,10.0,15046.0,0.0415,0.0421,0.0415,10000530,2016-06-22,2016-06-22,P,2.05,2016-01-12
14263,2016-05-16 11:14:00,2016-05-16,0.0421,1660.0,4.0,15050.0,0.0421,0.0415,0.0415,10000530,2016-06-22,2016-06-22,P,2.05,2016-01-12
14264,2016-05-16 11:15:00,2016-05-16,0.0417,4170.0,10.0,15050.0,0.0415,0.0417,0.0415,10000530,2016-06-22,2016-06-22,P,2.05,2016-01-12
14265,2016-05-16 11:16:00,2016-05-16,0.042,4615.0,11.0,15052.0,0.0417,0.0415,0.0415,10000530,2016-06-22,2016-06-22,P,2.05,2016-01-12
14266,2016-05-16 11:17:00,2016-05-16,0.042,8350.0,20.0,15062.0,0.0415,0.042,0.0415,10000530,2016-06-22,2016-06-22,P,2.05,2016-01-12
14267,2016-05-16 11:18:00,2016-05-16,0.042,1677.0,4.0,15059.0,0.0417,0.042,0.0417,10000530,2016-06-22,2016-06-22,P,2.05,2016-01-12
14268,2016-05-16 11:19:00,2016-05-16,0.042,0.0,0.0,15059.0,0.042,0.042,0.042,10000530,2016-06-22,2016-06-22,P,2.05,2016-01-12
14269,2016-05-16 11:20:00,2016-05-16,0.042,0.0,0.0,15059.0,0.042,0.042,0.042,10000530,2016-06-22,2016-06-22,P,2.05,2016-01-12
14270,2016-05-16 11:21:00,2016-05-16,0.0418,17085.0,41.0,15069.0,0.0418,0.0415,0.0415,10000530,2016-06-22,2016-06-22,P,2.05,2016-01-12
14271,2016-05-16 11:22:00,2016-05-16,0.0418,828.0,2.0,15068.0,0.0415,0.0418,0.041,10000530,2016-06-22,2016-06-22,P,2.05,2016-01-12
14272,2016-05-16 11:23:00,2016-05-16,0.0418,0.0,0.0,15068.0,0.0418,0.0418,0.0418,10000530,2016-06-22,2016-06-22,P,2.05,2016-01-12
14273,2016-05-16 11:24:00,2016-05-16,0.0418,0.0,0.0,15068.0,0.0418,0.0418,0.0418,10000530,2016-06-22,2016-06-22,P,2.05,2016-01-12
14274,2016-05-16 11:25:00,2016-05-16,0.0418,0.0,0.0,15068.0,0.0418,0.0418,0.0418,10000530,2016-06-22,2016-06-22,P,2.05,2016-01-12
14275,2016-05-16 11:26:00,2016-05-16,0.0418,4180.0,10.0,15068.0,0.0418,0.0418,0.0418,10000530,2016-06-22,2016-06-22,P,2.05,2016-01-12
14276,2016-05-16 11:27:00,2016-05-16,0.0418,0.0,0.0,15068.0,0.0418,0.0418,0.0418,10000530,2016-06-22,2016-06-22,P,2.05,2016-01-12
14277,2016-05-16 11:28:00,2016-05-16,0.0418,4150.0,10.0,15078.0,0.0418,0.0415,0.0415,10000530,2016-06-22,2016-06-22,P,2.05,2016-01-12
14278,2016-05-16 11:29:00,2016-05-16,0.0415,8220.0,20.0,15078.0,0.0415,0.0411,0.0411,10000530,2016-06-22,2016-06-22,P,2.05,2016-01-12
14279,2016-05-16 11:30:00,2016-05-16,0.0411,4110.0,10.0,15078.0,0.0411,0.0411,0.0411,10000530,2016-06-22,2016-06-22,P,2.05,2016-01-12
14280,2016-05-16 13:01:00,2016-05-16,0.041,1640.0,4.0,15082.0,0.041,0.041,0.041,10000530,2016-06-22,2016-06-22,P,2.05,2016-01-12
14281,2016-05-16 13:02:00,2016-05-16,0.0423,4647.0,11.0,15086.0,0.042,0.0423,0.042,10000530,2016-06-22,2016-06-22,P,2.05,2016-01-12
14282,2016-05-16 13:03:00,2016-05-16,0.0423,0.0,0.0,15086.0,0.0423,0.0423,0.0423,10000530,2016-06-22,2016-06-22,P,2.05,2016-01-12
14283,2016-05-16 13:04:00,2016-05-16,0.0423,0.0,0.0,15086.0,0.0423,0.0423,0.0423,10000530,2016-06-22,2016-06-22,P,2.05,2016-01-12
14284,2016-05-16 13:05:00,2016-05-16,0.0423,0.0,0.0,15086.0,0.0423,0.0423,0.0423,10000530,2016-06-22,2016-06-22,P,2.05,2016-01-12
14285,2016-05-16 13:06:00,2016-05-16,0.0423,4200.0,10.0,15086.0,0.0423,0.042,0.042,10000530,2016-06-22,2016-06-22,P,2.05,2016-01-12
14286,2016-05-16 13:07:00,2016-05-16,0.042,0.0,0.0,15086.0,0.042,0.042,0.042,10000530,2016-06-22,2016-06-22,P,2.05,2016-01-12
14287,2016-05-16 13:08:00,2016-05-16,0.042,0.0,0.0,15086.0,0.042,0.042,0.042,10000530,2016-06-22,2016-06-22,P,2.05,2016-01-12
14288,2016-05-16 13:09:00,2016-05-16,0.042,8768.0,21.0,15106.0,0.042,0.0417,0.0417,10000530,2016-06-22,2016-06-22,P,2.05,2016-01-12
14289,2016-05-16 13:10:00,2016-05-16,0.0417,0.0,0.0,15106.0,0.0417,0.0417,0.0417,10000530,2016-06-22,2016-06-22,P,2.05,2016-01-12
14290,2016-05-16 13:11:00,2016-05-16,0.0417,8714.0,21.0,15116.0,0.0417,0.0414,0.0414,10000530,2016-06-22,2016-06-22,P,2.05,2016-01-12
14291,2016-05-16 13:12:00,2016-05-16,0.0419,8340.0,20.0,15136.0,0.0414,0.0419,0.0414,10000530,2016-06-22,2016-06-22,P,2.05,2016-01-12
14292,2016-05-16 13:13:00,2016-05-16,0.0419,0.0,0.0,15136.0,0.0419,0.0419,0.0419,10000530,2016-06-22,2016-06-22,P,2.05,2016-01-12
14293,2016-05-16 13:14:00,2016-05-16,0.0421,421.0,1.0,15137.0,0.0419,0.0421,0.0419,10000530,2016-06-22,2016-06-22,P,2.05,2016-01-12
14294,2016-05-16 13:15:00,2016-05-16,0.0421,0.0,0.0,15137.0,0.0421,0.0421,0.0421,10000530,2016-06-22,2016-06-22,P,2.05,2016-01-12
14295,2016-05-16 13:16:00,2016-05-16,0.0421,5052.0,12.0,15146.0,0.0421,0.0421,0.0421,10000530,2016-06-22,2016-06-22,P,2.05,2016-01-12
14296,2016-05-16 13:17:00,2016-05-16,0.0421,2095.0,5.0,15146.0,0.0421,0.0419,0.0419,10000530,2016-06-22,2016-06-22,P,2.05,2016-01-12
14297,2016-05-16 13:18:00,2016-05-16,0.0419,0.0,0.0,15146.0,0.0419,0.0419,0.0419,10000530,2016-06-22,2016-06-22,P,2.05,2016-01-12
14298,2016-05-16 13:19:00,2016-05-16,0.042,840.0,2.0,15148.0,0.0419,0.042,0.0419,10000530,2016-06-22,2016-06-22,P,2.05,2016-01-12
14299,2016-05-16 13:20:00,2016-05-16,0.0422,12214.0,29.0,15158.0,0.042,0.0419,0.0419,10000530,2016-06-22,2016-06-22,P,2.05,2016-01-12
14300,2016-05-16 13:21:00,2016-05-16,0.0423,9306.0,22.0,15173.0,0.0419,0.0423,0.0419,10000530,2016-06-22,2016-06-22,P,2.05,2016-01-12
14301,2016-05-16 13:22:00,2016-05-16,0.0423,3384.0,8.0,15171.0,0.0423,0.0423,0.0423,10000530,2016-06-22,2016-06-22,P,2.05,2016-01-12
14302,2016-05-16 13:23:00,2016-05-16,0.0428,3424.0,8.0,15171.0,0.0423,0.0428,0.0423,10000530,2016-06-22,2016-06-22,P,2.05,2016-01-12
14303,2016-05-16 13:24:00,2016-05-16,0.0428,1278.0,3.0,15174.0,0.0428,0.0426,0.0426,10000530,2016-06-22,2016-06-22,P,2.05,2016-01-12
14304,2016-05-16 13:25:00,2016-05-16,0.0428,2140.0,5.0,15179.0,0.0426,0.0428,0.0426,10000530,2016-06-22,2016-06-22,P,2.05,2016-01-12
14305,2016-05-16 13:26:00,2016-05-16,0.0432,864.0,2.0,15181.0,0.0428,0.0432,0.0428,10000530,2016-06-22,2016-06-22,P,2.05,2016-01-12
14306,2016-05-16 13:27:00,2016-05-16,0.0435,9560.0,22.0,15171.0,0.0434,0.0435,0.0434,10000530,2016-06-22,2016-06-22,P,2.05,2016-01-12
14307,2016-05-16 13:28:00,2016-05-16,0.0435,16718.0,39.0,15208.0,0.0435,0.0427,0.0427,10000530,2016-06-22,2016-06-22,P,2.05,2016-01-12
14308,2016-05-16 13:29:00,2016-05-16,0.0433,866.0,2.0,15208.0,0.0427,0.0433,0.0427,10000530,2016-06-22,2016-06-22,P,2.05,2016-01-12
14309,2016-05-16 13:30:00,2016-05-16,0.0433,433.0,1.0,15207.0,0.0433,0.0433,0.0433,10000530,2016-06-22,2016-06-22,P,2.05,2016-01-12
14310,2016-05-16 13:31:00,2016-05-16,0.0433,427.0,1.0,15207.0,0.0433,0.0427,0.0427,10000530,2016-06-22,2016-06-22,P,2.05,2016-01-12
14311,2016-05-16 13:32:00,2016-05-16,0.0427,0.0,0.0,15207.0,0.0427,0.0427,0.0427,10000530,2016-06-22,2016-06-22,P,2.05,2016-01-12
14312,2016-05-16 13:33:00,2016-05-16,0.0426,2130.0,5.0,15212.0,0.0426,0.0426,0.0426,10000530,2016-06-22,2016-06-22,P,2.05,2016-01-12
14313,2016-05-16 13:34:00,2016-05-16,0.0426,426.0,1.0,15213.0,0.0426,0.0426,0.0426,10000530,2016-06-22,2016-06-22,P,2.05,2016-01-12
14314,2016-05-16 13:35:00,2016-05-16,0.0426,2556.0,6.0,15219.0,0.0426,0.0426,0.0426,10000530,2016-06-22,2016-06-22,P,2.05,2016-01-12
14315,2016-05-16 13:36:00,2016-05-16,0.0429,5547.0,13.0,15229.0,0.0426,0.0426,0.0426,10000530,2016-06-22,2016-06-22,P,2.05,2016-01-12
14316,2016-05-16 13:37:00,2016-05-16,0.0426,0.0,0.0,15229.0,0.0426,0.0426,0.0426,10000530,2016-06-22,2016-06-22,P,2.05,2016-01-12
14317,2016-05-16 13:38:00,2016-05-16,0.0427,1281.0,3.0,15232.0,0.0426,0.0427,0.0426,10000530,2016-06-22,2016-06-22,P,2.05,2016-01-12
14318,2016-05-16 13:39:00,2016-05-16,0.0427,7663.0,18.0,15250.0,0.0427,0.0425,0.0425,10000530,2016-06-22,2016-06-22,P,2.05,2016-01-12
14319,2016-05-16 13:40:00,2016-05-16,0.0425,0.0,0.0,15250.0,0.0425,0.0425,0.0425,10000530,2016-06-22,2016-06-22,P,2.05,2016-01-12
14320,2016-05-16 13:41:00,2016-05-16,0.0425,0.0,0.0,15250.0,0.0425,0.0425,0.0425,10000530,2016-06-22,2016-06-22,P,2.05,2016-01-12
14321,2016-05-16 13:42:00,2016-05-16,0.0425,0.0,0.0,15250.0,0.0425,0.0425,0.0425,10000530,2016-06-22,2016-06-22,P,2.05,2016-01-12
14322,2016-05-16 13:43:00,2016-05-16,0.0425,5473.0,13.0,15258.0,0.0425,0.0419,0.0419,10000530,2016-06-22,2016-06-22,P,2.05,2016-01-12
14323,2016-05-16 13:44:00,2016-05-16,0.0419,419.0,1.0,15259.0,0.0419,0.0419,0.0419,10000530,2016-06-22,2016-06-22,P,2.05,2016-01-12
14324,2016-05-16 13:45:00,2016-05-16,0.0423,3384.0,8.0,15259.0,0.0419,0.0423,0.0419,10000530,2016-06-22,2016-06-22,P,2.05,2016-01-12
14325,2016-05-16 13:46:00,2016-05-16,0.0421,9200.0,22.0,15279.0,0.0415,0.0416,0.0415,10000530,2016-06-22,2016-06-22,P,2.05,2016-01-12
14326,2016-05-16 13:47:00,2016-05-16,0.0416,4140.0,10.0,15289.0,0.0416,0.0414,0.0414,10000530,2016-06-22,2016-06-22,P,2.05,2016-01-12
14327,2016-05-16 13:48:00,2016-05-16,0.042,4200.0,10.0,15299.0,0.0414,0.042,0.0414,10000530,2016-06-22,2016-06-22,P,2.05,2016-01-12
14328,2016-05-16 13:49:00,2016-05-16,0.0423,8410.0,20.0,15308.0,0.042,0.0423,0.0418,10000530,2016-06-22,2016-06-22,P,2.05,2016-01-12
14329,2016-05-16 13:50:00,2016-05-16,0.0424,12670.0,30.0,15317.0,0.042,0.0424,0.042,10000530,2016-06-22,2016-06-22,P,2.05,2016-01-12
14330,2016-05-16 13:51:00,2016-05-16,0.0424,4230.0,10.0,15327.0,0.0424,0.0423,0.0423,10000530,2016-06-22,2016-06-22,P,2.05,2016-01-12
14331,2016-05-16 13:52:00,2016-05-16,0.0427,7630.0,18.0,15320.0,0.0423,0.042,0.042,10000530,2016-06-22,2016-06-22,P,2.05,2016-01-12
14332,2016-05-16 13:53:00,2016-05-16,0.042,420.0,1.0,15319.0,0.042,0.042,0.042,10000530,2016-06-22,2016-06-22,P,2.05,2016-01-12
14333,2016-05-16 13:54:00,2016-05-16,0.0421,4190.0,10.0,15325.0,0.0421,0.0418,0.0418,10000530,2016-06-22,2016-06-22,P,2.05,2016-01-12
14334,2016-05-16 13:55:00,2016-05-16,0.0418,8219.0,20.0,15341.0,0.0418,0.041,0.041,10000530,2016-06-22,2016-06-22,P,2.05,2016-01-12
14335,2016-05-16 13:56:00,2016-05-16,0.041,4090.0,10.0,15351.0,0.041,0.0409,0.0409,10000530,2016-06-22,2016-06-22,P,2.05,2016-01-12
14336,2016-05-16 13:57:00,2016-05-16,0.0409,8543.0,21.0,15370.0,0.0409,0.0406,0.0406,10000530,2016-06-22,2016-06-22,P,2.05,2016-01-12
14337,2016-05-16 13:58:00,2016-05-16,0.0409,14666.0,36.0,15395.0,0.0406,0.0408,0.0406,10000530,2016-06-22,2016-06-22,P,2.05,2016-01-12
14338,2016-05-16 13:59:00,2016-05-16,0.0408,1221.0,3.0,15397.0,0.0408,0.0405,0.0405,10000530,2016-06-22,2016-06-22,P,2.05,2016-01-12
14339,2016-05-16 14:00:00,2016-05-16,0.0415,4150.0,10.0,15397.0,0.0405,0.0415,0.0405,10000530,2016-06-22,2016-06-22,P,2.05,2016-01-12
14340,2016-05-16 14:01:00,2016-05-16,0.0415,0.0,0.0,15397.0,0.0415,0.0415,0.0415,10000530,2016-06-22,2016-06-22,P,2.05,2016-01-12
14341,2016-05-16 14:02:00,2016-05-16,0.0415,0.0,0.0,15397.0,0.0415,0.0415,0.0415,10000530,2016-06-22,2016-06-22,P,2.05,2016-01-12
14342,2016-05-16 14:03:00,2016-05-16,0.0415,0.0,0.0,15397.0,0.0415,0.0415,0.0415,10000530,2016-06-22,2016-06-22,P,2.05,2016-01-12
14343,2016-05-16 14:04:00,2016-05-16,0.0415,0.0,0.0,15397.0,0.0415,0.0415,0.0415,10000530,2016-06-22,2016-06-22,P,2.05,2016-01-12
14344,2016-05-16 14:05:00,2016-05-16,0.0417,2913.0,7.0,15398.0,0.0415,0.0417,0.0415,10000530,2016-06-22,2016-06-22,P,2.05,2016-01-12
14345,2016-05-16 14:06:00,2016-05-16,0.0417,0.0,0.0,15398.0,0.0417,0.0417,0.0417,10000530,2016-06-22,2016-06-22,P,2.05,2016-01-12
14346,2016-05-16 14:07:00,2016-05-16,0.0417,0.0,0.0,15398.0,0.0417,0.0417,0.0417,10000530,2016-06-22,2016-06-22,P,2.05,2016-01-12
14347,2016-05-16 14:08:00,2016-05-16,0.0417,6672.0,16.0,15398.0,0.0417,0.0417,0.0417,10000530,2016-06-22,2016-06-22,P,2.05,2016-01-12
14348,2016-05-16 14:09:00,2016-05-16,0.0418,833.0,2.0,15400.0,0.0417,0.0415,0.0415,10000530,2016-06-22,2016-06-22,P,2.05,2016-01-12
14349,2016-05-16 14:10:00,2016-05-16,0.0418,8360.0,20.0,15389.0,0.0415,0.0418,0.0415,10000530,2016-06-22,2016-06-22,P,2.05,2016-01-12
14350,2016-05-16 14:11:00,2016-05-16,0.042,2100.0,5.0,15394.0,0.0418,0.042,0.0418,10000530,2016-06-22,2016-06-22,P,2.05,2016-01-12
14351,2016-05-16 14:12:00,2016-05-16,0.042,0.0,0.0,15394.0,0.042,0.042,0.042,10000530,2016-06-22,2016-06-22,P,2.05,2016-01-12
14352,2016-05-16 14:13:00,2016-05-16,0.042,832.0,2.0,15396.0,0.042,0.0416,0.0416,10000530,2016-06-22,2016-06-22,P,2.05,2016-01-12
14353,2016-05-16 14:14:00,2016-05-16,0.0416,416.0,1.0,15397.0,0.0416,0.0416,0.0416,10000530,2016-06-22,2016-06-22,P,2.05,2016-01-12
14354,2016-05-16 14:15:00,2016-05-16,0.0427,16871.0,40.0,15406.0,0.0416,0.0427,0.0416,10000530,2016-06-22,2016-06-22,P,2.05,2016-01-12
14355,2016-05-16 14:16:00,2016-05-16,0.0439,36836.0,85.0,15411.0,0.0427,0.0439,0.0427,10000530,2016-06-22,2016-06-22,P,2.05,2016-01-12
14356,2016-05-16 14:17:00,2016-05-16,0.0442,30660.0,70.0,15440.0,0.0439,0.0439,0.0433,10000530,2016-06-22,2016-06-22,P,2.05,2016-01-12
14357,2016-05-16 14:18:00,2016-05-16,0.0439,0.0,0.0,15440.0,0.0439,0.0439,0.0439,10000530,2016-06-22,2016-06-22,P,2.05,2016-01-12
14358,2016-05-16 14:19:00,2016-05-16,0.0439,0.0,0.0,15440.0,0.0439,0.0439,0.0439,10000530,2016-06-22,2016-06-22,P,2.05,2016-01-12
14359,2016-05-16 14:20:00,2016-05-16,0.0439,0.0,0.0,15440.0,0.0439,0.0439,0.0439,10000530,2016-06-22,2016-06-22,P,2.05,2016-01-12
14360,2016-05-16 14:21:00,2016-05-16,0.0439,6491.0,15.0,15455.0,0.0439,0.0431,0.043,10000530,2016-06-22,2016-06-22,P,2.05,2016-01-12
14361,2016-05-16 14:22:00,2016-05-16,0.0439,439.0,1.0,15455.0,0.0431,0.0439,0.0431,10000530,2016-06-22,2016-06-22,P,2.05,2016-01-12
14362,2016-05-16 14:23:00,2016-05-16,0.0439,5233.0,12.0,15462.0,0.0434,0.0439,0.0434,10000530,2016-06-22,2016-06-22,P,2.05,2016-01-12
14363,2016-05-16 14:24:00,2016-05-16,0.0439,0.0,0.0,15462.0,0.0439,0.0439,0.0439,10000530,2016-06-22,2016-06-22,P,2.05,2016-01-12
14364,2016-05-16 14:25:00,2016-05-16,0.0439,430.0,1.0,15463.0,0.0439,0.043,0.043,10000530,2016-06-22,2016-06-22,P,2.05,2016-01-12
14365,2016-05-16 14:26:00,2016-05-16,0.043,4300.0,10.0,15473.0,0.043,0.043,0.043,10000530,2016-06-22,2016-06-22,P,2.05,2016-01-12
14366,2016-05-16 14:27:00,2016-05-16,0.0432,864.0,2.0,15475.0,0.043,0.0432,0.043,10000530,2016-06-22,2016-06-22,P,2.05,2016-01-12
14367,2016-05-16 14:28:00,2016-05-16,0.0432,0.0,0.0,15475.0,0.0432,0.0432,0.0432,10000530,2016-06-22,2016-06-22,P,2.05,2016-01-12
14368,2016-05-16 14:29:00,2016-05-16,0.0432,5577.0,13.0,15488.0,0.0432,0.0428,0.0428,10000530,2016-06-22,2016-06-22,P,2.05,2016-01-12
14369,2016-05-16 14:30:00,2016-05-16,0.0428,4668.0,11.0,15498.0,0.0428,0.0428,0.0424,10000530,2016-06-22,2016-06-22,P,2.05,2016-01-12
14370,2016-05-16 14:31:00,2016-05-16,0.0428,0.0,0.0,15498.0,0.0428,0.0428,0.0428,10000530,2016-06-22,2016-06-22,P,2.05,2016-01-12
14371,2016-05-16 14:32:00,2016-05-16,0.0428,12490.0,30.0,15508.0,0.0428,0.0415,0.0415,10000530,2016-06-22,2016-06-22,P,2.05,2016-01-12
14372,2016-05-16 14:33:00,2016-05-16,0.0415,8300.0,20.0,15508.0,0.0415,0.0415,0.0415,10000530,2016-06-22,2016-06-22,P,2.05,2016-01-12
14373,2016-05-16 14:34:00,2016-05-16,0.0415,0.0,0.0,15508.0,0.0415,0.0415,0.0415,10000530,2016-06-22,2016-06-22,P,2.05,2016-01-12
14374,2016-05-16 14:35:00,2016-05-16,0.0415,0.0,0.0,15508.0,0.0415,0.0415,0.0415,10000530,2016-06-22,2016-06-22,P,2.05,2016-01-12
14375,2016-05-16 14:36:00,2016-05-16,0.0416,4992.0,12.0,15520.0,0.0415,0.0416,0.0415,10000530,2016-06-22,2016-06-22,P,2.05,2016-01-12
14376,2016-05-16 14:37:00,2016-05-16,0.0416,16449.0,40.0,15553.0,0.0416,0.0408,0.0408,10000530,2016-06-22,2016-06-22,P,2.05,2016-01-12
14377,2016-05-16 14:38:00,2016-05-16,0.041,8190.0,20.0,15570.0,0.0408,0.0409,0.0408,10000530,2016-06-22,2016-06-22,P,2.05,2016-01-12
14378,2016-05-16 14:39:00,2016-05-16,0.0409,12150.0,30.0,15565.0,0.0409,0.0406,0.0403,10000530,2016-06-22,2016-06-22,P,2.05,2016-01-12
14379,2016-05-16 14:40:00,2016-05-16,0.0406,2436.0,6.0,15571.0,0.0406,0.0406,0.0406,10000530,2016-06-22,2016-06-22,P,2.05,2016-01-12
14380,2016-05-16 14:41:00,2016-05-16,0.0406,8120.0,20.0,15591.0,0.0406,0.0406,0.0406,10000530,2016-06-22,2016-06-22,P,2.05,2016-01-12
14381,2016-05-16 14:42:00,2016-05-16,0.0411,4110.0,10.0,15591.0,0.0406,0.0411,0.0406,10000530,2016-06-22,2016-06-22,P,2.05,2016-01-12
14382,2016-05-16 14:43:00,2016-05-16,0.0412,5744.0,14.0,15592.0,0.0411,0.0412,0.041,10000530,2016-06-22,2016-06-22,P,2.05,2016-01-12
14383,2016-05-16 14:44:00,2016-05-16,0.0412,4100.0,10.0,15601.0,0.0412,0.041,0.041,10000530,2016-06-22,2016-06-22,P,2.05,2016-01-12
14384,2016-05-16 14:45:00,2016-05-16,0.0411,411.0,1.0,15602.0,0.041,0.0411,0.041,10000530,2016-06-22,2016-06-22,P,2.05,2016-01-12
14385,2016-05-16 14:46:00,2016-05-16,0.0411,6145.0,15.0,15607.0,0.0411,0.0409,0.0409,10000530,2016-06-22,2016-06-22,P,2.05,2016-01-12
14386,2016-05-16 14:47:00,2016-05-16,0.0411,15929.0,39.0,15627.0,0.0409,0.0408,0.0408,10000530,2016-06-22,2016-06-22,P,2.05,2016-01-12
14387,2016-05-16 14:48:00,2016-05-16,0.0413,9486.0,23.0,15640.0,0.0408,0.0412,0.0408,10000530,2016-06-22,2016-06-22,P,2.05,2016-01-12
14388,2016-05-16 14:49:00,2016-05-16,0.0412,3296.0,8.0,15643.0,0.0412,0.0412,0.0412,10000530,2016-06-22,2016-06-22,P,2.05,2016-01-12
14389,2016-05-16 14:50:00,2016-05-16,0.0412,8994.0,22.0,15643.0,0.0412,0.0407,0.0407,10000530,2016-06-22,2016-06-22,P,2.05,2016-01-12
14390,2016-05-16 14:51:00,2016-05-16,0.0407,8140.0,20.0,15633.0,0.0407,0.0407,0.0407,10000530,2016-06-22,2016-06-22,P,2.05,2016-01-12
14391,2016-05-16 14:52:00,2016-05-16,0.0407,4843.0,12.0,15644.0,0.0407,0.0406,0.0403,10000530,2016-06-22,2016-06-22,P,2.05,2016-01-12
14392,2016-05-16 14:53:00,2016-05-16,0.0407,8915.0,22.0,15647.0,0.0406,0.0407,0.0404,10000530,2016-06-22,2016-06-22,P,2.05,2016-01-12
14393,2016-05-16 14:54:00,2016-05-16,0.0408,10923.0,27.0,15651.0,0.0407,0.0408,0.0403,10000530,2016-06-22,2016-06-22,P,2.05,2016-01-12
14394,2016-05-16 14:55:00,2016-05-16,0.0409,8120.0,20.0,15651.0,0.0409,0.0403,0.0403,10000530,2016-06-22,2016-06-22,P,2.05,2016-01-12
14395,2016-05-16 14:56:00,2016-05-16,0.0408,2040.0,5.0,15655.0,0.0403,0.0408,0.0403,10000530,2016-06-22,2016-06-22,P,2.05,2016-01-12
14396,2016-05-16 14:57:00,2016-05-16,0.0412,14320.0,35.0,15670.0,0.0408,0.0406,0.0406,10000530,2016-06-22,2016-06-22,P,2.05,2016-01-12
14397,2016-05-16 14:58:00,2016-05-16,0.0406,0.0,0.0,15670.0,0.0406,0.0406,0.0406,10000530,2016-06-22,2016-06-22,P,2.05,2016-01-12
14398,2016-05-16 14:59:00,2016-05-16,0.0406,0.0,0.0,15670.0,0.0406,0.0406,0.0406,10000530,2016-06-22,2016-06-22,P,2.05,2016-01-12
14399,2016-05-16 15:00:00,2016-05-16,0.0406,0.0,0.0,15670.0,0.0406,0.0406,0.0406,10000530,2016-06-22,2016-06-22,P,2.05,2016-01-12
14400,2016-05-16 09:31:00,2016-05-16,0.0308,9519.0,32.0,16139.0,0.0291,0.0302,0.029,10000536,2016-06-22,2016-06-22,P,2.0,2016-01-14
14401,2016-05-16 09:32:00,2016-05-16,0.0302,22194.0,76.0,16146.0,0.0302,0.0294,0.029,10000536,2016-06-22,2016-06-22,P,2.0,2016-01-14
14402,2016-05-16 09:33:00,2016-05-16,0.0295,8490.0,29.0,16151.0,0.0294,0.029,0.029,10000536,2016-06-22,2016-06-22,P,2.0,2016-01-14
14403,2016-05-16 09:34:00,2016-05-16,0.0294,21585.0,74.0,16136.0,0.029,0.029,0.029,10000536,2016-06-22,2016-06-22,P,2.0,2016-01-14
14404,2016-05-16 09:35:00,2016-05-16,0.0292,12395.0,43.0,16120.0,0.029,0.0287,0.0287,10000536,2016-06-22,2016-06-22,P,2.0,2016-01-14
14405,2016-05-16 09:36:00,2016-05-16,0.0286,20325.0,72.0,16113.0,0.0286,0.0278,0.0278,10000536,2016-06-22,2016-06-22,P,2.0,2016-01-14
14406,2016-05-16 09:37:00,2016-05-16,0.0283,10358.0,37.0,16112.0,0.0278,0.0278,0.0277,10000536,2016-06-22,2016-06-22,P,2.0,2016-01-14
14407,2016-05-16 09:38:00,2016-05-16,0.028,20410.0,73.0,16117.0,0.0278,0.028,0.0278,10000536,2016-06-22,2016-06-22,P,2.0,2016-01-14
14408,2016-05-16 09:39:00,2016-05-16,0.028,16790.0,60.0,16147.0,0.028,0.028,0.0279,10000536,2016-06-22,2016-06-22,P,2.0,2016-01-14
14409,2016-05-16 09:40:00,2016-05-16,0.028,5880.0,21.0,16138.0,0.028,0.028,0.028,10000536,2016-06-22,2016-06-22,P,2.0,2016-01-14
14410,2016-05-16 09:41:00,2016-05-16,0.0285,3687.0,13.0,16134.0,0.028,0.0285,0.028,10000536,2016-06-22,2016-06-22,P,2.0,2016-01-14
14411,2016-05-16 09:42:00,2016-05-16,0.0287,2009.0,7.0,16127.0,0.0285,0.0287,0.0285,10000536,2016-06-22,2016-06-22,P,2.0,2016-01-14
14412,2016-05-16 09:43:00,2016-05-16,0.0287,1425.0,5.0,16132.0,0.0287,0.0285,0.0285,10000536,2016-06-22,2016-06-22,P,2.0,2016-01-14
14413,2016-05-16 09:44:00,2016-05-16,0.0285,9975.0,35.0,16132.0,0.0285,0.0285,0.0285,10000536,2016-06-22,2016-06-22,P,2.0,2016-01-14
14414,2016-05-16 09:45:00,2016-05-16,0.0285,5985.0,21.0,16111.0,0.0285,0.0285,0.0285,10000536,2016-06-22,2016-06-22,P,2.0,2016-01-14
14415,2016-05-16 09:46:00,2016-05-16,0.0287,12837.0,45.0,16082.0,0.0285,0.0287,0.0285,10000536,2016-06-22,2016-06-22,P,2.0,2016-01-14
14416,2016-05-16 09:47:00,2016-05-16,0.029,10115.0,35.0,16082.0,0.0287,0.029,0.0287,10000536,2016-06-22,2016-06-22,P,2.0,2016-01-14
14417,2016-05-16 09:48:00,2016-05-16,0.0292,17759.0,61.0,16050.0,0.029,0.0292,0.0289,10000536,2016-06-22,2016-06-22,P,2.0,2016-01-14
14418,2016-05-16 09:49:00,2016-05-16,0.0292,9287.0,32.0,16063.0,0.0292,0.0291,0.0288,10000536,2016-06-22,2016-06-22,P,2.0,2016-01-14
14419,2016-05-16 09:50:00,2016-05-16,0.0293,4086.0,14.0,16072.0,0.0291,0.0293,0.0289,10000536,2016-06-22,2016-06-22,P,2.0,2016-01-14
14420,2016-05-16 09:51:00,2016-05-16,0.0293,288.0,1.0,16073.0,0.0293,0.0288,0.0288,10000536,2016-06-22,2016-06-22,P,2.0,2016-01-14
14421,2016-05-16 09:52:00,2016-05-16,0.0291,4913.0,17.0,16089.0,0.0288,0.0291,0.0288,10000536,2016-06-22,2016-06-22,P,2.0,2016-01-14
14422,2016-05-16 09:53:00,2016-05-16,0.031,22375.0,75.0,16118.0,0.0291,0.031,0.0291,10000536,2016-06-22,2016-06-22,P,2.0,2016-01-14
14423,2016-05-16 09:54:00,2016-05-16,0.0318,38440.0,123.0,16157.0,0.031,0.0307,0.0307,10000536,2016-06-22,2016-06-22,P,2.0,2016-01-14
14424,2016-05-16 09:55:00,2016-05-16,0.0317,42761.0,137.0,16147.0,0.0307,0.0308,0.0306,10000536,2016-06-22,2016-06-22,P,2.0,2016-01-14
14425,2016-05-16 09:56:00,2016-05-16,0.0313,13334.0,43.0,16156.0,0.0308,0.0312,0.0307,10000536,2016-06-22,2016-06-22,P,2.0,2016-01-14
14426,2016-05-16 09:57:00,2016-05-16,0.0312,11828.0,38.0,16161.0,0.0312,0.0311,0.0311,10000536,2016-06-22,2016-06-22,P,2.0,2016-01-14
14427,2016-05-16 09:58:00,2016-05-16,0.0312,13644.0,44.0,16152.0,0.0311,0.0312,0.0309,10000536,2016-06-22,2016-06-22,P,2.0,2016-01-14
14428,2016-05-16 09:59:00,2016-05-16,0.0314,7177.0,23.0,16154.0,0.0312,0.0314,0.0309,10000536,2016-06-22,2016-06-22,P,2.0,2016-01-14
14429,2016-05-16 10:00:00,2016-05-16,0.0306,18265.0,60.0,16186.0,0.0306,0.0305,0.0303,10000536,2016-06-22,2016-06-22,P,2.0,2016-01-14
14430,2016-05-16 10:01:00,2016-05-16,0.0317,11909.0,38.0,16193.0,0.0305,0.0317,0.0305,10000536,2016-06-22,2016-06-22,P,2.0,2016-01-14
14431,2016-05-16 10:02:00,2016-05-16,0.0317,7240.0,23.0,16211.0,0.0317,0.031,0.031,10000536,2016-06-22,2016-06-22,P,2.0,2016-01-14
14432,2016-05-16 10:03:00,2016-05-16,0.031,310.0,1.0,16212.0,0.031,0.031,0.031,10000536,2016-06-22,2016-06-22,P,2.0,2016-01-14
14433,2016-05-16 10:04:00,2016-05-16,0.031,305.0,1.0,16213.0,0.031,0.0305,0.0305,10000536,2016-06-22,2016-06-22,P,2.0,2016-01-14
14434,2016-05-16 10:05:00,2016-05-16,0.0307,4274.0,14.0,16211.0,0.0305,0.0307,0.0303,10000536,2016-06-22,2016-06-22,P,2.0,2016-01-14
14435,2016-05-16 10:06:00,2016-05-16,0.0307,6080.0,20.0,16201.0,0.0307,0.0306,0.0302,10000536,2016-06-22,2016-06-22,P,2.0,2016-01-14
14436,2016-05-16 10:07:00,2016-05-16,0.0306,22316.0,75.0,16231.0,0.0306,0.0295,0.0295,10000536,2016-06-22,2016-06-22,P,2.0,2016-01-14
14437,2016-05-16 10:08:00,2016-05-16,0.0295,2358.0,8.0,16228.0,0.0295,0.0294,0.0294,10000536,2016-06-22,2016-06-22,P,2.0,2016-01-14
14438,2016-05-16 10:09:00,2016-05-16,0.0294,0.0,0.0,16228.0,0.0294,0.0294,0.0294,10000536,2016-06-22,2016-06-22,P,2.0,2016-01-14
14439,2016-05-16 10:10:00,2016-05-16,0.0294,0.0,0.0,16228.0,0.0294,0.0294,0.0294,10000536,2016-06-22,2016-06-22,P,2.0,2016-01-14
14440,2016-05-16 10:11:00,2016-05-16,0.0294,0.0,0.0,16228.0,0.0294,0.0294,0.0294,10000536,2016-06-22,2016-06-22,P,2.0,2016-01-14
14441,2016-05-16 10:12:00,2016-05-16,0.0298,4436.0,15.0,16232.0,0.0294,0.0298,0.0293,10000536,2016-06-22,2016-06-22,P,2.0,2016-01-14
14442,2016-05-16 10:13:00,2016-05-16,0.0298,6456.0,22.0,16241.0,0.0298,0.0294,0.0293,10000536,2016-06-22,2016-06-22,P,2.0,2016-01-14
14443,2016-05-16 10:14:00,2016-05-16,0.0297,3249.0,11.0,16242.0,0.0294,0.0294,0.0294,10000536,2016-06-22,2016-06-22,P,2.0,2016-01-14
14444,2016-05-16 10:15:00,2016-05-16,0.0294,3232.0,11.0,16244.0,0.0294,0.0293,0.0293,10000536,2016-06-22,2016-06-22,P,2.0,2016-01-14
14445,2016-05-16 10:16:00,2016-05-16,0.0293,4102.0,14.0,16244.0,0.0293,0.0293,0.0293,10000536,2016-06-22,2016-06-22,P,2.0,2016-01-14
14446,2016-05-16 10:17:00,2016-05-16,0.0293,0.0,0.0,16244.0,0.0293,0.0293,0.0293,10000536,2016-06-22,2016-06-22,P,2.0,2016-01-14
14447,2016-05-16 10:18:00,2016-05-16,0.0293,6578.0,23.0,16254.0,0.0293,0.0286,0.0286,10000536,2016-06-22,2016-06-22,P,2.0,2016-01-14
14448,2016-05-16 10:19:00,2016-05-16,0.0286,2860.0,10.0,16264.0,0.0286,0.0286,0.0286,10000536,2016-06-22,2016-06-22,P,2.0,2016-01-14
14449,2016-05-16 10:20:00,2016-05-16,0.0288,14350.0,50.0,16274.0,0.0286,0.0285,0.0285,10000536,2016-06-22,2016-06-22,P,2.0,2016-01-14
14450,2016-05-16 10:21:00,2016-05-16,0.0287,2870.0,10.0,16264.0,0.0287,0.0287,0.0287,10000536,2016-06-22,2016-06-22,P,2.0,2016-01-14
14451,2016-05-16 10:22:00,2016-05-16,0.0288,2880.0,10.0,16264.0,0.0287,0.0288,0.0287,10000536,2016-06-22,2016-06-22,P,2.0,2016-01-14
14452,2016-05-16 10:23:00,2016-05-16,0.029,5780.0,20.0,16283.0,0.0288,0.029,0.0288,10000536,2016-06-22,2016-06-22,P,2.0,2016-01-14
14453,2016-05-16 10:24:00,2016-05-16,0.0296,21032.0,72.0,16293.0,0.029,0.0296,0.029,10000536,2016-06-22,2016-06-22,P,2.0,2016-01-14
14454,2016-05-16 10:25:00,2016-05-16,0.0298,11850.0,40.0,16303.0,0.0296,0.0295,0.0295,10000536,2016-06-22,2016-06-22,P,2.0,2016-01-14
14455,2016-05-16 10:26:00,2016-05-16,0.0295,885.0,3.0,16300.0,0.0295,0.0295,0.0295,10000536,2016-06-22,2016-06-22,P,2.0,2016-01-14
14456,2016-05-16 10:27:00,2016-05-16,0.0295,0.0,0.0,16300.0,0.0295,0.0295,0.0295,10000536,2016-06-22,2016-06-22,P,2.0,2016-01-14
14457,2016-05-16 10:28:00,2016-05-16,0.0295,4042.0,14.0,16291.0,0.0295,0.0288,0.0288,10000536,2016-06-22,2016-06-22,P,2.0,2016-01-14
14458,2016-05-16 10:29:00,2016-05-16,0.0288,10513.0,37.0,16307.0,0.0288,0.0283,0.0283,10000536,2016-06-22,2016-06-22,P,2.0,2016-01-14
14459,2016-05-16 10:30:00,2016-05-16,0.0283,849.0,3.0,16310.0,0.0283,0.0283,0.0283,10000536,2016-06-22,2016-06-22,P,2.0,2016-01-14
14460,2016-05-16 10:31:00,2016-05-16,0.0283,0.0,0.0,16310.0,0.0283,0.0283,0.0283,10000536,2016-06-22,2016-06-22,P,2.0,2016-01-14
14461,2016-05-16 10:32:00,2016-05-16,0.0283,0.0,0.0,16310.0,0.0283,0.0283,0.0283,10000536,2016-06-22,2016-06-22,P,2.0,2016-01-14
14462,2016-05-16 10:33:00,2016-05-16,0.0283,3113.0,11.0,16321.0,0.0283,0.0283,0.0283,10000536,2016-06-22,2016-06-22,P,2.0,2016-01-14
14463,2016-05-16 10:34:00,2016-05-16,0.0284,4252.0,15.0,16323.0,0.0283,0.0284,0.0282,10000536,2016-06-22,2016-06-22,P,2.0,2016-01-14
14464,2016-05-16 10:35:00,2016-05-16,0.0284,8447.0,30.0,16336.0,0.0284,0.0281,0.0281,10000536,2016-06-22,2016-06-22,P,2.0,2016-01-14
14465,2016-05-16 10:36:00,2016-05-16,0.0281,0.0,0.0,16336.0,0.0281,0.0281,0.0281,10000536,2016-06-22,2016-06-22,P,2.0,2016-01-14
14466,2016-05-16 10:37:00,2016-05-16,0.0281,0.0,0.0,16336.0,0.0281,0.0281,0.0281,10000536,2016-06-22,2016-06-22,P,2.0,2016-01-14
14467,2016-05-16 10:38:00,2016-05-16,0.0284,1136.0,4.0,16338.0,0.0281,0.0284,0.0281,10000536,2016-06-22,2016-06-22,P,2.0,2016-01-14
14468,2016-05-16 10:39:00,2016-05-16,0.0284,1694.0,6.0,16344.0,0.0284,0.0282,0.0282,10000536,2016-06-22,2016-06-22,P,2.0,2016-01-14
14469,2016-05-16 10:40:00,2016-05-16,0.0282,0.0,0.0,16344.0,0.0282,0.0282,0.0282,10000536,2016-06-22,2016-06-22,P,2.0,2016-01-14
14470,2016-05-16 10:41:00,2016-05-16,0.0284,284.0,1.0,16345.0,0.0282,0.0284,0.0282,10000536,2016-06-22,2016-06-22,P,2.0,2016-01-14
14471,2016-05-16 10:42:00,2016-05-16,0.0284,3124.0,11.0,16345.0,0.0284,0.0284,0.0284,10000536,2016-06-22,2016-06-22,P,2.0,2016-01-14
14472,2016-05-16 10:43:00,2016-05-16,0.0284,2840.0,10.0,16345.0,0.0284,0.0284,0.0284,10000536,2016-06-22,2016-06-22,P,2.0,2016-01-14
14473,2016-05-16 10:44:00,2016-05-16,0.0284,2830.0,10.0,16355.0,0.0284,0.0283,0.0283,10000536,2016-06-22,2016-06-22,P,2.0,2016-01-14
14474,2016-05-16 10:45:00,2016-05-16,0.0283,4240.0,15.0,16369.0,0.0283,0.0282,0.0282,10000536,2016-06-22,2016-06-22,P,2.0,2016-01-14
14475,2016-05-16 10:46:00,2016-05-16,0.0284,9915.0,35.0,16393.0,0.0282,0.0283,0.0282,10000536,2016-06-22,2016-06-22,P,2.0,2016-01-14
14476,2016-05-16 10:47:00,2016-05-16,0.0283,3669.0,13.0,16406.0,0.0283,0.0283,0.0282,10000536,2016-06-22,2016-06-22,P,2.0,2016-01-14
14477,2016-05-16 10:48:00,2016-05-16,0.0283,3920.0,14.0,16418.0,0.0283,0.028,0.028,10000536,2016-06-22,2016-06-22,P,2.0,2016-01-14
14478,2016-05-16 10:49:00,2016-05-16,0.028,10316.0,37.0,16439.0,0.028,0.0278,0.0278,10000536,2016-06-22,2016-06-22,P,2.0,2016-01-14
14479,2016-05-16 10:50:00,2016-05-16,0.0278,13341.0,49.0,16448.0,0.0278,0.027000000000000003,0.027000000000000003,10000536,2016-06-22,2016-06-22,P,2.0,2016-01-14
14480,2016-05-16 10:51:00,2016-05-16,0.027000000000000003,17862.0,68.0,16442.0,0.027000000000000003,0.0261,0.0261,10000536,2016-06-22,2016-06-22,P,2.0,2016-01-14
14481,2016-05-16 10:52:00,2016-05-16,0.0266,17226.0,66.0,16440.0,0.0262,0.0257,0.0257,10000536,2016-06-22,2016-06-22,P,2.0,2016-01-14
14482,2016-05-16 10:53:00,2016-05-16,0.0262,6520.0,25.0,16438.0,0.0257,0.0262,0.0257,10000536,2016-06-22,2016-06-22,P,2.0,2016-01-14
14483,2016-05-16 10:54:00,2016-05-16,0.0262,3386.0,13.0,16441.0,0.0262,0.026,0.026,10000536,2016-06-22,2016-06-22,P,2.0,2016-01-14
14484,2016-05-16 10:55:00,2016-05-16,0.026,8428.0,33.0,16449.0,0.026,0.0256,0.0255,10000536,2016-06-22,2016-06-22,P,2.0,2016-01-14
14485,2016-05-16 10:56:00,2016-05-16,0.0256,19104.0,76.0,16440.0,0.0256,0.0251,0.0249,10000536,2016-06-22,2016-06-22,P,2.0,2016-01-14
14486,2016-05-16 10:57:00,2016-05-16,0.0254,1270.0,5.0,16441.0,0.0251,0.0254,0.0251,10000536,2016-06-22,2016-06-22,P,2.0,2016-01-14
14487,2016-05-16 10:58:00,2016-05-16,0.0254,7772.0,31.0,16428.0,0.0254,0.025,0.025,10000536,2016-06-22,2016-06-22,P,2.0,2016-01-14
14488,2016-05-16 10:59:00,2016-05-16,0.025,16410.0,66.0,16412.0,0.025,0.0243,0.0243,10000536,2016-06-22,2016-06-22,P,2.0,2016-01-14
14489,2016-05-16 11:00:00,2016-05-16,0.0243,11796.0,49.0,16376.0,0.0243,0.024,0.024,10000536,2016-06-22,2016-06-22,P,2.0,2016-01-14
14490,2016-05-16 11:01:00,2016-05-16,0.024,4740.0,20.0,16366.0,0.024,0.0237,0.0237,10000536,2016-06-22,2016-06-22,P,2.0,2016-01-14
14491,2016-05-16 11:02:00,2016-05-16,0.0243,29530.0,124.0,16286.0,0.0237,0.0236,0.0235,10000536,2016-06-22,2016-06-22,P,2.0,2016-01-14
14492,2016-05-16 11:03:00,2016-05-16,0.0239,5960.0,25.0,16281.0,0.0236,0.0238,0.0236,10000536,2016-06-22,2016-06-22,P,2.0,2016-01-14
14493,2016-05-16 11:04:00,2016-05-16,0.024,8818.0,37.0,16256.0,0.0238,0.024,0.0238,10000536,2016-06-22,2016-06-22,P,2.0,2016-01-14
14494,2016-05-16 11:05:00,2016-05-16,0.024,0.0,0.0,16256.0,0.024,0.024,0.024,10000536,2016-06-22,2016-06-22,P,2.0,2016-01-14
14495,2016-05-16 11:06:00,2016-05-16,0.024,4800.0,20.0,16256.0,0.024,0.024,0.024,10000536,2016-06-22,2016-06-22,P,2.0,2016-01-14
14496,2016-05-16 11:07:00,2016-05-16,0.024,0.0,0.0,16256.0,0.024,0.024,0.024,10000536,2016-06-22,2016-06-22,P,2.0,2016-01-14
14497,2016-05-16 11:08:00,2016-05-16,0.024,0.0,0.0,16256.0,0.024,0.024,0.024,10000536,2016-06-22,2016-06-22,P,2.0,2016-01-14
14498,2016-05-16 11:09:00,2016-05-16,0.024,717.0,3.0,16256.0,0.024,0.0239,0.0239,10000536,2016-06-22,2016-06-22,P,2.0,2016-01-14
14499,2016-05-16 11:10:00,2016-05-16,0.024,3600.0,15.0,16246.0,0.024,0.024,0.024,10000536,2016-06-22,2016-06-22,P,2.0,2016-01-14
14500,2016-05-16 11:11:00,2016-05-16,0.024,2400.0,10.0,16236.0,0.024,0.024,0.024,10000536,2016-06-22,2016-06-22,P,2.0,2016-01-14
14501,2016-05-16 11:12:00,2016-05-16,0.0243,6030.0,25.0,16211.0,0.024,0.0243,0.024,10000536,2016-06-22,2016-06-22,P,2.0,2016-01-14
14502,2016-05-16 11:13:00,2016-05-16,0.0243,9690.0,40.0,16211.0,0.0243,0.0243,0.0242,10000536,2016-06-22,2016-06-22,P,2.0,2016-01-14
14503,2016-05-16 11:14:00,2016-05-16,0.0243,3600.0,15.0,16209.0,0.0243,0.024,0.024,10000536,2016-06-22,2016-06-22,P,2.0,2016-01-14
14504,2016-05-16 11:15:00,2016-05-16,0.024,4800.0,20.0,16209.0,0.024,0.024,0.024,10000536,2016-06-22,2016-06-22,P,2.0,2016-01-14
14505,2016-05-16 11:16:00,2016-05-16,0.024,0.0,0.0,16209.0,0.024,0.024,0.024,10000536,2016-06-22,2016-06-22,P,2.0,2016-01-14
14506,2016-05-16 11:17:00,2016-05-16,0.024,0.0,0.0,16209.0,0.024,0.024,0.024,10000536,2016-06-22,2016-06-22,P,2.0,2016-01-14
14507,2016-05-16 11:18:00,2016-05-16,0.024,14400.0,60.0,16159.0,0.024,0.024,0.024,10000536,2016-06-22,2016-06-22,P,2.0,2016-01-14
14508,2016-05-16 11:19:00,2016-05-16,0.0242,10830.0,45.0,16124.0,0.024,0.024,0.024,10000536,2016-06-22,2016-06-22,P,2.0,2016-01-14
14509,2016-05-16 11:20:00,2016-05-16,0.024,0.0,0.0,16124.0,0.024,0.024,0.024,10000536,2016-06-22,2016-06-22,P,2.0,2016-01-14
14510,2016-05-16 11:21:00,2016-05-16,0.0241,4820.0,20.0,16104.0,0.024,0.0241,0.024,10000536,2016-06-22,2016-06-22,P,2.0,2016-01-14
14511,2016-05-16 11:22:00,2016-05-16,0.0242,484.0,2.0,16102.0,0.0241,0.0242,0.0241,10000536,2016-06-22,2016-06-22,P,2.0,2016-01-14
14512,2016-05-16 11:23:00,2016-05-16,0.0242,0.0,0.0,16102.0,0.0242,0.0242,0.0242,10000536,2016-06-22,2016-06-22,P,2.0,2016-01-14
14513,2016-05-16 11:24:00,2016-05-16,0.0242,7502.0,31.0,16072.0,0.0242,0.0242,0.0242,10000536,2016-06-22,2016-06-22,P,2.0,2016-01-14
14514,2016-05-16 11:25:00,2016-05-16,0.0242,484.0,2.0,16071.0,0.0242,0.0242,0.0242,10000536,2016-06-22,2016-06-22,P,2.0,2016-01-14
14515,2016-05-16 11:26:00,2016-05-16,0.0242,484.0,2.0,16071.0,0.0242,0.0242,0.0242,10000536,2016-06-22,2016-06-22,P,2.0,2016-01-14
14516,2016-05-16 11:27:00,2016-05-16,0.0242,242.0,1.0,16071.0,0.0242,0.0242,0.0242,10000536,2016-06-22,2016-06-22,P,2.0,2016-01-14
14517,2016-05-16 11:28:00,2016-05-16,0.0242,0.0,0.0,16071.0,0.0242,0.0242,0.0242,10000536,2016-06-22,2016-06-22,P,2.0,2016-01-14
14518,2016-05-16 11:29:00,2016-05-16,0.0244,12160.0,50.0,16089.0,0.0243,0.0241,0.0241,10000536,2016-06-22,2016-06-22,P,2.0,2016-01-14
14519,2016-05-16 11:30:00,2016-05-16,0.0244,976.0,4.0,16093.0,0.0241,0.0244,0.0241,10000536,2016-06-22,2016-06-22,P,2.0,2016-01-14
14520,2016-05-16 13:01:00,2016-05-16,0.0244,2162.0,9.0,16095.0,0.0244,0.024,0.024,10000536,2016-06-22,2016-06-22,P,2.0,2016-01-14
14521,2016-05-16 13:02:00,2016-05-16,0.0244,488.0,2.0,16097.0,0.024,0.0244,0.024,10000536,2016-06-22,2016-06-22,P,2.0,2016-01-14
14522,2016-05-16 13:03:00,2016-05-16,0.0244,2440.0,10.0,16107.0,0.0244,0.0244,0.0244,10000536,2016-06-22,2016-06-22,P,2.0,2016-01-14
14523,2016-05-16 13:04:00,2016-05-16,0.0244,0.0,0.0,16107.0,0.0244,0.0244,0.0244,10000536,2016-06-22,2016-06-22,P,2.0,2016-01-14
14524,2016-05-16 13:05:00,2016-05-16,0.0244,0.0,0.0,16107.0,0.0244,0.0244,0.0244,10000536,2016-06-22,2016-06-22,P,2.0,2016-01-14
14525,2016-05-16 13:06:00,2016-05-16,0.0244,4840.0,20.0,16111.0,0.0244,0.024,0.024,10000536,2016-06-22,2016-06-22,P,2.0,2016-01-14
14526,2016-05-16 13:07:00,2016-05-16,0.0245,5140.0,21.0,16110.0,0.024,0.0245,0.024,10000536,2016-06-22,2016-06-22,P,2.0,2016-01-14
14527,2016-05-16 13:08:00,2016-05-16,0.0246,7330.0,30.0,16120.0,0.0246,0.0246,0.0246,10000536,2016-06-22,2016-06-22,P,2.0,2016-01-14
14528,2016-05-16 13:09:00,2016-05-16,0.0248,248.0,1.0,16120.0,0.0248,0.0248,0.0248,10000536,2016-06-22,2016-06-22,P,2.0,2016-01-14
14529,2016-05-16 13:10:00,2016-05-16,0.0248,0.0,0.0,16120.0,0.0248,0.0248,0.0248,10000536,2016-06-22,2016-06-22,P,2.0,2016-01-14
14530,2016-05-16 13:11:00,2016-05-16,0.0248,0.0,0.0,16120.0,0.0248,0.0248,0.0248,10000536,2016-06-22,2016-06-22,P,2.0,2016-01-14
14531,2016-05-16 13:12:00,2016-05-16,0.0248,246.0,1.0,16120.0,0.0248,0.0246,0.0246,10000536,2016-06-22,2016-06-22,P,2.0,2016-01-14
14532,2016-05-16 13:13:00,2016-05-16,0.0246,0.0,0.0,16120.0,0.0246,0.0246,0.0246,10000536,2016-06-22,2016-06-22,P,2.0,2016-01-14
14533,2016-05-16 13:14:00,2016-05-16,0.0246,2662.0,11.0,16111.0,0.0246,0.0242,0.0242,10000536,2016-06-22,2016-06-22,P,2.0,2016-01-14
14534,2016-05-16 13:15:00,2016-05-16,0.0242,0.0,0.0,16111.0,0.0242,0.0242,0.0242,10000536,2016-06-22,2016-06-22,P,2.0,2016-01-14
14535,2016-05-16 13:16:00,2016-05-16,0.0242,0.0,0.0,16111.0,0.0242,0.0242,0.0242,10000536,2016-06-22,2016-06-22,P,2.0,2016-01-14
14536,2016-05-16 13:17:00,2016-05-16,0.0243,2430.0,10.0,16102.0,0.0243,0.0243,0.0243,10000536,2016-06-22,2016-06-22,P,2.0,2016-01-14
14537,2016-05-16 13:18:00,2016-05-16,0.0246,246.0,1.0,16102.0,0.0243,0.0246,0.0243,10000536,2016-06-22,2016-06-22,P,2.0,2016-01-14
14538,2016-05-16 13:19:00,2016-05-16,0.0247,3700.0,15.0,16104.0,0.0246,0.0247,0.0246,10000536,2016-06-22,2016-06-22,P,2.0,2016-01-14
14539,2016-05-16 13:20:00,2016-05-16,0.0247,0.0,0.0,16104.0,0.0247,0.0247,0.0247,10000536,2016-06-22,2016-06-22,P,2.0,2016-01-14
14540,2016-05-16 13:21:00,2016-05-16,0.0251,12499.0,50.0,16094.0,0.0247,0.025,0.0247,10000536,2016-06-22,2016-06-22,P,2.0,2016-01-14
14541,2016-05-16 13:22:00,2016-05-16,0.025,7440.0,30.0,16084.0,0.025,0.0244,0.0244,10000536,2016-06-22,2016-06-22,P,2.0,2016-01-14
14542,2016-05-16 13:23:00,2016-05-16,0.0247,247.0,1.0,16085.0,0.0244,0.0247,0.0244,10000536,2016-06-22,2016-06-22,P,2.0,2016-01-14
14543,2016-05-16 13:24:00,2016-05-16,0.0249,2490.0,10.0,16085.0,0.0247,0.0249,0.0247,10000536,2016-06-22,2016-06-22,P,2.0,2016-01-14
14544,2016-05-16 13:25:00,2016-05-16,0.0249,249.0,1.0,16086.0,0.0249,0.0249,0.0249,10000536,2016-06-22,2016-06-22,P,2.0,2016-01-14
14545,2016-05-16 13:26:00,2016-05-16,0.0249,0.0,0.0,16086.0,0.0249,0.0249,0.0249,10000536,2016-06-22,2016-06-22,P,2.0,2016-01-14
14546,2016-05-16 13:27:00,2016-05-16,0.0251,501.0,2.0,16087.0,0.0249,0.0251,0.0249,10000536,2016-06-22,2016-06-22,P,2.0,2016-01-14
14547,2016-05-16 13:28:00,2016-05-16,0.0253,10782.0,43.0,16105.0,0.0251,0.0249,0.0249,10000536,2016-06-22,2016-06-22,P,2.0,2016-01-14
14548,2016-05-16 13:29:00,2016-05-16,0.025,3982.0,16.0,16111.0,0.0249,0.025,0.0247,10000536,2016-06-22,2016-06-22,P,2.0,2016-01-14
14549,2016-05-16 13:30:00,2016-05-16,0.025,0.0,0.0,16111.0,0.025,0.025,0.025,10000536,2016-06-22,2016-06-22,P,2.0,2016-01-14
14550,2016-05-16 13:31:00,2016-05-16,0.025,496.0,2.0,16113.0,0.025,0.0248,0.0248,10000536,2016-06-22,2016-06-22,P,2.0,2016-01-14
14551,2016-05-16 13:32:00,2016-05-16,0.0248,0.0,0.0,16113.0,0.0248,0.0248,0.0248,10000536,2016-06-22,2016-06-22,P,2.0,2016-01-14
14552,2016-05-16 13:33:00,2016-05-16,0.025,3750.0,15.0,16123.0,0.025,0.025,0.025,10000536,2016-06-22,2016-06-22,P,2.0,2016-01-14
14553,2016-05-16 13:34:00,2016-05-16,0.025,1984.0,8.0,16131.0,0.025,0.0248,0.0248,10000536,2016-06-22,2016-06-22,P,2.0,2016-01-14
14554,2016-05-16 13:35:00,2016-05-16,0.0248,6167.0,25.0,16152.0,0.0248,0.0243,0.0243,10000536,2016-06-22,2016-06-22,P,2.0,2016-01-14
14555,2016-05-16 13:36:00,2016-05-16,0.0243,0.0,0.0,16152.0,0.0243,0.0243,0.0243,10000536,2016-06-22,2016-06-22,P,2.0,2016-01-14
14556,2016-05-16 13:37:00,2016-05-16,0.0246,1476.0,6.0,16158.0,0.0243,0.0246,0.0243,10000536,2016-06-22,2016-06-22,P,2.0,2016-01-14
14557,2016-05-16 13:38:00,2016-05-16,0.0246,984.0,4.0,16162.0,0.0246,0.0246,0.0246,10000536,2016-06-22,2016-06-22,P,2.0,2016-01-14
14558,2016-05-16 13:39:00,2016-05-16,0.0248,4209.0,17.0,16159.0,0.0246,0.0248,0.0246,10000536,2016-06-22,2016-06-22,P,2.0,2016-01-14
14559,2016-05-16 13:40:00,2016-05-16,0.0248,0.0,0.0,16159.0,0.0248,0.0248,0.0248,10000536,2016-06-22,2016-06-22,P,2.0,2016-01-14
14560,2016-05-16 13:41:00,2016-05-16,0.0249,2986.0,12.0,16159.0,0.0248,0.0249,0.0248,10000536,2016-06-22,2016-06-22,P,2.0,2016-01-14
14561,2016-05-16 13:42:00,2016-05-16,0.0249,2490.0,10.0,16159.0,0.0249,0.0249,0.0249,10000536,2016-06-22,2016-06-22,P,2.0,2016-01-14
14562,2016-05-16 13:43:00,2016-05-16,0.0249,2698.0,11.0,16170.0,0.0249,0.0245,0.0245,10000536,2016-06-22,2016-06-22,P,2.0,2016-01-14
14563,2016-05-16 13:44:00,2016-05-16,0.0245,2664.0,11.0,16168.0,0.0245,0.0242,0.0242,10000536,2016-06-22,2016-06-22,P,2.0,2016-01-14
14564,2016-05-16 13:45:00,2016-05-16,0.0242,2420.0,10.0,16168.0,0.0242,0.0242,0.0242,10000536,2016-06-22,2016-06-22,P,2.0,2016-01-14
14565,2016-05-16 13:46:00,2016-05-16,0.0242,2410.0,10.0,16178.0,0.0242,0.0241,0.0241,10000536,2016-06-22,2016-06-22,P,2.0,2016-01-14
14566,2016-05-16 13:47:00,2016-05-16,0.0241,1200.0,5.0,16178.0,0.0241,0.024,0.024,10000536,2016-06-22,2016-06-22,P,2.0,2016-01-14
14567,2016-05-16 13:48:00,2016-05-16,0.024,0.0,0.0,16178.0,0.024,0.024,0.024,10000536,2016-06-22,2016-06-22,P,2.0,2016-01-14
14568,2016-05-16 13:49:00,2016-05-16,0.0241,2641.0,11.0,16174.0,0.024,0.0241,0.024,10000536,2016-06-22,2016-06-22,P,2.0,2016-01-14
14569,2016-05-16 13:50:00,2016-05-16,0.0245,4870.0,20.0,16165.0,0.0241,0.0245,0.0241,10000536,2016-06-22,2016-06-22,P,2.0,2016-01-14
14570,2016-05-16 13:51:00,2016-05-16,0.0245,0.0,0.0,16165.0,0.0245,0.0245,0.0245,10000536,2016-06-22,2016-06-22,P,2.0,2016-01-14
14571,2016-05-16 13:52:00,2016-05-16,0.0246,2460.0,10.0,16155.0,0.0245,0.0246,0.0245,10000536,2016-06-22,2016-06-22,P,2.0,2016-01-14
14572,2016-05-16 13:53:00,2016-05-16,0.0246,244.0,1.0,16154.0,0.0246,0.0244,0.0244,10000536,2016-06-22,2016-06-22,P,2.0,2016-01-14
14573,2016-05-16 13:54:00,2016-05-16,0.0244,4132.0,17.0,16153.0,0.0244,0.0242,0.0242,10000536,2016-06-22,2016-06-22,P,2.0,2016-01-14
14574,2016-05-16 13:55:00,2016-05-16,0.0242,4557.0,19.0,16160.0,0.0242,0.0239,0.0239,10000536,2016-06-22,2016-06-22,P,2.0,2016-01-14
14575,2016-05-16 13:56:00,2016-05-16,0.0241,13934.0,59.0,16157.0,0.0239,0.0232,0.0232,10000536,2016-06-22,2016-06-22,P,2.0,2016-01-14
14576,2016-05-16 13:57:00,2016-05-16,0.0233,2330.0,10.0,16157.0,0.0232,0.0233,0.0232,10000536,2016-06-22,2016-06-22,P,2.0,2016-01-14
14577,2016-05-16 13:58:00,2016-05-16,0.0233,5349.0,23.0,16168.0,0.0233,0.0233,0.0232,10000536,2016-06-22,2016-06-22,P,2.0,2016-01-14
14578,2016-05-16 13:59:00,2016-05-16,0.0233,233.0,1.0,16169.0,0.0233,0.0233,0.0233,10000536,2016-06-22,2016-06-22,P,2.0,2016-01-14
14579,2016-05-16 14:00:00,2016-05-16,0.0234,2340.0,10.0,16169.0,0.0233,0.0234,0.0233,10000536,2016-06-22,2016-06-22,P,2.0,2016-01-14
14580,2016-05-16 14:01:00,2016-05-16,0.0235,2350.0,10.0,16179.0,0.0234,0.0235,0.0234,10000536,2016-06-22,2016-06-22,P,2.0,2016-01-14
14581,2016-05-16 14:02:00,2016-05-16,0.0236,941.0,4.0,16181.0,0.0235,0.0235,0.0235,10000536,2016-06-22,2016-06-22,P,2.0,2016-01-14
14582,2016-05-16 14:03:00,2016-05-16,0.0235,0.0,0.0,16181.0,0.0235,0.0235,0.0235,10000536,2016-06-22,2016-06-22,P,2.0,2016-01-14
14583,2016-05-16 14:04:00,2016-05-16,0.0236,944.0,4.0,16183.0,0.0235,0.0236,0.0235,10000536,2016-06-22,2016-06-22,P,2.0,2016-01-14
14584,2016-05-16 14:05:00,2016-05-16,0.0239,4735.0,20.0,16183.0,0.0236,0.0239,0.0236,10000536,2016-06-22,2016-06-22,P,2.0,2016-01-14
14585,2016-05-16 14:06:00,2016-05-16,0.0239,0.0,0.0,16183.0,0.0239,0.0239,0.0239,10000536,2016-06-22,2016-06-22,P,2.0,2016-01-14
14586,2016-05-16 14:07:00,2016-05-16,0.024,240.0,1.0,16184.0,0.0239,0.024,0.0239,10000536,2016-06-22,2016-06-22,P,2.0,2016-01-14
14587,2016-05-16 14:08:00,2016-05-16,0.024,5039.0,21.0,16194.0,0.024,0.0239,0.0239,10000536,2016-06-22,2016-06-22,P,2.0,2016-01-14
14588,2016-05-16 14:09:00,2016-05-16,0.0239,0.0,0.0,16194.0,0.0239,0.0239,0.0239,10000536,2016-06-22,2016-06-22,P,2.0,2016-01-14
14589,2016-05-16 14:10:00,2016-05-16,0.0239,0.0,0.0,16194.0,0.0239,0.0239,0.0239,10000536,2016-06-22,2016-06-22,P,2.0,2016-01-14
14590,2016-05-16 14:11:00,2016-05-16,0.0241,2410.0,10.0,16202.0,0.0239,0.0241,0.0239,10000536,2016-06-22,2016-06-22,P,2.0,2016-01-14
14591,2016-05-16 14:12:00,2016-05-16,0.0241,0.0,0.0,16202.0,0.0241,0.0241,0.0241,10000536,2016-06-22,2016-06-22,P,2.0,2016-01-14
14592,2016-05-16 14:13:00,2016-05-16,0.0241,0.0,0.0,16202.0,0.0241,0.0241,0.0241,10000536,2016-06-22,2016-06-22,P,2.0,2016-01-14
14593,2016-05-16 14:14:00,2016-05-16,0.0241,0.0,0.0,16202.0,0.0241,0.0241,0.0241,10000536,2016-06-22,2016-06-22,P,2.0,2016-01-14
14594,2016-05-16 14:15:00,2016-05-16,0.0246,6065.0,25.0,16207.0,0.0241,0.0246,0.024,10000536,2016-06-22,2016-06-22,P,2.0,2016-01-14
14595,2016-05-16 14:16:00,2016-05-16,0.0255,12872.0,51.0,16177.0,0.0246,0.0255,0.0246,10000536,2016-06-22,2016-06-22,P,2.0,2016-01-14
14596,2016-05-16 14:17:00,2016-05-16,0.0255,7864.0,31.0,16174.0,0.0255,0.0253,0.0253,10000536,2016-06-22,2016-06-22,P,2.0,2016-01-14
14597,2016-05-16 14:18:00,2016-05-16,0.0253,10087.0,40.0,16146.0,0.0253,0.0252,0.025,10000536,2016-06-22,2016-06-22,P,2.0,2016-01-14
14598,2016-05-16 14:19:00,2016-05-16,0.0252,2500.0,10.0,16156.0,0.0252,0.025,0.025,10000536,2016-06-22,2016-06-22,P,2.0,2016-01-14
14599,2016-05-16 14:20:00,2016-05-16,0.025,0.0,0.0,16156.0,0.025,0.025,0.025,10000536,2016-06-22,2016-06-22,P,2.0,2016-01-14
14600,2016-05-16 14:21:00,2016-05-16,0.0249,498.0,2.0,16158.0,0.0249,0.0249,0.0249,10000536,2016-06-22,2016-06-22,P,2.0,2016-01-14
14601,2016-05-16 14:22:00,2016-05-16,0.0249,0.0,0.0,16158.0,0.0249,0.0249,0.0249,10000536,2016-06-22,2016-06-22,P,2.0,2016-01-14
14602,2016-05-16 14:23:00,2016-05-16,0.0249,0.0,0.0,16158.0,0.0249,0.0249,0.0249,10000536,2016-06-22,2016-06-22,P,2.0,2016-01-14
14603,2016-05-16 14:24:00,2016-05-16,0.0251,3263.0,13.0,16158.0,0.0249,0.0251,0.0249,10000536,2016-06-22,2016-06-22,P,2.0,2016-01-14
14604,2016-05-16 14:25:00,2016-05-16,0.025,2500.0,10.0,16158.0,0.025,0.025,0.025,10000536,2016-06-22,2016-06-22,P,2.0,2016-01-14
14605,2016-05-16 14:26:00,2016-05-16,0.025,0.0,0.0,16158.0,0.025,0.025,0.025,10000536,2016-06-22,2016-06-22,P,2.0,2016-01-14
14606,2016-05-16 14:27:00,2016-05-16,0.025,1241.0,5.0,16161.0,0.025,0.0249,0.0248,10000536,2016-06-22,2016-06-22,P,2.0,2016-01-14
14607,2016-05-16 14:28:00,2016-05-16,0.0249,0.0,0.0,16161.0,0.0249,0.0249,0.0249,10000536,2016-06-22,2016-06-22,P,2.0,2016-01-14
14608,2016-05-16 14:29:00,2016-05-16,0.025,11231.0,45.0,16162.0,0.0249,0.025,0.0249,10000536,2016-06-22,2016-06-22,P,2.0,2016-01-14
14609,2016-05-16 14:30:00,2016-05-16,0.025,7430.0,30.0,16182.0,0.025,0.0247,0.0247,10000536,2016-06-22,2016-06-22,P,2.0,2016-01-14
14610,2016-05-16 14:31:00,2016-05-16,0.0247,3444.0,14.0,16192.0,0.0247,0.0246,0.0246,10000536,2016-06-22,2016-06-22,P,2.0,2016-01-14
14611,2016-05-16 14:32:00,2016-05-16,0.0246,0.0,0.0,16192.0,0.0246,0.0246,0.0246,10000536,2016-06-22,2016-06-22,P,2.0,2016-01-14
14612,2016-05-16 14:33:00,2016-05-16,0.0246,0.0,0.0,16192.0,0.0246,0.0246,0.0246,10000536,2016-06-22,2016-06-22,P,2.0,2016-01-14
14613,2016-05-16 14:34:00,2016-05-16,0.0246,0.0,0.0,16192.0,0.0246,0.0246,0.0246,10000536,2016-06-22,2016-06-22,P,2.0,2016-01-14
14614,2016-05-16 14:35:00,2016-05-16,0.0246,480.0,2.0,16194.0,0.0246,0.024,0.024,10000536,2016-06-22,2016-06-22,P,2.0,2016-01-14
14615,2016-05-16 14:36:00,2016-05-16,0.0241,481.0,2.0,16196.0,0.024,0.0241,0.024,10000536,2016-06-22,2016-06-22,P,2.0,2016-01-14
14616,2016-05-16 14:37:00,2016-05-16,0.0241,11566.0,49.0,16196.0,0.0241,0.0234,0.0234,10000536,2016-06-22,2016-06-22,P,2.0,2016-01-14
14617,2016-05-16 14:38:00,2016-05-16,0.0234,9048.0,39.0,16209.0,0.0234,0.0231,0.0231,10000536,2016-06-22,2016-06-22,P,2.0,2016-01-14
14618,2016-05-16 14:39:00,2016-05-16,0.0235,6544.0,28.0,16213.0,0.0231,0.0235,0.0231,10000536,2016-06-22,2016-06-22,P,2.0,2016-01-14
14619,2016-05-16 14:40:00,2016-05-16,0.0235,3738.0,16.0,16207.0,0.0235,0.0233,0.0233,10000536,2016-06-22,2016-06-22,P,2.0,2016-01-14
14620,2016-05-16 14:41:00,2016-05-16,0.0235,2340.0,10.0,16207.0,0.0233,0.0235,0.0233,10000536,2016-06-22,2016-06-22,P,2.0,2016-01-14
14621,2016-05-16 14:42:00,2016-05-16,0.0235,2585.0,11.0,16206.0,0.0235,0.0235,0.0235,10000536,2016-06-22,2016-06-22,P,2.0,2016-01-14
14622,2016-05-16 14:43:00,2016-05-16,0.0235,940.0,4.0,16204.0,0.0235,0.0235,0.0235,10000536,2016-06-22,2016-06-22,P,2.0,2016-01-14
14623,2016-05-16 14:44:00,2016-05-16,0.0235,0.0,0.0,16204.0,0.0235,0.0235,0.0235,10000536,2016-06-22,2016-06-22,P,2.0,2016-01-14
14624,2016-05-16 14:45:00,2016-05-16,0.0235,0.0,0.0,16204.0,0.0235,0.0235,0.0235,10000536,2016-06-22,2016-06-22,P,2.0,2016-01-14
14625,2016-05-16 14:46:00,2016-05-16,0.0239,239.0,1.0,16205.0,0.0235,0.0239,0.0235,10000536,2016-06-22,2016-06-22,P,2.0,2016-01-14
14626,2016-05-16 14:47:00,2016-05-16,0.0242,9837.0,41.0,16194.0,0.0239,0.0242,0.0237,10000536,2016-06-22,2016-06-22,P,2.0,2016-01-14
14627,2016-05-16 14:48:00,2016-05-16,0.0242,0.0,0.0,16194.0,0.0242,0.0242,0.0242,10000536,2016-06-22,2016-06-22,P,2.0,2016-01-14
14628,2016-05-16 14:49:00,2016-05-16,0.0242,0.0,0.0,16194.0,0.0242,0.0242,0.0242,10000536,2016-06-22,2016-06-22,P,2.0,2016-01-14
14629,2016-05-16 14:50:00,2016-05-16,0.0242,468.0,2.0,16196.0,0.0242,0.0234,0.0234,10000536,2016-06-22,2016-06-22,P,2.0,2016-01-14
14630,2016-05-16 14:51:00,2016-05-16,0.0234,2808.0,12.0,16198.0,0.0234,0.0234,0.0234,10000536,2016-06-22,2016-06-22,P,2.0,2016-01-14
14631,2016-05-16 14:52:00,2016-05-16,0.0234,4676.0,20.0,16198.0,0.0234,0.0233,0.0233,10000536,2016-06-22,2016-06-22,P,2.0,2016-01-14
14632,2016-05-16 14:53:00,2016-05-16,0.0235,235.0,1.0,16199.0,0.0233,0.0235,0.0233,10000536,2016-06-22,2016-06-22,P,2.0,2016-01-14
14633,2016-05-16 14:54:00,2016-05-16,0.0235,468.0,2.0,16199.0,0.0235,0.0234,0.0234,10000536,2016-06-22,2016-06-22,P,2.0,2016-01-14
14634,2016-05-16 14:55:00,2016-05-16,0.0234,0.0,0.0,16199.0,0.0234,0.0234,0.0234,10000536,2016-06-22,2016-06-22,P,2.0,2016-01-14
14635,2016-05-16 14:56:00,2016-05-16,0.0239,6171.0,26.0,16219.0,0.0235,0.0236,0.0235,10000536,2016-06-22,2016-06-22,P,2.0,2016-01-14
14636,2016-05-16 14:57:00,2016-05-16,0.0237,2370.0,10.0,16229.0,0.0236,0.0237,0.0236,10000536,2016-06-22,2016-06-22,P,2.0,2016-01-14
14637,2016-05-16 14:58:00,2016-05-16,0.0237,0.0,0.0,16229.0,0.0237,0.0237,0.0237,10000536,2016-06-22,2016-06-22,P,2.0,2016-01-14
14638,2016-05-16 14:59:00,2016-05-16,0.0237,0.0,0.0,16229.0,0.0237,0.0237,0.0237,10000536,2016-06-22,2016-06-22,P,2.0,2016-01-14
14639,2016-05-16 15:00:00,2016-05-16,0.0237,0.0,0.0,16229.0,0.0237,0.0237,0.0237,10000536,2016-06-22,2016-06-22,P,2.0,2016-01-14
14640,2016-05-16 09:31:00,2016-05-16,0.2282,0.0,0.0,1128.0,0.2282,0.2282,0.2282,10000623,2016-12-28,2016-12-28,P,2.153,2016-04-28
14641,2016-05-16 09:32:00,2016-05-16,0.2282,0.0,0.0,1128.0,0.2282,0.2282,0.2282,10000623,2016-12-28,2016-12-28,P,2.153,2016-04-28
14642,2016-05-16 09:33:00,2016-05-16,0.2282,0.0,0.0,1128.0,0.2282,0.2282,0.2282,10000623,2016-12-28,2016-12-28,P,2.153,2016-04-28
14643,2016-05-16 09:34:00,2016-05-16,0.2282,0.0,0.0,1128.0,0.2282,0.2282,0.2282,10000623,2016-12-28,2016-12-28,P,2.153,2016-04-28
14644,2016-05-16 09:35:00,2016-05-16,0.2282,0.0,0.0,1128.0,0.2282,0.2282,0.2282,10000623,2016-12-28,2016-12-28,P,2.153,2016-04-28
14645,2016-05-16 09:36:00,2016-05-16,0.2282,0.0,0.0,1128.0,0.2282,0.2282,0.2282,10000623,2016-12-28,2016-12-28,P,2.153,2016-04-28
14646,2016-05-16 09:37:00,2016-05-16,0.2282,0.0,0.0,1128.0,0.2282,0.2282,0.2282,10000623,2016-12-28,2016-12-28,P,2.153,2016-04-28
14647,2016-05-16 09:38:00,2016-05-16,0.2282,0.0,0.0,1128.0,0.2282,0.2282,0.2282,10000623,2016-12-28,2016-12-28,P,2.153,2016-04-28
14648,2016-05-16 09:39:00,2016-05-16,0.2282,0.0,0.0,1128.0,0.2282,0.2282,0.2282,10000623,2016-12-28,2016-12-28,P,2.153,2016-04-28
14649,2016-05-16 09:40:00,2016-05-16,0.2282,0.0,0.0,1128.0,0.2282,0.2282,0.2282,10000623,2016-12-28,2016-12-28,P,2.153,2016-04-28
14650,2016-05-16 09:41:00,2016-05-16,0.2282,0.0,0.0,1128.0,0.2282,0.2282,0.2282,10000623,2016-12-28,2016-12-28,P,2.153,2016-04-28
14651,2016-05-16 09:42:00,2016-05-16,0.2282,0.0,0.0,1128.0,0.2282,0.2282,0.2282,10000623,2016-12-28,2016-12-28,P,2.153,2016-04-28
14652,2016-05-16 09:43:00,2016-05-16,0.2282,0.0,0.0,1128.0,0.2282,0.2282,0.2282,10000623,2016-12-28,2016-12-28,P,2.153,2016-04-28
14653,2016-05-16 09:44:00,2016-05-16,0.2282,0.0,0.0,1128.0,0.2282,0.2282,0.2282,10000623,2016-12-28,2016-12-28,P,2.153,2016-04-28
14654,2016-05-16 09:45:00,2016-05-16,0.2282,0.0,0.0,1128.0,0.2282,0.2282,0.2282,10000623,2016-12-28,2016-12-28,P,2.153,2016-04-28
14655,2016-05-16 09:46:00,2016-05-16,0.2282,0.0,0.0,1128.0,0.2282,0.2282,0.2282,10000623,2016-12-28,2016-12-28,P,2.153,2016-04-28
14656,2016-05-16 09:47:00,2016-05-16,0.2282,0.0,0.0,1128.0,0.2282,0.2282,0.2282,10000623,2016-12-28,2016-12-28,P,2.153,2016-04-28
14657,2016-05-16 09:48:00,2016-05-16,0.2282,0.0,0.0,1128.0,0.2282,0.2282,0.2282,10000623,2016-12-28,2016-12-28,P,2.153,2016-04-28
14658,2016-05-16 09:49:00,2016-05-16,0.2282,0.0,0.0,1128.0,0.2282,0.2282,0.2282,10000623,2016-12-28,2016-12-28,P,2.153,2016-04-28
14659,2016-05-16 09:50:00,2016-05-16,0.2282,0.0,0.0,1128.0,0.2282,0.2282,0.2282,10000623,2016-12-28,2016-12-28,P,2.153,2016-04-28
14660,2016-05-16 09:51:00,2016-05-16,0.2282,0.0,0.0,1128.0,0.2282,0.2282,0.2282,10000623,2016-12-28,2016-12-28,P,2.153,2016-04-28
14661,2016-05-16 09:52:00,2016-05-16,0.2282,0.0,0.0,1128.0,0.2282,0.2282,0.2282,10000623,2016-12-28,2016-12-28,P,2.153,2016-04-28
14662,2016-05-16 09:53:00,2016-05-16,0.2306,23060.0,10.0,1120.0,0.2282,0.2306,0.2282,10000623,2016-12-28,2016-12-28,P,2.153,2016-04-28
14663,2016-05-16 09:54:00,2016-05-16,0.2306,0.0,0.0,1120.0,0.2306,0.2306,0.2306,10000623,2016-12-28,2016-12-28,P,2.153,2016-04-28
14664,2016-05-16 09:55:00,2016-05-16,0.2306,0.0,0.0,1120.0,0.2306,0.2306,0.2306,10000623,2016-12-28,2016-12-28,P,2.153,2016-04-28
14665,2016-05-16 09:56:00,2016-05-16,0.2306,0.0,0.0,1120.0,0.2306,0.2306,0.2306,10000623,2016-12-28,2016-12-28,P,2.153,2016-04-28
14666,2016-05-16 09:57:00,2016-05-16,0.2306,0.0,0.0,1120.0,0.2306,0.2306,0.2306,10000623,2016-12-28,2016-12-28,P,2.153,2016-04-28
14667,2016-05-16 09:58:00,2016-05-16,0.2306,0.0,0.0,1120.0,0.2306,0.2306,0.2306,10000623,2016-12-28,2016-12-28,P,2.153,2016-04-28
14668,2016-05-16 09:59:00,2016-05-16,0.2306,0.0,0.0,1120.0,0.2306,0.2306,0.2306,10000623,2016-12-28,2016-12-28,P,2.153,2016-04-28
14669,2016-05-16 10:00:00,2016-05-16,0.2306,0.0,0.0,1120.0,0.2306,0.2306,0.2306,10000623,2016-12-28,2016-12-28,P,2.153,2016-04-28
14670,2016-05-16 10:01:00,2016-05-16,0.2306,0.0,0.0,1120.0,0.2306,0.2306,0.2306,10000623,2016-12-28,2016-12-28,P,2.153,2016-04-28
14671,2016-05-16 10:02:00,2016-05-16,0.2306,0.0,0.0,1120.0,0.2306,0.2306,0.2306,10000623,2016-12-28,2016-12-28,P,2.153,2016-04-28
14672,2016-05-16 10:03:00,2016-05-16,0.2306,0.0,0.0,1120.0,0.2306,0.2306,0.2306,10000623,2016-12-28,2016-12-28,P,2.153,2016-04-28
14673,2016-05-16 10:04:00,2016-05-16,0.2306,0.0,0.0,1120.0,0.2306,0.2306,0.2306,10000623,2016-12-28,2016-12-28,P,2.153,2016-04-28
14674,2016-05-16 10:05:00,2016-05-16,0.2306,0.0,0.0,1120.0,0.2306,0.2306,0.2306,10000623,2016-12-28,2016-12-28,P,2.153,2016-04-28
14675,2016-05-16 10:06:00,2016-05-16,0.2306,0.0,0.0,1120.0,0.2306,0.2306,0.2306,10000623,2016-12-28,2016-12-28,P,2.153,2016-04-28
14676,2016-05-16 10:07:00,2016-05-16,0.2306,0.0,0.0,1120.0,0.2306,0.2306,0.2306,10000623,2016-12-28,2016-12-28,P,2.153,2016-04-28
14677,2016-05-16 10:08:00,2016-05-16,0.2306,0.0,0.0,1120.0,0.2306,0.2306,0.2306,10000623,2016-12-28,2016-12-28,P,2.153,2016-04-28
14678,2016-05-16 10:09:00,2016-05-16,0.2306,0.0,0.0,1120.0,0.2306,0.2306,0.2306,10000623,2016-12-28,2016-12-28,P,2.153,2016-04-28
14679,2016-05-16 10:10:00,2016-05-16,0.2306,0.0,0.0,1120.0,0.2306,0.2306,0.2306,10000623,2016-12-28,2016-12-28,P,2.153,2016-04-28
14680,2016-05-16 10:11:00,2016-05-16,0.2306,0.0,0.0,1120.0,0.2306,0.2306,0.2306,10000623,2016-12-28,2016-12-28,P,2.153,2016-04-28
14681,2016-05-16 10:12:00,2016-05-16,0.2306,0.0,0.0,1120.0,0.2306,0.2306,0.2306,10000623,2016-12-28,2016-12-28,P,2.153,2016-04-28
14682,2016-05-16 10:13:00,2016-05-16,0.2306,0.0,0.0,1120.0,0.2306,0.2306,0.2306,10000623,2016-12-28,2016-12-28,P,2.153,2016-04-28
14683,2016-05-16 10:14:00,2016-05-16,0.2306,0.0,0.0,1120.0,0.2306,0.2306,0.2306,10000623,2016-12-28,2016-12-28,P,2.153,2016-04-28
14684,2016-05-16 10:15:00,2016-05-16,0.2306,0.0,0.0,1120.0,0.2306,0.2306,0.2306,10000623,2016-12-28,2016-12-28,P,2.153,2016-04-28
14685,2016-05-16 10:16:00,2016-05-16,0.2306,0.0,0.0,1120.0,0.2306,0.2306,0.2306,10000623,2016-12-28,2016-12-28,P,2.153,2016-04-28
14686,2016-05-16 10:17:00,2016-05-16,0.2306,0.0,0.0,1120.0,0.2306,0.2306,0.2306,10000623,2016-12-28,2016-12-28,P,2.153,2016-04-28
14687,2016-05-16 10:18:00,2016-05-16,0.2306,0.0,0.0,1120.0,0.2306,0.2306,0.2306,10000623,2016-12-28,2016-12-28,P,2.153,2016-04-28
14688,2016-05-16 10:19:00,2016-05-16,0.2306,0.0,0.0,1120.0,0.2306,0.2306,0.2306,10000623,2016-12-28,2016-12-28,P,2.153,2016-04-28
14689,2016-05-16 10:20:00,2016-05-16,0.2306,0.0,0.0,1120.0,0.2306,0.2306,0.2306,10000623,2016-12-28,2016-12-28,P,2.153,2016-04-28
14690,2016-05-16 10:21:00,2016-05-16,0.2306,0.0,0.0,1120.0,0.2306,0.2306,0.2306,10000623,2016-12-28,2016-12-28,P,2.153,2016-04-28
14691,2016-05-16 10:22:00,2016-05-16,0.2306,0.0,0.0,1120.0,0.2306,0.2306,0.2306,10000623,2016-12-28,2016-12-28,P,2.153,2016-04-28
14692,2016-05-16 10:23:00,2016-05-16,0.2306,0.0,0.0,1120.0,0.2306,0.2306,0.2306,10000623,2016-12-28,2016-12-28,P,2.153,2016-04-28
14693,2016-05-16 10:24:00,2016-05-16,0.2306,0.0,0.0,1120.0,0.2306,0.2306,0.2306,10000623,2016-12-28,2016-12-28,P,2.153,2016-04-28
14694,2016-05-16 10:25:00,2016-05-16,0.2306,0.0,0.0,1120.0,0.2306,0.2306,0.2306,10000623,2016-12-28,2016-12-28,P,2.153,2016-04-28
14695,2016-05-16 10:26:00,2016-05-16,0.2306,0.0,0.0,1120.0,0.2306,0.2306,0.2306,10000623,2016-12-28,2016-12-28,P,2.153,2016-04-28
14696,2016-05-16 10:27:00,2016-05-16,0.2306,0.0,0.0,1120.0,0.2306,0.2306,0.2306,10000623,2016-12-28,2016-12-28,P,2.153,2016-04-28
14697,2016-05-16 10:28:00,2016-05-16,0.2306,0.0,0.0,1120.0,0.2306,0.2306,0.2306,10000623,2016-12-28,2016-12-28,P,2.153,2016-04-28
14698,2016-05-16 10:29:00,2016-05-16,0.2306,0.0,0.0,1120.0,0.2306,0.2306,0.2306,10000623,2016-12-28,2016-12-28,P,2.153,2016-04-28
14699,2016-05-16 10:30:00,2016-05-16,0.2306,0.0,0.0,1120.0,0.2306,0.2306,0.2306,10000623,2016-12-28,2016-12-28,P,2.153,2016-04-28
14700,2016-05-16 10:31:00,2016-05-16,0.2306,0.0,0.0,1120.0,0.2306,0.2306,0.2306,10000623,2016-12-28,2016-12-28,P,2.153,2016-04-28
14701,2016-05-16 10:32:00,2016-05-16,0.2306,0.0,0.0,1120.0,0.2306,0.2306,0.2306,10000623,2016-12-28,2016-12-28,P,2.153,2016-04-28
14702,2016-05-16 10:33:00,2016-05-16,0.2306,0.0,0.0,1120.0,0.2306,0.2306,0.2306,10000623,2016-12-28,2016-12-28,P,2.153,2016-04-28
14703,2016-05-16 10:34:00,2016-05-16,0.2306,0.0,0.0,1120.0,0.2306,0.2306,0.2306,10000623,2016-12-28,2016-12-28,P,2.153,2016-04-28
14704,2016-05-16 10:35:00,2016-05-16,0.2306,0.0,0.0,1120.0,0.2306,0.2306,0.2306,10000623,2016-12-28,2016-12-28,P,2.153,2016-04-28
14705,2016-05-16 10:36:00,2016-05-16,0.2306,0.0,0.0,1120.0,0.2306,0.2306,0.2306,10000623,2016-12-28,2016-12-28,P,2.153,2016-04-28
14706,2016-05-16 10:37:00,2016-05-16,0.2306,0.0,0.0,1120.0,0.2306,0.2306,0.2306,10000623,2016-12-28,2016-12-28,P,2.153,2016-04-28
14707,2016-05-16 10:38:00,2016-05-16,0.2306,0.0,0.0,1120.0,0.2306,0.2306,0.2306,10000623,2016-12-28,2016-12-28,P,2.153,2016-04-28
14708,2016-05-16 10:39:00,2016-05-16,0.2306,0.0,0.0,1120.0,0.2306,0.2306,0.2306,10000623,2016-12-28,2016-12-28,P,2.153,2016-04-28
14709,2016-05-16 10:40:00,2016-05-16,0.2306,0.0,0.0,1120.0,0.2306,0.2306,0.2306,10000623,2016-12-28,2016-12-28,P,2.153,2016-04-28
14710,2016-05-16 10:41:00,2016-05-16,0.2306,0.0,0.0,1120.0,0.2306,0.2306,0.2306,10000623,2016-12-28,2016-12-28,P,2.153,2016-04-28
14711,2016-05-16 10:42:00,2016-05-16,0.2306,0.0,0.0,1120.0,0.2306,0.2306,0.2306,10000623,2016-12-28,2016-12-28,P,2.153,2016-04-28
14712,2016-05-16 10:43:00,2016-05-16,0.2306,0.0,0.0,1120.0,0.2306,0.2306,0.2306,10000623,2016-12-28,2016-12-28,P,2.153,2016-04-28
14713,2016-05-16 10:44:00,2016-05-16,0.2306,0.0,0.0,1120.0,0.2306,0.2306,0.2306,10000623,2016-12-28,2016-12-28,P,2.153,2016-04-28
14714,2016-05-16 10:45:00,2016-05-16,0.2306,0.0,0.0,1120.0,0.2306,0.2306,0.2306,10000623,2016-12-28,2016-12-28,P,2.153,2016-04-28
14715,2016-05-16 10:46:00,2016-05-16,0.2306,0.0,0.0,1120.0,0.2306,0.2306,0.2306,10000623,2016-12-28,2016-12-28,P,2.153,2016-04-28
14716,2016-05-16 10:47:00,2016-05-16,0.2306,0.0,0.0,1120.0,0.2306,0.2306,0.2306,10000623,2016-12-28,2016-12-28,P,2.153,2016-04-28
14717,2016-05-16 10:48:00,2016-05-16,0.2306,23060.0,10.0,1125.0,0.2306,0.2306,0.2306,10000623,2016-12-28,2016-12-28,P,2.153,2016-04-28
14718,2016-05-16 10:49:00,2016-05-16,0.2306,11485.0,5.0,1130.0,0.2306,0.2297,0.2297,10000623,2016-12-28,2016-12-28,P,2.153,2016-04-28
14719,2016-05-16 10:50:00,2016-05-16,0.2297,0.0,0.0,1130.0,0.2297,0.2297,0.2297,10000623,2016-12-28,2016-12-28,P,2.153,2016-04-28
14720,2016-05-16 10:51:00,2016-05-16,0.2297,0.0,0.0,1130.0,0.2297,0.2297,0.2297,10000623,2016-12-28,2016-12-28,P,2.153,2016-04-28
14721,2016-05-16 10:52:00,2016-05-16,0.2297,0.0,0.0,1130.0,0.2297,0.2297,0.2297,10000623,2016-12-28,2016-12-28,P,2.153,2016-04-28
14722,2016-05-16 10:53:00,2016-05-16,0.2297,0.0,0.0,1130.0,0.2297,0.2297,0.2297,10000623,2016-12-28,2016-12-28,P,2.153,2016-04-28
14723,2016-05-16 10:54:00,2016-05-16,0.2297,0.0,0.0,1130.0,0.2297,0.2297,0.2297,10000623,2016-12-28,2016-12-28,P,2.153,2016-04-28
14724,2016-05-16 10:55:00,2016-05-16,0.2297,0.0,0.0,1130.0,0.2297,0.2297,0.2297,10000623,2016-12-28,2016-12-28,P,2.153,2016-04-28
14725,2016-05-16 10:56:00,2016-05-16,0.2297,0.0,0.0,1130.0,0.2297,0.2297,0.2297,10000623,2016-12-28,2016-12-28,P,2.153,2016-04-28
14726,2016-05-16 10:57:00,2016-05-16,0.2297,0.0,0.0,1130.0,0.2297,0.2297,0.2297,10000623,2016-12-28,2016-12-28,P,2.153,2016-04-28
14727,2016-05-16 10:58:00,2016-05-16,0.2297,0.0,0.0,1130.0,0.2297,0.2297,0.2297,10000623,2016-12-28,2016-12-28,P,2.153,2016-04-28
14728,2016-05-16 10:59:00,2016-05-16,0.2297,0.0,0.0,1130.0,0.2297,0.2297,0.2297,10000623,2016-12-28,2016-12-28,P,2.153,2016-04-28
14729,2016-05-16 11:00:00,2016-05-16,0.2297,0.0,0.0,1130.0,0.2297,0.2297,0.2297,10000623,2016-12-28,2016-12-28,P,2.153,2016-04-28
14730,2016-05-16 11:01:00,2016-05-16,0.2297,0.0,0.0,1130.0,0.2297,0.2297,0.2297,10000623,2016-12-28,2016-12-28,P,2.153,2016-04-28
14731,2016-05-16 11:02:00,2016-05-16,0.2297,0.0,0.0,1130.0,0.2297,0.2297,0.2297,10000623,2016-12-28,2016-12-28,P,2.153,2016-04-28
14732,2016-05-16 11:03:00,2016-05-16,0.2297,0.0,0.0,1130.0,0.2297,0.2297,0.2297,10000623,2016-12-28,2016-12-28,P,2.153,2016-04-28
14733,2016-05-16 11:04:00,2016-05-16,0.2297,0.0,0.0,1130.0,0.2297,0.2297,0.2297,10000623,2016-12-28,2016-12-28,P,2.153,2016-04-28
14734,2016-05-16 11:05:00,2016-05-16,0.2297,0.0,0.0,1130.0,0.2297,0.2297,0.2297,10000623,2016-12-28,2016-12-28,P,2.153,2016-04-28
14735,2016-05-16 11:06:00,2016-05-16,0.2297,0.0,0.0,1130.0,0.2297,0.2297,0.2297,10000623,2016-12-28,2016-12-28,P,2.153,2016-04-28
14736,2016-05-16 11:07:00,2016-05-16,0.2297,0.0,0.0,1130.0,0.2297,0.2297,0.2297,10000623,2016-12-28,2016-12-28,P,2.153,2016-04-28
14737,2016-05-16 11:08:00,2016-05-16,0.2297,11470.0,5.0,1130.0,0.2297,0.2294,0.2294,10000623,2016-12-28,2016-12-28,P,2.153,2016-04-28
14738,2016-05-16 11:09:00,2016-05-16,0.2294,0.0,0.0,1130.0,0.2294,0.2294,0.2294,10000623,2016-12-28,2016-12-28,P,2.153,2016-04-28
14739,2016-05-16 11:10:00,2016-05-16,0.2294,0.0,0.0,1130.0,0.2294,0.2294,0.2294,10000623,2016-12-28,2016-12-28,P,2.153,2016-04-28
14740,2016-05-16 11:11:00,2016-05-16,0.2294,0.0,0.0,1130.0,0.2294,0.2294,0.2294,10000623,2016-12-28,2016-12-28,P,2.153,2016-04-28
14741,2016-05-16 11:12:00,2016-05-16,0.2294,0.0,0.0,1130.0,0.2294,0.2294,0.2294,10000623,2016-12-28,2016-12-28,P,2.153,2016-04-28
14742,2016-05-16 11:13:00,2016-05-16,0.2294,0.0,0.0,1130.0,0.2294,0.2294,0.2294,10000623,2016-12-28,2016-12-28,P,2.153,2016-04-28
14743,2016-05-16 11:14:00,2016-05-16,0.2294,0.0,0.0,1130.0,0.2294,0.2294,0.2294,10000623,2016-12-28,2016-12-28,P,2.153,2016-04-28
14744,2016-05-16 11:15:00,2016-05-16,0.2294,0.0,0.0,1130.0,0.2294,0.2294,0.2294,10000623,2016-12-28,2016-12-28,P,2.153,2016-04-28
14745,2016-05-16 11:16:00,2016-05-16,0.2294,0.0,0.0,1130.0,0.2294,0.2294,0.2294,10000623,2016-12-28,2016-12-28,P,2.153,2016-04-28
14746,2016-05-16 11:17:00,2016-05-16,0.2294,0.0,0.0,1130.0,0.2294,0.2294,0.2294,10000623,2016-12-28,2016-12-28,P,2.153,2016-04-28
14747,2016-05-16 11:18:00,2016-05-16,0.2294,0.0,0.0,1130.0,0.2294,0.2294,0.2294,10000623,2016-12-28,2016-12-28,P,2.153,2016-04-28
14748,2016-05-16 11:19:00,2016-05-16,0.2294,0.0,0.0,1130.0,0.2294,0.2294,0.2294,10000623,2016-12-28,2016-12-28,P,2.153,2016-04-28
14749,2016-05-16 11:20:00,2016-05-16,0.2294,0.0,0.0,1130.0,0.2294,0.2294,0.2294,10000623,2016-12-28,2016-12-28,P,2.153,2016-04-28
14750,2016-05-16 11:21:00,2016-05-16,0.2308,13823.0,6.0,1130.0,0.2294,0.2303,0.2294,10000623,2016-12-28,2016-12-28,P,2.153,2016-04-28
14751,2016-05-16 11:22:00,2016-05-16,0.2303,6909.0,3.0,1130.0,0.2303,0.2303,0.2303,10000623,2016-12-28,2016-12-28,P,2.153,2016-04-28
14752,2016-05-16 11:23:00,2016-05-16,0.2303,0.0,0.0,1130.0,0.2303,0.2303,0.2303,10000623,2016-12-28,2016-12-28,P,2.153,2016-04-28
14753,2016-05-16 11:24:00,2016-05-16,0.2303,0.0,0.0,1130.0,0.2303,0.2303,0.2303,10000623,2016-12-28,2016-12-28,P,2.153,2016-04-28
14754,2016-05-16 11:25:00,2016-05-16,0.2303,0.0,0.0,1130.0,0.2303,0.2303,0.2303,10000623,2016-12-28,2016-12-28,P,2.153,2016-04-28
14755,2016-05-16 11:26:00,2016-05-16,0.2303,0.0,0.0,1130.0,0.2303,0.2303,0.2303,10000623,2016-12-28,2016-12-28,P,2.153,2016-04-28
14756,2016-05-16 11:27:00,2016-05-16,0.2303,0.0,0.0,1130.0,0.2303,0.2303,0.2303,10000623,2016-12-28,2016-12-28,P,2.153,2016-04-28
14757,2016-05-16 11:28:00,2016-05-16,0.2303,0.0,0.0,1130.0,0.2303,0.2303,0.2303,10000623,2016-12-28,2016-12-28,P,2.153,2016-04-28
14758,2016-05-16 11:29:00,2016-05-16,0.2303,0.0,0.0,1130.0,0.2303,0.2303,0.2303,10000623,2016-12-28,2016-12-28,P,2.153,2016-04-28
14759,2016-05-16 11:30:00,2016-05-16,0.2303,0.0,0.0,1130.0,0.2303,0.2303,0.2303,10000623,2016-12-28,2016-12-28,P,2.153,2016-04-28
14760,2016-05-16 13:01:00,2016-05-16,0.2303,0.0,0.0,1130.0,0.2303,0.2303,0.2303,10000623,2016-12-28,2016-12-28,P,2.153,2016-04-28
14761,2016-05-16 13:02:00,2016-05-16,0.2303,0.0,0.0,1130.0,0.2303,0.2303,0.2303,10000623,2016-12-28,2016-12-28,P,2.153,2016-04-28
14762,2016-05-16 13:03:00,2016-05-16,0.2303,0.0,0.0,1130.0,0.2303,0.2303,0.2303,10000623,2016-12-28,2016-12-28,P,2.153,2016-04-28
14763,2016-05-16 13:04:00,2016-05-16,0.2303,0.0,0.0,1130.0,0.2303,0.2303,0.2303,10000623,2016-12-28,2016-12-28,P,2.153,2016-04-28
14764,2016-05-16 13:05:00,2016-05-16,0.2303,0.0,0.0,1130.0,0.2303,0.2303,0.2303,10000623,2016-12-28,2016-12-28,P,2.153,2016-04-28
14765,2016-05-16 13:06:00,2016-05-16,0.2303,0.0,0.0,1130.0,0.2303,0.2303,0.2303,10000623,2016-12-28,2016-12-28,P,2.153,2016-04-28
14766,2016-05-16 13:07:00,2016-05-16,0.2303,0.0,0.0,1130.0,0.2303,0.2303,0.2303,10000623,2016-12-28,2016-12-28,P,2.153,2016-04-28
14767,2016-05-16 13:08:00,2016-05-16,0.2303,0.0,0.0,1130.0,0.2303,0.2303,0.2303,10000623,2016-12-28,2016-12-28,P,2.153,2016-04-28
14768,2016-05-16 13:09:00,2016-05-16,0.2303,0.0,0.0,1130.0,0.2303,0.2303,0.2303,10000623,2016-12-28,2016-12-28,P,2.153,2016-04-28
14769,2016-05-16 13:10:00,2016-05-16,0.2339,23390.0,10.0,1140.0,0.2303,0.2339,0.2303,10000623,2016-12-28,2016-12-28,P,2.153,2016-04-28
14770,2016-05-16 13:11:00,2016-05-16,0.2339,0.0,0.0,1140.0,0.2339,0.2339,0.2339,10000623,2016-12-28,2016-12-28,P,2.153,2016-04-28
14771,2016-05-16 13:12:00,2016-05-16,0.2339,0.0,0.0,1140.0,0.2339,0.2339,0.2339,10000623,2016-12-28,2016-12-28,P,2.153,2016-04-28
14772,2016-05-16 13:13:00,2016-05-16,0.2339,0.0,0.0,1140.0,0.2339,0.2339,0.2339,10000623,2016-12-28,2016-12-28,P,2.153,2016-04-28
14773,2016-05-16 13:14:00,2016-05-16,0.2339,0.0,0.0,1140.0,0.2339,0.2339,0.2339,10000623,2016-12-28,2016-12-28,P,2.153,2016-04-28
14774,2016-05-16 13:15:00,2016-05-16,0.2339,0.0,0.0,1140.0,0.2339,0.2339,0.2339,10000623,2016-12-28,2016-12-28,P,2.153,2016-04-28
14775,2016-05-16 13:16:00,2016-05-16,0.2339,0.0,0.0,1140.0,0.2339,0.2339,0.2339,10000623,2016-12-28,2016-12-28,P,2.153,2016-04-28
14776,2016-05-16 13:17:00,2016-05-16,0.2339,0.0,0.0,1140.0,0.2339,0.2339,0.2339,10000623,2016-12-28,2016-12-28,P,2.153,2016-04-28
14777,2016-05-16 13:18:00,2016-05-16,0.2339,23350.0,10.0,1150.0,0.2339,0.2335,0.2335,10000623,2016-12-28,2016-12-28,P,2.153,2016-04-28
14778,2016-05-16 13:19:00,2016-05-16,0.2335,0.0,0.0,1150.0,0.2335,0.2335,0.2335,10000623,2016-12-28,2016-12-28,P,2.153,2016-04-28
14779,2016-05-16 13:20:00,2016-05-16,0.2335,0.0,0.0,1150.0,0.2335,0.2335,0.2335,10000623,2016-12-28,2016-12-28,P,2.153,2016-04-28
14780,2016-05-16 13:21:00,2016-05-16,0.2335,0.0,0.0,1150.0,0.2335,0.2335,0.2335,10000623,2016-12-28,2016-12-28,P,2.153,2016-04-28
14781,2016-05-16 13:22:00,2016-05-16,0.2335,0.0,0.0,1150.0,0.2335,0.2335,0.2335,10000623,2016-12-28,2016-12-28,P,2.153,2016-04-28
14782,2016-05-16 13:23:00,2016-05-16,0.2335,0.0,0.0,1150.0,0.2335,0.2335,0.2335,10000623,2016-12-28,2016-12-28,P,2.153,2016-04-28
14783,2016-05-16 13:24:00,2016-05-16,0.2335,0.0,0.0,1150.0,0.2335,0.2335,0.2335,10000623,2016-12-28,2016-12-28,P,2.153,2016-04-28
14784,2016-05-16 13:25:00,2016-05-16,0.2335,0.0,0.0,1150.0,0.2335,0.2335,0.2335,10000623,2016-12-28,2016-12-28,P,2.153,2016-04-28
14785,2016-05-16 13:26:00,2016-05-16,0.2335,0.0,0.0,1150.0,0.2335,0.2335,0.2335,10000623,2016-12-28,2016-12-28,P,2.153,2016-04-28
14786,2016-05-16 13:27:00,2016-05-16,0.2335,0.0,0.0,1150.0,0.2335,0.2335,0.2335,10000623,2016-12-28,2016-12-28,P,2.153,2016-04-28
14787,2016-05-16 13:28:00,2016-05-16,0.2335,0.0,0.0,1150.0,0.2335,0.2335,0.2335,10000623,2016-12-28,2016-12-28,P,2.153,2016-04-28
14788,2016-05-16 13:29:00,2016-05-16,0.2335,0.0,0.0,1150.0,0.2335,0.2335,0.2335,10000623,2016-12-28,2016-12-28,P,2.153,2016-04-28
14789,2016-05-16 13:30:00,2016-05-16,0.2335,0.0,0.0,1150.0,0.2335,0.2335,0.2335,10000623,2016-12-28,2016-12-28,P,2.153,2016-04-28
14790,2016-05-16 13:31:00,2016-05-16,0.2335,0.0,0.0,1150.0,0.2335,0.2335,0.2335,10000623,2016-12-28,2016-12-28,P,2.153,2016-04-28
14791,2016-05-16 13:32:00,2016-05-16,0.2335,0.0,0.0,1150.0,0.2335,0.2335,0.2335,10000623,2016-12-28,2016-12-28,P,2.153,2016-04-28
14792,2016-05-16 13:33:00,2016-05-16,0.2335,0.0,0.0,1150.0,0.2335,0.2335,0.2335,10000623,2016-12-28,2016-12-28,P,2.153,2016-04-28
14793,2016-05-16 13:34:00,2016-05-16,0.2335,0.0,0.0,1150.0,0.2335,0.2335,0.2335,10000623,2016-12-28,2016-12-28,P,2.153,2016-04-28
14794,2016-05-16 13:35:00,2016-05-16,0.2335,0.0,0.0,1150.0,0.2335,0.2335,0.2335,10000623,2016-12-28,2016-12-28,P,2.153,2016-04-28
14795,2016-05-16 13:36:00,2016-05-16,0.2335,0.0,0.0,1150.0,0.2335,0.2335,0.2335,10000623,2016-12-28,2016-12-28,P,2.153,2016-04-28
14796,2016-05-16 13:37:00,2016-05-16,0.2335,0.0,0.0,1150.0,0.2335,0.2335,0.2335,10000623,2016-12-28,2016-12-28,P,2.153,2016-04-28
14797,2016-05-16 13:38:00,2016-05-16,0.2335,0.0,0.0,1150.0,0.2335,0.2335,0.2335,10000623,2016-12-28,2016-12-28,P,2.153,2016-04-28
14798,2016-05-16 13:39:00,2016-05-16,0.2335,0.0,0.0,1150.0,0.2335,0.2335,0.2335,10000623,2016-12-28,2016-12-28,P,2.153,2016-04-28
14799,2016-05-16 13:40:00,2016-05-16,0.2335,0.0,0.0,1150.0,0.2335,0.2335,0.2335,10000623,2016-12-28,2016-12-28,P,2.153,2016-04-28
14800,2016-05-16 13:41:00,2016-05-16,0.2335,0.0,0.0,1150.0,0.2335,0.2335,0.2335,10000623,2016-12-28,2016-12-28,P,2.153,2016-04-28
14801,2016-05-16 13:42:00,2016-05-16,0.2335,0.0,0.0,1150.0,0.2335,0.2335,0.2335,10000623,2016-12-28,2016-12-28,P,2.153,2016-04-28
14802,2016-05-16 13:43:00,2016-05-16,0.2335,0.0,0.0,1150.0,0.2335,0.2335,0.2335,10000623,2016-12-28,2016-12-28,P,2.153,2016-04-28
14803,2016-05-16 13:44:00,2016-05-16,0.2335,0.0,0.0,1150.0,0.2335,0.2335,0.2335,10000623,2016-12-28,2016-12-28,P,2.153,2016-04-28
14804,2016-05-16 13:45:00,2016-05-16,0.2335,0.0,0.0,1150.0,0.2335,0.2335,0.2335,10000623,2016-12-28,2016-12-28,P,2.153,2016-04-28
14805,2016-05-16 13:46:00,2016-05-16,0.2335,0.0,0.0,1150.0,0.2335,0.2335,0.2335,10000623,2016-12-28,2016-12-28,P,2.153,2016-04-28
14806,2016-05-16 13:47:00,2016-05-16,0.2335,0.0,0.0,1150.0,0.2335,0.2335,0.2335,10000623,2016-12-28,2016-12-28,P,2.153,2016-04-28
14807,2016-05-16 13:48:00,2016-05-16,0.2335,0.0,0.0,1150.0,0.2335,0.2335,0.2335,10000623,2016-12-28,2016-12-28,P,2.153,2016-04-28
14808,2016-05-16 13:49:00,2016-05-16,0.2335,0.0,0.0,1150.0,0.2335,0.2335,0.2335,10000623,2016-12-28,2016-12-28,P,2.153,2016-04-28
14809,2016-05-16 13:50:00,2016-05-16,0.2335,0.0,0.0,1150.0,0.2335,0.2335,0.2335,10000623,2016-12-28,2016-12-28,P,2.153,2016-04-28
14810,2016-05-16 13:51:00,2016-05-16,0.2335,0.0,0.0,1150.0,0.2335,0.2335,0.2335,10000623,2016-12-28,2016-12-28,P,2.153,2016-04-28
14811,2016-05-16 13:52:00,2016-05-16,0.2335,0.0,0.0,1150.0,0.2335,0.2335,0.2335,10000623,2016-12-28,2016-12-28,P,2.153,2016-04-28
14812,2016-05-16 13:53:00,2016-05-16,0.2335,0.0,0.0,1150.0,0.2335,0.2335,0.2335,10000623,2016-12-28,2016-12-28,P,2.153,2016-04-28
14813,2016-05-16 13:54:00,2016-05-16,0.2335,0.0,0.0,1150.0,0.2335,0.2335,0.2335,10000623,2016-12-28,2016-12-28,P,2.153,2016-04-28
14814,2016-05-16 13:55:00,2016-05-16,0.2335,0.0,0.0,1150.0,0.2335,0.2335,0.2335,10000623,2016-12-28,2016-12-28,P,2.153,2016-04-28
14815,2016-05-16 13:56:00,2016-05-16,0.2335,0.0,0.0,1150.0,0.2335,0.2335,0.2335,10000623,2016-12-28,2016-12-28,P,2.153,2016-04-28
14816,2016-05-16 13:57:00,2016-05-16,0.2335,0.0,0.0,1150.0,0.2335,0.2335,0.2335,10000623,2016-12-28,2016-12-28,P,2.153,2016-04-28
14817,2016-05-16 13:58:00,2016-05-16,0.2335,0.0,0.0,1150.0,0.2335,0.2335,0.2335,10000623,2016-12-28,2016-12-28,P,2.153,2016-04-28
14818,2016-05-16 13:59:00,2016-05-16,0.2335,0.0,0.0,1150.0,0.2335,0.2335,0.2335,10000623,2016-12-28,2016-12-28,P,2.153,2016-04-28
14819,2016-05-16 14:00:00,2016-05-16,0.2335,0.0,0.0,1150.0,0.2335,0.2335,0.2335,10000623,2016-12-28,2016-12-28,P,2.153,2016-04-28
14820,2016-05-16 14:01:00,2016-05-16,0.2335,0.0,0.0,1150.0,0.2335,0.2335,0.2335,10000623,2016-12-28,2016-12-28,P,2.153,2016-04-28
14821,2016-05-16 14:02:00,2016-05-16,0.2335,0.0,0.0,1150.0,0.2335,0.2335,0.2335,10000623,2016-12-28,2016-12-28,P,2.153,2016-04-28
14822,2016-05-16 14:03:00,2016-05-16,0.2335,0.0,0.0,1150.0,0.2335,0.2335,0.2335,10000623,2016-12-28,2016-12-28,P,2.153,2016-04-28
14823,2016-05-16 14:04:00,2016-05-16,0.2335,0.0,0.0,1150.0,0.2335,0.2335,0.2335,10000623,2016-12-28,2016-12-28,P,2.153,2016-04-28
14824,2016-05-16 14:05:00,2016-05-16,0.2335,0.0,0.0,1150.0,0.2335,0.2335,0.2335,10000623,2016-12-28,2016-12-28,P,2.153,2016-04-28
14825,2016-05-16 14:06:00,2016-05-16,0.2335,0.0,0.0,1150.0,0.2335,0.2335,0.2335,10000623,2016-12-28,2016-12-28,P,2.153,2016-04-28
14826,2016-05-16 14:07:00,2016-05-16,0.2335,0.0,0.0,1150.0,0.2335,0.2335,0.2335,10000623,2016-12-28,2016-12-28,P,2.153,2016-04-28
14827,2016-05-16 14:08:00,2016-05-16,0.2335,0.0,0.0,1150.0,0.2335,0.2335,0.2335,10000623,2016-12-28,2016-12-28,P,2.153,2016-04-28
14828,2016-05-16 14:09:00,2016-05-16,0.2335,0.0,0.0,1150.0,0.2335,0.2335,0.2335,10000623,2016-12-28,2016-12-28,P,2.153,2016-04-28
14829,2016-05-16 14:10:00,2016-05-16,0.2335,0.0,0.0,1150.0,0.2335,0.2335,0.2335,10000623,2016-12-28,2016-12-28,P,2.153,2016-04-28
14830,2016-05-16 14:11:00,2016-05-16,0.2335,0.0,0.0,1150.0,0.2335,0.2335,0.2335,10000623,2016-12-28,2016-12-28,P,2.153,2016-04-28
14831,2016-05-16 14:12:00,2016-05-16,0.2335,0.0,0.0,1150.0,0.2335,0.2335,0.2335,10000623,2016-12-28,2016-12-28,P,2.153,2016-04-28
14832,2016-05-16 14:13:00,2016-05-16,0.2335,0.0,0.0,1150.0,0.2335,0.2335,0.2335,10000623,2016-12-28,2016-12-28,P,2.153,2016-04-28
14833,2016-05-16 14:14:00,2016-05-16,0.2335,0.0,0.0,1150.0,0.2335,0.2335,0.2335,10000623,2016-12-28,2016-12-28,P,2.153,2016-04-28
14834,2016-05-16 14:15:00,2016-05-16,0.2335,0.0,0.0,1150.0,0.2335,0.2335,0.2335,10000623,2016-12-28,2016-12-28,P,2.153,2016-04-28
14835,2016-05-16 14:16:00,2016-05-16,0.2335,0.0,0.0,1150.0,0.2335,0.2335,0.2335,10000623,2016-12-28,2016-12-28,P,2.153,2016-04-28
14836,2016-05-16 14:17:00,2016-05-16,0.2335,0.0,0.0,1150.0,0.2335,0.2335,0.2335,10000623,2016-12-28,2016-12-28,P,2.153,2016-04-28
14837,2016-05-16 14:18:00,2016-05-16,0.2335,0.0,0.0,1150.0,0.2335,0.2335,0.2335,10000623,2016-12-28,2016-12-28,P,2.153,2016-04-28
14838,2016-05-16 14:19:00,2016-05-16,0.2335,0.0,0.0,1150.0,0.2335,0.2335,0.2335,10000623,2016-12-28,2016-12-28,P,2.153,2016-04-28
14839,2016-05-16 14:20:00,2016-05-16,0.2335,0.0,0.0,1150.0,0.2335,0.2335,0.2335,10000623,2016-12-28,2016-12-28,P,2.153,2016-04-28
14840,2016-05-16 14:21:00,2016-05-16,0.2335,0.0,0.0,1150.0,0.2335,0.2335,0.2335,10000623,2016-12-28,2016-12-28,P,2.153,2016-04-28
14841,2016-05-16 14:22:00,2016-05-16,0.2335,0.0,0.0,1150.0,0.2335,0.2335,0.2335,10000623,2016-12-28,2016-12-28,P,2.153,2016-04-28
14842,2016-05-16 14:23:00,2016-05-16,0.2335,0.0,0.0,1150.0,0.2335,0.2335,0.2335,10000623,2016-12-28,2016-12-28,P,2.153,2016-04-28
14843,2016-05-16 14:24:00,2016-05-16,0.2335,0.0,0.0,1150.0,0.2335,0.2335,0.2335,10000623,2016-12-28,2016-12-28,P,2.153,2016-04-28
14844,2016-05-16 14:25:00,2016-05-16,0.2335,0.0,0.0,1150.0,0.2335,0.2335,0.2335,10000623,2016-12-28,2016-12-28,P,2.153,2016-04-28
14845,2016-05-16 14:26:00,2016-05-16,0.2335,0.0,0.0,1150.0,0.2335,0.2335,0.2335,10000623,2016-12-28,2016-12-28,P,2.153,2016-04-28
14846,2016-05-16 14:27:00,2016-05-16,0.2335,0.0,0.0,1150.0,0.2335,0.2335,0.2335,10000623,2016-12-28,2016-12-28,P,2.153,2016-04-28
14847,2016-05-16 14:28:00,2016-05-16,0.2335,0.0,0.0,1150.0,0.2335,0.2335,0.2335,10000623,2016-12-28,2016-12-28,P,2.153,2016-04-28
14848,2016-05-16 14:29:00,2016-05-16,0.2335,0.0,0.0,1150.0,0.2335,0.2335,0.2335,10000623,2016-12-28,2016-12-28,P,2.153,2016-04-28
14849,2016-05-16 14:30:00,2016-05-16,0.2335,0.0,0.0,1150.0,0.2335,0.2335,0.2335,10000623,2016-12-28,2016-12-28,P,2.153,2016-04-28
14850,2016-05-16 14:31:00,2016-05-16,0.2335,0.0,0.0,1150.0,0.2335,0.2335,0.2335,10000623,2016-12-28,2016-12-28,P,2.153,2016-04-28
14851,2016-05-16 14:32:00,2016-05-16,0.2335,0.0,0.0,1150.0,0.2335,0.2335,0.2335,10000623,2016-12-28,2016-12-28,P,2.153,2016-04-28
14852,2016-05-16 14:33:00,2016-05-16,0.2335,0.0,0.0,1150.0,0.2335,0.2335,0.2335,10000623,2016-12-28,2016-12-28,P,2.153,2016-04-28
14853,2016-05-16 14:34:00,2016-05-16,0.2335,0.0,0.0,1150.0,0.2335,0.2335,0.2335,10000623,2016-12-28,2016-12-28,P,2.153,2016-04-28
14854,2016-05-16 14:35:00,2016-05-16,0.2335,0.0,0.0,1150.0,0.2335,0.2335,0.2335,10000623,2016-12-28,2016-12-28,P,2.153,2016-04-28
14855,2016-05-16 14:36:00,2016-05-16,0.2335,0.0,0.0,1150.0,0.2335,0.2335,0.2335,10000623,2016-12-28,2016-12-28,P,2.153,2016-04-28
14856,2016-05-16 14:37:00,2016-05-16,0.2335,0.0,0.0,1150.0,0.2335,0.2335,0.2335,10000623,2016-12-28,2016-12-28,P,2.153,2016-04-28
14857,2016-05-16 14:38:00,2016-05-16,0.2335,0.0,0.0,1150.0,0.2335,0.2335,0.2335,10000623,2016-12-28,2016-12-28,P,2.153,2016-04-28
14858,2016-05-16 14:39:00,2016-05-16,0.2335,0.0,0.0,1150.0,0.2335,0.2335,0.2335,10000623,2016-12-28,2016-12-28,P,2.153,2016-04-28
14859,2016-05-16 14:40:00,2016-05-16,0.2335,0.0,0.0,1150.0,0.2335,0.2335,0.2335,10000623,2016-12-28,2016-12-28,P,2.153,2016-04-28
14860,2016-05-16 14:41:00,2016-05-16,0.2335,0.0,0.0,1150.0,0.2335,0.2335,0.2335,10000623,2016-12-28,2016-12-28,P,2.153,2016-04-28
14861,2016-05-16 14:42:00,2016-05-16,0.2335,0.0,0.0,1150.0,0.2335,0.2335,0.2335,10000623,2016-12-28,2016-12-28,P,2.153,2016-04-28
14862,2016-05-16 14:43:00,2016-05-16,0.2335,0.0,0.0,1150.0,0.2335,0.2335,0.2335,10000623,2016-12-28,2016-12-28,P,2.153,2016-04-28
14863,2016-05-16 14:44:00,2016-05-16,0.2335,0.0,0.0,1150.0,0.2335,0.2335,0.2335,10000623,2016-12-28,2016-12-28,P,2.153,2016-04-28
14864,2016-05-16 14:45:00,2016-05-16,0.2335,0.0,0.0,1150.0,0.2335,0.2335,0.2335,10000623,2016-12-28,2016-12-28,P,2.153,2016-04-28
14865,2016-05-16 14:46:00,2016-05-16,0.2335,0.0,0.0,1150.0,0.2335,0.2335,0.2335,10000623,2016-12-28,2016-12-28,P,2.153,2016-04-28
14866,2016-05-16 14:47:00,2016-05-16,0.2335,0.0,0.0,1150.0,0.2335,0.2335,0.2335,10000623,2016-12-28,2016-12-28,P,2.153,2016-04-28
14867,2016-05-16 14:48:00,2016-05-16,0.2335,0.0,0.0,1150.0,0.2335,0.2335,0.2335,10000623,2016-12-28,2016-12-28,P,2.153,2016-04-28
14868,2016-05-16 14:49:00,2016-05-16,0.2335,0.0,0.0,1150.0,0.2335,0.2335,0.2335,10000623,2016-12-28,2016-12-28,P,2.153,2016-04-28
14869,2016-05-16 14:50:00,2016-05-16,0.2335,0.0,0.0,1150.0,0.2335,0.2335,0.2335,10000623,2016-12-28,2016-12-28,P,2.153,2016-04-28
14870,2016-05-16 14:51:00,2016-05-16,0.2335,0.0,0.0,1150.0,0.2335,0.2335,0.2335,10000623,2016-12-28,2016-12-28,P,2.153,2016-04-28
14871,2016-05-16 14:52:00,2016-05-16,0.2335,0.0,0.0,1150.0,0.2335,0.2335,0.2335,10000623,2016-12-28,2016-12-28,P,2.153,2016-04-28
14872,2016-05-16 14:53:00,2016-05-16,0.2335,0.0,0.0,1150.0,0.2335,0.2335,0.2335,10000623,2016-12-28,2016-12-28,P,2.153,2016-04-28
14873,2016-05-16 14:54:00,2016-05-16,0.2335,0.0,0.0,1150.0,0.2335,0.2335,0.2335,10000623,2016-12-28,2016-12-28,P,2.153,2016-04-28
14874,2016-05-16 14:55:00,2016-05-16,0.2335,0.0,0.0,1150.0,0.2335,0.2335,0.2335,10000623,2016-12-28,2016-12-28,P,2.153,2016-04-28
14875,2016-05-16 14:56:00,2016-05-16,0.2335,0.0,0.0,1150.0,0.2335,0.2335,0.2335,10000623,2016-12-28,2016-12-28,P,2.153,2016-04-28
14876,2016-05-16 14:57:00,2016-05-16,0.2335,0.0,0.0,1150.0,0.2335,0.2335,0.2335,10000623,2016-12-28,2016-12-28,P,2.153,2016-04-28
14877,2016-05-16 14:58:00,2016-05-16,0.2335,0.0,0.0,1150.0,0.2335,0.2335,0.2335,10000623,2016-12-28,2016-12-28,P,2.153,2016-04-28
14878,2016-05-16 14:59:00,2016-05-16,0.2335,0.0,0.0,1150.0,0.2335,0.2335,0.2335,10000623,2016-12-28,2016-12-28,P,2.153,2016-04-28
14879,2016-05-16 15:00:00,2016-05-16,0.2335,0.0,0.0,1150.0,0.2335,0.2335,0.2335,10000623,2016-12-28,2016-12-28,P,2.153,2016-04-28
14880,2016-05-16 09:31:00,2016-05-16,0.0018,0.0,0.0,8938.0,0.0018,0.0018,0.0018,10000453,2016-06-22,2016-06-22,C,2.4,2015-10-29
14881,2016-05-16 09:32:00,2016-05-16,0.0018,0.0,0.0,8938.0,0.0018,0.0018,0.0018,10000453,2016-06-22,2016-06-22,C,2.4,2015-10-29
14882,2016-05-16 09:33:00,2016-05-16,0.0018,0.0,0.0,8938.0,0.0018,0.0018,0.0018,10000453,2016-06-22,2016-06-22,C,2.4,2015-10-29
14883,2016-05-16 09:34:00,2016-05-16,0.0018,0.0,0.0,8938.0,0.0018,0.0018,0.0018,10000453,2016-06-22,2016-06-22,C,2.4,2015-10-29
14884,2016-05-16 09:35:00,2016-05-16,0.0018,0.0,0.0,8938.0,0.0018,0.0018,0.0018,10000453,2016-06-22,2016-06-22,C,2.4,2015-10-29
14885,2016-05-16 09:36:00,2016-05-16,0.0018,0.0,0.0,8938.0,0.0018,0.0018,0.0018,10000453,2016-06-22,2016-06-22,C,2.4,2015-10-29
14886,2016-05-16 09:37:00,2016-05-16,0.0018,0.0,0.0,8938.0,0.0018,0.0018,0.0018,10000453,2016-06-22,2016-06-22,C,2.4,2015-10-29
14887,2016-05-16 09:38:00,2016-05-16,0.0018,0.0,0.0,8938.0,0.0018,0.0018,0.0018,10000453,2016-06-22,2016-06-22,C,2.4,2015-10-29
14888,2016-05-16 09:39:00,2016-05-16,0.0017,17.0,1.0,8938.0,0.0018,0.0017,0.0017,10000453,2016-06-22,2016-06-22,C,2.4,2015-10-29
14889,2016-05-16 09:40:00,2016-05-16,0.0017,0.0,0.0,8938.0,0.0017,0.0017,0.0017,10000453,2016-06-22,2016-06-22,C,2.4,2015-10-29
14890,2016-05-16 09:41:00,2016-05-16,0.0017,0.0,0.0,8938.0,0.0017,0.0017,0.0017,10000453,2016-06-22,2016-06-22,C,2.4,2015-10-29
14891,2016-05-16 09:42:00,2016-05-16,0.0017,0.0,0.0,8938.0,0.0017,0.0017,0.0017,10000453,2016-06-22,2016-06-22,C,2.4,2015-10-29
14892,2016-05-16 09:43:00,2016-05-16,0.0017,0.0,0.0,8938.0,0.0017,0.0017,0.0017,10000453,2016-06-22,2016-06-22,C,2.4,2015-10-29
14893,2016-05-16 09:44:00,2016-05-16,0.0018,630.0,35.0,8958.0,0.0017,0.0018,0.0017,10000453,2016-06-22,2016-06-22,C,2.4,2015-10-29
14894,2016-05-16 09:45:00,2016-05-16,0.0018,982.0,54.0,9002.0,0.0018,0.0018,0.0018,10000453,2016-06-22,2016-06-22,C,2.4,2015-10-29
14895,2016-05-16 09:46:00,2016-05-16,0.0018,0.0,0.0,9002.0,0.0018,0.0018,0.0018,10000453,2016-06-22,2016-06-22,C,2.4,2015-10-29
14896,2016-05-16 09:47:00,2016-05-16,0.0018,0.0,0.0,9002.0,0.0018,0.0018,0.0018,10000453,2016-06-22,2016-06-22,C,2.4,2015-10-29
14897,2016-05-16 09:48:00,2016-05-16,0.0018,0.0,0.0,9002.0,0.0018,0.0018,0.0018,10000453,2016-06-22,2016-06-22,C,2.4,2015-10-29
14898,2016-05-16 09:49:00,2016-05-16,0.0018,0.0,0.0,9002.0,0.0018,0.0018,0.0018,10000453,2016-06-22,2016-06-22,C,2.4,2015-10-29
14899,2016-05-16 09:50:00,2016-05-16,0.0018,0.0,0.0,9002.0,0.0018,0.0018,0.0018,10000453,2016-06-22,2016-06-22,C,2.4,2015-10-29
14900,2016-05-16 09:51:00,2016-05-16,0.0018,540.0,30.0,9032.0,0.0018,0.0018,0.0018,10000453,2016-06-22,2016-06-22,C,2.4,2015-10-29
14901,2016-05-16 09:52:00,2016-05-16,0.0018,180.0,10.0,9042.0,0.0018,0.0018,0.0018,10000453,2016-06-22,2016-06-22,C,2.4,2015-10-29
14902,2016-05-16 09:53:00,2016-05-16,0.0018,180.0,10.0,9042.0,0.0018,0.0018,0.0018,10000453,2016-06-22,2016-06-22,C,2.4,2015-10-29
14903,2016-05-16 09:54:00,2016-05-16,0.0018,51.0,3.0,9042.0,0.0018,0.0017,0.0017,10000453,2016-06-22,2016-06-22,C,2.4,2015-10-29
14904,2016-05-16 09:55:00,2016-05-16,0.0017,0.0,0.0,9042.0,0.0017,0.0017,0.0017,10000453,2016-06-22,2016-06-22,C,2.4,2015-10-29
14905,2016-05-16 09:56:00,2016-05-16,0.0018,107.0,6.0,9042.0,0.0017,0.0018,0.0017,10000453,2016-06-22,2016-06-22,C,2.4,2015-10-29
14906,2016-05-16 09:57:00,2016-05-16,0.0018,0.0,0.0,9042.0,0.0018,0.0018,0.0018,10000453,2016-06-22,2016-06-22,C,2.4,2015-10-29
14907,2016-05-16 09:58:00,2016-05-16,0.0018,160.0,9.0,9049.0,0.0018,0.0018,0.0017,10000453,2016-06-22,2016-06-22,C,2.4,2015-10-29
14908,2016-05-16 09:59:00,2016-05-16,0.0018,288.0,16.0,9065.0,0.0018,0.0018,0.0018,10000453,2016-06-22,2016-06-22,C,2.4,2015-10-29
14909,2016-05-16 10:00:00,2016-05-16,0.0019,190.0,10.0,9055.0,0.0018,0.0019,0.0018,10000453,2016-06-22,2016-06-22,C,2.4,2015-10-29
14910,2016-05-16 10:01:00,2016-05-16,0.0019,18.0,1.0,9056.0,0.0019,0.0018,0.0018,10000453,2016-06-22,2016-06-22,C,2.4,2015-10-29
14911,2016-05-16 10:02:00,2016-05-16,0.0018,0.0,0.0,9056.0,0.0018,0.0018,0.0018,10000453,2016-06-22,2016-06-22,C,2.4,2015-10-29
14912,2016-05-16 10:03:00,2016-05-16,0.0018,0.0,0.0,9056.0,0.0018,0.0018,0.0018,10000453,2016-06-22,2016-06-22,C,2.4,2015-10-29
14913,2016-05-16 10:04:00,2016-05-16,0.0018,0.0,0.0,9056.0,0.0018,0.0018,0.0018,10000453,2016-06-22,2016-06-22,C,2.4,2015-10-29
14914,2016-05-16 10:05:00,2016-05-16,0.0018,0.0,0.0,9056.0,0.0018,0.0018,0.0018,10000453,2016-06-22,2016-06-22,C,2.4,2015-10-29
14915,2016-05-16 10:06:00,2016-05-16,0.0018,51.0,3.0,9053.0,0.0018,0.0017,0.0017,10000453,2016-06-22,2016-06-22,C,2.4,2015-10-29
14916,2016-05-16 10:07:00,2016-05-16,0.0017,0.0,0.0,9053.0,0.0017,0.0017,0.0017,10000453,2016-06-22,2016-06-22,C,2.4,2015-10-29
14917,2016-05-16 10:08:00,2016-05-16,0.0017,0.0,0.0,9053.0,0.0017,0.0017,0.0017,10000453,2016-06-22,2016-06-22,C,2.4,2015-10-29
14918,2016-05-16 10:09:00,2016-05-16,0.0018,180.0,10.0,9043.0,0.0017,0.0018,0.0017,10000453,2016-06-22,2016-06-22,C,2.4,2015-10-29
14919,2016-05-16 10:10:00,2016-05-16,0.0018,0.0,0.0,9043.0,0.0018,0.0018,0.0018,10000453,2016-06-22,2016-06-22,C,2.4,2015-10-29
14920,2016-05-16 10:11:00,2016-05-16,0.0018,0.0,0.0,9043.0,0.0018,0.0018,0.0018,10000453,2016-06-22,2016-06-22,C,2.4,2015-10-29
14921,2016-05-16 10:12:00,2016-05-16,0.0018,17.0,1.0,9042.0,0.0018,0.0017,0.0017,10000453,2016-06-22,2016-06-22,C,2.4,2015-10-29
14922,2016-05-16 10:13:00,2016-05-16,0.0017,34.0,2.0,9042.0,0.0017,0.0017,0.0017,10000453,2016-06-22,2016-06-22,C,2.4,2015-10-29
14923,2016-05-16 10:14:00,2016-05-16,0.0018,350.0,20.0,9052.0,0.0017,0.0017,0.0017,10000453,2016-06-22,2016-06-22,C,2.4,2015-10-29
14924,2016-05-16 10:15:00,2016-05-16,0.0017,0.0,0.0,9052.0,0.0017,0.0017,0.0017,10000453,2016-06-22,2016-06-22,C,2.4,2015-10-29
14925,2016-05-16 10:16:00,2016-05-16,0.0017,0.0,0.0,9052.0,0.0017,0.0017,0.0017,10000453,2016-06-22,2016-06-22,C,2.4,2015-10-29
14926,2016-05-16 10:17:00,2016-05-16,0.0017,0.0,0.0,9052.0,0.0017,0.0017,0.0017,10000453,2016-06-22,2016-06-22,C,2.4,2015-10-29
14927,2016-05-16 10:18:00,2016-05-16,0.0017,0.0,0.0,9052.0,0.0017,0.0017,0.0017,10000453,2016-06-22,2016-06-22,C,2.4,2015-10-29
14928,2016-05-16 10:19:00,2016-05-16,0.0017,0.0,0.0,9052.0,0.0017,0.0017,0.0017,10000453,2016-06-22,2016-06-22,C,2.4,2015-10-29
14929,2016-05-16 10:20:00,2016-05-16,0.0018,180.0,10.0,9052.0,0.0017,0.0018,0.0017,10000453,2016-06-22,2016-06-22,C,2.4,2015-10-29
14930,2016-05-16 10:21:00,2016-05-16,0.0018,0.0,0.0,9052.0,0.0018,0.0018,0.0018,10000453,2016-06-22,2016-06-22,C,2.4,2015-10-29
14931,2016-05-16 10:22:00,2016-05-16,0.0018,0.0,0.0,9052.0,0.0018,0.0018,0.0018,10000453,2016-06-22,2016-06-22,C,2.4,2015-10-29
14932,2016-05-16 10:23:00,2016-05-16,0.0018,0.0,0.0,9052.0,0.0018,0.0018,0.0018,10000453,2016-06-22,2016-06-22,C,2.4,2015-10-29
14933,2016-05-16 10:24:00,2016-05-16,0.0018,0.0,0.0,9052.0,0.0018,0.0018,0.0018,10000453,2016-06-22,2016-06-22,C,2.4,2015-10-29
14934,2016-05-16 10:25:00,2016-05-16,0.0018,0.0,0.0,9052.0,0.0018,0.0018,0.0018,10000453,2016-06-22,2016-06-22,C,2.4,2015-10-29
14935,2016-05-16 10:26:00,2016-05-16,0.0018,0.0,0.0,9052.0,0.0018,0.0018,0.0018,10000453,2016-06-22,2016-06-22,C,2.4,2015-10-29
14936,2016-05-16 10:27:00,2016-05-16,0.0018,0.0,0.0,9052.0,0.0018,0.0018,0.0018,10000453,2016-06-22,2016-06-22,C,2.4,2015-10-29
14937,2016-05-16 10:28:00,2016-05-16,0.0018,0.0,0.0,9052.0,0.0018,0.0018,0.0018,10000453,2016-06-22,2016-06-22,C,2.4,2015-10-29
14938,2016-05-16 10:29:00,2016-05-16,0.0018,0.0,0.0,9052.0,0.0018,0.0018,0.0018,10000453,2016-06-22,2016-06-22,C,2.4,2015-10-29
14939,2016-05-16 10:30:00,2016-05-16,0.0018,18.0,1.0,9053.0,0.0018,0.0018,0.0018,10000453,2016-06-22,2016-06-22,C,2.4,2015-10-29
14940,2016-05-16 10:31:00,2016-05-16,0.0018,0.0,0.0,9053.0,0.0018,0.0018,0.0018,10000453,2016-06-22,2016-06-22,C,2.4,2015-10-29
14941,2016-05-16 10:32:00,2016-05-16,0.0018,0.0,0.0,9053.0,0.0018,0.0018,0.0018,10000453,2016-06-22,2016-06-22,C,2.4,2015-10-29
14942,2016-05-16 10:33:00,2016-05-16,0.0018,0.0,0.0,9053.0,0.0018,0.0018,0.0018,10000453,2016-06-22,2016-06-22,C,2.4,2015-10-29
14943,2016-05-16 10:34:00,2016-05-16,0.0018,0.0,0.0,9053.0,0.0018,0.0018,0.0018,10000453,2016-06-22,2016-06-22,C,2.4,2015-10-29
14944,2016-05-16 10:35:00,2016-05-16,0.0018,0.0,0.0,9053.0,0.0018,0.0018,0.0018,10000453,2016-06-22,2016-06-22,C,2.4,2015-10-29
14945,2016-05-16 10:36:00,2016-05-16,0.0018,0.0,0.0,9053.0,0.0018,0.0018,0.0018,10000453,2016-06-22,2016-06-22,C,2.4,2015-10-29
14946,2016-05-16 10:37:00,2016-05-16,0.0018,0.0,0.0,9053.0,0.0018,0.0018,0.0018,10000453,2016-06-22,2016-06-22,C,2.4,2015-10-29
14947,2016-05-16 10:38:00,2016-05-16,0.0018,0.0,0.0,9053.0,0.0018,0.0018,0.0018,10000453,2016-06-22,2016-06-22,C,2.4,2015-10-29
14948,2016-05-16 10:39:00,2016-05-16,0.0018,0.0,0.0,9053.0,0.0018,0.0018,0.0018,10000453,2016-06-22,2016-06-22,C,2.4,2015-10-29
14949,2016-05-16 10:40:00,2016-05-16,0.0018,0.0,0.0,9053.0,0.0018,0.0018,0.0018,10000453,2016-06-22,2016-06-22,C,2.4,2015-10-29
14950,2016-05-16 10:41:00,2016-05-16,0.0018,0.0,0.0,9053.0,0.0018,0.0018,0.0018,10000453,2016-06-22,2016-06-22,C,2.4,2015-10-29
14951,2016-05-16 10:42:00,2016-05-16,0.0018,0.0,0.0,9053.0,0.0018,0.0018,0.0018,10000453,2016-06-22,2016-06-22,C,2.4,2015-10-29
14952,2016-05-16 10:43:00,2016-05-16,0.0018,0.0,0.0,9053.0,0.0018,0.0018,0.0018,10000453,2016-06-22,2016-06-22,C,2.4,2015-10-29
14953,2016-05-16 10:44:00,2016-05-16,0.0018,0.0,0.0,9053.0,0.0018,0.0018,0.0018,10000453,2016-06-22,2016-06-22,C,2.4,2015-10-29
14954,2016-05-16 10:45:00,2016-05-16,0.0018,0.0,0.0,9053.0,0.0018,0.0018,0.0018,10000453,2016-06-22,2016-06-22,C,2.4,2015-10-29
14955,2016-05-16 10:46:00,2016-05-16,0.0018,0.0,0.0,9053.0,0.0018,0.0018,0.0018,10000453,2016-06-22,2016-06-22,C,2.4,2015-10-29
14956,2016-05-16 10:47:00,2016-05-16,0.0018,0.0,0.0,9053.0,0.0018,0.0018,0.0018,10000453,2016-06-22,2016-06-22,C,2.4,2015-10-29
14957,2016-05-16 10:48:00,2016-05-16,0.0018,0.0,0.0,9053.0,0.0018,0.0018,0.0018,10000453,2016-06-22,2016-06-22,C,2.4,2015-10-29
14958,2016-05-16 10:49:00,2016-05-16,0.0018,0.0,0.0,9053.0,0.0018,0.0018,0.0018,10000453,2016-06-22,2016-06-22,C,2.4,2015-10-29
14959,2016-05-16 10:50:00,2016-05-16,0.0018,0.0,0.0,9053.0,0.0018,0.0018,0.0018,10000453,2016-06-22,2016-06-22,C,2.4,2015-10-29
14960,2016-05-16 10:51:00,2016-05-16,0.0018,72.0,4.0,9052.0,0.0018,0.0018,0.0018,10000453,2016-06-22,2016-06-22,C,2.4,2015-10-29
14961,2016-05-16 10:52:00,2016-05-16,0.0018,0.0,0.0,9052.0,0.0018,0.0018,0.0018,10000453,2016-06-22,2016-06-22,C,2.4,2015-10-29
14962,2016-05-16 10:53:00,2016-05-16,0.0018,0.0,0.0,9052.0,0.0018,0.0018,0.0018,10000453,2016-06-22,2016-06-22,C,2.4,2015-10-29
14963,2016-05-16 10:54:00,2016-05-16,0.0018,0.0,0.0,9052.0,0.0018,0.0018,0.0018,10000453,2016-06-22,2016-06-22,C,2.4,2015-10-29
14964,2016-05-16 10:55:00,2016-05-16,0.0018,0.0,0.0,9052.0,0.0018,0.0018,0.0018,10000453,2016-06-22,2016-06-22,C,2.4,2015-10-29
14965,2016-05-16 10:56:00,2016-05-16,0.0018,0.0,0.0,9052.0,0.0018,0.0018,0.0018,10000453,2016-06-22,2016-06-22,C,2.4,2015-10-29
14966,2016-05-16 10:57:00,2016-05-16,0.0018,0.0,0.0,9052.0,0.0018,0.0018,0.0018,10000453,2016-06-22,2016-06-22,C,2.4,2015-10-29
14967,2016-05-16 10:58:00,2016-05-16,0.0018,0.0,0.0,9052.0,0.0018,0.0018,0.0018,10000453,2016-06-22,2016-06-22,C,2.4,2015-10-29
14968,2016-05-16 10:59:00,2016-05-16,0.0018,0.0,0.0,9052.0,0.0018,0.0018,0.0018,10000453,2016-06-22,2016-06-22,C,2.4,2015-10-29
14969,2016-05-16 11:00:00,2016-05-16,0.0018,0.0,0.0,9052.0,0.0018,0.0018,0.0018,10000453,2016-06-22,2016-06-22,C,2.4,2015-10-29
14970,2016-05-16 11:01:00,2016-05-16,0.0018,0.0,0.0,9052.0,0.0018,0.0018,0.0018,10000453,2016-06-22,2016-06-22,C,2.4,2015-10-29
14971,2016-05-16 11:02:00,2016-05-16,0.0018,0.0,0.0,9052.0,0.0018,0.0018,0.0018,10000453,2016-06-22,2016-06-22,C,2.4,2015-10-29
14972,2016-05-16 11:03:00,2016-05-16,0.0018,0.0,0.0,9052.0,0.0018,0.0018,0.0018,10000453,2016-06-22,2016-06-22,C,2.4,2015-10-29
14973,2016-05-16 11:04:00,2016-05-16,0.0018,0.0,0.0,9052.0,0.0018,0.0018,0.0018,10000453,2016-06-22,2016-06-22,C,2.4,2015-10-29
14974,2016-05-16 11:05:00,2016-05-16,0.0018,0.0,0.0,9052.0,0.0018,0.0018,0.0018,10000453,2016-06-22,2016-06-22,C,2.4,2015-10-29
14975,2016-05-16 11:06:00,2016-05-16,0.0018,0.0,0.0,9052.0,0.0018,0.0018,0.0018,10000453,2016-06-22,2016-06-22,C,2.4,2015-10-29
14976,2016-05-16 11:07:00,2016-05-16,0.0018,0.0,0.0,9052.0,0.0018,0.0018,0.0018,10000453,2016-06-22,2016-06-22,C,2.4,2015-10-29
14977,2016-05-16 11:08:00,2016-05-16,0.0018,18.0,1.0,9052.0,0.0018,0.0018,0.0018,10000453,2016-06-22,2016-06-22,C,2.4,2015-10-29
14978,2016-05-16 11:09:00,2016-05-16,0.0018,0.0,0.0,9052.0,0.0018,0.0018,0.0018,10000453,2016-06-22,2016-06-22,C,2.4,2015-10-29
14979,2016-05-16 11:10:00,2016-05-16,0.0018,0.0,0.0,9052.0,0.0018,0.0018,0.0018,10000453,2016-06-22,2016-06-22,C,2.4,2015-10-29
14980,2016-05-16 11:11:00,2016-05-16,0.0018,0.0,0.0,9052.0,0.0018,0.0018,0.0018,10000453,2016-06-22,2016-06-22,C,2.4,2015-10-29
14981,2016-05-16 11:12:00,2016-05-16,0.0018,85.0,5.0,9057.0,0.0018,0.0017,0.0017,10000453,2016-06-22,2016-06-22,C,2.4,2015-10-29
14982,2016-05-16 11:13:00,2016-05-16,0.0017,0.0,0.0,9057.0,0.0017,0.0017,0.0017,10000453,2016-06-22,2016-06-22,C,2.4,2015-10-29
14983,2016-05-16 11:14:00,2016-05-16,0.0017,0.0,0.0,9057.0,0.0017,0.0017,0.0017,10000453,2016-06-22,2016-06-22,C,2.4,2015-10-29
14984,2016-05-16 11:15:00,2016-05-16,0.0017,0.0,0.0,9057.0,0.0017,0.0017,0.0017,10000453,2016-06-22,2016-06-22,C,2.4,2015-10-29
14985,2016-05-16 11:16:00,2016-05-16,0.0017,0.0,0.0,9057.0,0.0017,0.0017,0.0017,10000453,2016-06-22,2016-06-22,C,2.4,2015-10-29
14986,2016-05-16 11:17:00,2016-05-16,0.0017,0.0,0.0,9057.0,0.0017,0.0017,0.0017,10000453,2016-06-22,2016-06-22,C,2.4,2015-10-29
14987,2016-05-16 11:18:00,2016-05-16,0.0017,0.0,0.0,9057.0,0.0017,0.0017,0.0017,10000453,2016-06-22,2016-06-22,C,2.4,2015-10-29
14988,2016-05-16 11:19:00,2016-05-16,0.0017,0.0,0.0,9057.0,0.0017,0.0017,0.0017,10000453,2016-06-22,2016-06-22,C,2.4,2015-10-29
14989,2016-05-16 11:20:00,2016-05-16,0.0017,0.0,0.0,9057.0,0.0017,0.0017,0.0017,10000453,2016-06-22,2016-06-22,C,2.4,2015-10-29
14990,2016-05-16 11:21:00,2016-05-16,0.0017,0.0,0.0,9057.0,0.0017,0.0017,0.0017,10000453,2016-06-22,2016-06-22,C,2.4,2015-10-29
14991,2016-05-16 11:22:00,2016-05-16,0.0017,0.0,0.0,9057.0,0.0017,0.0017,0.0017,10000453,2016-06-22,2016-06-22,C,2.4,2015-10-29
14992,2016-05-16 11:23:00,2016-05-16,0.0017,0.0,0.0,9057.0,0.0017,0.0017,0.0017,10000453,2016-06-22,2016-06-22,C,2.4,2015-10-29
14993,2016-05-16 11:24:00,2016-05-16,0.0017,0.0,0.0,9057.0,0.0017,0.0017,0.0017,10000453,2016-06-22,2016-06-22,C,2.4,2015-10-29
14994,2016-05-16 11:25:00,2016-05-16,0.0017,0.0,0.0,9057.0,0.0017,0.0017,0.0017,10000453,2016-06-22,2016-06-22,C,2.4,2015-10-29
14995,2016-05-16 11:26:00,2016-05-16,0.0017,0.0,0.0,9057.0,0.0017,0.0017,0.0017,10000453,2016-06-22,2016-06-22,C,2.4,2015-10-29
14996,2016-05-16 11:27:00,2016-05-16,0.0017,0.0,0.0,9057.0,0.0017,0.0017,0.0017,10000453,2016-06-22,2016-06-22,C,2.4,2015-10-29
14997,2016-05-16 11:28:00,2016-05-16,0.0017,0.0,0.0,9057.0,0.0017,0.0017,0.0017,10000453,2016-06-22,2016-06-22,C,2.4,2015-10-29
14998,2016-05-16 11:29:00,2016-05-16,0.0017,0.0,0.0,9057.0,0.0017,0.0017,0.0017,10000453,2016-06-22,2016-06-22,C,2.4,2015-10-29
14999,2016-05-16 11:30:00,2016-05-16,0.0017,0.0,0.0,9057.0,0.0017,0.0017,0.0017,10000453,2016-06-22,2016-06-22,C,2.4,2015-10-29
15000,2016-05-16 13:01:00,2016-05-16,0.0017,0.0,0.0,9057.0,0.0017,0.0017,0.0017,10000453,2016-06-22,2016-06-22,C,2.4,2015-10-29
15001,2016-05-16 13:02:00,2016-05-16,0.0017,0.0,0.0,9057.0,0.0017,0.0017,0.0017,10000453,2016-06-22,2016-06-22,C,2.4,2015-10-29
15002,2016-05-16 13:03:00,2016-05-16,0.0017,0.0,0.0,9057.0,0.0017,0.0017,0.0017,10000453,2016-06-22,2016-06-22,C,2.4,2015-10-29
15003,2016-05-16 13:04:00,2016-05-16,0.0017,0.0,0.0,9057.0,0.0017,0.0017,0.0017,10000453,2016-06-22,2016-06-22,C,2.4,2015-10-29
15004,2016-05-16 13:05:00,2016-05-16,0.0017,0.0,0.0,9057.0,0.0017,0.0017,0.0017,10000453,2016-06-22,2016-06-22,C,2.4,2015-10-29
15005,2016-05-16 13:06:00,2016-05-16,0.0017,0.0,0.0,9057.0,0.0017,0.0017,0.0017,10000453,2016-06-22,2016-06-22,C,2.4,2015-10-29
15006,2016-05-16 13:07:00,2016-05-16,0.0017,0.0,0.0,9057.0,0.0017,0.0017,0.0017,10000453,2016-06-22,2016-06-22,C,2.4,2015-10-29
15007,2016-05-16 13:08:00,2016-05-16,0.0017,0.0,0.0,9057.0,0.0017,0.0017,0.0017,10000453,2016-06-22,2016-06-22,C,2.4,2015-10-29
15008,2016-05-16 13:09:00,2016-05-16,0.0017,0.0,0.0,9057.0,0.0017,0.0017,0.0017,10000453,2016-06-22,2016-06-22,C,2.4,2015-10-29
15009,2016-05-16 13:10:00,2016-05-16,0.0017,0.0,0.0,9057.0,0.0017,0.0017,0.0017,10000453,2016-06-22,2016-06-22,C,2.4,2015-10-29
15010,2016-05-16 13:11:00,2016-05-16,0.0017,0.0,0.0,9057.0,0.0017,0.0017,0.0017,10000453,2016-06-22,2016-06-22,C,2.4,2015-10-29
15011,2016-05-16 13:12:00,2016-05-16,0.0017,0.0,0.0,9057.0,0.0017,0.0017,0.0017,10000453,2016-06-22,2016-06-22,C,2.4,2015-10-29
15012,2016-05-16 13:13:00,2016-05-16,0.0017,0.0,0.0,9057.0,0.0017,0.0017,0.0017,10000453,2016-06-22,2016-06-22,C,2.4,2015-10-29
15013,2016-05-16 13:14:00,2016-05-16,0.0019,360.0,20.0,9067.0,0.0017,0.0017,0.0017,10000453,2016-06-22,2016-06-22,C,2.4,2015-10-29
15014,2016-05-16 13:15:00,2016-05-16,0.0018,54.0,3.0,9067.0,0.0017,0.0018,0.0017,10000453,2016-06-22,2016-06-22,C,2.4,2015-10-29
15015,2016-05-16 13:16:00,2016-05-16,0.0018,0.0,0.0,9067.0,0.0018,0.0018,0.0018,10000453,2016-06-22,2016-06-22,C,2.4,2015-10-29
15016,2016-05-16 13:17:00,2016-05-16,0.0018,0.0,0.0,9067.0,0.0018,0.0018,0.0018,10000453,2016-06-22,2016-06-22,C,2.4,2015-10-29
15017,2016-05-16 13:18:00,2016-05-16,0.0018,0.0,0.0,9067.0,0.0018,0.0018,0.0018,10000453,2016-06-22,2016-06-22,C,2.4,2015-10-29
15018,2016-05-16 13:19:00,2016-05-16,0.0018,170.0,10.0,9067.0,0.0018,0.0017,0.0017,10000453,2016-06-22,2016-06-22,C,2.4,2015-10-29
15019,2016-05-16 13:20:00,2016-05-16,0.0017,0.0,0.0,9067.0,0.0017,0.0017,0.0017,10000453,2016-06-22,2016-06-22,C,2.4,2015-10-29
15020,2016-05-16 13:21:00,2016-05-16,0.0017,0.0,0.0,9067.0,0.0017,0.0017,0.0017,10000453,2016-06-22,2016-06-22,C,2.4,2015-10-29
15021,2016-05-16 13:22:00,2016-05-16,0.0017,0.0,0.0,9067.0,0.0017,0.0017,0.0017,10000453,2016-06-22,2016-06-22,C,2.4,2015-10-29
15022,2016-05-16 13:23:00,2016-05-16,0.0017,0.0,0.0,9067.0,0.0017,0.0017,0.0017,10000453,2016-06-22,2016-06-22,C,2.4,2015-10-29
15023,2016-05-16 13:24:00,2016-05-16,0.0017,0.0,0.0,9067.0,0.0017,0.0017,0.0017,10000453,2016-06-22,2016-06-22,C,2.4,2015-10-29
15024,2016-05-16 13:25:00,2016-05-16,0.0017,0.0,0.0,9067.0,0.0017,0.0017,0.0017,10000453,2016-06-22,2016-06-22,C,2.4,2015-10-29
15025,2016-05-16 13:26:00,2016-05-16,0.0017,0.0,0.0,9067.0,0.0017,0.0017,0.0017,10000453,2016-06-22,2016-06-22,C,2.4,2015-10-29
15026,2016-05-16 13:27:00,2016-05-16,0.0017,0.0,0.0,9067.0,0.0017,0.0017,0.0017,10000453,2016-06-22,2016-06-22,C,2.4,2015-10-29
15027,2016-05-16 13:28:00,2016-05-16,0.0017,0.0,0.0,9067.0,0.0017,0.0017,0.0017,10000453,2016-06-22,2016-06-22,C,2.4,2015-10-29
15028,2016-05-16 13:29:00,2016-05-16,0.0017,0.0,0.0,9067.0,0.0017,0.0017,0.0017,10000453,2016-06-22,2016-06-22,C,2.4,2015-10-29
15029,2016-05-16 13:30:00,2016-05-16,0.0017,0.0,0.0,9067.0,0.0017,0.0017,0.0017,10000453,2016-06-22,2016-06-22,C,2.4,2015-10-29
15030,2016-05-16 13:31:00,2016-05-16,0.0017,0.0,0.0,9067.0,0.0017,0.0017,0.0017,10000453,2016-06-22,2016-06-22,C,2.4,2015-10-29
15031,2016-05-16 13:32:00,2016-05-16,0.0017,0.0,0.0,9067.0,0.0017,0.0017,0.0017,10000453,2016-06-22,2016-06-22,C,2.4,2015-10-29
15032,2016-05-16 13:33:00,2016-05-16,0.0017,170.0,10.0,9067.0,0.0017,0.0017,0.0017,10000453,2016-06-22,2016-06-22,C,2.4,2015-10-29
15033,2016-05-16 13:34:00,2016-05-16,0.0017,0.0,0.0,9067.0,0.0017,0.0017,0.0017,10000453,2016-06-22,2016-06-22,C,2.4,2015-10-29
15034,2016-05-16 13:35:00,2016-05-16,0.0017,0.0,0.0,9067.0,0.0017,0.0017,0.0017,10000453,2016-06-22,2016-06-22,C,2.4,2015-10-29
15035,2016-05-16 13:36:00,2016-05-16,0.0017,0.0,0.0,9067.0,0.0017,0.0017,0.0017,10000453,2016-06-22,2016-06-22,C,2.4,2015-10-29
15036,2016-05-16 13:37:00,2016-05-16,0.0017,0.0,0.0,9067.0,0.0017,0.0017,0.0017,10000453,2016-06-22,2016-06-22,C,2.4,2015-10-29
15037,2016-05-16 13:38:00,2016-05-16,0.0017,0.0,0.0,9067.0,0.0017,0.0017,0.0017,10000453,2016-06-22,2016-06-22,C,2.4,2015-10-29
15038,2016-05-16 13:39:00,2016-05-16,0.0017,0.0,0.0,9067.0,0.0017,0.0017,0.0017,10000453,2016-06-22,2016-06-22,C,2.4,2015-10-29
15039,2016-05-16 13:40:00,2016-05-16,0.0017,0.0,0.0,9067.0,0.0017,0.0017,0.0017,10000453,2016-06-22,2016-06-22,C,2.4,2015-10-29
15040,2016-05-16 13:41:00,2016-05-16,0.0017,0.0,0.0,9067.0,0.0017,0.0017,0.0017,10000453,2016-06-22,2016-06-22,C,2.4,2015-10-29
15041,2016-05-16 13:42:00,2016-05-16,0.0017,0.0,0.0,9067.0,0.0017,0.0017,0.0017,10000453,2016-06-22,2016-06-22,C,2.4,2015-10-29
15042,2016-05-16 13:43:00,2016-05-16,0.0017,0.0,0.0,9067.0,0.0017,0.0017,0.0017,10000453,2016-06-22,2016-06-22,C,2.4,2015-10-29
15043,2016-05-16 13:44:00,2016-05-16,0.0017,0.0,0.0,9067.0,0.0017,0.0017,0.0017,10000453,2016-06-22,2016-06-22,C,2.4,2015-10-29
15044,2016-05-16 13:45:00,2016-05-16,0.0017,0.0,0.0,9067.0,0.0017,0.0017,0.0017,10000453,2016-06-22,2016-06-22,C,2.4,2015-10-29
15045,2016-05-16 13:46:00,2016-05-16,0.0017,0.0,0.0,9067.0,0.0017,0.0017,0.0017,10000453,2016-06-22,2016-06-22,C,2.4,2015-10-29
15046,2016-05-16 13:47:00,2016-05-16,0.0017,0.0,0.0,9067.0,0.0017,0.0017,0.0017,10000453,2016-06-22,2016-06-22,C,2.4,2015-10-29
15047,2016-05-16 13:48:00,2016-05-16,0.0017,0.0,0.0,9067.0,0.0017,0.0017,0.0017,10000453,2016-06-22,2016-06-22,C,2.4,2015-10-29
15048,2016-05-16 13:49:00,2016-05-16,0.0017,0.0,0.0,9067.0,0.0017,0.0017,0.0017,10000453,2016-06-22,2016-06-22,C,2.4,2015-10-29
15049,2016-05-16 13:50:00,2016-05-16,0.0016,160.0,10.0,9067.0,0.0016,0.0016,0.0016,10000453,2016-06-22,2016-06-22,C,2.4,2015-10-29
15050,2016-05-16 13:51:00,2016-05-16,0.0016,0.0,0.0,9067.0,0.0016,0.0016,0.0016,10000453,2016-06-22,2016-06-22,C,2.4,2015-10-29
15051,2016-05-16 13:52:00,2016-05-16,0.0016,0.0,0.0,9067.0,0.0016,0.0016,0.0016,10000453,2016-06-22,2016-06-22,C,2.4,2015-10-29
15052,2016-05-16 13:53:00,2016-05-16,0.0016,0.0,0.0,9067.0,0.0016,0.0016,0.0016,10000453,2016-06-22,2016-06-22,C,2.4,2015-10-29
15053,2016-05-16 13:54:00,2016-05-16,0.0016,0.0,0.0,9067.0,0.0016,0.0016,0.0016,10000453,2016-06-22,2016-06-22,C,2.4,2015-10-29
15054,2016-05-16 13:55:00,2016-05-16,0.0017,510.0,30.0,9037.0,0.0016,0.0017,0.0016,10000453,2016-06-22,2016-06-22,C,2.4,2015-10-29
15055,2016-05-16 13:56:00,2016-05-16,0.0017,0.0,0.0,9037.0,0.0017,0.0017,0.0017,10000453,2016-06-22,2016-06-22,C,2.4,2015-10-29
15056,2016-05-16 13:57:00,2016-05-16,0.0017,0.0,0.0,9037.0,0.0017,0.0017,0.0017,10000453,2016-06-22,2016-06-22,C,2.4,2015-10-29
15057,2016-05-16 13:58:00,2016-05-16,0.0017,0.0,0.0,9037.0,0.0017,0.0017,0.0017,10000453,2016-06-22,2016-06-22,C,2.4,2015-10-29
15058,2016-05-16 13:59:00,2016-05-16,0.0017,0.0,0.0,9037.0,0.0017,0.0017,0.0017,10000453,2016-06-22,2016-06-22,C,2.4,2015-10-29
15059,2016-05-16 14:00:00,2016-05-16,0.0017,0.0,0.0,9037.0,0.0017,0.0017,0.0017,10000453,2016-06-22,2016-06-22,C,2.4,2015-10-29
15060,2016-05-16 14:01:00,2016-05-16,0.0017,0.0,0.0,9037.0,0.0017,0.0017,0.0017,10000453,2016-06-22,2016-06-22,C,2.4,2015-10-29
15061,2016-05-16 14:02:00,2016-05-16,0.0017,0.0,0.0,9037.0,0.0017,0.0017,0.0017,10000453,2016-06-22,2016-06-22,C,2.4,2015-10-29
15062,2016-05-16 14:03:00,2016-05-16,0.0017,0.0,0.0,9037.0,0.0017,0.0017,0.0017,10000453,2016-06-22,2016-06-22,C,2.4,2015-10-29
15063,2016-05-16 14:04:00,2016-05-16,0.0017,0.0,0.0,9037.0,0.0017,0.0017,0.0017,10000453,2016-06-22,2016-06-22,C,2.4,2015-10-29
15064,2016-05-16 14:05:00,2016-05-16,0.0017,0.0,0.0,9037.0,0.0017,0.0017,0.0017,10000453,2016-06-22,2016-06-22,C,2.4,2015-10-29
15065,2016-05-16 14:06:00,2016-05-16,0.0017,0.0,0.0,9037.0,0.0017,0.0017,0.0017,10000453,2016-06-22,2016-06-22,C,2.4,2015-10-29
15066,2016-05-16 14:07:00,2016-05-16,0.0017,320.0,20.0,9040.0,0.0017,0.0016,0.0016,10000453,2016-06-22,2016-06-22,C,2.4,2015-10-29
15067,2016-05-16 14:08:00,2016-05-16,0.0016,0.0,0.0,9040.0,0.0016,0.0016,0.0016,10000453,2016-06-22,2016-06-22,C,2.4,2015-10-29
15068,2016-05-16 14:09:00,2016-05-16,0.0016,0.0,0.0,9040.0,0.0016,0.0016,0.0016,10000453,2016-06-22,2016-06-22,C,2.4,2015-10-29
15069,2016-05-16 14:10:00,2016-05-16,0.0016,0.0,0.0,9040.0,0.0016,0.0016,0.0016,10000453,2016-06-22,2016-06-22,C,2.4,2015-10-29
15070,2016-05-16 14:11:00,2016-05-16,0.0016,0.0,0.0,9040.0,0.0016,0.0016,0.0016,10000453,2016-06-22,2016-06-22,C,2.4,2015-10-29
15071,2016-05-16 14:12:00,2016-05-16,0.0016,0.0,0.0,9040.0,0.0016,0.0016,0.0016,10000453,2016-06-22,2016-06-22,C,2.4,2015-10-29
15072,2016-05-16 14:13:00,2016-05-16,0.0016,0.0,0.0,9040.0,0.0016,0.0016,0.0016,10000453,2016-06-22,2016-06-22,C,2.4,2015-10-29
15073,2016-05-16 14:14:00,2016-05-16,0.0016,0.0,0.0,9040.0,0.0016,0.0016,0.0016,10000453,2016-06-22,2016-06-22,C,2.4,2015-10-29
15074,2016-05-16 14:15:00,2016-05-16,0.0016,0.0,0.0,9040.0,0.0016,0.0016,0.0016,10000453,2016-06-22,2016-06-22,C,2.4,2015-10-29
15075,2016-05-16 14:16:00,2016-05-16,0.0016,0.0,0.0,9040.0,0.0016,0.0016,0.0016,10000453,2016-06-22,2016-06-22,C,2.4,2015-10-29
15076,2016-05-16 14:17:00,2016-05-16,0.0016,0.0,0.0,9040.0,0.0016,0.0016,0.0016,10000453,2016-06-22,2016-06-22,C,2.4,2015-10-29
15077,2016-05-16 14:18:00,2016-05-16,0.0016,480.0,30.0,9050.0,0.0016,0.0016,0.0016,10000453,2016-06-22,2016-06-22,C,2.4,2015-10-29
15078,2016-05-16 14:19:00,2016-05-16,0.0016,80.0,5.0,9050.0,0.0016,0.0016,0.0016,10000453,2016-06-22,2016-06-22,C,2.4,2015-10-29
15079,2016-05-16 14:20:00,2016-05-16,0.0016,160.0,10.0,9050.0,0.0016,0.0016,0.0016,10000453,2016-06-22,2016-06-22,C,2.4,2015-10-29
15080,2016-05-16 14:21:00,2016-05-16,0.0016,0.0,0.0,9050.0,0.0016,0.0016,0.0016,10000453,2016-06-22,2016-06-22,C,2.4,2015-10-29
15081,2016-05-16 14:22:00,2016-05-16,0.0016,0.0,0.0,9050.0,0.0016,0.0016,0.0016,10000453,2016-06-22,2016-06-22,C,2.4,2015-10-29
15082,2016-05-16 14:23:00,2016-05-16,0.0016,0.0,0.0,9050.0,0.0016,0.0016,0.0016,10000453,2016-06-22,2016-06-22,C,2.4,2015-10-29
15083,2016-05-16 14:24:00,2016-05-16,0.0016,0.0,0.0,9050.0,0.0016,0.0016,0.0016,10000453,2016-06-22,2016-06-22,C,2.4,2015-10-29
15084,2016-05-16 14:25:00,2016-05-16,0.0016,0.0,0.0,9050.0,0.0016,0.0016,0.0016,10000453,2016-06-22,2016-06-22,C,2.4,2015-10-29
15085,2016-05-16 14:26:00,2016-05-16,0.0016,0.0,0.0,9050.0,0.0016,0.0016,0.0016,10000453,2016-06-22,2016-06-22,C,2.4,2015-10-29
15086,2016-05-16 14:27:00,2016-05-16,0.0016,0.0,0.0,9050.0,0.0016,0.0016,0.0016,10000453,2016-06-22,2016-06-22,C,2.4,2015-10-29
15087,2016-05-16 14:28:00,2016-05-16,0.0016,0.0,0.0,9050.0,0.0016,0.0016,0.0016,10000453,2016-06-22,2016-06-22,C,2.4,2015-10-29
15088,2016-05-16 14:29:00,2016-05-16,0.0016,0.0,0.0,9050.0,0.0016,0.0016,0.0016,10000453,2016-06-22,2016-06-22,C,2.4,2015-10-29
15089,2016-05-16 14:30:00,2016-05-16,0.0016,0.0,0.0,9050.0,0.0016,0.0016,0.0016,10000453,2016-06-22,2016-06-22,C,2.4,2015-10-29
15090,2016-05-16 14:31:00,2016-05-16,0.0016,0.0,0.0,9050.0,0.0016,0.0016,0.0016,10000453,2016-06-22,2016-06-22,C,2.4,2015-10-29
15091,2016-05-16 14:32:00,2016-05-16,0.0016,0.0,0.0,9050.0,0.0016,0.0016,0.0016,10000453,2016-06-22,2016-06-22,C,2.4,2015-10-29
15092,2016-05-16 14:33:00,2016-05-16,0.0016,0.0,0.0,9050.0,0.0016,0.0016,0.0016,10000453,2016-06-22,2016-06-22,C,2.4,2015-10-29
15093,2016-05-16 14:34:00,2016-05-16,0.0016,0.0,0.0,9050.0,0.0016,0.0016,0.0016,10000453,2016-06-22,2016-06-22,C,2.4,2015-10-29
15094,2016-05-16 14:35:00,2016-05-16,0.0016,0.0,0.0,9050.0,0.0016,0.0016,0.0016,10000453,2016-06-22,2016-06-22,C,2.4,2015-10-29
15095,2016-05-16 14:36:00,2016-05-16,0.0016,0.0,0.0,9050.0,0.0016,0.0016,0.0016,10000453,2016-06-22,2016-06-22,C,2.4,2015-10-29
15096,2016-05-16 14:37:00,2016-05-16,0.0017,170.0,10.0,9060.0,0.0016,0.0017,0.0016,10000453,2016-06-22,2016-06-22,C,2.4,2015-10-29
15097,2016-05-16 14:38:00,2016-05-16,0.0017,330.0,20.0,9080.0,0.0017,0.0016,0.0016,10000453,2016-06-22,2016-06-22,C,2.4,2015-10-29
15098,2016-05-16 14:39:00,2016-05-16,0.0016,0.0,0.0,9080.0,0.0016,0.0016,0.0016,10000453,2016-06-22,2016-06-22,C,2.4,2015-10-29
15099,2016-05-16 14:40:00,2016-05-16,0.0016,0.0,0.0,9080.0,0.0016,0.0016,0.0016,10000453,2016-06-22,2016-06-22,C,2.4,2015-10-29
15100,2016-05-16 14:41:00,2016-05-16,0.0016,0.0,0.0,9080.0,0.0016,0.0016,0.0016,10000453,2016-06-22,2016-06-22,C,2.4,2015-10-29
15101,2016-05-16 14:42:00,2016-05-16,0.0016,0.0,0.0,9080.0,0.0016,0.0016,0.0016,10000453,2016-06-22,2016-06-22,C,2.4,2015-10-29
15102,2016-05-16 14:43:00,2016-05-16,0.0016,0.0,0.0,9080.0,0.0016,0.0016,0.0016,10000453,2016-06-22,2016-06-22,C,2.4,2015-10-29
15103,2016-05-16 14:44:00,2016-05-16,0.0016,0.0,0.0,9080.0,0.0016,0.0016,0.0016,10000453,2016-06-22,2016-06-22,C,2.4,2015-10-29
15104,2016-05-16 14:45:00,2016-05-16,0.0016,0.0,0.0,9080.0,0.0016,0.0016,0.0016,10000453,2016-06-22,2016-06-22,C,2.4,2015-10-29
15105,2016-05-16 14:46:00,2016-05-16,0.0016,0.0,0.0,9080.0,0.0016,0.0016,0.0016,10000453,2016-06-22,2016-06-22,C,2.4,2015-10-29
15106,2016-05-16 14:47:00,2016-05-16,0.0016,0.0,0.0,9080.0,0.0016,0.0016,0.0016,10000453,2016-06-22,2016-06-22,C,2.4,2015-10-29
15107,2016-05-16 14:48:00,2016-05-16,0.0016,0.0,0.0,9080.0,0.0016,0.0016,0.0016,10000453,2016-06-22,2016-06-22,C,2.4,2015-10-29
15108,2016-05-16 14:49:00,2016-05-16,0.0016,0.0,0.0,9080.0,0.0016,0.0016,0.0016,10000453,2016-06-22,2016-06-22,C,2.4,2015-10-29
15109,2016-05-16 14:50:00,2016-05-16,0.0016,0.0,0.0,9080.0,0.0016,0.0016,0.0016,10000453,2016-06-22,2016-06-22,C,2.4,2015-10-29
15110,2016-05-16 14:51:00,2016-05-16,0.0016,0.0,0.0,9080.0,0.0016,0.0016,0.0016,10000453,2016-06-22,2016-06-22,C,2.4,2015-10-29
15111,2016-05-16 14:52:00,2016-05-16,0.0016,0.0,0.0,9080.0,0.0016,0.0016,0.0016,10000453,2016-06-22,2016-06-22,C,2.4,2015-10-29
15112,2016-05-16 14:53:00,2016-05-16,0.0016,0.0,0.0,9080.0,0.0016,0.0016,0.0016,10000453,2016-06-22,2016-06-22,C,2.4,2015-10-29
15113,2016-05-16 14:54:00,2016-05-16,0.0016,0.0,0.0,9080.0,0.0016,0.0016,0.0016,10000453,2016-06-22,2016-06-22,C,2.4,2015-10-29
15114,2016-05-16 14:55:00,2016-05-16,0.0016,0.0,0.0,9080.0,0.0016,0.0016,0.0016,10000453,2016-06-22,2016-06-22,C,2.4,2015-10-29
15115,2016-05-16 14:56:00,2016-05-16,0.0016,0.0,0.0,9080.0,0.0016,0.0016,0.0016,10000453,2016-06-22,2016-06-22,C,2.4,2015-10-29
15116,2016-05-16 14:57:00,2016-05-16,0.0016,0.0,0.0,9080.0,0.0016,0.0016,0.0016,10000453,2016-06-22,2016-06-22,C,2.4,2015-10-29
15117,2016-05-16 14:58:00,2016-05-16,0.0016,0.0,0.0,9080.0,0.0016,0.0016,0.0016,10000453,2016-06-22,2016-06-22,C,2.4,2015-10-29
15118,2016-05-16 14:59:00,2016-05-16,0.0016,0.0,0.0,9080.0,0.0016,0.0016,0.0016,10000453,2016-06-22,2016-06-22,C,2.4,2015-10-29
15119,2016-05-16 15:00:00,2016-05-16,0.0016,0.0,0.0,9080.0,0.0016,0.0016,0.0016,10000453,2016-06-22,2016-06-22,C,2.4,2015-10-29
15120,2016-05-16 09:31:00,2016-05-16,0.1029,0.0,0.0,2819.0,0.1029,0.1029,0.1029,10000626,2016-12-28,2016-12-28,P,1.9569999999999999,2016-05-09
15121,2016-05-16 09:32:00,2016-05-16,0.1029,0.0,0.0,2819.0,0.1029,0.1029,0.1029,10000626,2016-12-28,2016-12-28,P,1.9569999999999999,2016-05-09
15122,2016-05-16 09:33:00,2016-05-16,0.1029,0.0,0.0,2819.0,0.1029,0.1029,0.1029,10000626,2016-12-28,2016-12-28,P,1.9569999999999999,2016-05-09
15123,2016-05-16 09:34:00,2016-05-16,0.1029,0.0,0.0,2819.0,0.1029,0.1029,0.1029,10000626,2016-12-28,2016-12-28,P,1.9569999999999999,2016-05-09
15124,2016-05-16 09:35:00,2016-05-16,0.103,11330.0,11.0,2828.0,0.1029,0.103,0.1029,10000626,2016-12-28,2016-12-28,P,1.9569999999999999,2016-05-09
15125,2016-05-16 09:36:00,2016-05-16,0.103,16425.0,16.0,2814.0,0.103,0.1026,0.1026,10000626,2016-12-28,2016-12-28,P,1.9569999999999999,2016-05-09
15126,2016-05-16 09:37:00,2016-05-16,0.1026,20520.0,20.0,2796.0,0.1026,0.1026,0.1026,10000626,2016-12-28,2016-12-28,P,1.9569999999999999,2016-05-09
15127,2016-05-16 09:38:00,2016-05-16,0.1026,0.0,0.0,2796.0,0.1026,0.1026,0.1026,10000626,2016-12-28,2016-12-28,P,1.9569999999999999,2016-05-09
15128,2016-05-16 09:39:00,2016-05-16,0.1026,0.0,0.0,2796.0,0.1026,0.1026,0.1026,10000626,2016-12-28,2016-12-28,P,1.9569999999999999,2016-05-09
15129,2016-05-16 09:40:00,2016-05-16,0.1026,0.0,0.0,2796.0,0.1026,0.1026,0.1026,10000626,2016-12-28,2016-12-28,P,1.9569999999999999,2016-05-09
15130,2016-05-16 09:41:00,2016-05-16,0.1035,2070.0,2.0,2798.0,0.1026,0.1035,0.1026,10000626,2016-12-28,2016-12-28,P,1.9569999999999999,2016-05-09
15131,2016-05-16 09:42:00,2016-05-16,0.1035,0.0,0.0,2798.0,0.1035,0.1035,0.1035,10000626,2016-12-28,2016-12-28,P,1.9569999999999999,2016-05-09
15132,2016-05-16 09:43:00,2016-05-16,0.1024,4093.0,4.0,2797.0,0.1024,0.1023,0.1023,10000626,2016-12-28,2016-12-28,P,1.9569999999999999,2016-05-09
15133,2016-05-16 09:44:00,2016-05-16,0.1023,0.0,0.0,2797.0,0.1023,0.1023,0.1023,10000626,2016-12-28,2016-12-28,P,1.9569999999999999,2016-05-09
15134,2016-05-16 09:45:00,2016-05-16,0.1023,0.0,0.0,2797.0,0.1023,0.1023,0.1023,10000626,2016-12-28,2016-12-28,P,1.9569999999999999,2016-05-09
15135,2016-05-16 09:46:00,2016-05-16,0.1029,1029.0,1.0,2798.0,0.1023,0.1029,0.1023,10000626,2016-12-28,2016-12-28,P,1.9569999999999999,2016-05-09
15136,2016-05-16 09:47:00,2016-05-16,0.1029,0.0,0.0,2798.0,0.1029,0.1029,0.1029,10000626,2016-12-28,2016-12-28,P,1.9569999999999999,2016-05-09
15137,2016-05-16 09:48:00,2016-05-16,0.1029,10290.0,10.0,2798.0,0.1029,0.1029,0.1029,10000626,2016-12-28,2016-12-28,P,1.9569999999999999,2016-05-09
15138,2016-05-16 09:49:00,2016-05-16,0.1029,0.0,0.0,2798.0,0.1029,0.1029,0.1029,10000626,2016-12-28,2016-12-28,P,1.9569999999999999,2016-05-09
15139,2016-05-16 09:50:00,2016-05-16,0.103,3089.0,3.0,2800.0,0.1029,0.103,0.1029,10000626,2016-12-28,2016-12-28,P,1.9569999999999999,2016-05-09
15140,2016-05-16 09:51:00,2016-05-16,0.103,0.0,0.0,2800.0,0.103,0.103,0.103,10000626,2016-12-28,2016-12-28,P,1.9569999999999999,2016-05-09
15141,2016-05-16 09:52:00,2016-05-16,0.103,0.0,0.0,2800.0,0.103,0.103,0.103,10000626,2016-12-28,2016-12-28,P,1.9569999999999999,2016-05-09
15142,2016-05-16 09:53:00,2016-05-16,0.105,20990.0,20.0,2810.0,0.103,0.105,0.103,10000626,2016-12-28,2016-12-28,P,1.9569999999999999,2016-05-09
15143,2016-05-16 09:54:00,2016-05-16,0.1066,2112.0,2.0,2811.0,0.105,0.1046,0.1046,10000626,2016-12-28,2016-12-28,P,1.9569999999999999,2016-05-09
15144,2016-05-16 09:55:00,2016-05-16,0.1049,4196.0,4.0,2815.0,0.1046,0.1049,0.1046,10000626,2016-12-28,2016-12-28,P,1.9569999999999999,2016-05-09
15145,2016-05-16 09:56:00,2016-05-16,0.1049,4193.0,4.0,2818.0,0.1049,0.1049,0.1048,10000626,2016-12-28,2016-12-28,P,1.9569999999999999,2016-05-09
15146,2016-05-16 09:57:00,2016-05-16,0.1051,7357.0,7.0,2825.0,0.1049,0.1051,0.1049,10000626,2016-12-28,2016-12-28,P,1.9569999999999999,2016-05-09
15147,2016-05-16 09:58:00,2016-05-16,0.1055,3161.0,3.0,2827.0,0.1051,0.1055,0.1051,10000626,2016-12-28,2016-12-28,P,1.9569999999999999,2016-05-09
15148,2016-05-16 09:59:00,2016-05-16,0.1055,0.0,0.0,2827.0,0.1055,0.1055,0.1055,10000626,2016-12-28,2016-12-28,P,1.9569999999999999,2016-05-09
15149,2016-05-16 10:00:00,2016-05-16,0.1055,0.0,0.0,2827.0,0.1055,0.1055,0.1055,10000626,2016-12-28,2016-12-28,P,1.9569999999999999,2016-05-09
15150,2016-05-16 10:01:00,2016-05-16,0.1066,21320.0,20.0,2847.0,0.1055,0.1066,0.1055,10000626,2016-12-28,2016-12-28,P,1.9569999999999999,2016-05-09
15151,2016-05-16 10:02:00,2016-05-16,0.1066,0.0,0.0,2847.0,0.1066,0.1066,0.1066,10000626,2016-12-28,2016-12-28,P,1.9569999999999999,2016-05-09
15152,2016-05-16 10:03:00,2016-05-16,0.1066,2120.0,2.0,2849.0,0.1066,0.106,0.106,10000626,2016-12-28,2016-12-28,P,1.9569999999999999,2016-05-09
15153,2016-05-16 10:04:00,2016-05-16,0.106,0.0,0.0,2849.0,0.106,0.106,0.106,10000626,2016-12-28,2016-12-28,P,1.9569999999999999,2016-05-09
15154,2016-05-16 10:05:00,2016-05-16,0.106,0.0,0.0,2849.0,0.106,0.106,0.106,10000626,2016-12-28,2016-12-28,P,1.9569999999999999,2016-05-09
15155,2016-05-16 10:06:00,2016-05-16,0.106,0.0,0.0,2849.0,0.106,0.106,0.106,10000626,2016-12-28,2016-12-28,P,1.9569999999999999,2016-05-09
15156,2016-05-16 10:07:00,2016-05-16,0.106,0.0,0.0,2849.0,0.106,0.106,0.106,10000626,2016-12-28,2016-12-28,P,1.9569999999999999,2016-05-09
15157,2016-05-16 10:08:00,2016-05-16,0.106,0.0,0.0,2849.0,0.106,0.106,0.106,10000626,2016-12-28,2016-12-28,P,1.9569999999999999,2016-05-09
15158,2016-05-16 10:09:00,2016-05-16,0.106,0.0,0.0,2849.0,0.106,0.106,0.106,10000626,2016-12-28,2016-12-28,P,1.9569999999999999,2016-05-09
15159,2016-05-16 10:10:00,2016-05-16,0.106,0.0,0.0,2849.0,0.106,0.106,0.106,10000626,2016-12-28,2016-12-28,P,1.9569999999999999,2016-05-09
15160,2016-05-16 10:11:00,2016-05-16,0.106,0.0,0.0,2849.0,0.106,0.106,0.106,10000626,2016-12-28,2016-12-28,P,1.9569999999999999,2016-05-09
15161,2016-05-16 10:12:00,2016-05-16,0.106,0.0,0.0,2849.0,0.106,0.106,0.106,10000626,2016-12-28,2016-12-28,P,1.9569999999999999,2016-05-09
15162,2016-05-16 10:13:00,2016-05-16,0.106,1055.0,1.0,2849.0,0.106,0.1055,0.1055,10000626,2016-12-28,2016-12-28,P,1.9569999999999999,2016-05-09
15163,2016-05-16 10:14:00,2016-05-16,0.1055,0.0,0.0,2849.0,0.1055,0.1055,0.1055,10000626,2016-12-28,2016-12-28,P,1.9569999999999999,2016-05-09
15164,2016-05-16 10:15:00,2016-05-16,0.1055,0.0,0.0,2849.0,0.1055,0.1055,0.1055,10000626,2016-12-28,2016-12-28,P,1.9569999999999999,2016-05-09
15165,2016-05-16 10:16:00,2016-05-16,0.1055,12660.0,12.0,2860.0,0.1055,0.1055,0.1055,10000626,2016-12-28,2016-12-28,P,1.9569999999999999,2016-05-09
15166,2016-05-16 10:17:00,2016-05-16,0.1055,0.0,0.0,2860.0,0.1055,0.1055,0.1055,10000626,2016-12-28,2016-12-28,P,1.9569999999999999,2016-05-09
15167,2016-05-16 10:18:00,2016-05-16,0.1055,0.0,0.0,2860.0,0.1055,0.1055,0.1055,10000626,2016-12-28,2016-12-28,P,1.9569999999999999,2016-05-09
15168,2016-05-16 10:19:00,2016-05-16,0.1055,0.0,0.0,2860.0,0.1055,0.1055,0.1055,10000626,2016-12-28,2016-12-28,P,1.9569999999999999,2016-05-09
15169,2016-05-16 10:20:00,2016-05-16,0.1055,0.0,0.0,2860.0,0.1055,0.1055,0.1055,10000626,2016-12-28,2016-12-28,P,1.9569999999999999,2016-05-09
15170,2016-05-16 10:21:00,2016-05-16,0.1055,0.0,0.0,2860.0,0.1055,0.1055,0.1055,10000626,2016-12-28,2016-12-28,P,1.9569999999999999,2016-05-09
15171,2016-05-16 10:22:00,2016-05-16,0.1055,1055.0,1.0,2861.0,0.1055,0.1055,0.1055,10000626,2016-12-28,2016-12-28,P,1.9569999999999999,2016-05-09
15172,2016-05-16 10:23:00,2016-05-16,0.1055,0.0,0.0,2861.0,0.1055,0.1055,0.1055,10000626,2016-12-28,2016-12-28,P,1.9569999999999999,2016-05-09
15173,2016-05-16 10:24:00,2016-05-16,0.1055,0.0,0.0,2861.0,0.1055,0.1055,0.1055,10000626,2016-12-28,2016-12-28,P,1.9569999999999999,2016-05-09
15174,2016-05-16 10:25:00,2016-05-16,0.1055,0.0,0.0,2861.0,0.1055,0.1055,0.1055,10000626,2016-12-28,2016-12-28,P,1.9569999999999999,2016-05-09
15175,2016-05-16 10:26:00,2016-05-16,0.1069,1069.0,1.0,2862.0,0.1055,0.1069,0.1055,10000626,2016-12-28,2016-12-28,P,1.9569999999999999,2016-05-09
15176,2016-05-16 10:27:00,2016-05-16,0.1069,10690.0,10.0,2871.0,0.1069,0.1069,0.1069,10000626,2016-12-28,2016-12-28,P,1.9569999999999999,2016-05-09
15177,2016-05-16 10:28:00,2016-05-16,0.1069,10690.0,10.0,2871.0,0.1069,0.1069,0.1069,10000626,2016-12-28,2016-12-28,P,1.9569999999999999,2016-05-09
15178,2016-05-16 10:29:00,2016-05-16,0.1069,8520.0,8.0,2865.0,0.1069,0.1065,0.1065,10000626,2016-12-28,2016-12-28,P,1.9569999999999999,2016-05-09
15179,2016-05-16 10:30:00,2016-05-16,0.1072,10720.0,10.0,2865.0,0.1065,0.1072,0.1065,10000626,2016-12-28,2016-12-28,P,1.9569999999999999,2016-05-09
15180,2016-05-16 10:31:00,2016-05-16,0.1072,9585.0,9.0,2866.0,0.1072,0.1065,0.1065,10000626,2016-12-28,2016-12-28,P,1.9569999999999999,2016-05-09
15181,2016-05-16 10:32:00,2016-05-16,0.1065,0.0,0.0,2866.0,0.1065,0.1065,0.1065,10000626,2016-12-28,2016-12-28,P,1.9569999999999999,2016-05-09
15182,2016-05-16 10:33:00,2016-05-16,0.1065,10650.0,10.0,2876.0,0.1065,0.1065,0.1065,10000626,2016-12-28,2016-12-28,P,1.9569999999999999,2016-05-09
15183,2016-05-16 10:34:00,2016-05-16,0.1066,2132.0,2.0,2876.0,0.1065,0.1066,0.1065,10000626,2016-12-28,2016-12-28,P,1.9569999999999999,2016-05-09
15184,2016-05-16 10:35:00,2016-05-16,0.1066,0.0,0.0,2876.0,0.1066,0.1066,0.1066,10000626,2016-12-28,2016-12-28,P,1.9569999999999999,2016-05-09
15185,2016-05-16 10:36:00,2016-05-16,0.1066,0.0,0.0,2876.0,0.1066,0.1066,0.1066,10000626,2016-12-28,2016-12-28,P,1.9569999999999999,2016-05-09
15186,2016-05-16 10:37:00,2016-05-16,0.1067,10670.0,10.0,2876.0,0.1066,0.1067,0.1066,10000626,2016-12-28,2016-12-28,P,1.9569999999999999,2016-05-09
15187,2016-05-16 10:38:00,2016-05-16,0.1067,0.0,0.0,2876.0,0.1067,0.1067,0.1067,10000626,2016-12-28,2016-12-28,P,1.9569999999999999,2016-05-09
15188,2016-05-16 10:39:00,2016-05-16,0.1078,10780.0,10.0,2876.0,0.1067,0.1078,0.1067,10000626,2016-12-28,2016-12-28,P,1.9569999999999999,2016-05-09
15189,2016-05-16 10:40:00,2016-05-16,0.1078,53860.0,50.0,2838.0,0.1078,0.1078,0.1075,10000626,2016-12-28,2016-12-28,P,1.9569999999999999,2016-05-09
15190,2016-05-16 10:41:00,2016-05-16,0.108,2160.0,2.0,2838.0,0.1078,0.108,0.1078,10000626,2016-12-28,2016-12-28,P,1.9569999999999999,2016-05-09
15191,2016-05-16 10:42:00,2016-05-16,0.108,30240.0,28.0,2843.0,0.108,0.108,0.108,10000626,2016-12-28,2016-12-28,P,1.9569999999999999,2016-05-09
15192,2016-05-16 10:43:00,2016-05-16,0.108,17280.0,16.0,2849.0,0.108,0.108,0.108,10000626,2016-12-28,2016-12-28,P,1.9569999999999999,2016-05-09
15193,2016-05-16 10:44:00,2016-05-16,0.108,64700.0,60.0,2799.0,0.108,0.1078,0.1078,10000626,2016-12-28,2016-12-28,P,1.9569999999999999,2016-05-09
15194,2016-05-16 10:45:00,2016-05-16,0.1078,0.0,0.0,2799.0,0.1078,0.1078,0.1078,10000626,2016-12-28,2016-12-28,P,1.9569999999999999,2016-05-09
15195,2016-05-16 10:46:00,2016-05-16,0.1078,0.0,0.0,2799.0,0.1078,0.1078,0.1078,10000626,2016-12-28,2016-12-28,P,1.9569999999999999,2016-05-09
15196,2016-05-16 10:47:00,2016-05-16,0.1078,0.0,0.0,2799.0,0.1078,0.1078,0.1078,10000626,2016-12-28,2016-12-28,P,1.9569999999999999,2016-05-09
15197,2016-05-16 10:48:00,2016-05-16,0.1088,10880.0,10.0,2799.0,0.1088,0.1088,0.1088,10000626,2016-12-28,2016-12-28,P,1.9569999999999999,2016-05-09
15198,2016-05-16 10:49:00,2016-05-16,0.1092,15147.0,14.0,2800.0,0.1088,0.1092,0.1078,10000626,2016-12-28,2016-12-28,P,1.9569999999999999,2016-05-09
15199,2016-05-16 10:50:00,2016-05-16,0.1092,27300.0,25.0,2800.0,0.1092,0.1092,0.1092,10000626,2016-12-28,2016-12-28,P,1.9569999999999999,2016-05-09
15200,2016-05-16 10:51:00,2016-05-16,0.1092,43520.0,40.0,2807.0,0.1092,0.1089,0.1081,10000626,2016-12-28,2016-12-28,P,1.9569999999999999,2016-05-09
15201,2016-05-16 10:52:00,2016-05-16,0.1089,10890.0,10.0,2807.0,0.1089,0.1089,0.1089,10000626,2016-12-28,2016-12-28,P,1.9569999999999999,2016-05-09
15202,2016-05-16 10:53:00,2016-05-16,0.109,5450.0,5.0,2808.0,0.1089,0.109,0.1089,10000626,2016-12-28,2016-12-28,P,1.9569999999999999,2016-05-09
15203,2016-05-16 10:54:00,2016-05-16,0.1091,16360.0,15.0,2814.0,0.1091,0.109,0.109,10000626,2016-12-28,2016-12-28,P,1.9569999999999999,2016-05-09
15204,2016-05-16 10:55:00,2016-05-16,0.109,4316.0,4.0,2817.0,0.109,0.1079,0.1079,10000626,2016-12-28,2016-12-28,P,1.9569999999999999,2016-05-09
15205,2016-05-16 10:56:00,2016-05-16,0.1079,11859.0,11.0,2817.0,0.1079,0.1078,0.1078,10000626,2016-12-28,2016-12-28,P,1.9569999999999999,2016-05-09
15206,2016-05-16 10:57:00,2016-05-16,0.1078,0.0,0.0,2817.0,0.1078,0.1078,0.1078,10000626,2016-12-28,2016-12-28,P,1.9569999999999999,2016-05-09
15207,2016-05-16 10:58:00,2016-05-16,0.1078,22595.0,21.0,2820.0,0.1078,0.1075,0.1075,10000626,2016-12-28,2016-12-28,P,1.9569999999999999,2016-05-09
15208,2016-05-16 10:59:00,2016-05-16,0.1075,20385.0,19.0,2823.0,0.1075,0.1071,0.1071,10000626,2016-12-28,2016-12-28,P,1.9569999999999999,2016-05-09
15209,2016-05-16 11:00:00,2016-05-16,0.1071,0.0,0.0,2823.0,0.1071,0.1071,0.1071,10000626,2016-12-28,2016-12-28,P,1.9569999999999999,2016-05-09
15210,2016-05-16 11:01:00,2016-05-16,0.1071,24524.0,23.0,2828.0,0.1071,0.1068,0.1066,10000626,2016-12-28,2016-12-28,P,1.9569999999999999,2016-05-09
15211,2016-05-16 11:02:00,2016-05-16,0.1068,75291.0,71.0,2891.0,0.1068,0.1057,0.1054,10000626,2016-12-28,2016-12-28,P,1.9569999999999999,2016-05-09
15212,2016-05-16 11:03:00,2016-05-16,0.1057,10561.0,10.0,2901.0,0.1054,0.1057,0.1054,10000626,2016-12-28,2016-12-28,P,1.9569999999999999,2016-05-09
15213,2016-05-16 11:04:00,2016-05-16,0.1057,0.0,0.0,2901.0,0.1057,0.1057,0.1057,10000626,2016-12-28,2016-12-28,P,1.9569999999999999,2016-05-09
15214,2016-05-16 11:05:00,2016-05-16,0.1057,0.0,0.0,2901.0,0.1057,0.1057,0.1057,10000626,2016-12-28,2016-12-28,P,1.9569999999999999,2016-05-09
15215,2016-05-16 11:06:00,2016-05-16,0.1057,1055.0,1.0,2902.0,0.1057,0.1055,0.1055,10000626,2016-12-28,2016-12-28,P,1.9569999999999999,2016-05-09
15216,2016-05-16 11:07:00,2016-05-16,0.1055,0.0,0.0,2902.0,0.1055,0.1055,0.1055,10000626,2016-12-28,2016-12-28,P,1.9569999999999999,2016-05-09
15217,2016-05-16 11:08:00,2016-05-16,0.1065,12780.0,12.0,2914.0,0.1055,0.1065,0.1055,10000626,2016-12-28,2016-12-28,P,1.9569999999999999,2016-05-09
15218,2016-05-16 11:09:00,2016-05-16,0.1065,20234.0,19.0,2933.0,0.1065,0.1065,0.1064,10000626,2016-12-28,2016-12-28,P,1.9569999999999999,2016-05-09
15219,2016-05-16 11:10:00,2016-05-16,0.1065,0.0,0.0,2933.0,0.1065,0.1065,0.1065,10000626,2016-12-28,2016-12-28,P,1.9569999999999999,2016-05-09
15220,2016-05-16 11:11:00,2016-05-16,0.1065,0.0,0.0,2933.0,0.1065,0.1065,0.1065,10000626,2016-12-28,2016-12-28,P,1.9569999999999999,2016-05-09
15221,2016-05-16 11:12:00,2016-05-16,0.1065,0.0,0.0,2933.0,0.1065,0.1065,0.1065,10000626,2016-12-28,2016-12-28,P,1.9569999999999999,2016-05-09
15222,2016-05-16 11:13:00,2016-05-16,0.1065,0.0,0.0,2933.0,0.1065,0.1065,0.1065,10000626,2016-12-28,2016-12-28,P,1.9569999999999999,2016-05-09
15223,2016-05-16 11:14:00,2016-05-16,0.1077,10770.0,10.0,2938.0,0.1065,0.1077,0.1065,10000626,2016-12-28,2016-12-28,P,1.9569999999999999,2016-05-09
15224,2016-05-16 11:15:00,2016-05-16,0.1077,10770.0,10.0,2941.0,0.1077,0.1077,0.1077,10000626,2016-12-28,2016-12-28,P,1.9569999999999999,2016-05-09
15225,2016-05-16 11:16:00,2016-05-16,0.108,10800.0,10.0,2941.0,0.1077,0.108,0.1077,10000626,2016-12-28,2016-12-28,P,1.9569999999999999,2016-05-09
15226,2016-05-16 11:17:00,2016-05-16,0.108,0.0,0.0,2941.0,0.108,0.108,0.108,10000626,2016-12-28,2016-12-28,P,1.9569999999999999,2016-05-09
15227,2016-05-16 11:18:00,2016-05-16,0.108,0.0,0.0,2941.0,0.108,0.108,0.108,10000626,2016-12-28,2016-12-28,P,1.9569999999999999,2016-05-09
15228,2016-05-16 11:19:00,2016-05-16,0.1087,21720.0,20.0,2941.0,0.1085,0.1087,0.1085,10000626,2016-12-28,2016-12-28,P,1.9569999999999999,2016-05-09
15229,2016-05-16 11:20:00,2016-05-16,0.1087,30357.0,28.0,2941.0,0.1087,0.108,0.108,10000626,2016-12-28,2016-12-28,P,1.9569999999999999,2016-05-09
15230,2016-05-16 11:21:00,2016-05-16,0.108,14040.0,13.0,2941.0,0.108,0.108,0.108,10000626,2016-12-28,2016-12-28,P,1.9569999999999999,2016-05-09
15231,2016-05-16 11:22:00,2016-05-16,0.108,0.0,0.0,2941.0,0.108,0.108,0.108,10000626,2016-12-28,2016-12-28,P,1.9569999999999999,2016-05-09
15232,2016-05-16 11:23:00,2016-05-16,0.108,1073.0,1.0,2942.0,0.108,0.1073,0.1073,10000626,2016-12-28,2016-12-28,P,1.9569999999999999,2016-05-09
15233,2016-05-16 11:24:00,2016-05-16,0.1073,0.0,0.0,2942.0,0.1073,0.1073,0.1073,10000626,2016-12-28,2016-12-28,P,1.9569999999999999,2016-05-09
15234,2016-05-16 11:25:00,2016-05-16,0.1073,0.0,0.0,2942.0,0.1073,0.1073,0.1073,10000626,2016-12-28,2016-12-28,P,1.9569999999999999,2016-05-09
15235,2016-05-16 11:26:00,2016-05-16,0.1085,10850.0,10.0,2948.0,0.1073,0.1085,0.1073,10000626,2016-12-28,2016-12-28,P,1.9569999999999999,2016-05-09
15236,2016-05-16 11:27:00,2016-05-16,0.1085,10850.0,10.0,2958.0,0.1085,0.1085,0.1085,10000626,2016-12-28,2016-12-28,P,1.9569999999999999,2016-05-09
15237,2016-05-16 11:28:00,2016-05-16,0.1092,33795.0,31.0,2958.0,0.1085,0.1092,0.1075,10000626,2016-12-28,2016-12-28,P,1.9569999999999999,2016-05-09
15238,2016-05-16 11:29:00,2016-05-16,0.1092,0.0,0.0,2958.0,0.1092,0.1092,0.1092,10000626,2016-12-28,2016-12-28,P,1.9569999999999999,2016-05-09
15239,2016-05-16 11:30:00,2016-05-16,0.1092,21820.0,20.0,2961.0,0.1092,0.1092,0.109,10000626,2016-12-28,2016-12-28,P,1.9569999999999999,2016-05-09
15240,2016-05-16 13:01:00,2016-05-16,0.1092,0.0,0.0,2961.0,0.1092,0.1092,0.1092,10000626,2016-12-28,2016-12-28,P,1.9569999999999999,2016-05-09
15241,2016-05-16 13:02:00,2016-05-16,0.1092,10800.0,10.0,2971.0,0.1092,0.108,0.108,10000626,2016-12-28,2016-12-28,P,1.9569999999999999,2016-05-09
15242,2016-05-16 13:03:00,2016-05-16,0.108,0.0,0.0,2971.0,0.108,0.108,0.108,10000626,2016-12-28,2016-12-28,P,1.9569999999999999,2016-05-09
15243,2016-05-16 13:04:00,2016-05-16,0.108,2160.0,2.0,2971.0,0.108,0.108,0.108,10000626,2016-12-28,2016-12-28,P,1.9569999999999999,2016-05-09
15244,2016-05-16 13:05:00,2016-05-16,0.108,1080.0,1.0,2972.0,0.108,0.108,0.108,10000626,2016-12-28,2016-12-28,P,1.9569999999999999,2016-05-09
15245,2016-05-16 13:06:00,2016-05-16,0.108,2160.0,2.0,2972.0,0.108,0.108,0.108,10000626,2016-12-28,2016-12-28,P,1.9569999999999999,2016-05-09
15246,2016-05-16 13:07:00,2016-05-16,0.108,0.0,0.0,2972.0,0.108,0.108,0.108,10000626,2016-12-28,2016-12-28,P,1.9569999999999999,2016-05-09
15247,2016-05-16 13:08:00,2016-05-16,0.108,0.0,0.0,2972.0,0.108,0.108,0.108,10000626,2016-12-28,2016-12-28,P,1.9569999999999999,2016-05-09
15248,2016-05-16 13:09:00,2016-05-16,0.108,0.0,0.0,2972.0,0.108,0.108,0.108,10000626,2016-12-28,2016-12-28,P,1.9569999999999999,2016-05-09
15249,2016-05-16 13:10:00,2016-05-16,0.108,21520.0,20.0,2992.0,0.108,0.1076,0.1076,10000626,2016-12-28,2016-12-28,P,1.9569999999999999,2016-05-09
15250,2016-05-16 13:11:00,2016-05-16,0.1076,0.0,0.0,2992.0,0.1076,0.1076,0.1076,10000626,2016-12-28,2016-12-28,P,1.9569999999999999,2016-05-09
15251,2016-05-16 13:12:00,2016-05-16,0.1076,0.0,0.0,2992.0,0.1076,0.1076,0.1076,10000626,2016-12-28,2016-12-28,P,1.9569999999999999,2016-05-09
15252,2016-05-16 13:13:00,2016-05-16,0.1084,10840.0,10.0,3001.0,0.1084,0.1084,0.1084,10000626,2016-12-28,2016-12-28,P,1.9569999999999999,2016-05-09
15253,2016-05-16 13:14:00,2016-05-16,0.1085,9761.0,9.0,3010.0,0.1084,0.1085,0.1084,10000626,2016-12-28,2016-12-28,P,1.9569999999999999,2016-05-09
15254,2016-05-16 13:15:00,2016-05-16,0.1089,10890.0,10.0,3010.0,0.1085,0.1089,0.1085,10000626,2016-12-28,2016-12-28,P,1.9569999999999999,2016-05-09
15255,2016-05-16 13:16:00,2016-05-16,0.109,26128.0,24.0,3034.0,0.109,0.1089,0.1085,10000626,2016-12-28,2016-12-28,P,1.9569999999999999,2016-05-09
15256,2016-05-16 13:17:00,2016-05-16,0.1089,10890.0,10.0,3044.0,0.1089,0.1089,0.1089,10000626,2016-12-28,2016-12-28,P,1.9569999999999999,2016-05-09
15257,2016-05-16 13:18:00,2016-05-16,0.109,1090.0,1.0,3045.0,0.1089,0.109,0.1089,10000626,2016-12-28,2016-12-28,P,1.9569999999999999,2016-05-09
15258,2016-05-16 13:19:00,2016-05-16,0.1089,2178.0,2.0,3047.0,0.1089,0.1089,0.1089,10000626,2016-12-28,2016-12-28,P,1.9569999999999999,2016-05-09
15259,2016-05-16 13:20:00,2016-05-16,0.109,5450.0,5.0,3051.0,0.109,0.109,0.109,10000626,2016-12-28,2016-12-28,P,1.9569999999999999,2016-05-09
15260,2016-05-16 13:21:00,2016-05-16,0.1093,5465.0,5.0,3056.0,0.109,0.1093,0.109,10000626,2016-12-28,2016-12-28,P,1.9569999999999999,2016-05-09
15261,2016-05-16 13:22:00,2016-05-16,0.1093,0.0,0.0,3056.0,0.1093,0.1093,0.1093,10000626,2016-12-28,2016-12-28,P,1.9569999999999999,2016-05-09
15262,2016-05-16 13:23:00,2016-05-16,0.1093,0.0,0.0,3056.0,0.1093,0.1093,0.1093,10000626,2016-12-28,2016-12-28,P,1.9569999999999999,2016-05-09
15263,2016-05-16 13:24:00,2016-05-16,0.11,12099.0,11.0,3058.0,0.1099,0.11,0.1099,10000626,2016-12-28,2016-12-28,P,1.9569999999999999,2016-05-09
15264,2016-05-16 13:25:00,2016-05-16,0.11,0.0,0.0,3058.0,0.11,0.11,0.11,10000626,2016-12-28,2016-12-28,P,1.9569999999999999,2016-05-09
15265,2016-05-16 13:26:00,2016-05-16,0.1115,33410.0,30.0,3058.0,0.1111,0.1115,0.1111,10000626,2016-12-28,2016-12-28,P,1.9569999999999999,2016-05-09
15266,2016-05-16 13:27:00,2016-05-16,0.1115,3315.0,3.0,3061.0,0.1115,0.1105,0.1105,10000626,2016-12-28,2016-12-28,P,1.9569999999999999,2016-05-09
15267,2016-05-16 13:28:00,2016-05-16,0.1122,22244.0,20.0,3061.0,0.1105,0.1111,0.1105,10000626,2016-12-28,2016-12-28,P,1.9569999999999999,2016-05-09
15268,2016-05-16 13:29:00,2016-05-16,0.1111,0.0,0.0,3061.0,0.1111,0.1111,0.1111,10000626,2016-12-28,2016-12-28,P,1.9569999999999999,2016-05-09
15269,2016-05-16 13:30:00,2016-05-16,0.1111,11110.0,10.0,3071.0,0.1111,0.1111,0.1111,10000626,2016-12-28,2016-12-28,P,1.9569999999999999,2016-05-09
15270,2016-05-16 13:31:00,2016-05-16,0.1115,21153.0,19.0,3072.0,0.1111,0.1111,0.1111,10000626,2016-12-28,2016-12-28,P,1.9569999999999999,2016-05-09
15271,2016-05-16 13:32:00,2016-05-16,0.1111,4444.0,4.0,3072.0,0.1111,0.1111,0.1111,10000626,2016-12-28,2016-12-28,P,1.9569999999999999,2016-05-09
15272,2016-05-16 13:33:00,2016-05-16,0.1106,22110.0,20.0,3092.0,0.1106,0.1105,0.1105,10000626,2016-12-28,2016-12-28,P,1.9569999999999999,2016-05-09
15273,2016-05-16 13:34:00,2016-05-16,0.1105,10990.0,10.0,3102.0,0.1105,0.1099,0.1099,10000626,2016-12-28,2016-12-28,P,1.9569999999999999,2016-05-09
15274,2016-05-16 13:35:00,2016-05-16,0.1099,10990.0,10.0,3112.0,0.1099,0.1099,0.1099,10000626,2016-12-28,2016-12-28,P,1.9569999999999999,2016-05-09
15275,2016-05-16 13:36:00,2016-05-16,0.1099,0.0,0.0,3112.0,0.1099,0.1099,0.1099,10000626,2016-12-28,2016-12-28,P,1.9569999999999999,2016-05-09
15276,2016-05-16 13:37:00,2016-05-16,0.1099,10920.0,10.0,3122.0,0.1099,0.1092,0.1092,10000626,2016-12-28,2016-12-28,P,1.9569999999999999,2016-05-09
15277,2016-05-16 13:38:00,2016-05-16,0.1099,1099.0,1.0,3123.0,0.1099,0.1099,0.1099,10000626,2016-12-28,2016-12-28,P,1.9569999999999999,2016-05-09
15278,2016-05-16 13:39:00,2016-05-16,0.1099,20811.0,19.0,3142.0,0.1099,0.1099,0.1092,10000626,2016-12-28,2016-12-28,P,1.9569999999999999,2016-05-09
15279,2016-05-16 13:40:00,2016-05-16,0.1099,2198.0,2.0,3144.0,0.1099,0.1099,0.1099,10000626,2016-12-28,2016-12-28,P,1.9569999999999999,2016-05-09
15280,2016-05-16 13:41:00,2016-05-16,0.1099,20881.0,19.0,3163.0,0.1099,0.1099,0.1099,10000626,2016-12-28,2016-12-28,P,1.9569999999999999,2016-05-09
15281,2016-05-16 13:42:00,2016-05-16,0.1099,12089.0,11.0,3174.0,0.1099,0.1099,0.1099,10000626,2016-12-28,2016-12-28,P,1.9569999999999999,2016-05-09
15282,2016-05-16 13:43:00,2016-05-16,0.1099,0.0,0.0,3174.0,0.1099,0.1099,0.1099,10000626,2016-12-28,2016-12-28,P,1.9569999999999999,2016-05-09
15283,2016-05-16 13:44:00,2016-05-16,0.1099,21860.0,20.0,3194.0,0.1099,0.1093,0.1093,10000626,2016-12-28,2016-12-28,P,1.9569999999999999,2016-05-09
15284,2016-05-16 13:45:00,2016-05-16,0.1093,10930.0,10.0,3204.0,0.1093,0.1093,0.1093,10000626,2016-12-28,2016-12-28,P,1.9569999999999999,2016-05-09
15285,2016-05-16 13:46:00,2016-05-16,0.1093,10930.0,10.0,3214.0,0.1093,0.1093,0.1093,10000626,2016-12-28,2016-12-28,P,1.9569999999999999,2016-05-09
15286,2016-05-16 13:47:00,2016-05-16,0.1093,0.0,0.0,3214.0,0.1093,0.1093,0.1093,10000626,2016-12-28,2016-12-28,P,1.9569999999999999,2016-05-09
15287,2016-05-16 13:48:00,2016-05-16,0.1093,0.0,0.0,3214.0,0.1093,0.1093,0.1093,10000626,2016-12-28,2016-12-28,P,1.9569999999999999,2016-05-09
15288,2016-05-16 13:49:00,2016-05-16,0.1093,23896.0,22.0,3236.0,0.1093,0.1085,0.1085,10000626,2016-12-28,2016-12-28,P,1.9569999999999999,2016-05-09
15289,2016-05-16 13:50:00,2016-05-16,0.1085,30380.0,28.0,3248.0,0.1085,0.1085,0.1085,10000626,2016-12-28,2016-12-28,P,1.9569999999999999,2016-05-09
15290,2016-05-16 13:51:00,2016-05-16,0.1085,13020.0,12.0,3260.0,0.1085,0.1085,0.1085,10000626,2016-12-28,2016-12-28,P,1.9569999999999999,2016-05-09
15291,2016-05-16 13:52:00,2016-05-16,0.1085,0.0,0.0,3260.0,0.1085,0.1085,0.1085,10000626,2016-12-28,2016-12-28,P,1.9569999999999999,2016-05-09
15292,2016-05-16 13:53:00,2016-05-16,0.1085,0.0,0.0,3260.0,0.1085,0.1085,0.1085,10000626,2016-12-28,2016-12-28,P,1.9569999999999999,2016-05-09
15293,2016-05-16 13:54:00,2016-05-16,0.1085,0.0,0.0,3260.0,0.1085,0.1085,0.1085,10000626,2016-12-28,2016-12-28,P,1.9569999999999999,2016-05-09
15294,2016-05-16 13:55:00,2016-05-16,0.1082,10820.0,10.0,3270.0,0.1082,0.1082,0.1082,10000626,2016-12-28,2016-12-28,P,1.9569999999999999,2016-05-09
15295,2016-05-16 13:56:00,2016-05-16,0.1082,9621.0,9.0,3270.0,0.1082,0.1069,0.1069,10000626,2016-12-28,2016-12-28,P,1.9569999999999999,2016-05-09
15296,2016-05-16 13:57:00,2016-05-16,0.1069,2137.0,2.0,3272.0,0.1069,0.1068,0.1068,10000626,2016-12-28,2016-12-28,P,1.9569999999999999,2016-05-09
15297,2016-05-16 13:58:00,2016-05-16,0.1068,0.0,0.0,3272.0,0.1068,0.1068,0.1068,10000626,2016-12-28,2016-12-28,P,1.9569999999999999,2016-05-09
15298,2016-05-16 13:59:00,2016-05-16,0.1068,0.0,0.0,3272.0,0.1068,0.1068,0.1068,10000626,2016-12-28,2016-12-28,P,1.9569999999999999,2016-05-09
15299,2016-05-16 14:00:00,2016-05-16,0.1068,0.0,0.0,3272.0,0.1068,0.1068,0.1068,10000626,2016-12-28,2016-12-28,P,1.9569999999999999,2016-05-09
15300,2016-05-16 14:01:00,2016-05-16,0.1068,0.0,0.0,3272.0,0.1068,0.1068,0.1068,10000626,2016-12-28,2016-12-28,P,1.9569999999999999,2016-05-09
15301,2016-05-16 14:02:00,2016-05-16,0.1068,0.0,0.0,3272.0,0.1068,0.1068,0.1068,10000626,2016-12-28,2016-12-28,P,1.9569999999999999,2016-05-09
15302,2016-05-16 14:03:00,2016-05-16,0.1068,0.0,0.0,3272.0,0.1068,0.1068,0.1068,10000626,2016-12-28,2016-12-28,P,1.9569999999999999,2016-05-09
15303,2016-05-16 14:04:00,2016-05-16,0.1079,1079.0,1.0,3272.0,0.1068,0.1079,0.1068,10000626,2016-12-28,2016-12-28,P,1.9569999999999999,2016-05-09
15304,2016-05-16 14:05:00,2016-05-16,0.108,8640.0,8.0,3264.0,0.1079,0.108,0.1079,10000626,2016-12-28,2016-12-28,P,1.9569999999999999,2016-05-09
15305,2016-05-16 14:06:00,2016-05-16,0.108,17160.0,16.0,3274.0,0.108,0.1068,0.1068,10000626,2016-12-28,2016-12-28,P,1.9569999999999999,2016-05-09
15306,2016-05-16 14:07:00,2016-05-16,0.1068,0.0,0.0,3274.0,0.1068,0.1068,0.1068,10000626,2016-12-28,2016-12-28,P,1.9569999999999999,2016-05-09
15307,2016-05-16 14:08:00,2016-05-16,0.1068,0.0,0.0,3274.0,0.1068,0.1068,0.1068,10000626,2016-12-28,2016-12-28,P,1.9569999999999999,2016-05-09
15308,2016-05-16 14:09:00,2016-05-16,0.1068,0.0,0.0,3274.0,0.1068,0.1068,0.1068,10000626,2016-12-28,2016-12-28,P,1.9569999999999999,2016-05-09
15309,2016-05-16 14:10:00,2016-05-16,0.1068,0.0,0.0,3274.0,0.1068,0.1068,0.1068,10000626,2016-12-28,2016-12-28,P,1.9569999999999999,2016-05-09
15310,2016-05-16 14:11:00,2016-05-16,0.1068,10610.0,10.0,3284.0,0.1068,0.1061,0.1061,10000626,2016-12-28,2016-12-28,P,1.9569999999999999,2016-05-09
15311,2016-05-16 14:12:00,2016-05-16,0.1061,0.0,0.0,3284.0,0.1061,0.1061,0.1061,10000626,2016-12-28,2016-12-28,P,1.9569999999999999,2016-05-09
15312,2016-05-16 14:13:00,2016-05-16,0.1061,0.0,0.0,3284.0,0.1061,0.1061,0.1061,10000626,2016-12-28,2016-12-28,P,1.9569999999999999,2016-05-09
15313,2016-05-16 14:14:00,2016-05-16,0.1061,0.0,0.0,3284.0,0.1061,0.1061,0.1061,10000626,2016-12-28,2016-12-28,P,1.9569999999999999,2016-05-09
15314,2016-05-16 14:15:00,2016-05-16,0.1061,0.0,0.0,3284.0,0.1061,0.1061,0.1061,10000626,2016-12-28,2016-12-28,P,1.9569999999999999,2016-05-09
15315,2016-05-16 14:16:00,2016-05-16,0.1082,17302.0,16.0,3300.0,0.1061,0.1082,0.1061,10000626,2016-12-28,2016-12-28,P,1.9569999999999999,2016-05-09
15316,2016-05-16 14:17:00,2016-05-16,0.1082,0.0,0.0,3300.0,0.1082,0.1082,0.1082,10000626,2016-12-28,2016-12-28,P,1.9569999999999999,2016-05-09
15317,2016-05-16 14:18:00,2016-05-16,0.1091,11992.0,11.0,3300.0,0.1082,0.1091,0.1082,10000626,2016-12-28,2016-12-28,P,1.9569999999999999,2016-05-09
15318,2016-05-16 14:19:00,2016-05-16,0.1093,10930.0,10.0,3310.0,0.1091,0.1093,0.1091,10000626,2016-12-28,2016-12-28,P,1.9569999999999999,2016-05-09
15319,2016-05-16 14:20:00,2016-05-16,0.1093,10930.0,10.0,3318.0,0.1093,0.1093,0.1093,10000626,2016-12-28,2016-12-28,P,1.9569999999999999,2016-05-09
15320,2016-05-16 14:21:00,2016-05-16,0.1093,10930.0,10.0,3318.0,0.1093,0.1093,0.1093,10000626,2016-12-28,2016-12-28,P,1.9569999999999999,2016-05-09
15321,2016-05-16 14:22:00,2016-05-16,0.1093,0.0,0.0,3318.0,0.1093,0.1093,0.1093,10000626,2016-12-28,2016-12-28,P,1.9569999999999999,2016-05-09
15322,2016-05-16 14:23:00,2016-05-16,0.1097,2194.0,2.0,3319.0,0.1093,0.1097,0.1093,10000626,2016-12-28,2016-12-28,P,1.9569999999999999,2016-05-09
15323,2016-05-16 14:24:00,2016-05-16,0.1099,27455.0,25.0,3319.0,0.1097,0.1099,0.1097,10000626,2016-12-28,2016-12-28,P,1.9569999999999999,2016-05-09
15324,2016-05-16 14:25:00,2016-05-16,0.11,1100.0,1.0,3319.0,0.1099,0.11,0.1099,10000626,2016-12-28,2016-12-28,P,1.9569999999999999,2016-05-09
15325,2016-05-16 14:26:00,2016-05-16,0.1105,15453.0,14.0,3332.0,0.11,0.1105,0.11,10000626,2016-12-28,2016-12-28,P,1.9569999999999999,2016-05-09
15326,2016-05-16 14:27:00,2016-05-16,0.1109,24386.0,22.0,3332.0,0.1105,0.1108,0.1105,10000626,2016-12-28,2016-12-28,P,1.9569999999999999,2016-05-09
15327,2016-05-16 14:28:00,2016-05-16,0.1108,14300.0,13.0,3345.0,0.1108,0.11,0.11,10000626,2016-12-28,2016-12-28,P,1.9569999999999999,2016-05-09
15328,2016-05-16 14:29:00,2016-05-16,0.11,10970.0,10.0,3355.0,0.11,0.1097,0.1097,10000626,2016-12-28,2016-12-28,P,1.9569999999999999,2016-05-09
15329,2016-05-16 14:30:00,2016-05-16,0.11,8800.0,8.0,3363.0,0.1097,0.11,0.1097,10000626,2016-12-28,2016-12-28,P,1.9569999999999999,2016-05-09
15330,2016-05-16 14:31:00,2016-05-16,0.11,13200.0,12.0,3363.0,0.11,0.11,0.11,10000626,2016-12-28,2016-12-28,P,1.9569999999999999,2016-05-09
15331,2016-05-16 14:32:00,2016-05-16,0.1102,11020.0,10.0,3365.0,0.1102,0.1102,0.1102,10000626,2016-12-28,2016-12-28,P,1.9569999999999999,2016-05-09
15332,2016-05-16 14:33:00,2016-05-16,0.1102,0.0,0.0,3365.0,0.1102,0.1102,0.1102,10000626,2016-12-28,2016-12-28,P,1.9569999999999999,2016-05-09
15333,2016-05-16 14:34:00,2016-05-16,0.1095,22994.0,21.0,3385.0,0.1095,0.1094,0.1094,10000626,2016-12-28,2016-12-28,P,1.9569999999999999,2016-05-09
15334,2016-05-16 14:35:00,2016-05-16,0.1094,37196.0,34.0,3385.0,0.1094,0.1094,0.1094,10000626,2016-12-28,2016-12-28,P,1.9569999999999999,2016-05-09
15335,2016-05-16 14:36:00,2016-05-16,0.1094,0.0,0.0,3385.0,0.1094,0.1094,0.1094,10000626,2016-12-28,2016-12-28,P,1.9569999999999999,2016-05-09
15336,2016-05-16 14:37:00,2016-05-16,0.1094,10900.0,10.0,3385.0,0.1094,0.109,0.109,10000626,2016-12-28,2016-12-28,P,1.9569999999999999,2016-05-09
15337,2016-05-16 14:38:00,2016-05-16,0.1095,21886.0,20.0,3401.0,0.109,0.1094,0.109,10000626,2016-12-28,2016-12-28,P,1.9569999999999999,2016-05-09
15338,2016-05-16 14:39:00,2016-05-16,0.1094,10940.0,10.0,3411.0,0.1094,0.1094,0.1094,10000626,2016-12-28,2016-12-28,P,1.9569999999999999,2016-05-09
15339,2016-05-16 14:40:00,2016-05-16,0.1094,10880.0,10.0,3421.0,0.1094,0.1088,0.1088,10000626,2016-12-28,2016-12-28,P,1.9569999999999999,2016-05-09
15340,2016-05-16 14:41:00,2016-05-16,0.1088,0.0,0.0,3421.0,0.1088,0.1088,0.1088,10000626,2016-12-28,2016-12-28,P,1.9569999999999999,2016-05-09
15341,2016-05-16 14:42:00,2016-05-16,0.11,22000.0,20.0,3441.0,0.1088,0.11,0.1088,10000626,2016-12-28,2016-12-28,P,1.9569999999999999,2016-05-09
15342,2016-05-16 14:43:00,2016-05-16,0.11,0.0,0.0,3441.0,0.11,0.11,0.11,10000626,2016-12-28,2016-12-28,P,1.9569999999999999,2016-05-09
15343,2016-05-16 14:44:00,2016-05-16,0.1105,2206.0,2.0,3442.0,0.11,0.1105,0.11,10000626,2016-12-28,2016-12-28,P,1.9569999999999999,2016-05-09
15344,2016-05-16 14:45:00,2016-05-16,0.1105,0.0,0.0,3442.0,0.1105,0.1105,0.1105,10000626,2016-12-28,2016-12-28,P,1.9569999999999999,2016-05-09
15345,2016-05-16 14:46:00,2016-05-16,0.111,43235.0,39.0,3442.0,0.1109,0.111,0.1105,10000626,2016-12-28,2016-12-28,P,1.9569999999999999,2016-05-09
15346,2016-05-16 14:47:00,2016-05-16,0.111,17759.0,16.0,3443.0,0.111,0.111,0.111,10000626,2016-12-28,2016-12-28,P,1.9569999999999999,2016-05-09
15347,2016-05-16 14:48:00,2016-05-16,0.1113,26680.0,24.0,3458.0,0.111,0.1113,0.111,10000626,2016-12-28,2016-12-28,P,1.9569999999999999,2016-05-09
15348,2016-05-16 14:49:00,2016-05-16,0.1115,11150.0,10.0,3458.0,0.1113,0.1115,0.1113,10000626,2016-12-28,2016-12-28,P,1.9569999999999999,2016-05-09
15349,2016-05-16 14:50:00,2016-05-16,0.1115,14495.0,13.0,3468.0,0.1115,0.1115,0.1115,10000626,2016-12-28,2016-12-28,P,1.9569999999999999,2016-05-09
15350,2016-05-16 14:51:00,2016-05-16,0.1119,23453.0,21.0,3482.0,0.1116,0.1119,0.1115,10000626,2016-12-28,2016-12-28,P,1.9569999999999999,2016-05-09
15351,2016-05-16 14:52:00,2016-05-16,0.1123,11230.0,10.0,3482.0,0.1119,0.1123,0.1119,10000626,2016-12-28,2016-12-28,P,1.9569999999999999,2016-05-09
15352,2016-05-16 14:53:00,2016-05-16,0.1123,22212.0,20.0,3492.0,0.1099,0.1123,0.1099,10000626,2016-12-28,2016-12-28,P,1.9569999999999999,2016-05-09
15353,2016-05-16 14:54:00,2016-05-16,0.1122,26688.0,24.0,3508.0,0.1098,0.1122,0.1098,10000626,2016-12-28,2016-12-28,P,1.9569999999999999,2016-05-09
15354,2016-05-16 14:55:00,2016-05-16,0.1123,6736.0,6.0,3514.0,0.1122,0.1123,0.1122,10000626,2016-12-28,2016-12-28,P,1.9569999999999999,2016-05-09
15355,2016-05-16 14:56:00,2016-05-16,0.1123,0.0,0.0,3514.0,0.1123,0.1123,0.1123,10000626,2016-12-28,2016-12-28,P,1.9569999999999999,2016-05-09
15356,2016-05-16 14:57:00,2016-05-16,0.1123,21980.0,20.0,3534.0,0.1123,0.1099,0.1099,10000626,2016-12-28,2016-12-28,P,1.9569999999999999,2016-05-09
15357,2016-05-16 14:58:00,2016-05-16,0.1099,0.0,0.0,3534.0,0.1099,0.1099,0.1099,10000626,2016-12-28,2016-12-28,P,1.9569999999999999,2016-05-09
15358,2016-05-16 14:59:00,2016-05-16,0.1099,0.0,0.0,3534.0,0.1099,0.1099,0.1099,10000626,2016-12-28,2016-12-28,P,1.9569999999999999,2016-05-09
15359,2016-05-16 15:00:00,2016-05-16,0.1099,0.0,0.0,3534.0,0.1099,0.1099,0.1099,10000626,2016-12-28,2016-12-28,P,1.9569999999999999,2016-05-09
15360,2016-05-16 09:31:00,2016-05-16,0.2931,5861.0,2.0,2251.0,0.2931,0.2931,0.2931,10000457,2016-06-22,2016-06-22,P,2.35,2015-10-29
15361,2016-05-16 09:32:00,2016-05-16,0.2961,59220.0,20.0,2251.0,0.2931,0.2961,0.2931,10000457,2016-06-22,2016-06-22,P,2.35,2015-10-29
15362,2016-05-16 09:33:00,2016-05-16,0.2961,0.0,0.0,2251.0,0.2961,0.2961,0.2961,10000457,2016-06-22,2016-06-22,P,2.35,2015-10-29
15363,2016-05-16 09:34:00,2016-05-16,0.2961,0.0,0.0,2251.0,0.2961,0.2961,0.2961,10000457,2016-06-22,2016-06-22,P,2.35,2015-10-29
15364,2016-05-16 09:35:00,2016-05-16,0.2961,0.0,0.0,2251.0,0.2961,0.2961,0.2961,10000457,2016-06-22,2016-06-22,P,2.35,2015-10-29
15365,2016-05-16 09:36:00,2016-05-16,0.2961,58810.0,20.0,2251.0,0.2961,0.294,0.294,10000457,2016-06-22,2016-06-22,P,2.35,2015-10-29
15366,2016-05-16 09:37:00,2016-05-16,0.294,0.0,0.0,2251.0,0.294,0.294,0.294,10000457,2016-06-22,2016-06-22,P,2.35,2015-10-29
15367,2016-05-16 09:38:00,2016-05-16,0.294,0.0,0.0,2251.0,0.294,0.294,0.294,10000457,2016-06-22,2016-06-22,P,2.35,2015-10-29
15368,2016-05-16 09:39:00,2016-05-16,0.294,0.0,0.0,2251.0,0.294,0.294,0.294,10000457,2016-06-22,2016-06-22,P,2.35,2015-10-29
15369,2016-05-16 09:40:00,2016-05-16,0.294,0.0,0.0,2251.0,0.294,0.294,0.294,10000457,2016-06-22,2016-06-22,P,2.35,2015-10-29
15370,2016-05-16 09:41:00,2016-05-16,0.294,0.0,0.0,2251.0,0.294,0.294,0.294,10000457,2016-06-22,2016-06-22,P,2.35,2015-10-29
15371,2016-05-16 09:42:00,2016-05-16,0.294,0.0,0.0,2251.0,0.294,0.294,0.294,10000457,2016-06-22,2016-06-22,P,2.35,2015-10-29
15372,2016-05-16 09:43:00,2016-05-16,0.294,0.0,0.0,2251.0,0.294,0.294,0.294,10000457,2016-06-22,2016-06-22,P,2.35,2015-10-29
15373,2016-05-16 09:44:00,2016-05-16,0.294,0.0,0.0,2251.0,0.294,0.294,0.294,10000457,2016-06-22,2016-06-22,P,2.35,2015-10-29
15374,2016-05-16 09:45:00,2016-05-16,0.294,0.0,0.0,2251.0,0.294,0.294,0.294,10000457,2016-06-22,2016-06-22,P,2.35,2015-10-29
15375,2016-05-16 09:46:00,2016-05-16,0.294,0.0,0.0,2251.0,0.294,0.294,0.294,10000457,2016-06-22,2016-06-22,P,2.35,2015-10-29
15376,2016-05-16 09:47:00,2016-05-16,0.294,0.0,0.0,2251.0,0.294,0.294,0.294,10000457,2016-06-22,2016-06-22,P,2.35,2015-10-29
15377,2016-05-16 09:48:00,2016-05-16,0.294,0.0,0.0,2251.0,0.294,0.294,0.294,10000457,2016-06-22,2016-06-22,P,2.35,2015-10-29
15378,2016-05-16 09:49:00,2016-05-16,0.294,0.0,0.0,2251.0,0.294,0.294,0.294,10000457,2016-06-22,2016-06-22,P,2.35,2015-10-29
15379,2016-05-16 09:50:00,2016-05-16,0.294,0.0,0.0,2251.0,0.294,0.294,0.294,10000457,2016-06-22,2016-06-22,P,2.35,2015-10-29
15380,2016-05-16 09:51:00,2016-05-16,0.294,0.0,0.0,2251.0,0.294,0.294,0.294,10000457,2016-06-22,2016-06-22,P,2.35,2015-10-29
15381,2016-05-16 09:52:00,2016-05-16,0.294,0.0,0.0,2251.0,0.294,0.294,0.294,10000457,2016-06-22,2016-06-22,P,2.35,2015-10-29
15382,2016-05-16 09:53:00,2016-05-16,0.3055,114959.0,38.0,2250.0,0.294,0.3055,0.294,10000457,2016-06-22,2016-06-22,P,2.35,2015-10-29
15383,2016-05-16 09:54:00,2016-05-16,0.3061,69919.0,23.0,2262.0,0.3055,0.3033,0.3032,10000457,2016-06-22,2016-06-22,P,2.35,2015-10-29
15384,2016-05-16 09:55:00,2016-05-16,0.3033,0.0,0.0,2262.0,0.3033,0.3033,0.3033,10000457,2016-06-22,2016-06-22,P,2.35,2015-10-29
15385,2016-05-16 09:56:00,2016-05-16,0.3033,0.0,0.0,2262.0,0.3033,0.3033,0.3033,10000457,2016-06-22,2016-06-22,P,2.35,2015-10-29
15386,2016-05-16 09:57:00,2016-05-16,0.3033,0.0,0.0,2262.0,0.3033,0.3033,0.3033,10000457,2016-06-22,2016-06-22,P,2.35,2015-10-29
15387,2016-05-16 09:58:00,2016-05-16,0.3033,0.0,0.0,2262.0,0.3033,0.3033,0.3033,10000457,2016-06-22,2016-06-22,P,2.35,2015-10-29
15388,2016-05-16 09:59:00,2016-05-16,0.3033,0.0,0.0,2262.0,0.3033,0.3033,0.3033,10000457,2016-06-22,2016-06-22,P,2.35,2015-10-29
15389,2016-05-16 10:00:00,2016-05-16,0.3033,0.0,0.0,2262.0,0.3033,0.3033,0.3033,10000457,2016-06-22,2016-06-22,P,2.35,2015-10-29
15390,2016-05-16 10:01:00,2016-05-16,0.3033,0.0,0.0,2262.0,0.3033,0.3033,0.3033,10000457,2016-06-22,2016-06-22,P,2.35,2015-10-29
15391,2016-05-16 10:02:00,2016-05-16,0.3033,0.0,0.0,2262.0,0.3033,0.3033,0.3033,10000457,2016-06-22,2016-06-22,P,2.35,2015-10-29
15392,2016-05-16 10:03:00,2016-05-16,0.3033,0.0,0.0,2262.0,0.3033,0.3033,0.3033,10000457,2016-06-22,2016-06-22,P,2.35,2015-10-29
15393,2016-05-16 10:04:00,2016-05-16,0.306,30600.0,10.0,2262.0,0.3033,0.306,0.3033,10000457,2016-06-22,2016-06-22,P,2.35,2015-10-29
15394,2016-05-16 10:05:00,2016-05-16,0.306,0.0,0.0,2262.0,0.306,0.306,0.306,10000457,2016-06-22,2016-06-22,P,2.35,2015-10-29
15395,2016-05-16 10:06:00,2016-05-16,0.306,0.0,0.0,2262.0,0.306,0.306,0.306,10000457,2016-06-22,2016-06-22,P,2.35,2015-10-29
15396,2016-05-16 10:07:00,2016-05-16,0.306,0.0,0.0,2262.0,0.306,0.306,0.306,10000457,2016-06-22,2016-06-22,P,2.35,2015-10-29
15397,2016-05-16 10:08:00,2016-05-16,0.306,0.0,0.0,2262.0,0.306,0.306,0.306,10000457,2016-06-22,2016-06-22,P,2.35,2015-10-29
15398,2016-05-16 10:09:00,2016-05-16,0.306,0.0,0.0,2262.0,0.306,0.306,0.306,10000457,2016-06-22,2016-06-22,P,2.35,2015-10-29
15399,2016-05-16 10:10:00,2016-05-16,0.306,0.0,0.0,2262.0,0.306,0.306,0.306,10000457,2016-06-22,2016-06-22,P,2.35,2015-10-29
15400,2016-05-16 10:11:00,2016-05-16,0.306,0.0,0.0,2262.0,0.306,0.306,0.306,10000457,2016-06-22,2016-06-22,P,2.35,2015-10-29
15401,2016-05-16 10:12:00,2016-05-16,0.306,0.0,0.0,2262.0,0.306,0.306,0.306,10000457,2016-06-22,2016-06-22,P,2.35,2015-10-29
15402,2016-05-16 10:13:00,2016-05-16,0.306,0.0,0.0,2262.0,0.306,0.306,0.306,10000457,2016-06-22,2016-06-22,P,2.35,2015-10-29
15403,2016-05-16 10:14:00,2016-05-16,0.306,0.0,0.0,2262.0,0.306,0.306,0.306,10000457,2016-06-22,2016-06-22,P,2.35,2015-10-29
15404,2016-05-16 10:15:00,2016-05-16,0.306,0.0,0.0,2262.0,0.306,0.306,0.306,10000457,2016-06-22,2016-06-22,P,2.35,2015-10-29
15405,2016-05-16 10:16:00,2016-05-16,0.306,0.0,0.0,2262.0,0.306,0.306,0.306,10000457,2016-06-22,2016-06-22,P,2.35,2015-10-29
15406,2016-05-16 10:17:00,2016-05-16,0.306,0.0,0.0,2262.0,0.306,0.306,0.306,10000457,2016-06-22,2016-06-22,P,2.35,2015-10-29
15407,2016-05-16 10:18:00,2016-05-16,0.306,0.0,0.0,2262.0,0.306,0.306,0.306,10000457,2016-06-22,2016-06-22,P,2.35,2015-10-29
15408,2016-05-16 10:19:00,2016-05-16,0.306,0.0,0.0,2262.0,0.306,0.306,0.306,10000457,2016-06-22,2016-06-22,P,2.35,2015-10-29
15409,2016-05-16 10:20:00,2016-05-16,0.306,0.0,0.0,2262.0,0.306,0.306,0.306,10000457,2016-06-22,2016-06-22,P,2.35,2015-10-29
15410,2016-05-16 10:21:00,2016-05-16,0.306,0.0,0.0,2262.0,0.306,0.306,0.306,10000457,2016-06-22,2016-06-22,P,2.35,2015-10-29
15411,2016-05-16 10:22:00,2016-05-16,0.306,0.0,0.0,2262.0,0.306,0.306,0.306,10000457,2016-06-22,2016-06-22,P,2.35,2015-10-29
15412,2016-05-16 10:23:00,2016-05-16,0.306,0.0,0.0,2262.0,0.306,0.306,0.306,10000457,2016-06-22,2016-06-22,P,2.35,2015-10-29
15413,2016-05-16 10:24:00,2016-05-16,0.306,0.0,0.0,2262.0,0.306,0.306,0.306,10000457,2016-06-22,2016-06-22,P,2.35,2015-10-29
15414,2016-05-16 10:25:00,2016-05-16,0.306,0.0,0.0,2262.0,0.306,0.306,0.306,10000457,2016-06-22,2016-06-22,P,2.35,2015-10-29
15415,2016-05-16 10:26:00,2016-05-16,0.306,0.0,0.0,2262.0,0.306,0.306,0.306,10000457,2016-06-22,2016-06-22,P,2.35,2015-10-29
15416,2016-05-16 10:27:00,2016-05-16,0.306,0.0,0.0,2262.0,0.306,0.306,0.306,10000457,2016-06-22,2016-06-22,P,2.35,2015-10-29
15417,2016-05-16 10:28:00,2016-05-16,0.306,0.0,0.0,2262.0,0.306,0.306,0.306,10000457,2016-06-22,2016-06-22,P,2.35,2015-10-29
15418,2016-05-16 10:29:00,2016-05-16,0.306,0.0,0.0,2262.0,0.306,0.306,0.306,10000457,2016-06-22,2016-06-22,P,2.35,2015-10-29
15419,2016-05-16 10:30:00,2016-05-16,0.306,0.0,0.0,2262.0,0.306,0.306,0.306,10000457,2016-06-22,2016-06-22,P,2.35,2015-10-29
15420,2016-05-16 10:31:00,2016-05-16,0.306,0.0,0.0,2262.0,0.306,0.306,0.306,10000457,2016-06-22,2016-06-22,P,2.35,2015-10-29
15421,2016-05-16 10:32:00,2016-05-16,0.306,0.0,0.0,2262.0,0.306,0.306,0.306,10000457,2016-06-22,2016-06-22,P,2.35,2015-10-29
15422,2016-05-16 10:33:00,2016-05-16,0.306,0.0,0.0,2262.0,0.306,0.306,0.306,10000457,2016-06-22,2016-06-22,P,2.35,2015-10-29
15423,2016-05-16 10:34:00,2016-05-16,0.306,0.0,0.0,2262.0,0.306,0.306,0.306,10000457,2016-06-22,2016-06-22,P,2.35,2015-10-29
15424,2016-05-16 10:35:00,2016-05-16,0.306,0.0,0.0,2262.0,0.306,0.306,0.306,10000457,2016-06-22,2016-06-22,P,2.35,2015-10-29
15425,2016-05-16 10:36:00,2016-05-16,0.306,0.0,0.0,2262.0,0.306,0.306,0.306,10000457,2016-06-22,2016-06-22,P,2.35,2015-10-29
15426,2016-05-16 10:37:00,2016-05-16,0.306,0.0,0.0,2262.0,0.306,0.306,0.306,10000457,2016-06-22,2016-06-22,P,2.35,2015-10-29
15427,2016-05-16 10:38:00,2016-05-16,0.306,0.0,0.0,2262.0,0.306,0.306,0.306,10000457,2016-06-22,2016-06-22,P,2.35,2015-10-29
15428,2016-05-16 10:39:00,2016-05-16,0.306,0.0,0.0,2262.0,0.306,0.306,0.306,10000457,2016-06-22,2016-06-22,P,2.35,2015-10-29
15429,2016-05-16 10:40:00,2016-05-16,0.306,0.0,0.0,2262.0,0.306,0.306,0.306,10000457,2016-06-22,2016-06-22,P,2.35,2015-10-29
15430,2016-05-16 10:41:00,2016-05-16,0.306,0.0,0.0,2262.0,0.306,0.306,0.306,10000457,2016-06-22,2016-06-22,P,2.35,2015-10-29
15431,2016-05-16 10:42:00,2016-05-16,0.306,0.0,0.0,2262.0,0.306,0.306,0.306,10000457,2016-06-22,2016-06-22,P,2.35,2015-10-29
15432,2016-05-16 10:43:00,2016-05-16,0.306,11893.0,4.0,2262.0,0.306,0.2974,0.2971,10000457,2016-06-22,2016-06-22,P,2.35,2015-10-29
15433,2016-05-16 10:44:00,2016-05-16,0.2974,0.0,0.0,2262.0,0.2974,0.2974,0.2974,10000457,2016-06-22,2016-06-22,P,2.35,2015-10-29
15434,2016-05-16 10:45:00,2016-05-16,0.2974,0.0,0.0,2262.0,0.2974,0.2974,0.2974,10000457,2016-06-22,2016-06-22,P,2.35,2015-10-29
15435,2016-05-16 10:46:00,2016-05-16,0.2974,0.0,0.0,2262.0,0.2974,0.2974,0.2974,10000457,2016-06-22,2016-06-22,P,2.35,2015-10-29
15436,2016-05-16 10:47:00,2016-05-16,0.2974,0.0,0.0,2262.0,0.2974,0.2974,0.2974,10000457,2016-06-22,2016-06-22,P,2.35,2015-10-29
15437,2016-05-16 10:48:00,2016-05-16,0.2974,0.0,0.0,2262.0,0.2974,0.2974,0.2974,10000457,2016-06-22,2016-06-22,P,2.35,2015-10-29
15438,2016-05-16 10:49:00,2016-05-16,0.2974,0.0,0.0,2262.0,0.2974,0.2974,0.2974,10000457,2016-06-22,2016-06-22,P,2.35,2015-10-29
15439,2016-05-16 10:50:00,2016-05-16,0.2974,8853.0,3.0,2261.0,0.2974,0.2951,0.2951,10000457,2016-06-22,2016-06-22,P,2.35,2015-10-29
15440,2016-05-16 10:51:00,2016-05-16,0.2951,5856.0,2.0,2261.0,0.2951,0.2928,0.2928,10000457,2016-06-22,2016-06-22,P,2.35,2015-10-29
15441,2016-05-16 10:52:00,2016-05-16,0.2928,8784.0,3.0,2261.0,0.2928,0.2928,0.2928,10000457,2016-06-22,2016-06-22,P,2.35,2015-10-29
15442,2016-05-16 10:53:00,2016-05-16,0.2928,0.0,0.0,2261.0,0.2928,0.2928,0.2928,10000457,2016-06-22,2016-06-22,P,2.35,2015-10-29
15443,2016-05-16 10:54:00,2016-05-16,0.2928,0.0,0.0,2261.0,0.2928,0.2928,0.2928,10000457,2016-06-22,2016-06-22,P,2.35,2015-10-29
15444,2016-05-16 10:55:00,2016-05-16,0.2928,0.0,0.0,2261.0,0.2928,0.2928,0.2928,10000457,2016-06-22,2016-06-22,P,2.35,2015-10-29
15445,2016-05-16 10:56:00,2016-05-16,0.2928,0.0,0.0,2261.0,0.2928,0.2928,0.2928,10000457,2016-06-22,2016-06-22,P,2.35,2015-10-29
15446,2016-05-16 10:57:00,2016-05-16,0.2928,0.0,0.0,2261.0,0.2928,0.2928,0.2928,10000457,2016-06-22,2016-06-22,P,2.35,2015-10-29
15447,2016-05-16 10:58:00,2016-05-16,0.2928,0.0,0.0,2261.0,0.2928,0.2928,0.2928,10000457,2016-06-22,2016-06-22,P,2.35,2015-10-29
15448,2016-05-16 10:59:00,2016-05-16,0.2928,5746.0,2.0,2261.0,0.2928,0.2873,0.2873,10000457,2016-06-22,2016-06-22,P,2.35,2015-10-29
15449,2016-05-16 11:00:00,2016-05-16,0.2873,2870.0,1.0,2261.0,0.2873,0.287,0.287,10000457,2016-06-22,2016-06-22,P,2.35,2015-10-29
15450,2016-05-16 11:01:00,2016-05-16,0.287,0.0,0.0,2261.0,0.287,0.287,0.287,10000457,2016-06-22,2016-06-22,P,2.35,2015-10-29
15451,2016-05-16 11:02:00,2016-05-16,0.287,0.0,0.0,2261.0,0.287,0.287,0.287,10000457,2016-06-22,2016-06-22,P,2.35,2015-10-29
15452,2016-05-16 11:03:00,2016-05-16,0.287,0.0,0.0,2261.0,0.287,0.287,0.287,10000457,2016-06-22,2016-06-22,P,2.35,2015-10-29
15453,2016-05-16 11:04:00,2016-05-16,0.287,0.0,0.0,2261.0,0.287,0.287,0.287,10000457,2016-06-22,2016-06-22,P,2.35,2015-10-29
15454,2016-05-16 11:05:00,2016-05-16,0.287,0.0,0.0,2261.0,0.287,0.287,0.287,10000457,2016-06-22,2016-06-22,P,2.35,2015-10-29
15455,2016-05-16 11:06:00,2016-05-16,0.287,0.0,0.0,2261.0,0.287,0.287,0.287,10000457,2016-06-22,2016-06-22,P,2.35,2015-10-29
15456,2016-05-16 11:07:00,2016-05-16,0.287,0.0,0.0,2261.0,0.287,0.287,0.287,10000457,2016-06-22,2016-06-22,P,2.35,2015-10-29
15457,2016-05-16 11:08:00,2016-05-16,0.287,0.0,0.0,2261.0,0.287,0.287,0.287,10000457,2016-06-22,2016-06-22,P,2.35,2015-10-29
15458,2016-05-16 11:09:00,2016-05-16,0.287,0.0,0.0,2261.0,0.287,0.287,0.287,10000457,2016-06-22,2016-06-22,P,2.35,2015-10-29
15459,2016-05-16 11:10:00,2016-05-16,0.287,0.0,0.0,2261.0,0.287,0.287,0.287,10000457,2016-06-22,2016-06-22,P,2.35,2015-10-29
15460,2016-05-16 11:11:00,2016-05-16,0.287,0.0,0.0,2261.0,0.287,0.287,0.287,10000457,2016-06-22,2016-06-22,P,2.35,2015-10-29
15461,2016-05-16 11:12:00,2016-05-16,0.287,0.0,0.0,2261.0,0.287,0.287,0.287,10000457,2016-06-22,2016-06-22,P,2.35,2015-10-29
15462,2016-05-16 11:13:00,2016-05-16,0.287,0.0,0.0,2261.0,0.287,0.287,0.287,10000457,2016-06-22,2016-06-22,P,2.35,2015-10-29
15463,2016-05-16 11:14:00,2016-05-16,0.287,0.0,0.0,2261.0,0.287,0.287,0.287,10000457,2016-06-22,2016-06-22,P,2.35,2015-10-29
15464,2016-05-16 11:15:00,2016-05-16,0.287,0.0,0.0,2261.0,0.287,0.287,0.287,10000457,2016-06-22,2016-06-22,P,2.35,2015-10-29
15465,2016-05-16 11:16:00,2016-05-16,0.287,0.0,0.0,2261.0,0.287,0.287,0.287,10000457,2016-06-22,2016-06-22,P,2.35,2015-10-29
15466,2016-05-16 11:17:00,2016-05-16,0.287,0.0,0.0,2261.0,0.287,0.287,0.287,10000457,2016-06-22,2016-06-22,P,2.35,2015-10-29
15467,2016-05-16 11:18:00,2016-05-16,0.287,0.0,0.0,2261.0,0.287,0.287,0.287,10000457,2016-06-22,2016-06-22,P,2.35,2015-10-29
15468,2016-05-16 11:19:00,2016-05-16,0.287,0.0,0.0,2261.0,0.287,0.287,0.287,10000457,2016-06-22,2016-06-22,P,2.35,2015-10-29
15469,2016-05-16 11:20:00,2016-05-16,0.287,0.0,0.0,2261.0,0.287,0.287,0.287,10000457,2016-06-22,2016-06-22,P,2.35,2015-10-29
15470,2016-05-16 11:21:00,2016-05-16,0.2886,28860.0,10.0,2261.0,0.287,0.2886,0.287,10000457,2016-06-22,2016-06-22,P,2.35,2015-10-29
15471,2016-05-16 11:22:00,2016-05-16,0.2886,0.0,0.0,2261.0,0.2886,0.2886,0.2886,10000457,2016-06-22,2016-06-22,P,2.35,2015-10-29
15472,2016-05-16 11:23:00,2016-05-16,0.2886,0.0,0.0,2261.0,0.2886,0.2886,0.2886,10000457,2016-06-22,2016-06-22,P,2.35,2015-10-29
15473,2016-05-16 11:24:00,2016-05-16,0.2886,0.0,0.0,2261.0,0.2886,0.2886,0.2886,10000457,2016-06-22,2016-06-22,P,2.35,2015-10-29
15474,2016-05-16 11:25:00,2016-05-16,0.2886,0.0,0.0,2261.0,0.2886,0.2886,0.2886,10000457,2016-06-22,2016-06-22,P,2.35,2015-10-29
15475,2016-05-16 11:26:00,2016-05-16,0.2886,0.0,0.0,2261.0,0.2886,0.2886,0.2886,10000457,2016-06-22,2016-06-22,P,2.35,2015-10-29
15476,2016-05-16 11:27:00,2016-05-16,0.2886,0.0,0.0,2261.0,0.2886,0.2886,0.2886,10000457,2016-06-22,2016-06-22,P,2.35,2015-10-29
15477,2016-05-16 11:28:00,2016-05-16,0.2886,0.0,0.0,2261.0,0.2886,0.2886,0.2886,10000457,2016-06-22,2016-06-22,P,2.35,2015-10-29
15478,2016-05-16 11:29:00,2016-05-16,0.2886,0.0,0.0,2261.0,0.2886,0.2886,0.2886,10000457,2016-06-22,2016-06-22,P,2.35,2015-10-29
15479,2016-05-16 11:30:00,2016-05-16,0.2886,0.0,0.0,2261.0,0.2886,0.2886,0.2886,10000457,2016-06-22,2016-06-22,P,2.35,2015-10-29
15480,2016-05-16 13:01:00,2016-05-16,0.2886,0.0,0.0,2261.0,0.2886,0.2886,0.2886,10000457,2016-06-22,2016-06-22,P,2.35,2015-10-29
15481,2016-05-16 13:02:00,2016-05-16,0.2886,0.0,0.0,2261.0,0.2886,0.2886,0.2886,10000457,2016-06-22,2016-06-22,P,2.35,2015-10-29
15482,2016-05-16 13:03:00,2016-05-16,0.2895,2895.0,1.0,2261.0,0.2886,0.2895,0.2886,10000457,2016-06-22,2016-06-22,P,2.35,2015-10-29
15483,2016-05-16 13:04:00,2016-05-16,0.2895,0.0,0.0,2261.0,0.2895,0.2895,0.2895,10000457,2016-06-22,2016-06-22,P,2.35,2015-10-29
15484,2016-05-16 13:05:00,2016-05-16,0.2895,0.0,0.0,2261.0,0.2895,0.2895,0.2895,10000457,2016-06-22,2016-06-22,P,2.35,2015-10-29
15485,2016-05-16 13:06:00,2016-05-16,0.2895,0.0,0.0,2261.0,0.2895,0.2895,0.2895,10000457,2016-06-22,2016-06-22,P,2.35,2015-10-29
15486,2016-05-16 13:07:00,2016-05-16,0.2895,0.0,0.0,2261.0,0.2895,0.2895,0.2895,10000457,2016-06-22,2016-06-22,P,2.35,2015-10-29
15487,2016-05-16 13:08:00,2016-05-16,0.2895,0.0,0.0,2261.0,0.2895,0.2895,0.2895,10000457,2016-06-22,2016-06-22,P,2.35,2015-10-29
15488,2016-05-16 13:09:00,2016-05-16,0.2895,0.0,0.0,2261.0,0.2895,0.2895,0.2895,10000457,2016-06-22,2016-06-22,P,2.35,2015-10-29
15489,2016-05-16 13:10:00,2016-05-16,0.2895,0.0,0.0,2261.0,0.2895,0.2895,0.2895,10000457,2016-06-22,2016-06-22,P,2.35,2015-10-29
15490,2016-05-16 13:11:00,2016-05-16,0.2895,0.0,0.0,2261.0,0.2895,0.2895,0.2895,10000457,2016-06-22,2016-06-22,P,2.35,2015-10-29
15491,2016-05-16 13:12:00,2016-05-16,0.2895,0.0,0.0,2261.0,0.2895,0.2895,0.2895,10000457,2016-06-22,2016-06-22,P,2.35,2015-10-29
15492,2016-05-16 13:13:00,2016-05-16,0.2895,0.0,0.0,2261.0,0.2895,0.2895,0.2895,10000457,2016-06-22,2016-06-22,P,2.35,2015-10-29
15493,2016-05-16 13:14:00,2016-05-16,0.2895,0.0,0.0,2261.0,0.2895,0.2895,0.2895,10000457,2016-06-22,2016-06-22,P,2.35,2015-10-29
15494,2016-05-16 13:15:00,2016-05-16,0.2895,0.0,0.0,2261.0,0.2895,0.2895,0.2895,10000457,2016-06-22,2016-06-22,P,2.35,2015-10-29
15495,2016-05-16 13:16:00,2016-05-16,0.2895,0.0,0.0,2261.0,0.2895,0.2895,0.2895,10000457,2016-06-22,2016-06-22,P,2.35,2015-10-29
15496,2016-05-16 13:17:00,2016-05-16,0.2895,0.0,0.0,2261.0,0.2895,0.2895,0.2895,10000457,2016-06-22,2016-06-22,P,2.35,2015-10-29
15497,2016-05-16 13:18:00,2016-05-16,0.2895,0.0,0.0,2261.0,0.2895,0.2895,0.2895,10000457,2016-06-22,2016-06-22,P,2.35,2015-10-29
15498,2016-05-16 13:19:00,2016-05-16,0.2895,0.0,0.0,2261.0,0.2895,0.2895,0.2895,10000457,2016-06-22,2016-06-22,P,2.35,2015-10-29
15499,2016-05-16 13:20:00,2016-05-16,0.2895,0.0,0.0,2261.0,0.2895,0.2895,0.2895,10000457,2016-06-22,2016-06-22,P,2.35,2015-10-29
15500,2016-05-16 13:21:00,2016-05-16,0.2895,0.0,0.0,2261.0,0.2895,0.2895,0.2895,10000457,2016-06-22,2016-06-22,P,2.35,2015-10-29
15501,2016-05-16 13:22:00,2016-05-16,0.2895,0.0,0.0,2261.0,0.2895,0.2895,0.2895,10000457,2016-06-22,2016-06-22,P,2.35,2015-10-29
15502,2016-05-16 13:23:00,2016-05-16,0.2895,0.0,0.0,2261.0,0.2895,0.2895,0.2895,10000457,2016-06-22,2016-06-22,P,2.35,2015-10-29
15503,2016-05-16 13:24:00,2016-05-16,0.2895,0.0,0.0,2261.0,0.2895,0.2895,0.2895,10000457,2016-06-22,2016-06-22,P,2.35,2015-10-29
15504,2016-05-16 13:25:00,2016-05-16,0.2895,0.0,0.0,2261.0,0.2895,0.2895,0.2895,10000457,2016-06-22,2016-06-22,P,2.35,2015-10-29
15505,2016-05-16 13:26:00,2016-05-16,0.2895,0.0,0.0,2261.0,0.2895,0.2895,0.2895,10000457,2016-06-22,2016-06-22,P,2.35,2015-10-29
15506,2016-05-16 13:27:00,2016-05-16,0.2895,0.0,0.0,2261.0,0.2895,0.2895,0.2895,10000457,2016-06-22,2016-06-22,P,2.35,2015-10-29
15507,2016-05-16 13:28:00,2016-05-16,0.2895,0.0,0.0,2261.0,0.2895,0.2895,0.2895,10000457,2016-06-22,2016-06-22,P,2.35,2015-10-29
15508,2016-05-16 13:29:00,2016-05-16,0.2895,0.0,0.0,2261.0,0.2895,0.2895,0.2895,10000457,2016-06-22,2016-06-22,P,2.35,2015-10-29
15509,2016-05-16 13:30:00,2016-05-16,0.2895,0.0,0.0,2261.0,0.2895,0.2895,0.2895,10000457,2016-06-22,2016-06-22,P,2.35,2015-10-29
15510,2016-05-16 13:31:00,2016-05-16,0.2895,0.0,0.0,2261.0,0.2895,0.2895,0.2895,10000457,2016-06-22,2016-06-22,P,2.35,2015-10-29
15511,2016-05-16 13:32:00,2016-05-16,0.2895,0.0,0.0,2261.0,0.2895,0.2895,0.2895,10000457,2016-06-22,2016-06-22,P,2.35,2015-10-29
15512,2016-05-16 13:33:00,2016-05-16,0.2895,0.0,0.0,2261.0,0.2895,0.2895,0.2895,10000457,2016-06-22,2016-06-22,P,2.35,2015-10-29
15513,2016-05-16 13:34:00,2016-05-16,0.2895,0.0,0.0,2261.0,0.2895,0.2895,0.2895,10000457,2016-06-22,2016-06-22,P,2.35,2015-10-29
15514,2016-05-16 13:35:00,2016-05-16,0.2895,0.0,0.0,2261.0,0.2895,0.2895,0.2895,10000457,2016-06-22,2016-06-22,P,2.35,2015-10-29
15515,2016-05-16 13:36:00,2016-05-16,0.2895,0.0,0.0,2261.0,0.2895,0.2895,0.2895,10000457,2016-06-22,2016-06-22,P,2.35,2015-10-29
15516,2016-05-16 13:37:00,2016-05-16,0.2895,0.0,0.0,2261.0,0.2895,0.2895,0.2895,10000457,2016-06-22,2016-06-22,P,2.35,2015-10-29
15517,2016-05-16 13:38:00,2016-05-16,0.2895,0.0,0.0,2261.0,0.2895,0.2895,0.2895,10000457,2016-06-22,2016-06-22,P,2.35,2015-10-29
15518,2016-05-16 13:39:00,2016-05-16,0.2895,0.0,0.0,2261.0,0.2895,0.2895,0.2895,10000457,2016-06-22,2016-06-22,P,2.35,2015-10-29
15519,2016-05-16 13:40:00,2016-05-16,0.2895,0.0,0.0,2261.0,0.2895,0.2895,0.2895,10000457,2016-06-22,2016-06-22,P,2.35,2015-10-29
15520,2016-05-16 13:41:00,2016-05-16,0.2895,0.0,0.0,2261.0,0.2895,0.2895,0.2895,10000457,2016-06-22,2016-06-22,P,2.35,2015-10-29
15521,2016-05-16 13:42:00,2016-05-16,0.2895,0.0,0.0,2261.0,0.2895,0.2895,0.2895,10000457,2016-06-22,2016-06-22,P,2.35,2015-10-29
15522,2016-05-16 13:43:00,2016-05-16,0.2895,0.0,0.0,2261.0,0.2895,0.2895,0.2895,10000457,2016-06-22,2016-06-22,P,2.35,2015-10-29
15523,2016-05-16 13:44:00,2016-05-16,0.2895,0.0,0.0,2261.0,0.2895,0.2895,0.2895,10000457,2016-06-22,2016-06-22,P,2.35,2015-10-29
15524,2016-05-16 13:45:00,2016-05-16,0.2895,0.0,0.0,2261.0,0.2895,0.2895,0.2895,10000457,2016-06-22,2016-06-22,P,2.35,2015-10-29
15525,2016-05-16 13:46:00,2016-05-16,0.2895,0.0,0.0,2261.0,0.2895,0.2895,0.2895,10000457,2016-06-22,2016-06-22,P,2.35,2015-10-29
15526,2016-05-16 13:47:00,2016-05-16,0.2895,0.0,0.0,2261.0,0.2895,0.2895,0.2895,10000457,2016-06-22,2016-06-22,P,2.35,2015-10-29
15527,2016-05-16 13:48:00,2016-05-16,0.2895,0.0,0.0,2261.0,0.2895,0.2895,0.2895,10000457,2016-06-22,2016-06-22,P,2.35,2015-10-29
15528,2016-05-16 13:49:00,2016-05-16,0.2895,0.0,0.0,2261.0,0.2895,0.2895,0.2895,10000457,2016-06-22,2016-06-22,P,2.35,2015-10-29
15529,2016-05-16 13:50:00,2016-05-16,0.2923,2923.0,1.0,2261.0,0.2895,0.2923,0.2895,10000457,2016-06-22,2016-06-22,P,2.35,2015-10-29
15530,2016-05-16 13:51:00,2016-05-16,0.2923,0.0,0.0,2261.0,0.2923,0.2923,0.2923,10000457,2016-06-22,2016-06-22,P,2.35,2015-10-29
15531,2016-05-16 13:52:00,2016-05-16,0.2923,0.0,0.0,2261.0,0.2923,0.2923,0.2923,10000457,2016-06-22,2016-06-22,P,2.35,2015-10-29
15532,2016-05-16 13:53:00,2016-05-16,0.2923,0.0,0.0,2261.0,0.2923,0.2923,0.2923,10000457,2016-06-22,2016-06-22,P,2.35,2015-10-29
15533,2016-05-16 13:54:00,2016-05-16,0.2923,0.0,0.0,2261.0,0.2923,0.2923,0.2923,10000457,2016-06-22,2016-06-22,P,2.35,2015-10-29
15534,2016-05-16 13:55:00,2016-05-16,0.2923,0.0,0.0,2261.0,0.2923,0.2923,0.2923,10000457,2016-06-22,2016-06-22,P,2.35,2015-10-29
15535,2016-05-16 13:56:00,2016-05-16,0.2923,5774.0,2.0,2261.0,0.2923,0.2887,0.2887,10000457,2016-06-22,2016-06-22,P,2.35,2015-10-29
15536,2016-05-16 13:57:00,2016-05-16,0.2887,0.0,0.0,2261.0,0.2887,0.2887,0.2887,10000457,2016-06-22,2016-06-22,P,2.35,2015-10-29
15537,2016-05-16 13:58:00,2016-05-16,0.2887,0.0,0.0,2261.0,0.2887,0.2887,0.2887,10000457,2016-06-22,2016-06-22,P,2.35,2015-10-29
15538,2016-05-16 13:59:00,2016-05-16,0.2887,0.0,0.0,2261.0,0.2887,0.2887,0.2887,10000457,2016-06-22,2016-06-22,P,2.35,2015-10-29
15539,2016-05-16 14:00:00,2016-05-16,0.2887,0.0,0.0,2261.0,0.2887,0.2887,0.2887,10000457,2016-06-22,2016-06-22,P,2.35,2015-10-29
15540,2016-05-16 14:01:00,2016-05-16,0.2887,0.0,0.0,2261.0,0.2887,0.2887,0.2887,10000457,2016-06-22,2016-06-22,P,2.35,2015-10-29
15541,2016-05-16 14:02:00,2016-05-16,0.2887,0.0,0.0,2261.0,0.2887,0.2887,0.2887,10000457,2016-06-22,2016-06-22,P,2.35,2015-10-29
15542,2016-05-16 14:03:00,2016-05-16,0.2887,0.0,0.0,2261.0,0.2887,0.2887,0.2887,10000457,2016-06-22,2016-06-22,P,2.35,2015-10-29
15543,2016-05-16 14:04:00,2016-05-16,0.2887,0.0,0.0,2261.0,0.2887,0.2887,0.2887,10000457,2016-06-22,2016-06-22,P,2.35,2015-10-29
15544,2016-05-16 14:05:00,2016-05-16,0.2887,0.0,0.0,2261.0,0.2887,0.2887,0.2887,10000457,2016-06-22,2016-06-22,P,2.35,2015-10-29
15545,2016-05-16 14:06:00,2016-05-16,0.2887,0.0,0.0,2261.0,0.2887,0.2887,0.2887,10000457,2016-06-22,2016-06-22,P,2.35,2015-10-29
15546,2016-05-16 14:07:00,2016-05-16,0.2887,0.0,0.0,2261.0,0.2887,0.2887,0.2887,10000457,2016-06-22,2016-06-22,P,2.35,2015-10-29
15547,2016-05-16 14:08:00,2016-05-16,0.2887,0.0,0.0,2261.0,0.2887,0.2887,0.2887,10000457,2016-06-22,2016-06-22,P,2.35,2015-10-29
15548,2016-05-16 14:09:00,2016-05-16,0.2887,0.0,0.0,2261.0,0.2887,0.2887,0.2887,10000457,2016-06-22,2016-06-22,P,2.35,2015-10-29
15549,2016-05-16 14:10:00,2016-05-16,0.2887,0.0,0.0,2261.0,0.2887,0.2887,0.2887,10000457,2016-06-22,2016-06-22,P,2.35,2015-10-29
15550,2016-05-16 14:11:00,2016-05-16,0.2887,0.0,0.0,2261.0,0.2887,0.2887,0.2887,10000457,2016-06-22,2016-06-22,P,2.35,2015-10-29
15551,2016-05-16 14:12:00,2016-05-16,0.2887,0.0,0.0,2261.0,0.2887,0.2887,0.2887,10000457,2016-06-22,2016-06-22,P,2.35,2015-10-29
15552,2016-05-16 14:13:00,2016-05-16,0.2887,0.0,0.0,2261.0,0.2887,0.2887,0.2887,10000457,2016-06-22,2016-06-22,P,2.35,2015-10-29
15553,2016-05-16 14:14:00,2016-05-16,0.2887,0.0,0.0,2261.0,0.2887,0.2887,0.2887,10000457,2016-06-22,2016-06-22,P,2.35,2015-10-29
15554,2016-05-16 14:15:00,2016-05-16,0.2887,0.0,0.0,2261.0,0.2887,0.2887,0.2887,10000457,2016-06-22,2016-06-22,P,2.35,2015-10-29
15555,2016-05-16 14:16:00,2016-05-16,0.295,8842.0,3.0,2261.0,0.2887,0.2946,0.2887,10000457,2016-06-22,2016-06-22,P,2.35,2015-10-29
15556,2016-05-16 14:17:00,2016-05-16,0.2946,0.0,0.0,2261.0,0.2946,0.2946,0.2946,10000457,2016-06-22,2016-06-22,P,2.35,2015-10-29
15557,2016-05-16 14:18:00,2016-05-16,0.2946,0.0,0.0,2261.0,0.2946,0.2946,0.2946,10000457,2016-06-22,2016-06-22,P,2.35,2015-10-29
15558,2016-05-16 14:19:00,2016-05-16,0.2946,0.0,0.0,2261.0,0.2946,0.2946,0.2946,10000457,2016-06-22,2016-06-22,P,2.35,2015-10-29
15559,2016-05-16 14:20:00,2016-05-16,0.2946,0.0,0.0,2261.0,0.2946,0.2946,0.2946,10000457,2016-06-22,2016-06-22,P,2.35,2015-10-29
15560,2016-05-16 14:21:00,2016-05-16,0.2946,0.0,0.0,2261.0,0.2946,0.2946,0.2946,10000457,2016-06-22,2016-06-22,P,2.35,2015-10-29
15561,2016-05-16 14:22:00,2016-05-16,0.2946,0.0,0.0,2261.0,0.2946,0.2946,0.2946,10000457,2016-06-22,2016-06-22,P,2.35,2015-10-29
15562,2016-05-16 14:23:00,2016-05-16,0.2946,0.0,0.0,2261.0,0.2946,0.2946,0.2946,10000457,2016-06-22,2016-06-22,P,2.35,2015-10-29
15563,2016-05-16 14:24:00,2016-05-16,0.2946,0.0,0.0,2261.0,0.2946,0.2946,0.2946,10000457,2016-06-22,2016-06-22,P,2.35,2015-10-29
15564,2016-05-16 14:25:00,2016-05-16,0.2946,0.0,0.0,2261.0,0.2946,0.2946,0.2946,10000457,2016-06-22,2016-06-22,P,2.35,2015-10-29
15565,2016-05-16 14:26:00,2016-05-16,0.2946,0.0,0.0,2261.0,0.2946,0.2946,0.2946,10000457,2016-06-22,2016-06-22,P,2.35,2015-10-29
15566,2016-05-16 14:27:00,2016-05-16,0.2946,0.0,0.0,2261.0,0.2946,0.2946,0.2946,10000457,2016-06-22,2016-06-22,P,2.35,2015-10-29
15567,2016-05-16 14:28:00,2016-05-16,0.2946,0.0,0.0,2261.0,0.2946,0.2946,0.2946,10000457,2016-06-22,2016-06-22,P,2.35,2015-10-29
15568,2016-05-16 14:29:00,2016-05-16,0.2946,2926.0,1.0,2261.0,0.2946,0.2926,0.2926,10000457,2016-06-22,2016-06-22,P,2.35,2015-10-29
15569,2016-05-16 14:30:00,2016-05-16,0.2926,0.0,0.0,2261.0,0.2926,0.2926,0.2926,10000457,2016-06-22,2016-06-22,P,2.35,2015-10-29
15570,2016-05-16 14:31:00,2016-05-16,0.2926,0.0,0.0,2261.0,0.2926,0.2926,0.2926,10000457,2016-06-22,2016-06-22,P,2.35,2015-10-29
15571,2016-05-16 14:32:00,2016-05-16,0.2926,0.0,0.0,2261.0,0.2926,0.2926,0.2926,10000457,2016-06-22,2016-06-22,P,2.35,2015-10-29
15572,2016-05-16 14:33:00,2016-05-16,0.2926,0.0,0.0,2261.0,0.2926,0.2926,0.2926,10000457,2016-06-22,2016-06-22,P,2.35,2015-10-29
15573,2016-05-16 14:34:00,2016-05-16,0.2926,0.0,0.0,2261.0,0.2926,0.2926,0.2926,10000457,2016-06-22,2016-06-22,P,2.35,2015-10-29
15574,2016-05-16 14:35:00,2016-05-16,0.2926,0.0,0.0,2261.0,0.2926,0.2926,0.2926,10000457,2016-06-22,2016-06-22,P,2.35,2015-10-29
15575,2016-05-16 14:36:00,2016-05-16,0.2926,0.0,0.0,2261.0,0.2926,0.2926,0.2926,10000457,2016-06-22,2016-06-22,P,2.35,2015-10-29
15576,2016-05-16 14:37:00,2016-05-16,0.2926,8679.0,3.0,2261.0,0.2926,0.2893,0.2893,10000457,2016-06-22,2016-06-22,P,2.35,2015-10-29
15577,2016-05-16 14:38:00,2016-05-16,0.2893,0.0,0.0,2261.0,0.2893,0.2893,0.2893,10000457,2016-06-22,2016-06-22,P,2.35,2015-10-29
15578,2016-05-16 14:39:00,2016-05-16,0.2893,2877.0,1.0,2261.0,0.2893,0.2877,0.2877,10000457,2016-06-22,2016-06-22,P,2.35,2015-10-29
15579,2016-05-16 14:40:00,2016-05-16,0.2877,0.0,0.0,2261.0,0.2877,0.2877,0.2877,10000457,2016-06-22,2016-06-22,P,2.35,2015-10-29
15580,2016-05-16 14:41:00,2016-05-16,0.2877,0.0,0.0,2261.0,0.2877,0.2877,0.2877,10000457,2016-06-22,2016-06-22,P,2.35,2015-10-29
15581,2016-05-16 14:42:00,2016-05-16,0.2877,0.0,0.0,2261.0,0.2877,0.2877,0.2877,10000457,2016-06-22,2016-06-22,P,2.35,2015-10-29
15582,2016-05-16 14:43:00,2016-05-16,0.2877,0.0,0.0,2261.0,0.2877,0.2877,0.2877,10000457,2016-06-22,2016-06-22,P,2.35,2015-10-29
15583,2016-05-16 14:44:00,2016-05-16,0.2877,0.0,0.0,2261.0,0.2877,0.2877,0.2877,10000457,2016-06-22,2016-06-22,P,2.35,2015-10-29
15584,2016-05-16 14:45:00,2016-05-16,0.2877,0.0,0.0,2261.0,0.2877,0.2877,0.2877,10000457,2016-06-22,2016-06-22,P,2.35,2015-10-29
15585,2016-05-16 14:46:00,2016-05-16,0.2877,0.0,0.0,2261.0,0.2877,0.2877,0.2877,10000457,2016-06-22,2016-06-22,P,2.35,2015-10-29
15586,2016-05-16 14:47:00,2016-05-16,0.2877,0.0,0.0,2261.0,0.2877,0.2877,0.2877,10000457,2016-06-22,2016-06-22,P,2.35,2015-10-29
15587,2016-05-16 14:48:00,2016-05-16,0.2877,0.0,0.0,2261.0,0.2877,0.2877,0.2877,10000457,2016-06-22,2016-06-22,P,2.35,2015-10-29
15588,2016-05-16 14:49:00,2016-05-16,0.2878,2878.0,1.0,2261.0,0.2877,0.2878,0.2877,10000457,2016-06-22,2016-06-22,P,2.35,2015-10-29
15589,2016-05-16 14:50:00,2016-05-16,0.2878,0.0,0.0,2261.0,0.2878,0.2878,0.2878,10000457,2016-06-22,2016-06-22,P,2.35,2015-10-29
15590,2016-05-16 14:51:00,2016-05-16,0.2878,0.0,0.0,2261.0,0.2878,0.2878,0.2878,10000457,2016-06-22,2016-06-22,P,2.35,2015-10-29
15591,2016-05-16 14:52:00,2016-05-16,0.2878,0.0,0.0,2261.0,0.2878,0.2878,0.2878,10000457,2016-06-22,2016-06-22,P,2.35,2015-10-29
15592,2016-05-16 14:53:00,2016-05-16,0.2878,0.0,0.0,2261.0,0.2878,0.2878,0.2878,10000457,2016-06-22,2016-06-22,P,2.35,2015-10-29
15593,2016-05-16 14:54:00,2016-05-16,0.2878,0.0,0.0,2261.0,0.2878,0.2878,0.2878,10000457,2016-06-22,2016-06-22,P,2.35,2015-10-29
15594,2016-05-16 14:55:00,2016-05-16,0.2878,8628.0,3.0,2261.0,0.2878,0.2876,0.2876,10000457,2016-06-22,2016-06-22,P,2.35,2015-10-29
15595,2016-05-16 14:56:00,2016-05-16,0.2876,0.0,0.0,2261.0,0.2876,0.2876,0.2876,10000457,2016-06-22,2016-06-22,P,2.35,2015-10-29
15596,2016-05-16 14:57:00,2016-05-16,0.2876,0.0,0.0,2261.0,0.2876,0.2876,0.2876,10000457,2016-06-22,2016-06-22,P,2.35,2015-10-29
15597,2016-05-16 14:58:00,2016-05-16,0.2876,0.0,0.0,2261.0,0.2876,0.2876,0.2876,10000457,2016-06-22,2016-06-22,P,2.35,2015-10-29
15598,2016-05-16 14:59:00,2016-05-16,0.2876,0.0,0.0,2261.0,0.2876,0.2876,0.2876,10000457,2016-06-22,2016-06-22,P,2.35,2015-10-29
15599,2016-05-16 15:00:00,2016-05-16,0.2876,0.0,0.0,2261.0,0.2876,0.2876,0.2876,10000457,2016-06-22,2016-06-22,P,2.35,2015-10-29
15600,2016-05-16 09:31:00,2016-05-16,0.0718,14318.0,21.0,3452.0,0.0718,0.0698,0.0662,10000617,2016-12-28,2016-12-28,C,2.104,2016-04-28
15601,2016-05-16 09:32:00,2016-05-16,0.0698,0.0,0.0,3452.0,0.0698,0.0698,0.0698,10000617,2016-12-28,2016-12-28,C,2.104,2016-04-28
15602,2016-05-16 09:33:00,2016-05-16,0.0698,0.0,0.0,3452.0,0.0698,0.0698,0.0698,10000617,2016-12-28,2016-12-28,C,2.104,2016-04-28
15603,2016-05-16 09:34:00,2016-05-16,0.0698,0.0,0.0,3452.0,0.0698,0.0698,0.0698,10000617,2016-12-28,2016-12-28,C,2.104,2016-04-28
15604,2016-05-16 09:35:00,2016-05-16,0.0698,0.0,0.0,3452.0,0.0698,0.0698,0.0698,10000617,2016-12-28,2016-12-28,C,2.104,2016-04-28
15605,2016-05-16 09:36:00,2016-05-16,0.0731,1460.0,2.0,3454.0,0.0698,0.0731,0.0698,10000617,2016-12-28,2016-12-28,C,2.104,2016-04-28
15606,2016-05-16 09:37:00,2016-05-16,0.0714,714.0,1.0,3454.0,0.0714,0.0714,0.0714,10000617,2016-12-28,2016-12-28,C,2.104,2016-04-28
15607,2016-05-16 09:38:00,2016-05-16,0.0714,0.0,0.0,3454.0,0.0714,0.0714,0.0714,10000617,2016-12-28,2016-12-28,C,2.104,2016-04-28
15608,2016-05-16 09:39:00,2016-05-16,0.0714,0.0,0.0,3454.0,0.0714,0.0714,0.0714,10000617,2016-12-28,2016-12-28,C,2.104,2016-04-28
15609,2016-05-16 09:40:00,2016-05-16,0.0714,0.0,0.0,3454.0,0.0714,0.0714,0.0714,10000617,2016-12-28,2016-12-28,C,2.104,2016-04-28
15610,2016-05-16 09:41:00,2016-05-16,0.0714,0.0,0.0,3454.0,0.0714,0.0714,0.0714,10000617,2016-12-28,2016-12-28,C,2.104,2016-04-28
15611,2016-05-16 09:42:00,2016-05-16,0.0714,0.0,0.0,3454.0,0.0714,0.0714,0.0714,10000617,2016-12-28,2016-12-28,C,2.104,2016-04-28
15612,2016-05-16 09:43:00,2016-05-16,0.0714,0.0,0.0,3454.0,0.0714,0.0714,0.0714,10000617,2016-12-28,2016-12-28,C,2.104,2016-04-28
15613,2016-05-16 09:44:00,2016-05-16,0.0714,0.0,0.0,3454.0,0.0714,0.0714,0.0714,10000617,2016-12-28,2016-12-28,C,2.104,2016-04-28
15614,2016-05-16 09:45:00,2016-05-16,0.0714,0.0,0.0,3454.0,0.0714,0.0714,0.0714,10000617,2016-12-28,2016-12-28,C,2.104,2016-04-28
15615,2016-05-16 09:46:00,2016-05-16,0.0714,0.0,0.0,3454.0,0.0714,0.0714,0.0714,10000617,2016-12-28,2016-12-28,C,2.104,2016-04-28
15616,2016-05-16 09:47:00,2016-05-16,0.0714,0.0,0.0,3454.0,0.0714,0.0714,0.0714,10000617,2016-12-28,2016-12-28,C,2.104,2016-04-28
15617,2016-05-16 09:48:00,2016-05-16,0.0714,0.0,0.0,3454.0,0.0714,0.0714,0.0714,10000617,2016-12-28,2016-12-28,C,2.104,2016-04-28
15618,2016-05-16 09:49:00,2016-05-16,0.0714,0.0,0.0,3454.0,0.0714,0.0714,0.0714,10000617,2016-12-28,2016-12-28,C,2.104,2016-04-28
15619,2016-05-16 09:50:00,2016-05-16,0.0714,0.0,0.0,3454.0,0.0714,0.0714,0.0714,10000617,2016-12-28,2016-12-28,C,2.104,2016-04-28
15620,2016-05-16 09:51:00,2016-05-16,0.0714,0.0,0.0,3454.0,0.0714,0.0714,0.0714,10000617,2016-12-28,2016-12-28,C,2.104,2016-04-28
15621,2016-05-16 09:52:00,2016-05-16,0.0714,0.0,0.0,3454.0,0.0714,0.0714,0.0714,10000617,2016-12-28,2016-12-28,C,2.104,2016-04-28
15622,2016-05-16 09:53:00,2016-05-16,0.0716,7636.0,11.0,3458.0,0.0716,0.0692,0.0692,10000617,2016-12-28,2016-12-28,C,2.104,2016-04-28
15623,2016-05-16 09:54:00,2016-05-16,0.0692,0.0,0.0,3458.0,0.0692,0.0692,0.0692,10000617,2016-12-28,2016-12-28,C,2.104,2016-04-28
15624,2016-05-16 09:55:00,2016-05-16,0.0692,0.0,0.0,3458.0,0.0692,0.0692,0.0692,10000617,2016-12-28,2016-12-28,C,2.104,2016-04-28
15625,2016-05-16 09:56:00,2016-05-16,0.0692,0.0,0.0,3458.0,0.0692,0.0692,0.0692,10000617,2016-12-28,2016-12-28,C,2.104,2016-04-28
15626,2016-05-16 09:57:00,2016-05-16,0.0692,0.0,0.0,3458.0,0.0692,0.0692,0.0692,10000617,2016-12-28,2016-12-28,C,2.104,2016-04-28
15627,2016-05-16 09:58:00,2016-05-16,0.0692,0.0,0.0,3458.0,0.0692,0.0692,0.0692,10000617,2016-12-28,2016-12-28,C,2.104,2016-04-28
15628,2016-05-16 09:59:00,2016-05-16,0.0692,0.0,0.0,3458.0,0.0692,0.0692,0.0692,10000617,2016-12-28,2016-12-28,C,2.104,2016-04-28
15629,2016-05-16 10:00:00,2016-05-16,0.0692,0.0,0.0,3458.0,0.0692,0.0692,0.0692,10000617,2016-12-28,2016-12-28,C,2.104,2016-04-28
15630,2016-05-16 10:01:00,2016-05-16,0.0692,0.0,0.0,3458.0,0.0692,0.0692,0.0692,10000617,2016-12-28,2016-12-28,C,2.104,2016-04-28
15631,2016-05-16 10:02:00,2016-05-16,0.0699,13951.0,20.0,3477.0,0.0699,0.0696,0.0696,10000617,2016-12-28,2016-12-28,C,2.104,2016-04-28
15632,2016-05-16 10:03:00,2016-05-16,0.07,1400.0,2.0,3479.0,0.0696,0.07,0.0696,10000617,2016-12-28,2016-12-28,C,2.104,2016-04-28
15633,2016-05-16 10:04:00,2016-05-16,0.07,5600.0,8.0,3487.0,0.07,0.07,0.07,10000617,2016-12-28,2016-12-28,C,2.104,2016-04-28
15634,2016-05-16 10:05:00,2016-05-16,0.07,0.0,0.0,3487.0,0.07,0.07,0.07,10000617,2016-12-28,2016-12-28,C,2.104,2016-04-28
15635,2016-05-16 10:06:00,2016-05-16,0.07,0.0,0.0,3487.0,0.07,0.07,0.07,10000617,2016-12-28,2016-12-28,C,2.104,2016-04-28
15636,2016-05-16 10:07:00,2016-05-16,0.07,7000.0,10.0,3494.0,0.07,0.07,0.07,10000617,2016-12-28,2016-12-28,C,2.104,2016-04-28
15637,2016-05-16 10:08:00,2016-05-16,0.07,0.0,0.0,3494.0,0.07,0.07,0.07,10000617,2016-12-28,2016-12-28,C,2.104,2016-04-28
15638,2016-05-16 10:09:00,2016-05-16,0.07,0.0,0.0,3494.0,0.07,0.07,0.07,10000617,2016-12-28,2016-12-28,C,2.104,2016-04-28
15639,2016-05-16 10:10:00,2016-05-16,0.07,0.0,0.0,3494.0,0.07,0.07,0.07,10000617,2016-12-28,2016-12-28,C,2.104,2016-04-28
15640,2016-05-16 10:11:00,2016-05-16,0.071,710.0,1.0,3494.0,0.071,0.071,0.071,10000617,2016-12-28,2016-12-28,C,2.104,2016-04-28
15641,2016-05-16 10:12:00,2016-05-16,0.071,7100.0,10.0,3494.0,0.071,0.071,0.071,10000617,2016-12-28,2016-12-28,C,2.104,2016-04-28
15642,2016-05-16 10:13:00,2016-05-16,0.071,0.0,0.0,3494.0,0.071,0.071,0.071,10000617,2016-12-28,2016-12-28,C,2.104,2016-04-28
15643,2016-05-16 10:14:00,2016-05-16,0.071,0.0,0.0,3494.0,0.071,0.071,0.071,10000617,2016-12-28,2016-12-28,C,2.104,2016-04-28
15644,2016-05-16 10:15:00,2016-05-16,0.071,0.0,0.0,3494.0,0.071,0.071,0.071,10000617,2016-12-28,2016-12-28,C,2.104,2016-04-28
15645,2016-05-16 10:16:00,2016-05-16,0.071,0.0,0.0,3494.0,0.071,0.071,0.071,10000617,2016-12-28,2016-12-28,C,2.104,2016-04-28
15646,2016-05-16 10:17:00,2016-05-16,0.071,0.0,0.0,3494.0,0.071,0.071,0.071,10000617,2016-12-28,2016-12-28,C,2.104,2016-04-28
15647,2016-05-16 10:18:00,2016-05-16,0.071,0.0,0.0,3494.0,0.071,0.071,0.071,10000617,2016-12-28,2016-12-28,C,2.104,2016-04-28
15648,2016-05-16 10:19:00,2016-05-16,0.071,7050.0,10.0,3503.0,0.071,0.0705,0.0705,10000617,2016-12-28,2016-12-28,C,2.104,2016-04-28
15649,2016-05-16 10:20:00,2016-05-16,0.0705,7030.0,10.0,3512.0,0.0705,0.0703,0.0703,10000617,2016-12-28,2016-12-28,C,2.104,2016-04-28
15650,2016-05-16 10:21:00,2016-05-16,0.0703,0.0,0.0,3512.0,0.0703,0.0703,0.0703,10000617,2016-12-28,2016-12-28,C,2.104,2016-04-28
15651,2016-05-16 10:22:00,2016-05-16,0.0698,13960.0,20.0,3532.0,0.0698,0.0698,0.0698,10000617,2016-12-28,2016-12-28,C,2.104,2016-04-28
15652,2016-05-16 10:23:00,2016-05-16,0.0698,0.0,0.0,3532.0,0.0698,0.0698,0.0698,10000617,2016-12-28,2016-12-28,C,2.104,2016-04-28
15653,2016-05-16 10:24:00,2016-05-16,0.0698,0.0,0.0,3532.0,0.0698,0.0698,0.0698,10000617,2016-12-28,2016-12-28,C,2.104,2016-04-28
15654,2016-05-16 10:25:00,2016-05-16,0.0698,0.0,0.0,3532.0,0.0698,0.0698,0.0698,10000617,2016-12-28,2016-12-28,C,2.104,2016-04-28
15655,2016-05-16 10:26:00,2016-05-16,0.0709,7090.0,10.0,3542.0,0.0698,0.0709,0.0698,10000617,2016-12-28,2016-12-28,C,2.104,2016-04-28
15656,2016-05-16 10:27:00,2016-05-16,0.0709,0.0,0.0,3542.0,0.0709,0.0709,0.0709,10000617,2016-12-28,2016-12-28,C,2.104,2016-04-28
15657,2016-05-16 10:28:00,2016-05-16,0.0709,0.0,0.0,3542.0,0.0709,0.0709,0.0709,10000617,2016-12-28,2016-12-28,C,2.104,2016-04-28
15658,2016-05-16 10:29:00,2016-05-16,0.071,14190.0,20.0,3562.0,0.0709,0.071,0.0709,10000617,2016-12-28,2016-12-28,C,2.104,2016-04-28
15659,2016-05-16 10:30:00,2016-05-16,0.0719,3595.0,5.0,3567.0,0.0719,0.0719,0.0719,10000617,2016-12-28,2016-12-28,C,2.104,2016-04-28
15660,2016-05-16 10:31:00,2016-05-16,0.0719,0.0,0.0,3567.0,0.0719,0.0719,0.0719,10000617,2016-12-28,2016-12-28,C,2.104,2016-04-28
15661,2016-05-16 10:32:00,2016-05-16,0.0719,0.0,0.0,3567.0,0.0719,0.0719,0.0719,10000617,2016-12-28,2016-12-28,C,2.104,2016-04-28
15662,2016-05-16 10:33:00,2016-05-16,0.0719,0.0,0.0,3567.0,0.0719,0.0719,0.0719,10000617,2016-12-28,2016-12-28,C,2.104,2016-04-28
15663,2016-05-16 10:34:00,2016-05-16,0.0719,0.0,0.0,3567.0,0.0719,0.0719,0.0719,10000617,2016-12-28,2016-12-28,C,2.104,2016-04-28
15664,2016-05-16 10:35:00,2016-05-16,0.0719,0.0,0.0,3567.0,0.0719,0.0719,0.0719,10000617,2016-12-28,2016-12-28,C,2.104,2016-04-28
15665,2016-05-16 10:36:00,2016-05-16,0.0719,0.0,0.0,3567.0,0.0719,0.0719,0.0719,10000617,2016-12-28,2016-12-28,C,2.104,2016-04-28
15666,2016-05-16 10:37:00,2016-05-16,0.0719,0.0,0.0,3567.0,0.0719,0.0719,0.0719,10000617,2016-12-28,2016-12-28,C,2.104,2016-04-28
15667,2016-05-16 10:38:00,2016-05-16,0.0719,0.0,0.0,3567.0,0.0719,0.0719,0.0719,10000617,2016-12-28,2016-12-28,C,2.104,2016-04-28
15668,2016-05-16 10:39:00,2016-05-16,0.0719,0.0,0.0,3567.0,0.0719,0.0719,0.0719,10000617,2016-12-28,2016-12-28,C,2.104,2016-04-28
15669,2016-05-16 10:40:00,2016-05-16,0.0719,0.0,0.0,3567.0,0.0719,0.0719,0.0719,10000617,2016-12-28,2016-12-28,C,2.104,2016-04-28
15670,2016-05-16 10:41:00,2016-05-16,0.0719,0.0,0.0,3567.0,0.0719,0.0719,0.0719,10000617,2016-12-28,2016-12-28,C,2.104,2016-04-28
15671,2016-05-16 10:42:00,2016-05-16,0.0719,4206.0,6.0,3573.0,0.0719,0.0698,0.0698,10000617,2016-12-28,2016-12-28,C,2.104,2016-04-28
15672,2016-05-16 10:43:00,2016-05-16,0.0698,0.0,0.0,3573.0,0.0698,0.0698,0.0698,10000617,2016-12-28,2016-12-28,C,2.104,2016-04-28
15673,2016-05-16 10:44:00,2016-05-16,0.0697,3485.0,5.0,3578.0,0.0697,0.0697,0.0697,10000617,2016-12-28,2016-12-28,C,2.104,2016-04-28
15674,2016-05-16 10:45:00,2016-05-16,0.0701,7005.0,10.0,3588.0,0.0697,0.0701,0.0697,10000617,2016-12-28,2016-12-28,C,2.104,2016-04-28
15675,2016-05-16 10:46:00,2016-05-16,0.0701,3505.0,5.0,3593.0,0.0701,0.0701,0.0701,10000617,2016-12-28,2016-12-28,C,2.104,2016-04-28
15676,2016-05-16 10:47:00,2016-05-16,0.0703,7025.0,10.0,3603.0,0.0701,0.0703,0.0701,10000617,2016-12-28,2016-12-28,C,2.104,2016-04-28
15677,2016-05-16 10:48:00,2016-05-16,0.0718,4298.0,6.0,3609.0,0.0716,0.0718,0.0716,10000617,2016-12-28,2016-12-28,C,2.104,2016-04-28
15678,2016-05-16 10:49:00,2016-05-16,0.0718,3520.0,5.0,3614.0,0.0718,0.0704,0.0704,10000617,2016-12-28,2016-12-28,C,2.104,2016-04-28
15679,2016-05-16 10:50:00,2016-05-16,0.0718,4961.0,7.0,3621.0,0.0718,0.0705,0.0705,10000617,2016-12-28,2016-12-28,C,2.104,2016-04-28
15680,2016-05-16 10:51:00,2016-05-16,0.07200000000000001,15839.0,22.0,3643.0,0.0705,0.07200000000000001,0.0705,10000617,2016-12-28,2016-12-28,C,2.104,2016-04-28
15681,2016-05-16 10:52:00,2016-05-16,0.07200000000000001,0.0,0.0,3643.0,0.07200000000000001,0.07200000000000001,0.07200000000000001,10000617,2016-12-28,2016-12-28,C,2.104,2016-04-28
15682,2016-05-16 10:53:00,2016-05-16,0.07200000000000001,0.0,0.0,3643.0,0.07200000000000001,0.07200000000000001,0.07200000000000001,10000617,2016-12-28,2016-12-28,C,2.104,2016-04-28
15683,2016-05-16 10:54:00,2016-05-16,0.07200000000000001,0.0,0.0,3643.0,0.07200000000000001,0.07200000000000001,0.07200000000000001,10000617,2016-12-28,2016-12-28,C,2.104,2016-04-28
15684,2016-05-16 10:55:00,2016-05-16,0.07200000000000001,0.0,0.0,3643.0,0.07200000000000001,0.07200000000000001,0.07200000000000001,10000617,2016-12-28,2016-12-28,C,2.104,2016-04-28
15685,2016-05-16 10:56:00,2016-05-16,0.073,8735.0,12.0,3654.0,0.07200000000000001,0.0722,0.07200000000000001,10000617,2016-12-28,2016-12-28,C,2.104,2016-04-28
15686,2016-05-16 10:57:00,2016-05-16,0.0734,1468.0,2.0,3656.0,0.0722,0.0734,0.0722,10000617,2016-12-28,2016-12-28,C,2.104,2016-04-28
15687,2016-05-16 10:58:00,2016-05-16,0.0734,0.0,0.0,3656.0,0.0734,0.0734,0.0734,10000617,2016-12-28,2016-12-28,C,2.104,2016-04-28
15688,2016-05-16 10:59:00,2016-05-16,0.0745,8895.0,12.0,3668.0,0.0734,0.0736,0.0734,10000617,2016-12-28,2016-12-28,C,2.104,2016-04-28
15689,2016-05-16 11:00:00,2016-05-16,0.0745,745.0,1.0,3669.0,0.0736,0.0745,0.0736,10000617,2016-12-28,2016-12-28,C,2.104,2016-04-28
15690,2016-05-16 11:01:00,2016-05-16,0.0745,0.0,0.0,3669.0,0.0745,0.0745,0.0745,10000617,2016-12-28,2016-12-28,C,2.104,2016-04-28
15691,2016-05-16 11:02:00,2016-05-16,0.0745,0.0,0.0,3669.0,0.0745,0.0745,0.0745,10000617,2016-12-28,2016-12-28,C,2.104,2016-04-28
15692,2016-05-16 11:03:00,2016-05-16,0.0745,1490.0,2.0,3671.0,0.0745,0.0745,0.0745,10000617,2016-12-28,2016-12-28,C,2.104,2016-04-28
15693,2016-05-16 11:04:00,2016-05-16,0.0745,2235.0,3.0,3674.0,0.0745,0.0745,0.0745,10000617,2016-12-28,2016-12-28,C,2.104,2016-04-28
15694,2016-05-16 11:05:00,2016-05-16,0.0745,0.0,0.0,3674.0,0.0745,0.0745,0.0745,10000617,2016-12-28,2016-12-28,C,2.104,2016-04-28
15695,2016-05-16 11:06:00,2016-05-16,0.0745,0.0,0.0,3674.0,0.0745,0.0745,0.0745,10000617,2016-12-28,2016-12-28,C,2.104,2016-04-28
15696,2016-05-16 11:07:00,2016-05-16,0.0745,1490.0,2.0,3674.0,0.0745,0.0745,0.0745,10000617,2016-12-28,2016-12-28,C,2.104,2016-04-28
15697,2016-05-16 11:08:00,2016-05-16,0.0745,0.0,0.0,3674.0,0.0745,0.0745,0.0745,10000617,2016-12-28,2016-12-28,C,2.104,2016-04-28
15698,2016-05-16 11:09:00,2016-05-16,0.0745,0.0,0.0,3674.0,0.0745,0.0745,0.0745,10000617,2016-12-28,2016-12-28,C,2.104,2016-04-28
15699,2016-05-16 11:10:00,2016-05-16,0.0745,0.0,0.0,3674.0,0.0745,0.0745,0.0745,10000617,2016-12-28,2016-12-28,C,2.104,2016-04-28
15700,2016-05-16 11:11:00,2016-05-16,0.0745,0.0,0.0,3674.0,0.0745,0.0745,0.0745,10000617,2016-12-28,2016-12-28,C,2.104,2016-04-28
15701,2016-05-16 11:12:00,2016-05-16,0.0745,0.0,0.0,3674.0,0.0745,0.0745,0.0745,10000617,2016-12-28,2016-12-28,C,2.104,2016-04-28
15702,2016-05-16 11:13:00,2016-05-16,0.0745,0.0,0.0,3674.0,0.0745,0.0745,0.0745,10000617,2016-12-28,2016-12-28,C,2.104,2016-04-28
15703,2016-05-16 11:14:00,2016-05-16,0.0745,0.0,0.0,3674.0,0.0745,0.0745,0.0745,10000617,2016-12-28,2016-12-28,C,2.104,2016-04-28
15704,2016-05-16 11:15:00,2016-05-16,0.0745,0.0,0.0,3674.0,0.0745,0.0745,0.0745,10000617,2016-12-28,2016-12-28,C,2.104,2016-04-28
15705,2016-05-16 11:16:00,2016-05-16,0.0745,0.0,0.0,3674.0,0.0745,0.0745,0.0745,10000617,2016-12-28,2016-12-28,C,2.104,2016-04-28
15706,2016-05-16 11:17:00,2016-05-16,0.0745,0.0,0.0,3674.0,0.0745,0.0745,0.0745,10000617,2016-12-28,2016-12-28,C,2.104,2016-04-28
15707,2016-05-16 11:18:00,2016-05-16,0.0745,0.0,0.0,3674.0,0.0745,0.0745,0.0745,10000617,2016-12-28,2016-12-28,C,2.104,2016-04-28
15708,2016-05-16 11:19:00,2016-05-16,0.0745,0.0,0.0,3674.0,0.0745,0.0745,0.0745,10000617,2016-12-28,2016-12-28,C,2.104,2016-04-28
15709,2016-05-16 11:20:00,2016-05-16,0.0745,0.0,0.0,3674.0,0.0745,0.0745,0.0745,10000617,2016-12-28,2016-12-28,C,2.104,2016-04-28
15710,2016-05-16 11:21:00,2016-05-16,0.0745,0.0,0.0,3674.0,0.0745,0.0745,0.0745,10000617,2016-12-28,2016-12-28,C,2.104,2016-04-28
15711,2016-05-16 11:22:00,2016-05-16,0.0745,0.0,0.0,3674.0,0.0745,0.0745,0.0745,10000617,2016-12-28,2016-12-28,C,2.104,2016-04-28
15712,2016-05-16 11:23:00,2016-05-16,0.0745,0.0,0.0,3674.0,0.0745,0.0745,0.0745,10000617,2016-12-28,2016-12-28,C,2.104,2016-04-28
15713,2016-05-16 11:24:00,2016-05-16,0.0745,730.0,1.0,3675.0,0.0745,0.073,0.073,10000617,2016-12-28,2016-12-28,C,2.104,2016-04-28
15714,2016-05-16 11:25:00,2016-05-16,0.073,0.0,0.0,3675.0,0.073,0.073,0.073,10000617,2016-12-28,2016-12-28,C,2.104,2016-04-28
15715,2016-05-16 11:26:00,2016-05-16,0.073,0.0,0.0,3675.0,0.073,0.073,0.073,10000617,2016-12-28,2016-12-28,C,2.104,2016-04-28
15716,2016-05-16 11:27:00,2016-05-16,0.073,0.0,0.0,3675.0,0.073,0.073,0.073,10000617,2016-12-28,2016-12-28,C,2.104,2016-04-28
15717,2016-05-16 11:28:00,2016-05-16,0.073,0.0,0.0,3675.0,0.073,0.073,0.073,10000617,2016-12-28,2016-12-28,C,2.104,2016-04-28
15718,2016-05-16 11:29:00,2016-05-16,0.073,0.0,0.0,3675.0,0.073,0.073,0.073,10000617,2016-12-28,2016-12-28,C,2.104,2016-04-28
15719,2016-05-16 11:30:00,2016-05-16,0.073,0.0,0.0,3675.0,0.073,0.073,0.073,10000617,2016-12-28,2016-12-28,C,2.104,2016-04-28
15720,2016-05-16 13:01:00,2016-05-16,0.073,0.0,0.0,3675.0,0.073,0.073,0.073,10000617,2016-12-28,2016-12-28,C,2.104,2016-04-28
15721,2016-05-16 13:02:00,2016-05-16,0.073,0.0,0.0,3675.0,0.073,0.073,0.073,10000617,2016-12-28,2016-12-28,C,2.104,2016-04-28
15722,2016-05-16 13:03:00,2016-05-16,0.073,0.0,0.0,3675.0,0.073,0.073,0.073,10000617,2016-12-28,2016-12-28,C,2.104,2016-04-28
15723,2016-05-16 13:04:00,2016-05-16,0.073,0.0,0.0,3675.0,0.073,0.073,0.073,10000617,2016-12-28,2016-12-28,C,2.104,2016-04-28
15724,2016-05-16 13:05:00,2016-05-16,0.073,0.0,0.0,3675.0,0.073,0.073,0.073,10000617,2016-12-28,2016-12-28,C,2.104,2016-04-28
15725,2016-05-16 13:06:00,2016-05-16,0.073,0.0,0.0,3675.0,0.073,0.073,0.073,10000617,2016-12-28,2016-12-28,C,2.104,2016-04-28
15726,2016-05-16 13:07:00,2016-05-16,0.073,0.0,0.0,3675.0,0.073,0.073,0.073,10000617,2016-12-28,2016-12-28,C,2.104,2016-04-28
15727,2016-05-16 13:08:00,2016-05-16,0.073,0.0,0.0,3675.0,0.073,0.073,0.073,10000617,2016-12-28,2016-12-28,C,2.104,2016-04-28
15728,2016-05-16 13:09:00,2016-05-16,0.073,0.0,0.0,3675.0,0.073,0.073,0.073,10000617,2016-12-28,2016-12-28,C,2.104,2016-04-28
15729,2016-05-16 13:10:00,2016-05-16,0.0726,726.0,1.0,3676.0,0.0726,0.0726,0.0726,10000617,2016-12-28,2016-12-28,C,2.104,2016-04-28
15730,2016-05-16 13:11:00,2016-05-16,0.0726,0.0,0.0,3676.0,0.0726,0.0726,0.0726,10000617,2016-12-28,2016-12-28,C,2.104,2016-04-28
15731,2016-05-16 13:12:00,2016-05-16,0.0726,1452.0,2.0,3678.0,0.0726,0.0726,0.0726,10000617,2016-12-28,2016-12-28,C,2.104,2016-04-28
15732,2016-05-16 13:13:00,2016-05-16,0.0726,0.0,0.0,3678.0,0.0726,0.0726,0.0726,10000617,2016-12-28,2016-12-28,C,2.104,2016-04-28
15733,2016-05-16 13:14:00,2016-05-16,0.0726,0.0,0.0,3678.0,0.0726,0.0726,0.0726,10000617,2016-12-28,2016-12-28,C,2.104,2016-04-28
15734,2016-05-16 13:15:00,2016-05-16,0.0726,0.0,0.0,3678.0,0.0726,0.0726,0.0726,10000617,2016-12-28,2016-12-28,C,2.104,2016-04-28
15735,2016-05-16 13:16:00,2016-05-16,0.0726,0.0,0.0,3678.0,0.0726,0.0726,0.0726,10000617,2016-12-28,2016-12-28,C,2.104,2016-04-28
15736,2016-05-16 13:17:00,2016-05-16,0.0726,0.0,0.0,3678.0,0.0726,0.0726,0.0726,10000617,2016-12-28,2016-12-28,C,2.104,2016-04-28
15737,2016-05-16 13:18:00,2016-05-16,0.0726,0.0,0.0,3678.0,0.0726,0.0726,0.0726,10000617,2016-12-28,2016-12-28,C,2.104,2016-04-28
15738,2016-05-16 13:19:00,2016-05-16,0.0726,0.0,0.0,3678.0,0.0726,0.0726,0.0726,10000617,2016-12-28,2016-12-28,C,2.104,2016-04-28
15739,2016-05-16 13:20:00,2016-05-16,0.0727,1454.0,2.0,3678.0,0.0727,0.0727,0.0727,10000617,2016-12-28,2016-12-28,C,2.104,2016-04-28
15740,2016-05-16 13:21:00,2016-05-16,0.0727,0.0,0.0,3678.0,0.0727,0.0727,0.0727,10000617,2016-12-28,2016-12-28,C,2.104,2016-04-28
15741,2016-05-16 13:22:00,2016-05-16,0.0727,0.0,0.0,3678.0,0.0727,0.0727,0.0727,10000617,2016-12-28,2016-12-28,C,2.104,2016-04-28
15742,2016-05-16 13:23:00,2016-05-16,0.0727,0.0,0.0,3678.0,0.0727,0.0727,0.0727,10000617,2016-12-28,2016-12-28,C,2.104,2016-04-28
15743,2016-05-16 13:24:00,2016-05-16,0.0727,0.0,0.0,3678.0,0.0727,0.0727,0.0727,10000617,2016-12-28,2016-12-28,C,2.104,2016-04-28
15744,2016-05-16 13:25:00,2016-05-16,0.0727,0.0,0.0,3678.0,0.0727,0.0727,0.0727,10000617,2016-12-28,2016-12-28,C,2.104,2016-04-28
15745,2016-05-16 13:26:00,2016-05-16,0.0727,0.0,0.0,3678.0,0.0727,0.0727,0.0727,10000617,2016-12-28,2016-12-28,C,2.104,2016-04-28
15746,2016-05-16 13:27:00,2016-05-16,0.0727,0.0,0.0,3678.0,0.0727,0.0727,0.0727,10000617,2016-12-28,2016-12-28,C,2.104,2016-04-28
15747,2016-05-16 13:28:00,2016-05-16,0.0722,3610.0,5.0,3683.0,0.0722,0.0722,0.0722,10000617,2016-12-28,2016-12-28,C,2.104,2016-04-28
15748,2016-05-16 13:29:00,2016-05-16,0.0722,0.0,0.0,3683.0,0.0722,0.0722,0.0722,10000617,2016-12-28,2016-12-28,C,2.104,2016-04-28
15749,2016-05-16 13:30:00,2016-05-16,0.0722,0.0,0.0,3683.0,0.0722,0.0722,0.0722,10000617,2016-12-28,2016-12-28,C,2.104,2016-04-28
15750,2016-05-16 13:31:00,2016-05-16,0.0722,0.0,0.0,3683.0,0.0722,0.0722,0.0722,10000617,2016-12-28,2016-12-28,C,2.104,2016-04-28
15751,2016-05-16 13:32:00,2016-05-16,0.0722,35900.0,50.0,3728.0,0.0722,0.0717,0.0717,10000617,2016-12-28,2016-12-28,C,2.104,2016-04-28
15752,2016-05-16 13:33:00,2016-05-16,0.0717,0.0,0.0,3728.0,0.0717,0.0717,0.0717,10000617,2016-12-28,2016-12-28,C,2.104,2016-04-28
15753,2016-05-16 13:34:00,2016-05-16,0.0717,0.0,0.0,3728.0,0.0717,0.0717,0.0717,10000617,2016-12-28,2016-12-28,C,2.104,2016-04-28
15754,2016-05-16 13:35:00,2016-05-16,0.0717,0.0,0.0,3728.0,0.0717,0.0717,0.0717,10000617,2016-12-28,2016-12-28,C,2.104,2016-04-28
15755,2016-05-16 13:36:00,2016-05-16,0.0717,0.0,0.0,3728.0,0.0717,0.0717,0.0717,10000617,2016-12-28,2016-12-28,C,2.104,2016-04-28
15756,2016-05-16 13:37:00,2016-05-16,0.0717,0.0,0.0,3728.0,0.0717,0.0717,0.0717,10000617,2016-12-28,2016-12-28,C,2.104,2016-04-28
15757,2016-05-16 13:38:00,2016-05-16,0.0717,0.0,0.0,3728.0,0.0717,0.0717,0.0717,10000617,2016-12-28,2016-12-28,C,2.104,2016-04-28
15758,2016-05-16 13:39:00,2016-05-16,0.0717,0.0,0.0,3728.0,0.0717,0.0717,0.0717,10000617,2016-12-28,2016-12-28,C,2.104,2016-04-28
15759,2016-05-16 13:40:00,2016-05-16,0.0717,0.0,0.0,3728.0,0.0717,0.0717,0.0717,10000617,2016-12-28,2016-12-28,C,2.104,2016-04-28
15760,2016-05-16 13:41:00,2016-05-16,0.0717,0.0,0.0,3728.0,0.0717,0.0717,0.0717,10000617,2016-12-28,2016-12-28,C,2.104,2016-04-28
15761,2016-05-16 13:42:00,2016-05-16,0.07200000000000001,720.0,1.0,3728.0,0.0717,0.07200000000000001,0.0717,10000617,2016-12-28,2016-12-28,C,2.104,2016-04-28
15762,2016-05-16 13:43:00,2016-05-16,0.07200000000000001,0.0,0.0,3728.0,0.07200000000000001,0.07200000000000001,0.07200000000000001,10000617,2016-12-28,2016-12-28,C,2.104,2016-04-28
15763,2016-05-16 13:44:00,2016-05-16,0.07200000000000001,0.0,0.0,3728.0,0.07200000000000001,0.07200000000000001,0.07200000000000001,10000617,2016-12-28,2016-12-28,C,2.104,2016-04-28
15764,2016-05-16 13:45:00,2016-05-16,0.07200000000000001,0.0,0.0,3728.0,0.07200000000000001,0.07200000000000001,0.07200000000000001,10000617,2016-12-28,2016-12-28,C,2.104,2016-04-28
15765,2016-05-16 13:46:00,2016-05-16,0.07200000000000001,0.0,0.0,3728.0,0.07200000000000001,0.07200000000000001,0.07200000000000001,10000617,2016-12-28,2016-12-28,C,2.104,2016-04-28
15766,2016-05-16 13:47:00,2016-05-16,0.07200000000000001,0.0,0.0,3728.0,0.07200000000000001,0.07200000000000001,0.07200000000000001,10000617,2016-12-28,2016-12-28,C,2.104,2016-04-28
15767,2016-05-16 13:48:00,2016-05-16,0.07200000000000001,0.0,0.0,3728.0,0.07200000000000001,0.07200000000000001,0.07200000000000001,10000617,2016-12-28,2016-12-28,C,2.104,2016-04-28
15768,2016-05-16 13:49:00,2016-05-16,0.07200000000000001,0.0,0.0,3728.0,0.07200000000000001,0.07200000000000001,0.07200000000000001,10000617,2016-12-28,2016-12-28,C,2.104,2016-04-28
15769,2016-05-16 13:50:00,2016-05-16,0.07200000000000001,0.0,0.0,3728.0,0.07200000000000001,0.07200000000000001,0.07200000000000001,10000617,2016-12-28,2016-12-28,C,2.104,2016-04-28
15770,2016-05-16 13:51:00,2016-05-16,0.07200000000000001,0.0,0.0,3728.0,0.07200000000000001,0.07200000000000001,0.07200000000000001,10000617,2016-12-28,2016-12-28,C,2.104,2016-04-28
15771,2016-05-16 13:52:00,2016-05-16,0.07200000000000001,0.0,0.0,3728.0,0.07200000000000001,0.07200000000000001,0.07200000000000001,10000617,2016-12-28,2016-12-28,C,2.104,2016-04-28
15772,2016-05-16 13:53:00,2016-05-16,0.07200000000000001,0.0,0.0,3728.0,0.07200000000000001,0.07200000000000001,0.07200000000000001,10000617,2016-12-28,2016-12-28,C,2.104,2016-04-28
15773,2016-05-16 13:54:00,2016-05-16,0.07200000000000001,0.0,0.0,3728.0,0.07200000000000001,0.07200000000000001,0.07200000000000001,10000617,2016-12-28,2016-12-28,C,2.104,2016-04-28
15774,2016-05-16 13:55:00,2016-05-16,0.07200000000000001,0.0,0.0,3728.0,0.07200000000000001,0.07200000000000001,0.07200000000000001,10000617,2016-12-28,2016-12-28,C,2.104,2016-04-28
15775,2016-05-16 13:56:00,2016-05-16,0.07200000000000001,0.0,0.0,3728.0,0.07200000000000001,0.07200000000000001,0.07200000000000001,10000617,2016-12-28,2016-12-28,C,2.104,2016-04-28
15776,2016-05-16 13:57:00,2016-05-16,0.0729,2187.0,3.0,3728.0,0.0729,0.0729,0.0729,10000617,2016-12-28,2016-12-28,C,2.104,2016-04-28
15777,2016-05-16 13:58:00,2016-05-16,0.0729,1458.0,2.0,3726.0,0.0729,0.0729,0.0729,10000617,2016-12-28,2016-12-28,C,2.104,2016-04-28
15778,2016-05-16 13:59:00,2016-05-16,0.0736,1472.0,2.0,3727.0,0.0736,0.0736,0.0736,10000617,2016-12-28,2016-12-28,C,2.104,2016-04-28
15779,2016-05-16 14:00:00,2016-05-16,0.0736,0.0,0.0,3727.0,0.0736,0.0736,0.0736,10000617,2016-12-28,2016-12-28,C,2.104,2016-04-28
15780,2016-05-16 14:01:00,2016-05-16,0.0736,736.0,1.0,3726.0,0.0736,0.0736,0.0736,10000617,2016-12-28,2016-12-28,C,2.104,2016-04-28
15781,2016-05-16 14:02:00,2016-05-16,0.0736,0.0,0.0,3726.0,0.0736,0.0736,0.0736,10000617,2016-12-28,2016-12-28,C,2.104,2016-04-28
15782,2016-05-16 14:03:00,2016-05-16,0.0736,0.0,0.0,3726.0,0.0736,0.0736,0.0736,10000617,2016-12-28,2016-12-28,C,2.104,2016-04-28
15783,2016-05-16 14:04:00,2016-05-16,0.0736,0.0,0.0,3726.0,0.0736,0.0736,0.0736,10000617,2016-12-28,2016-12-28,C,2.104,2016-04-28
15784,2016-05-16 14:05:00,2016-05-16,0.0736,0.0,0.0,3726.0,0.0736,0.0736,0.0736,10000617,2016-12-28,2016-12-28,C,2.104,2016-04-28
15785,2016-05-16 14:06:00,2016-05-16,0.0736,0.0,0.0,3726.0,0.0736,0.0736,0.0736,10000617,2016-12-28,2016-12-28,C,2.104,2016-04-28
15786,2016-05-16 14:07:00,2016-05-16,0.0736,5888.0,8.0,3726.0,0.0736,0.0736,0.0736,10000617,2016-12-28,2016-12-28,C,2.104,2016-04-28
15787,2016-05-16 14:08:00,2016-05-16,0.0746,1492.0,2.0,3728.0,0.0736,0.0746,0.0736,10000617,2016-12-28,2016-12-28,C,2.104,2016-04-28
15788,2016-05-16 14:09:00,2016-05-16,0.0746,0.0,0.0,3728.0,0.0746,0.0746,0.0746,10000617,2016-12-28,2016-12-28,C,2.104,2016-04-28
15789,2016-05-16 14:10:00,2016-05-16,0.0746,0.0,0.0,3728.0,0.0746,0.0746,0.0746,10000617,2016-12-28,2016-12-28,C,2.104,2016-04-28
15790,2016-05-16 14:11:00,2016-05-16,0.0746,0.0,0.0,3728.0,0.0746,0.0746,0.0746,10000617,2016-12-28,2016-12-28,C,2.104,2016-04-28
15791,2016-05-16 14:12:00,2016-05-16,0.0746,0.0,0.0,3728.0,0.0746,0.0746,0.0746,10000617,2016-12-28,2016-12-28,C,2.104,2016-04-28
15792,2016-05-16 14:13:00,2016-05-16,0.0746,0.0,0.0,3728.0,0.0746,0.0746,0.0746,10000617,2016-12-28,2016-12-28,C,2.104,2016-04-28
15793,2016-05-16 14:14:00,2016-05-16,0.0746,0.0,0.0,3728.0,0.0746,0.0746,0.0746,10000617,2016-12-28,2016-12-28,C,2.104,2016-04-28
15794,2016-05-16 14:15:00,2016-05-16,0.0717,7170.0,10.0,3738.0,0.0717,0.0717,0.0717,10000617,2016-12-28,2016-12-28,C,2.104,2016-04-28
15795,2016-05-16 14:16:00,2016-05-16,0.0717,0.0,0.0,3738.0,0.0717,0.0717,0.0717,10000617,2016-12-28,2016-12-28,C,2.104,2016-04-28
15796,2016-05-16 14:17:00,2016-05-16,0.0717,0.0,0.0,3738.0,0.0717,0.0717,0.0717,10000617,2016-12-28,2016-12-28,C,2.104,2016-04-28
15797,2016-05-16 14:18:00,2016-05-16,0.0717,0.0,0.0,3738.0,0.0717,0.0717,0.0717,10000617,2016-12-28,2016-12-28,C,2.104,2016-04-28
15798,2016-05-16 14:19:00,2016-05-16,0.0717,0.0,0.0,3738.0,0.0717,0.0717,0.0717,10000617,2016-12-28,2016-12-28,C,2.104,2016-04-28
15799,2016-05-16 14:20:00,2016-05-16,0.0717,710.0,1.0,3739.0,0.0717,0.071,0.071,10000617,2016-12-28,2016-12-28,C,2.104,2016-04-28
15800,2016-05-16 14:21:00,2016-05-16,0.071,0.0,0.0,3739.0,0.071,0.071,0.071,10000617,2016-12-28,2016-12-28,C,2.104,2016-04-28
15801,2016-05-16 14:22:00,2016-05-16,0.071,0.0,0.0,3739.0,0.071,0.071,0.071,10000617,2016-12-28,2016-12-28,C,2.104,2016-04-28
15802,2016-05-16 14:23:00,2016-05-16,0.071,0.0,0.0,3739.0,0.071,0.071,0.071,10000617,2016-12-28,2016-12-28,C,2.104,2016-04-28
15803,2016-05-16 14:24:00,2016-05-16,0.071,0.0,0.0,3739.0,0.071,0.071,0.071,10000617,2016-12-28,2016-12-28,C,2.104,2016-04-28
15804,2016-05-16 14:25:00,2016-05-16,0.071,0.0,0.0,3739.0,0.071,0.071,0.071,10000617,2016-12-28,2016-12-28,C,2.104,2016-04-28
15805,2016-05-16 14:26:00,2016-05-16,0.071,0.0,0.0,3739.0,0.071,0.071,0.071,10000617,2016-12-28,2016-12-28,C,2.104,2016-04-28
15806,2016-05-16 14:27:00,2016-05-16,0.071,0.0,0.0,3739.0,0.071,0.071,0.071,10000617,2016-12-28,2016-12-28,C,2.104,2016-04-28
15807,2016-05-16 14:28:00,2016-05-16,0.071,0.0,0.0,3739.0,0.071,0.071,0.071,10000617,2016-12-28,2016-12-28,C,2.104,2016-04-28
15808,2016-05-16 14:29:00,2016-05-16,0.071,0.0,0.0,3739.0,0.071,0.071,0.071,10000617,2016-12-28,2016-12-28,C,2.104,2016-04-28
15809,2016-05-16 14:30:00,2016-05-16,0.071,0.0,0.0,3739.0,0.071,0.071,0.071,10000617,2016-12-28,2016-12-28,C,2.104,2016-04-28
15810,2016-05-16 14:31:00,2016-05-16,0.0718,718.0,1.0,3738.0,0.071,0.0718,0.071,10000617,2016-12-28,2016-12-28,C,2.104,2016-04-28
15811,2016-05-16 14:32:00,2016-05-16,0.0718,0.0,0.0,3738.0,0.0718,0.0718,0.0718,10000617,2016-12-28,2016-12-28,C,2.104,2016-04-28
15812,2016-05-16 14:33:00,2016-05-16,0.0718,0.0,0.0,3738.0,0.0718,0.0718,0.0718,10000617,2016-12-28,2016-12-28,C,2.104,2016-04-28
15813,2016-05-16 14:34:00,2016-05-16,0.0718,0.0,0.0,3738.0,0.0718,0.0718,0.0718,10000617,2016-12-28,2016-12-28,C,2.104,2016-04-28
15814,2016-05-16 14:35:00,2016-05-16,0.0718,0.0,0.0,3738.0,0.0718,0.0718,0.0718,10000617,2016-12-28,2016-12-28,C,2.104,2016-04-28
15815,2016-05-16 14:36:00,2016-05-16,0.0718,0.0,0.0,3738.0,0.0718,0.0718,0.0718,10000617,2016-12-28,2016-12-28,C,2.104,2016-04-28
15816,2016-05-16 14:37:00,2016-05-16,0.0718,0.0,0.0,3738.0,0.0718,0.0718,0.0718,10000617,2016-12-28,2016-12-28,C,2.104,2016-04-28
15817,2016-05-16 14:38:00,2016-05-16,0.0718,0.0,0.0,3738.0,0.0718,0.0718,0.0718,10000617,2016-12-28,2016-12-28,C,2.104,2016-04-28
15818,2016-05-16 14:39:00,2016-05-16,0.0718,0.0,0.0,3738.0,0.0718,0.0718,0.0718,10000617,2016-12-28,2016-12-28,C,2.104,2016-04-28
15819,2016-05-16 14:40:00,2016-05-16,0.0718,0.0,0.0,3738.0,0.0718,0.0718,0.0718,10000617,2016-12-28,2016-12-28,C,2.104,2016-04-28
15820,2016-05-16 14:41:00,2016-05-16,0.0718,0.0,0.0,3738.0,0.0718,0.0718,0.0718,10000617,2016-12-28,2016-12-28,C,2.104,2016-04-28
15821,2016-05-16 14:42:00,2016-05-16,0.0718,0.0,0.0,3738.0,0.0718,0.0718,0.0718,10000617,2016-12-28,2016-12-28,C,2.104,2016-04-28
15822,2016-05-16 14:43:00,2016-05-16,0.0718,0.0,0.0,3738.0,0.0718,0.0718,0.0718,10000617,2016-12-28,2016-12-28,C,2.104,2016-04-28
15823,2016-05-16 14:44:00,2016-05-16,0.0718,0.0,0.0,3738.0,0.0718,0.0718,0.0718,10000617,2016-12-28,2016-12-28,C,2.104,2016-04-28
15824,2016-05-16 14:45:00,2016-05-16,0.0718,0.0,0.0,3738.0,0.0718,0.0718,0.0718,10000617,2016-12-28,2016-12-28,C,2.104,2016-04-28
15825,2016-05-16 14:46:00,2016-05-16,0.0718,0.0,0.0,3738.0,0.0718,0.0718,0.0718,10000617,2016-12-28,2016-12-28,C,2.104,2016-04-28
15826,2016-05-16 14:47:00,2016-05-16,0.0718,0.0,0.0,3738.0,0.0718,0.0718,0.0718,10000617,2016-12-28,2016-12-28,C,2.104,2016-04-28
15827,2016-05-16 14:48:00,2016-05-16,0.0722,1443.0,2.0,3737.0,0.0718,0.0721,0.0718,10000617,2016-12-28,2016-12-28,C,2.104,2016-04-28
15828,2016-05-16 14:49:00,2016-05-16,0.0721,0.0,0.0,3737.0,0.0721,0.0721,0.0721,10000617,2016-12-28,2016-12-28,C,2.104,2016-04-28
15829,2016-05-16 14:50:00,2016-05-16,0.0734,7340.0,10.0,3747.0,0.0721,0.0734,0.0721,10000617,2016-12-28,2016-12-28,C,2.104,2016-04-28
15830,2016-05-16 14:51:00,2016-05-16,0.0734,0.0,0.0,3747.0,0.0734,0.0734,0.0734,10000617,2016-12-28,2016-12-28,C,2.104,2016-04-28
15831,2016-05-16 14:52:00,2016-05-16,0.0734,0.0,0.0,3747.0,0.0734,0.0734,0.0734,10000617,2016-12-28,2016-12-28,C,2.104,2016-04-28
15832,2016-05-16 14:53:00,2016-05-16,0.0722,7220.0,10.0,3757.0,0.0722,0.0722,0.0722,10000617,2016-12-28,2016-12-28,C,2.104,2016-04-28
15833,2016-05-16 14:54:00,2016-05-16,0.0722,0.0,0.0,3757.0,0.0722,0.0722,0.0722,10000617,2016-12-28,2016-12-28,C,2.104,2016-04-28
15834,2016-05-16 14:55:00,2016-05-16,0.0722,0.0,0.0,3757.0,0.0722,0.0722,0.0722,10000617,2016-12-28,2016-12-28,C,2.104,2016-04-28
15835,2016-05-16 14:56:00,2016-05-16,0.0722,0.0,0.0,3757.0,0.0722,0.0722,0.0722,10000617,2016-12-28,2016-12-28,C,2.104,2016-04-28
15836,2016-05-16 14:57:00,2016-05-16,0.0722,0.0,0.0,3757.0,0.0722,0.0722,0.0722,10000617,2016-12-28,2016-12-28,C,2.104,2016-04-28
15837,2016-05-16 14:58:00,2016-05-16,0.0722,0.0,0.0,3757.0,0.0722,0.0722,0.0722,10000617,2016-12-28,2016-12-28,C,2.104,2016-04-28
15838,2016-05-16 14:59:00,2016-05-16,0.0722,0.0,0.0,3757.0,0.0722,0.0722,0.0722,10000617,2016-12-28,2016-12-28,C,2.104,2016-04-28
15839,2016-05-16 15:00:00,2016-05-16,0.0722,0.0,0.0,3757.0,0.0722,0.0722,0.0722,10000617,2016-12-28,2016-12-28,C,2.104,2016-04-28
15840,2016-05-16 09:31:00,2016-05-16,0.1938,0.0,0.0,2658.0,0.1938,0.1938,0.1938,10000592,2016-09-28,2016-09-28,P,2.2,2016-03-07
15841,2016-05-16 09:32:00,2016-05-16,0.1938,0.0,0.0,2658.0,0.1938,0.1938,0.1938,10000592,2016-09-28,2016-09-28,P,2.2,2016-03-07
15842,2016-05-16 09:33:00,2016-05-16,0.1938,0.0,0.0,2658.0,0.1938,0.1938,0.1938,10000592,2016-09-28,2016-09-28,P,2.2,2016-03-07
15843,2016-05-16 09:34:00,2016-05-16,0.1938,0.0,0.0,2658.0,0.1938,0.1938,0.1938,10000592,2016-09-28,2016-09-28,P,2.2,2016-03-07
15844,2016-05-16 09:35:00,2016-05-16,0.1938,0.0,0.0,2658.0,0.1938,0.1938,0.1938,10000592,2016-09-28,2016-09-28,P,2.2,2016-03-07
15845,2016-05-16 09:36:00,2016-05-16,0.1938,0.0,0.0,2658.0,0.1938,0.1938,0.1938,10000592,2016-09-28,2016-09-28,P,2.2,2016-03-07
15846,2016-05-16 09:37:00,2016-05-16,0.1938,0.0,0.0,2658.0,0.1938,0.1938,0.1938,10000592,2016-09-28,2016-09-28,P,2.2,2016-03-07
15847,2016-05-16 09:38:00,2016-05-16,0.1938,0.0,0.0,2658.0,0.1938,0.1938,0.1938,10000592,2016-09-28,2016-09-28,P,2.2,2016-03-07
15848,2016-05-16 09:39:00,2016-05-16,0.1938,0.0,0.0,2658.0,0.1938,0.1938,0.1938,10000592,2016-09-28,2016-09-28,P,2.2,2016-03-07
15849,2016-05-16 09:40:00,2016-05-16,0.1938,0.0,0.0,2658.0,0.1938,0.1938,0.1938,10000592,2016-09-28,2016-09-28,P,2.2,2016-03-07
15850,2016-05-16 09:41:00,2016-05-16,0.1976,5926.0,3.0,2658.0,0.1974,0.1976,0.1974,10000592,2016-09-28,2016-09-28,P,2.2,2016-03-07
15851,2016-05-16 09:42:00,2016-05-16,0.1976,1976.0,1.0,2658.0,0.1976,0.1976,0.1976,10000592,2016-09-28,2016-09-28,P,2.2,2016-03-07
15852,2016-05-16 09:43:00,2016-05-16,0.1976,0.0,0.0,2658.0,0.1976,0.1976,0.1976,10000592,2016-09-28,2016-09-28,P,2.2,2016-03-07
15853,2016-05-16 09:44:00,2016-05-16,0.1976,0.0,0.0,2658.0,0.1976,0.1976,0.1976,10000592,2016-09-28,2016-09-28,P,2.2,2016-03-07
15854,2016-05-16 09:45:00,2016-05-16,0.1976,0.0,0.0,2658.0,0.1976,0.1976,0.1976,10000592,2016-09-28,2016-09-28,P,2.2,2016-03-07
15855,2016-05-16 09:46:00,2016-05-16,0.1976,0.0,0.0,2658.0,0.1976,0.1976,0.1976,10000592,2016-09-28,2016-09-28,P,2.2,2016-03-07
15856,2016-05-16 09:47:00,2016-05-16,0.1976,0.0,0.0,2658.0,0.1976,0.1976,0.1976,10000592,2016-09-28,2016-09-28,P,2.2,2016-03-07
15857,2016-05-16 09:48:00,2016-05-16,0.1976,0.0,0.0,2658.0,0.1976,0.1976,0.1976,10000592,2016-09-28,2016-09-28,P,2.2,2016-03-07
15858,2016-05-16 09:49:00,2016-05-16,0.1976,0.0,0.0,2658.0,0.1976,0.1976,0.1976,10000592,2016-09-28,2016-09-28,P,2.2,2016-03-07
15859,2016-05-16 09:50:00,2016-05-16,0.1976,0.0,0.0,2658.0,0.1976,0.1976,0.1976,10000592,2016-09-28,2016-09-28,P,2.2,2016-03-07
15860,2016-05-16 09:51:00,2016-05-16,0.1976,0.0,0.0,2658.0,0.1976,0.1976,0.1976,10000592,2016-09-28,2016-09-28,P,2.2,2016-03-07
15861,2016-05-16 09:52:00,2016-05-16,0.1976,0.0,0.0,2658.0,0.1976,0.1976,0.1976,10000592,2016-09-28,2016-09-28,P,2.2,2016-03-07
15862,2016-05-16 09:53:00,2016-05-16,0.1976,0.0,0.0,2658.0,0.1976,0.1976,0.1976,10000592,2016-09-28,2016-09-28,P,2.2,2016-03-07
15863,2016-05-16 09:54:00,2016-05-16,0.2022,4044.0,2.0,2660.0,0.1976,0.2022,0.1976,10000592,2016-09-28,2016-09-28,P,2.2,2016-03-07
15864,2016-05-16 09:55:00,2016-05-16,0.2045,20450.0,10.0,2670.0,0.2022,0.2045,0.2022,10000592,2016-09-28,2016-09-28,P,2.2,2016-03-07
15865,2016-05-16 09:56:00,2016-05-16,0.2045,0.0,0.0,2670.0,0.2045,0.2045,0.2045,10000592,2016-09-28,2016-09-28,P,2.2,2016-03-07
15866,2016-05-16 09:57:00,2016-05-16,0.2045,0.0,0.0,2670.0,0.2045,0.2045,0.2045,10000592,2016-09-28,2016-09-28,P,2.2,2016-03-07
15867,2016-05-16 09:58:00,2016-05-16,0.2045,0.0,0.0,2670.0,0.2045,0.2045,0.2045,10000592,2016-09-28,2016-09-28,P,2.2,2016-03-07
15868,2016-05-16 09:59:00,2016-05-16,0.2045,0.0,0.0,2670.0,0.2045,0.2045,0.2045,10000592,2016-09-28,2016-09-28,P,2.2,2016-03-07
15869,2016-05-16 10:00:00,2016-05-16,0.2045,0.0,0.0,2670.0,0.2045,0.2045,0.2045,10000592,2016-09-28,2016-09-28,P,2.2,2016-03-07
15870,2016-05-16 10:01:00,2016-05-16,0.2046,2046.0,1.0,2670.0,0.2045,0.2046,0.2045,10000592,2016-09-28,2016-09-28,P,2.2,2016-03-07
15871,2016-05-16 10:02:00,2016-05-16,0.2046,0.0,0.0,2670.0,0.2046,0.2046,0.2046,10000592,2016-09-28,2016-09-28,P,2.2,2016-03-07
15872,2016-05-16 10:03:00,2016-05-16,0.2046,0.0,0.0,2670.0,0.2046,0.2046,0.2046,10000592,2016-09-28,2016-09-28,P,2.2,2016-03-07
15873,2016-05-16 10:04:00,2016-05-16,0.2046,0.0,0.0,2670.0,0.2046,0.2046,0.2046,10000592,2016-09-28,2016-09-28,P,2.2,2016-03-07
15874,2016-05-16 10:05:00,2016-05-16,0.2046,0.0,0.0,2670.0,0.2046,0.2046,0.2046,10000592,2016-09-28,2016-09-28,P,2.2,2016-03-07
15875,2016-05-16 10:06:00,2016-05-16,0.2046,0.0,0.0,2670.0,0.2046,0.2046,0.2046,10000592,2016-09-28,2016-09-28,P,2.2,2016-03-07
15876,2016-05-16 10:07:00,2016-05-16,0.2046,0.0,0.0,2670.0,0.2046,0.2046,0.2046,10000592,2016-09-28,2016-09-28,P,2.2,2016-03-07
15877,2016-05-16 10:08:00,2016-05-16,0.2046,0.0,0.0,2670.0,0.2046,0.2046,0.2046,10000592,2016-09-28,2016-09-28,P,2.2,2016-03-07
15878,2016-05-16 10:09:00,2016-05-16,0.2046,0.0,0.0,2670.0,0.2046,0.2046,0.2046,10000592,2016-09-28,2016-09-28,P,2.2,2016-03-07
15879,2016-05-16 10:10:00,2016-05-16,0.2046,0.0,0.0,2670.0,0.2046,0.2046,0.2046,10000592,2016-09-28,2016-09-28,P,2.2,2016-03-07
15880,2016-05-16 10:11:00,2016-05-16,0.2046,0.0,0.0,2670.0,0.2046,0.2046,0.2046,10000592,2016-09-28,2016-09-28,P,2.2,2016-03-07
15881,2016-05-16 10:12:00,2016-05-16,0.2046,0.0,0.0,2670.0,0.2046,0.2046,0.2046,10000592,2016-09-28,2016-09-28,P,2.2,2016-03-07
15882,2016-05-16 10:13:00,2016-05-16,0.2046,0.0,0.0,2670.0,0.2046,0.2046,0.2046,10000592,2016-09-28,2016-09-28,P,2.2,2016-03-07
15883,2016-05-16 10:14:00,2016-05-16,0.2046,0.0,0.0,2670.0,0.2046,0.2046,0.2046,10000592,2016-09-28,2016-09-28,P,2.2,2016-03-07
15884,2016-05-16 10:15:00,2016-05-16,0.2046,0.0,0.0,2670.0,0.2046,0.2046,0.2046,10000592,2016-09-28,2016-09-28,P,2.2,2016-03-07
15885,2016-05-16 10:16:00,2016-05-16,0.2046,8005.0,4.0,2669.0,0.2046,0.2001,0.2001,10000592,2016-09-28,2016-09-28,P,2.2,2016-03-07
15886,2016-05-16 10:17:00,2016-05-16,0.2001,0.0,0.0,2669.0,0.2001,0.2001,0.2001,10000592,2016-09-28,2016-09-28,P,2.2,2016-03-07
15887,2016-05-16 10:18:00,2016-05-16,0.2001,0.0,0.0,2669.0,0.2001,0.2001,0.2001,10000592,2016-09-28,2016-09-28,P,2.2,2016-03-07
15888,2016-05-16 10:19:00,2016-05-16,0.2001,0.0,0.0,2669.0,0.2001,0.2001,0.2001,10000592,2016-09-28,2016-09-28,P,2.2,2016-03-07
15889,2016-05-16 10:20:00,2016-05-16,0.202,2020.0,1.0,2669.0,0.2001,0.202,0.2001,10000592,2016-09-28,2016-09-28,P,2.2,2016-03-07
15890,2016-05-16 10:21:00,2016-05-16,0.202,0.0,0.0,2669.0,0.202,0.202,0.202,10000592,2016-09-28,2016-09-28,P,2.2,2016-03-07
15891,2016-05-16 10:22:00,2016-05-16,0.2,30010.0,15.0,2664.0,0.2,0.2,0.2,10000592,2016-09-28,2016-09-28,P,2.2,2016-03-07
15892,2016-05-16 10:23:00,2016-05-16,0.2,0.0,0.0,2664.0,0.2,0.2,0.2,10000592,2016-09-28,2016-09-28,P,2.2,2016-03-07
15893,2016-05-16 10:24:00,2016-05-16,0.2,0.0,0.0,2664.0,0.2,0.2,0.2,10000592,2016-09-28,2016-09-28,P,2.2,2016-03-07
15894,2016-05-16 10:25:00,2016-05-16,0.2,0.0,0.0,2664.0,0.2,0.2,0.2,10000592,2016-09-28,2016-09-28,P,2.2,2016-03-07
15895,2016-05-16 10:26:00,2016-05-16,0.2,0.0,0.0,2664.0,0.2,0.2,0.2,10000592,2016-09-28,2016-09-28,P,2.2,2016-03-07
15896,2016-05-16 10:27:00,2016-05-16,0.2,0.0,0.0,2664.0,0.2,0.2,0.2,10000592,2016-09-28,2016-09-28,P,2.2,2016-03-07
15897,2016-05-16 10:28:00,2016-05-16,0.2,0.0,0.0,2664.0,0.2,0.2,0.2,10000592,2016-09-28,2016-09-28,P,2.2,2016-03-07
15898,2016-05-16 10:29:00,2016-05-16,0.2,0.0,0.0,2664.0,0.2,0.2,0.2,10000592,2016-09-28,2016-09-28,P,2.2,2016-03-07
15899,2016-05-16 10:30:00,2016-05-16,0.2,0.0,0.0,2664.0,0.2,0.2,0.2,10000592,2016-09-28,2016-09-28,P,2.2,2016-03-07
15900,2016-05-16 10:31:00,2016-05-16,0.2,0.0,0.0,2664.0,0.2,0.2,0.2,10000592,2016-09-28,2016-09-28,P,2.2,2016-03-07
15901,2016-05-16 10:32:00,2016-05-16,0.2,0.0,0.0,2664.0,0.2,0.2,0.2,10000592,2016-09-28,2016-09-28,P,2.2,2016-03-07
15902,2016-05-16 10:33:00,2016-05-16,0.2,0.0,0.0,2664.0,0.2,0.2,0.2,10000592,2016-09-28,2016-09-28,P,2.2,2016-03-07
15903,2016-05-16 10:34:00,2016-05-16,0.2,0.0,0.0,2664.0,0.2,0.2,0.2,10000592,2016-09-28,2016-09-28,P,2.2,2016-03-07
15904,2016-05-16 10:35:00,2016-05-16,0.2015,2015.0,1.0,2664.0,0.2,0.2015,0.2,10000592,2016-09-28,2016-09-28,P,2.2,2016-03-07
15905,2016-05-16 10:36:00,2016-05-16,0.2015,0.0,0.0,2664.0,0.2015,0.2015,0.2015,10000592,2016-09-28,2016-09-28,P,2.2,2016-03-07
15906,2016-05-16 10:37:00,2016-05-16,0.2015,0.0,0.0,2664.0,0.2015,0.2015,0.2015,10000592,2016-09-28,2016-09-28,P,2.2,2016-03-07
15907,2016-05-16 10:38:00,2016-05-16,0.2015,0.0,0.0,2664.0,0.2015,0.2015,0.2015,10000592,2016-09-28,2016-09-28,P,2.2,2016-03-07
15908,2016-05-16 10:39:00,2016-05-16,0.2015,0.0,0.0,2664.0,0.2015,0.2015,0.2015,10000592,2016-09-28,2016-09-28,P,2.2,2016-03-07
15909,2016-05-16 10:40:00,2016-05-16,0.2015,0.0,0.0,2664.0,0.2015,0.2015,0.2015,10000592,2016-09-28,2016-09-28,P,2.2,2016-03-07
15910,2016-05-16 10:41:00,2016-05-16,0.2015,0.0,0.0,2664.0,0.2015,0.2015,0.2015,10000592,2016-09-28,2016-09-28,P,2.2,2016-03-07
15911,2016-05-16 10:42:00,2016-05-16,0.2015,0.0,0.0,2664.0,0.2015,0.2015,0.2015,10000592,2016-09-28,2016-09-28,P,2.2,2016-03-07
15912,2016-05-16 10:43:00,2016-05-16,0.2015,0.0,0.0,2664.0,0.2015,0.2015,0.2015,10000592,2016-09-28,2016-09-28,P,2.2,2016-03-07
15913,2016-05-16 10:44:00,2016-05-16,0.2015,0.0,0.0,2664.0,0.2015,0.2015,0.2015,10000592,2016-09-28,2016-09-28,P,2.2,2016-03-07
15914,2016-05-16 10:45:00,2016-05-16,0.2015,0.0,0.0,2664.0,0.2015,0.2015,0.2015,10000592,2016-09-28,2016-09-28,P,2.2,2016-03-07
15915,2016-05-16 10:46:00,2016-05-16,0.2015,0.0,0.0,2664.0,0.2015,0.2015,0.2015,10000592,2016-09-28,2016-09-28,P,2.2,2016-03-07
15916,2016-05-16 10:47:00,2016-05-16,0.2015,0.0,0.0,2664.0,0.2015,0.2015,0.2015,10000592,2016-09-28,2016-09-28,P,2.2,2016-03-07
15917,2016-05-16 10:48:00,2016-05-16,0.2015,0.0,0.0,2664.0,0.2015,0.2015,0.2015,10000592,2016-09-28,2016-09-28,P,2.2,2016-03-07
15918,2016-05-16 10:49:00,2016-05-16,0.2015,0.0,0.0,2664.0,0.2015,0.2015,0.2015,10000592,2016-09-28,2016-09-28,P,2.2,2016-03-07
15919,2016-05-16 10:50:00,2016-05-16,0.2015,39380.0,20.0,2674.0,0.2015,0.1966,0.1966,10000592,2016-09-28,2016-09-28,P,2.2,2016-03-07
15920,2016-05-16 10:51:00,2016-05-16,0.1982,9838.0,5.0,2678.0,0.1966,0.1982,0.1964,10000592,2016-09-28,2016-09-28,P,2.2,2016-03-07
15921,2016-05-16 10:52:00,2016-05-16,0.1982,0.0,0.0,2678.0,0.1982,0.1982,0.1982,10000592,2016-09-28,2016-09-28,P,2.2,2016-03-07
15922,2016-05-16 10:53:00,2016-05-16,0.1982,0.0,0.0,2678.0,0.1982,0.1982,0.1982,10000592,2016-09-28,2016-09-28,P,2.2,2016-03-07
15923,2016-05-16 10:54:00,2016-05-16,0.1982,0.0,0.0,2678.0,0.1982,0.1982,0.1982,10000592,2016-09-28,2016-09-28,P,2.2,2016-03-07
15924,2016-05-16 10:55:00,2016-05-16,0.1982,0.0,0.0,2678.0,0.1982,0.1982,0.1982,10000592,2016-09-28,2016-09-28,P,2.2,2016-03-07
15925,2016-05-16 10:56:00,2016-05-16,0.1982,0.0,0.0,2678.0,0.1982,0.1982,0.1982,10000592,2016-09-28,2016-09-28,P,2.2,2016-03-07
15926,2016-05-16 10:57:00,2016-05-16,0.1982,0.0,0.0,2678.0,0.1982,0.1982,0.1982,10000592,2016-09-28,2016-09-28,P,2.2,2016-03-07
15927,2016-05-16 10:58:00,2016-05-16,0.1982,0.0,0.0,2678.0,0.1982,0.1982,0.1982,10000592,2016-09-28,2016-09-28,P,2.2,2016-03-07
15928,2016-05-16 10:59:00,2016-05-16,0.1982,21422.0,11.0,2680.0,0.1982,0.1937,0.1937,10000592,2016-09-28,2016-09-28,P,2.2,2016-03-07
15929,2016-05-16 11:00:00,2016-05-16,0.1937,0.0,0.0,2680.0,0.1937,0.1937,0.1937,10000592,2016-09-28,2016-09-28,P,2.2,2016-03-07
15930,2016-05-16 11:01:00,2016-05-16,0.1937,57770.0,30.0,2700.0,0.1937,0.1921,0.1921,10000592,2016-09-28,2016-09-28,P,2.2,2016-03-07
15931,2016-05-16 11:02:00,2016-05-16,0.1921,0.0,0.0,2700.0,0.1921,0.1921,0.1921,10000592,2016-09-28,2016-09-28,P,2.2,2016-03-07
15932,2016-05-16 11:03:00,2016-05-16,0.1921,0.0,0.0,2700.0,0.1921,0.1921,0.1921,10000592,2016-09-28,2016-09-28,P,2.2,2016-03-07
15933,2016-05-16 11:04:00,2016-05-16,0.1921,0.0,0.0,2700.0,0.1921,0.1921,0.1921,10000592,2016-09-28,2016-09-28,P,2.2,2016-03-07
15934,2016-05-16 11:05:00,2016-05-16,0.1921,0.0,0.0,2700.0,0.1921,0.1921,0.1921,10000592,2016-09-28,2016-09-28,P,2.2,2016-03-07
15935,2016-05-16 11:06:00,2016-05-16,0.1921,0.0,0.0,2700.0,0.1921,0.1921,0.1921,10000592,2016-09-28,2016-09-28,P,2.2,2016-03-07
15936,2016-05-16 11:07:00,2016-05-16,0.1921,0.0,0.0,2700.0,0.1921,0.1921,0.1921,10000592,2016-09-28,2016-09-28,P,2.2,2016-03-07
15937,2016-05-16 11:08:00,2016-05-16,0.1921,0.0,0.0,2700.0,0.1921,0.1921,0.1921,10000592,2016-09-28,2016-09-28,P,2.2,2016-03-07
15938,2016-05-16 11:09:00,2016-05-16,0.1921,0.0,0.0,2700.0,0.1921,0.1921,0.1921,10000592,2016-09-28,2016-09-28,P,2.2,2016-03-07
15939,2016-05-16 11:10:00,2016-05-16,0.1921,0.0,0.0,2700.0,0.1921,0.1921,0.1921,10000592,2016-09-28,2016-09-28,P,2.2,2016-03-07
15940,2016-05-16 11:11:00,2016-05-16,0.1921,0.0,0.0,2700.0,0.1921,0.1921,0.1921,10000592,2016-09-28,2016-09-28,P,2.2,2016-03-07
15941,2016-05-16 11:12:00,2016-05-16,0.1921,0.0,0.0,2700.0,0.1921,0.1921,0.1921,10000592,2016-09-28,2016-09-28,P,2.2,2016-03-07
15942,2016-05-16 11:13:00,2016-05-16,0.1921,0.0,0.0,2700.0,0.1921,0.1921,0.1921,10000592,2016-09-28,2016-09-28,P,2.2,2016-03-07
15943,2016-05-16 11:14:00,2016-05-16,0.1921,0.0,0.0,2700.0,0.1921,0.1921,0.1921,10000592,2016-09-28,2016-09-28,P,2.2,2016-03-07
15944,2016-05-16 11:15:00,2016-05-16,0.1921,0.0,0.0,2700.0,0.1921,0.1921,0.1921,10000592,2016-09-28,2016-09-28,P,2.2,2016-03-07
15945,2016-05-16 11:16:00,2016-05-16,0.1921,0.0,0.0,2700.0,0.1921,0.1921,0.1921,10000592,2016-09-28,2016-09-28,P,2.2,2016-03-07
15946,2016-05-16 11:17:00,2016-05-16,0.1921,0.0,0.0,2700.0,0.1921,0.1921,0.1921,10000592,2016-09-28,2016-09-28,P,2.2,2016-03-07
15947,2016-05-16 11:18:00,2016-05-16,0.1921,0.0,0.0,2700.0,0.1921,0.1921,0.1921,10000592,2016-09-28,2016-09-28,P,2.2,2016-03-07
15948,2016-05-16 11:19:00,2016-05-16,0.1921,0.0,0.0,2700.0,0.1921,0.1921,0.1921,10000592,2016-09-28,2016-09-28,P,2.2,2016-03-07
15949,2016-05-16 11:20:00,2016-05-16,0.1921,0.0,0.0,2700.0,0.1921,0.1921,0.1921,10000592,2016-09-28,2016-09-28,P,2.2,2016-03-07
15950,2016-05-16 11:21:00,2016-05-16,0.1921,0.0,0.0,2700.0,0.1921,0.1921,0.1921,10000592,2016-09-28,2016-09-28,P,2.2,2016-03-07
15951,2016-05-16 11:22:00,2016-05-16,0.1921,0.0,0.0,2700.0,0.1921,0.1921,0.1921,10000592,2016-09-28,2016-09-28,P,2.2,2016-03-07
15952,2016-05-16 11:23:00,2016-05-16,0.1921,0.0,0.0,2700.0,0.1921,0.1921,0.1921,10000592,2016-09-28,2016-09-28,P,2.2,2016-03-07
15953,2016-05-16 11:24:00,2016-05-16,0.1921,0.0,0.0,2700.0,0.1921,0.1921,0.1921,10000592,2016-09-28,2016-09-28,P,2.2,2016-03-07
15954,2016-05-16 11:25:00,2016-05-16,0.1921,0.0,0.0,2700.0,0.1921,0.1921,0.1921,10000592,2016-09-28,2016-09-28,P,2.2,2016-03-07
15955,2016-05-16 11:26:00,2016-05-16,0.1921,0.0,0.0,2700.0,0.1921,0.1921,0.1921,10000592,2016-09-28,2016-09-28,P,2.2,2016-03-07
15956,2016-05-16 11:27:00,2016-05-16,0.1921,0.0,0.0,2700.0,0.1921,0.1921,0.1921,10000592,2016-09-28,2016-09-28,P,2.2,2016-03-07
15957,2016-05-16 11:28:00,2016-05-16,0.1921,0.0,0.0,2700.0,0.1921,0.1921,0.1921,10000592,2016-09-28,2016-09-28,P,2.2,2016-03-07
15958,2016-05-16 11:29:00,2016-05-16,0.1921,0.0,0.0,2700.0,0.1921,0.1921,0.1921,10000592,2016-09-28,2016-09-28,P,2.2,2016-03-07
15959,2016-05-16 11:30:00,2016-05-16,0.1921,0.0,0.0,2700.0,0.1921,0.1921,0.1921,10000592,2016-09-28,2016-09-28,P,2.2,2016-03-07
15960,2016-05-16 13:01:00,2016-05-16,0.1921,0.0,0.0,2700.0,0.1921,0.1921,0.1921,10000592,2016-09-28,2016-09-28,P,2.2,2016-03-07
15961,2016-05-16 13:02:00,2016-05-16,0.1921,0.0,0.0,2700.0,0.1921,0.1921,0.1921,10000592,2016-09-28,2016-09-28,P,2.2,2016-03-07
15962,2016-05-16 13:03:00,2016-05-16,0.1921,0.0,0.0,2700.0,0.1921,0.1921,0.1921,10000592,2016-09-28,2016-09-28,P,2.2,2016-03-07
15963,2016-05-16 13:04:00,2016-05-16,0.1921,0.0,0.0,2700.0,0.1921,0.1921,0.1921,10000592,2016-09-28,2016-09-28,P,2.2,2016-03-07
15964,2016-05-16 13:05:00,2016-05-16,0.1921,0.0,0.0,2700.0,0.1921,0.1921,0.1921,10000592,2016-09-28,2016-09-28,P,2.2,2016-03-07
15965,2016-05-16 13:06:00,2016-05-16,0.1921,0.0,0.0,2700.0,0.1921,0.1921,0.1921,10000592,2016-09-28,2016-09-28,P,2.2,2016-03-07
15966,2016-05-16 13:07:00,2016-05-16,0.1921,0.0,0.0,2700.0,0.1921,0.1921,0.1921,10000592,2016-09-28,2016-09-28,P,2.2,2016-03-07
15967,2016-05-16 13:08:00,2016-05-16,0.1921,0.0,0.0,2700.0,0.1921,0.1921,0.1921,10000592,2016-09-28,2016-09-28,P,2.2,2016-03-07
15968,2016-05-16 13:09:00,2016-05-16,0.1921,0.0,0.0,2700.0,0.1921,0.1921,0.1921,10000592,2016-09-28,2016-09-28,P,2.2,2016-03-07
15969,2016-05-16 13:10:00,2016-05-16,0.1921,0.0,0.0,2700.0,0.1921,0.1921,0.1921,10000592,2016-09-28,2016-09-28,P,2.2,2016-03-07
15970,2016-05-16 13:11:00,2016-05-16,0.1921,0.0,0.0,2700.0,0.1921,0.1921,0.1921,10000592,2016-09-28,2016-09-28,P,2.2,2016-03-07
15971,2016-05-16 13:12:00,2016-05-16,0.1921,0.0,0.0,2700.0,0.1921,0.1921,0.1921,10000592,2016-09-28,2016-09-28,P,2.2,2016-03-07
15972,2016-05-16 13:13:00,2016-05-16,0.1921,0.0,0.0,2700.0,0.1921,0.1921,0.1921,10000592,2016-09-28,2016-09-28,P,2.2,2016-03-07
15973,2016-05-16 13:14:00,2016-05-16,0.1921,0.0,0.0,2700.0,0.1921,0.1921,0.1921,10000592,2016-09-28,2016-09-28,P,2.2,2016-03-07
15974,2016-05-16 13:15:00,2016-05-16,0.1921,0.0,0.0,2700.0,0.1921,0.1921,0.1921,10000592,2016-09-28,2016-09-28,P,2.2,2016-03-07
15975,2016-05-16 13:16:00,2016-05-16,0.1921,0.0,0.0,2700.0,0.1921,0.1921,0.1921,10000592,2016-09-28,2016-09-28,P,2.2,2016-03-07
15976,2016-05-16 13:17:00,2016-05-16,0.1921,0.0,0.0,2700.0,0.1921,0.1921,0.1921,10000592,2016-09-28,2016-09-28,P,2.2,2016-03-07
15977,2016-05-16 13:18:00,2016-05-16,0.1921,0.0,0.0,2700.0,0.1921,0.1921,0.1921,10000592,2016-09-28,2016-09-28,P,2.2,2016-03-07
15978,2016-05-16 13:19:00,2016-05-16,0.1921,0.0,0.0,2700.0,0.1921,0.1921,0.1921,10000592,2016-09-28,2016-09-28,P,2.2,2016-03-07
15979,2016-05-16 13:20:00,2016-05-16,0.1921,0.0,0.0,2700.0,0.1921,0.1921,0.1921,10000592,2016-09-28,2016-09-28,P,2.2,2016-03-07
15980,2016-05-16 13:21:00,2016-05-16,0.1921,0.0,0.0,2700.0,0.1921,0.1921,0.1921,10000592,2016-09-28,2016-09-28,P,2.2,2016-03-07
15981,2016-05-16 13:22:00,2016-05-16,0.1921,0.0,0.0,2700.0,0.1921,0.1921,0.1921,10000592,2016-09-28,2016-09-28,P,2.2,2016-03-07
15982,2016-05-16 13:23:00,2016-05-16,0.1921,0.0,0.0,2700.0,0.1921,0.1921,0.1921,10000592,2016-09-28,2016-09-28,P,2.2,2016-03-07
15983,2016-05-16 13:24:00,2016-05-16,0.1921,0.0,0.0,2700.0,0.1921,0.1921,0.1921,10000592,2016-09-28,2016-09-28,P,2.2,2016-03-07
15984,2016-05-16 13:25:00,2016-05-16,0.1921,0.0,0.0,2700.0,0.1921,0.1921,0.1921,10000592,2016-09-28,2016-09-28,P,2.2,2016-03-07
15985,2016-05-16 13:26:00,2016-05-16,0.1921,0.0,0.0,2700.0,0.1921,0.1921,0.1921,10000592,2016-09-28,2016-09-28,P,2.2,2016-03-07
15986,2016-05-16 13:27:00,2016-05-16,0.1921,0.0,0.0,2700.0,0.1921,0.1921,0.1921,10000592,2016-09-28,2016-09-28,P,2.2,2016-03-07
15987,2016-05-16 13:28:00,2016-05-16,0.1921,0.0,0.0,2700.0,0.1921,0.1921,0.1921,10000592,2016-09-28,2016-09-28,P,2.2,2016-03-07
15988,2016-05-16 13:29:00,2016-05-16,0.1921,0.0,0.0,2700.0,0.1921,0.1921,0.1921,10000592,2016-09-28,2016-09-28,P,2.2,2016-03-07
15989,2016-05-16 13:30:00,2016-05-16,0.1921,0.0,0.0,2700.0,0.1921,0.1921,0.1921,10000592,2016-09-28,2016-09-28,P,2.2,2016-03-07
15990,2016-05-16 13:31:00,2016-05-16,0.1921,0.0,0.0,2700.0,0.1921,0.1921,0.1921,10000592,2016-09-28,2016-09-28,P,2.2,2016-03-07
15991,2016-05-16 13:32:00,2016-05-16,0.1921,0.0,0.0,2700.0,0.1921,0.1921,0.1921,10000592,2016-09-28,2016-09-28,P,2.2,2016-03-07
15992,2016-05-16 13:33:00,2016-05-16,0.1921,0.0,0.0,2700.0,0.1921,0.1921,0.1921,10000592,2016-09-28,2016-09-28,P,2.2,2016-03-07
15993,2016-05-16 13:34:00,2016-05-16,0.1921,0.0,0.0,2700.0,0.1921,0.1921,0.1921,10000592,2016-09-28,2016-09-28,P,2.2,2016-03-07
15994,2016-05-16 13:35:00,2016-05-16,0.1921,0.0,0.0,2700.0,0.1921,0.1921,0.1921,10000592,2016-09-28,2016-09-28,P,2.2,2016-03-07
15995,2016-05-16 13:36:00,2016-05-16,0.1921,0.0,0.0,2700.0,0.1921,0.1921,0.1921,10000592,2016-09-28,2016-09-28,P,2.2,2016-03-07
15996,2016-05-16 13:37:00,2016-05-16,0.1921,0.0,0.0,2700.0,0.1921,0.1921,0.1921,10000592,2016-09-28,2016-09-28,P,2.2,2016-03-07
15997,2016-05-16 13:38:00,2016-05-16,0.1921,0.0,0.0,2700.0,0.1921,0.1921,0.1921,10000592,2016-09-28,2016-09-28,P,2.2,2016-03-07
15998,2016-05-16 13:39:00,2016-05-16,0.1921,0.0,0.0,2700.0,0.1921,0.1921,0.1921,10000592,2016-09-28,2016-09-28,P,2.2,2016-03-07
15999,2016-05-16 13:40:00,2016-05-16,0.1921,0.0,0.0,2700.0,0.1921,0.1921,0.1921,10000592,2016-09-28,2016-09-28,P,2.2,2016-03-07
16000,2016-05-16 13:41:00,2016-05-16,0.1921,0.0,0.0,2700.0,0.1921,0.1921,0.1921,10000592,2016-09-28,2016-09-28,P,2.2,2016-03-07
16001,2016-05-16 13:42:00,2016-05-16,0.1921,0.0,0.0,2700.0,0.1921,0.1921,0.1921,10000592,2016-09-28,2016-09-28,P,2.2,2016-03-07
16002,2016-05-16 13:43:00,2016-05-16,0.1921,0.0,0.0,2700.0,0.1921,0.1921,0.1921,10000592,2016-09-28,2016-09-28,P,2.2,2016-03-07
16003,2016-05-16 13:44:00,2016-05-16,0.1921,0.0,0.0,2700.0,0.1921,0.1921,0.1921,10000592,2016-09-28,2016-09-28,P,2.2,2016-03-07
16004,2016-05-16 13:45:00,2016-05-16,0.1921,0.0,0.0,2700.0,0.1921,0.1921,0.1921,10000592,2016-09-28,2016-09-28,P,2.2,2016-03-07
16005,2016-05-16 13:46:00,2016-05-16,0.1921,0.0,0.0,2700.0,0.1921,0.1921,0.1921,10000592,2016-09-28,2016-09-28,P,2.2,2016-03-07
16006,2016-05-16 13:47:00,2016-05-16,0.1921,0.0,0.0,2700.0,0.1921,0.1921,0.1921,10000592,2016-09-28,2016-09-28,P,2.2,2016-03-07
16007,2016-05-16 13:48:00,2016-05-16,0.1921,0.0,0.0,2700.0,0.1921,0.1921,0.1921,10000592,2016-09-28,2016-09-28,P,2.2,2016-03-07
16008,2016-05-16 13:49:00,2016-05-16,0.1921,0.0,0.0,2700.0,0.1921,0.1921,0.1921,10000592,2016-09-28,2016-09-28,P,2.2,2016-03-07
16009,2016-05-16 13:50:00,2016-05-16,0.1921,0.0,0.0,2700.0,0.1921,0.1921,0.1921,10000592,2016-09-28,2016-09-28,P,2.2,2016-03-07
16010,2016-05-16 13:51:00,2016-05-16,0.1921,0.0,0.0,2700.0,0.1921,0.1921,0.1921,10000592,2016-09-28,2016-09-28,P,2.2,2016-03-07
16011,2016-05-16 13:52:00,2016-05-16,0.196,11760.0,6.0,2700.0,0.1921,0.196,0.1921,10000592,2016-09-28,2016-09-28,P,2.2,2016-03-07
16012,2016-05-16 13:53:00,2016-05-16,0.196,0.0,0.0,2700.0,0.196,0.196,0.196,10000592,2016-09-28,2016-09-28,P,2.2,2016-03-07
16013,2016-05-16 13:54:00,2016-05-16,0.196,0.0,0.0,2700.0,0.196,0.196,0.196,10000592,2016-09-28,2016-09-28,P,2.2,2016-03-07
16014,2016-05-16 13:55:00,2016-05-16,0.196,0.0,0.0,2700.0,0.196,0.196,0.196,10000592,2016-09-28,2016-09-28,P,2.2,2016-03-07
16015,2016-05-16 13:56:00,2016-05-16,0.196,0.0,0.0,2700.0,0.196,0.196,0.196,10000592,2016-09-28,2016-09-28,P,2.2,2016-03-07
16016,2016-05-16 13:57:00,2016-05-16,0.196,0.0,0.0,2700.0,0.196,0.196,0.196,10000592,2016-09-28,2016-09-28,P,2.2,2016-03-07
16017,2016-05-16 13:58:00,2016-05-16,0.196,0.0,0.0,2700.0,0.196,0.196,0.196,10000592,2016-09-28,2016-09-28,P,2.2,2016-03-07
16018,2016-05-16 13:59:00,2016-05-16,0.196,0.0,0.0,2700.0,0.196,0.196,0.196,10000592,2016-09-28,2016-09-28,P,2.2,2016-03-07
16019,2016-05-16 14:00:00,2016-05-16,0.196,0.0,0.0,2700.0,0.196,0.196,0.196,10000592,2016-09-28,2016-09-28,P,2.2,2016-03-07
16020,2016-05-16 14:01:00,2016-05-16,0.196,0.0,0.0,2700.0,0.196,0.196,0.196,10000592,2016-09-28,2016-09-28,P,2.2,2016-03-07
16021,2016-05-16 14:02:00,2016-05-16,0.196,0.0,0.0,2700.0,0.196,0.196,0.196,10000592,2016-09-28,2016-09-28,P,2.2,2016-03-07
16022,2016-05-16 14:03:00,2016-05-16,0.196,0.0,0.0,2700.0,0.196,0.196,0.196,10000592,2016-09-28,2016-09-28,P,2.2,2016-03-07
16023,2016-05-16 14:04:00,2016-05-16,0.196,0.0,0.0,2700.0,0.196,0.196,0.196,10000592,2016-09-28,2016-09-28,P,2.2,2016-03-07
16024,2016-05-16 14:05:00,2016-05-16,0.196,0.0,0.0,2700.0,0.196,0.196,0.196,10000592,2016-09-28,2016-09-28,P,2.2,2016-03-07
16025,2016-05-16 14:06:00,2016-05-16,0.196,0.0,0.0,2700.0,0.196,0.196,0.196,10000592,2016-09-28,2016-09-28,P,2.2,2016-03-07
16026,2016-05-16 14:07:00,2016-05-16,0.196,0.0,0.0,2700.0,0.196,0.196,0.196,10000592,2016-09-28,2016-09-28,P,2.2,2016-03-07
16027,2016-05-16 14:08:00,2016-05-16,0.196,0.0,0.0,2700.0,0.196,0.196,0.196,10000592,2016-09-28,2016-09-28,P,2.2,2016-03-07
16028,2016-05-16 14:09:00,2016-05-16,0.196,0.0,0.0,2700.0,0.196,0.196,0.196,10000592,2016-09-28,2016-09-28,P,2.2,2016-03-07
16029,2016-05-16 14:10:00,2016-05-16,0.196,0.0,0.0,2700.0,0.196,0.196,0.196,10000592,2016-09-28,2016-09-28,P,2.2,2016-03-07
16030,2016-05-16 14:11:00,2016-05-16,0.196,0.0,0.0,2700.0,0.196,0.196,0.196,10000592,2016-09-28,2016-09-28,P,2.2,2016-03-07
16031,2016-05-16 14:12:00,2016-05-16,0.196,0.0,0.0,2700.0,0.196,0.196,0.196,10000592,2016-09-28,2016-09-28,P,2.2,2016-03-07
16032,2016-05-16 14:13:00,2016-05-16,0.196,0.0,0.0,2700.0,0.196,0.196,0.196,10000592,2016-09-28,2016-09-28,P,2.2,2016-03-07
16033,2016-05-16 14:14:00,2016-05-16,0.196,0.0,0.0,2700.0,0.196,0.196,0.196,10000592,2016-09-28,2016-09-28,P,2.2,2016-03-07
16034,2016-05-16 14:15:00,2016-05-16,0.196,0.0,0.0,2700.0,0.196,0.196,0.196,10000592,2016-09-28,2016-09-28,P,2.2,2016-03-07
16035,2016-05-16 14:16:00,2016-05-16,0.196,0.0,0.0,2700.0,0.196,0.196,0.196,10000592,2016-09-28,2016-09-28,P,2.2,2016-03-07
16036,2016-05-16 14:17:00,2016-05-16,0.196,0.0,0.0,2700.0,0.196,0.196,0.196,10000592,2016-09-28,2016-09-28,P,2.2,2016-03-07
16037,2016-05-16 14:18:00,2016-05-16,0.196,0.0,0.0,2700.0,0.196,0.196,0.196,10000592,2016-09-28,2016-09-28,P,2.2,2016-03-07
16038,2016-05-16 14:19:00,2016-05-16,0.196,0.0,0.0,2700.0,0.196,0.196,0.196,10000592,2016-09-28,2016-09-28,P,2.2,2016-03-07
16039,2016-05-16 14:20:00,2016-05-16,0.196,0.0,0.0,2700.0,0.196,0.196,0.196,10000592,2016-09-28,2016-09-28,P,2.2,2016-03-07
16040,2016-05-16 14:21:00,2016-05-16,0.196,0.0,0.0,2700.0,0.196,0.196,0.196,10000592,2016-09-28,2016-09-28,P,2.2,2016-03-07
16041,2016-05-16 14:22:00,2016-05-16,0.196,0.0,0.0,2700.0,0.196,0.196,0.196,10000592,2016-09-28,2016-09-28,P,2.2,2016-03-07
16042,2016-05-16 14:23:00,2016-05-16,0.196,0.0,0.0,2700.0,0.196,0.196,0.196,10000592,2016-09-28,2016-09-28,P,2.2,2016-03-07
16043,2016-05-16 14:24:00,2016-05-16,0.196,0.0,0.0,2700.0,0.196,0.196,0.196,10000592,2016-09-28,2016-09-28,P,2.2,2016-03-07
16044,2016-05-16 14:25:00,2016-05-16,0.196,0.0,0.0,2700.0,0.196,0.196,0.196,10000592,2016-09-28,2016-09-28,P,2.2,2016-03-07
16045,2016-05-16 14:26:00,2016-05-16,0.196,0.0,0.0,2700.0,0.196,0.196,0.196,10000592,2016-09-28,2016-09-28,P,2.2,2016-03-07
16046,2016-05-16 14:27:00,2016-05-16,0.196,0.0,0.0,2700.0,0.196,0.196,0.196,10000592,2016-09-28,2016-09-28,P,2.2,2016-03-07
16047,2016-05-16 14:28:00,2016-05-16,0.196,0.0,0.0,2700.0,0.196,0.196,0.196,10000592,2016-09-28,2016-09-28,P,2.2,2016-03-07
16048,2016-05-16 14:29:00,2016-05-16,0.196,0.0,0.0,2700.0,0.196,0.196,0.196,10000592,2016-09-28,2016-09-28,P,2.2,2016-03-07
16049,2016-05-16 14:30:00,2016-05-16,0.196,0.0,0.0,2700.0,0.196,0.196,0.196,10000592,2016-09-28,2016-09-28,P,2.2,2016-03-07
16050,2016-05-16 14:31:00,2016-05-16,0.196,0.0,0.0,2700.0,0.196,0.196,0.196,10000592,2016-09-28,2016-09-28,P,2.2,2016-03-07
16051,2016-05-16 14:32:00,2016-05-16,0.196,0.0,0.0,2700.0,0.196,0.196,0.196,10000592,2016-09-28,2016-09-28,P,2.2,2016-03-07
16052,2016-05-16 14:33:00,2016-05-16,0.196,0.0,0.0,2700.0,0.196,0.196,0.196,10000592,2016-09-28,2016-09-28,P,2.2,2016-03-07
16053,2016-05-16 14:34:00,2016-05-16,0.196,0.0,0.0,2700.0,0.196,0.196,0.196,10000592,2016-09-28,2016-09-28,P,2.2,2016-03-07
16054,2016-05-16 14:35:00,2016-05-16,0.196,0.0,0.0,2700.0,0.196,0.196,0.196,10000592,2016-09-28,2016-09-28,P,2.2,2016-03-07
16055,2016-05-16 14:36:00,2016-05-16,0.196,0.0,0.0,2700.0,0.196,0.196,0.196,10000592,2016-09-28,2016-09-28,P,2.2,2016-03-07
16056,2016-05-16 14:37:00,2016-05-16,0.196,0.0,0.0,2700.0,0.196,0.196,0.196,10000592,2016-09-28,2016-09-28,P,2.2,2016-03-07
16057,2016-05-16 14:38:00,2016-05-16,0.196,17334.0,9.0,2691.0,0.196,0.1926,0.1926,10000592,2016-09-28,2016-09-28,P,2.2,2016-03-07
16058,2016-05-16 14:39:00,2016-05-16,0.1926,0.0,0.0,2691.0,0.1926,0.1926,0.1926,10000592,2016-09-28,2016-09-28,P,2.2,2016-03-07
16059,2016-05-16 14:40:00,2016-05-16,0.1926,0.0,0.0,2691.0,0.1926,0.1926,0.1926,10000592,2016-09-28,2016-09-28,P,2.2,2016-03-07
16060,2016-05-16 14:41:00,2016-05-16,0.1926,0.0,0.0,2691.0,0.1926,0.1926,0.1926,10000592,2016-09-28,2016-09-28,P,2.2,2016-03-07
16061,2016-05-16 14:42:00,2016-05-16,0.1926,0.0,0.0,2691.0,0.1926,0.1926,0.1926,10000592,2016-09-28,2016-09-28,P,2.2,2016-03-07
16062,2016-05-16 14:43:00,2016-05-16,0.1926,0.0,0.0,2691.0,0.1926,0.1926,0.1926,10000592,2016-09-28,2016-09-28,P,2.2,2016-03-07
16063,2016-05-16 14:44:00,2016-05-16,0.1926,0.0,0.0,2691.0,0.1926,0.1926,0.1926,10000592,2016-09-28,2016-09-28,P,2.2,2016-03-07
16064,2016-05-16 14:45:00,2016-05-16,0.1926,0.0,0.0,2691.0,0.1926,0.1926,0.1926,10000592,2016-09-28,2016-09-28,P,2.2,2016-03-07
16065,2016-05-16 14:46:00,2016-05-16,0.1926,0.0,0.0,2691.0,0.1926,0.1926,0.1926,10000592,2016-09-28,2016-09-28,P,2.2,2016-03-07
16066,2016-05-16 14:47:00,2016-05-16,0.1926,0.0,0.0,2691.0,0.1926,0.1926,0.1926,10000592,2016-09-28,2016-09-28,P,2.2,2016-03-07
16067,2016-05-16 14:48:00,2016-05-16,0.1926,0.0,0.0,2691.0,0.1926,0.1926,0.1926,10000592,2016-09-28,2016-09-28,P,2.2,2016-03-07
16068,2016-05-16 14:49:00,2016-05-16,0.1926,0.0,0.0,2691.0,0.1926,0.1926,0.1926,10000592,2016-09-28,2016-09-28,P,2.2,2016-03-07
16069,2016-05-16 14:50:00,2016-05-16,0.1926,57751.0,30.0,2673.0,0.1926,0.1923,0.1923,10000592,2016-09-28,2016-09-28,P,2.2,2016-03-07
16070,2016-05-16 14:51:00,2016-05-16,0.1923,0.0,0.0,2673.0,0.1923,0.1923,0.1923,10000592,2016-09-28,2016-09-28,P,2.2,2016-03-07
16071,2016-05-16 14:52:00,2016-05-16,0.1923,0.0,0.0,2673.0,0.1923,0.1923,0.1923,10000592,2016-09-28,2016-09-28,P,2.2,2016-03-07
16072,2016-05-16 14:53:00,2016-05-16,0.1923,0.0,0.0,2673.0,0.1923,0.1923,0.1923,10000592,2016-09-28,2016-09-28,P,2.2,2016-03-07
16073,2016-05-16 14:54:00,2016-05-16,0.1923,0.0,0.0,2673.0,0.1923,0.1923,0.1923,10000592,2016-09-28,2016-09-28,P,2.2,2016-03-07
16074,2016-05-16 14:55:00,2016-05-16,0.1923,0.0,0.0,2673.0,0.1923,0.1923,0.1923,10000592,2016-09-28,2016-09-28,P,2.2,2016-03-07
16075,2016-05-16 14:56:00,2016-05-16,0.1923,0.0,0.0,2673.0,0.1923,0.1923,0.1923,10000592,2016-09-28,2016-09-28,P,2.2,2016-03-07
16076,2016-05-16 14:57:00,2016-05-16,0.1923,0.0,0.0,2673.0,0.1923,0.1923,0.1923,10000592,2016-09-28,2016-09-28,P,2.2,2016-03-07
16077,2016-05-16 14:58:00,2016-05-16,0.1923,0.0,0.0,2673.0,0.1923,0.1923,0.1923,10000592,2016-09-28,2016-09-28,P,2.2,2016-03-07
16078,2016-05-16 14:59:00,2016-05-16,0.1923,0.0,0.0,2673.0,0.1923,0.1923,0.1923,10000592,2016-09-28,2016-09-28,P,2.2,2016-03-07
16079,2016-05-16 15:00:00,2016-05-16,0.1923,0.0,0.0,2673.0,0.1923,0.1923,0.1923,10000592,2016-09-28,2016-09-28,P,2.2,2016-03-07
16080,2016-05-16 09:31:00,2016-05-16,0.0015,227.0,21.0,32783.0,0.0014,0.0015,0.0014,10000604,2016-05-25,2016-05-25,C,2.2,2016-03-24
16081,2016-05-16 09:32:00,2016-05-16,0.0015,246.0,27.0,32783.0,0.0015,0.0008,0.0008,10000604,2016-05-25,2016-05-25,C,2.2,2016-03-24
16082,2016-05-16 09:33:00,2016-05-16,0.0011,345.0,32.0,32781.0,0.0011,0.001,0.001,10000604,2016-05-25,2016-05-25,C,2.2,2016-03-24
16083,2016-05-16 09:34:00,2016-05-16,0.0012,780.0,70.0,32751.0,0.001,0.0012,0.001,10000604,2016-05-25,2016-05-25,C,2.2,2016-03-24
16084,2016-05-16 09:35:00,2016-05-16,0.0012,132.0,12.0,32753.0,0.0012,0.0011,0.0011,10000604,2016-05-25,2016-05-25,C,2.2,2016-03-24
16085,2016-05-16 09:36:00,2016-05-16,0.0011,286.0,26.0,32753.0,0.0011,0.0011,0.0011,10000604,2016-05-25,2016-05-25,C,2.2,2016-03-24
16086,2016-05-16 09:37:00,2016-05-16,0.0012,186.0,16.0,32746.0,0.0011,0.0012,0.0011,10000604,2016-05-25,2016-05-25,C,2.2,2016-03-24
16087,2016-05-16 09:38:00,2016-05-16,0.0012,304.0,29.0,32748.0,0.0012,0.0011,0.001,10000604,2016-05-25,2016-05-25,C,2.2,2016-03-24
16088,2016-05-16 09:39:00,2016-05-16,0.0011,77.0,7.0,32754.0,0.0011,0.0011,0.0011,10000604,2016-05-25,2016-05-25,C,2.2,2016-03-24
16089,2016-05-16 09:40:00,2016-05-16,0.0012,364.0,32.0,32764.0,0.0012,0.0011,0.0011,10000604,2016-05-25,2016-05-25,C,2.2,2016-03-24
16090,2016-05-16 09:41:00,2016-05-16,0.0011,0.0,0.0,32764.0,0.0011,0.0011,0.0011,10000604,2016-05-25,2016-05-25,C,2.2,2016-03-24
16091,2016-05-16 09:42:00,2016-05-16,0.0011,340.0,31.0,32784.0,0.0011,0.0011,0.001,10000604,2016-05-25,2016-05-25,C,2.2,2016-03-24
16092,2016-05-16 09:43:00,2016-05-16,0.0011,900.0,90.0,32784.0,0.0011,0.001,0.001,10000604,2016-05-25,2016-05-25,C,2.2,2016-03-24
16093,2016-05-16 09:44:00,2016-05-16,0.0011,699.0,69.0,32781.0,0.001,0.0011,0.001,10000604,2016-05-25,2016-05-25,C,2.2,2016-03-24
16094,2016-05-16 09:45:00,2016-05-16,0.0011,330.0,30.0,32781.0,0.0011,0.0011,0.0011,10000604,2016-05-25,2016-05-25,C,2.2,2016-03-24
16095,2016-05-16 09:46:00,2016-05-16,0.0011,541.0,50.0,32771.0,0.0011,0.0011,0.001,10000604,2016-05-25,2016-05-25,C,2.2,2016-03-24
16096,2016-05-16 09:47:00,2016-05-16,0.0011,220.0,20.0,32771.0,0.0011,0.0011,0.0011,10000604,2016-05-25,2016-05-25,C,2.2,2016-03-24
16097,2016-05-16 09:48:00,2016-05-16,0.0011,0.0,0.0,32771.0,0.0011,0.0011,0.0011,10000604,2016-05-25,2016-05-25,C,2.2,2016-03-24
16098,2016-05-16 09:49:00,2016-05-16,0.0011,0.0,0.0,32771.0,0.0011,0.0011,0.0011,10000604,2016-05-25,2016-05-25,C,2.2,2016-03-24
16099,2016-05-16 09:50:00,2016-05-16,0.0011,240.0,24.0,32782.0,0.0011,0.001,0.001,10000604,2016-05-25,2016-05-25,C,2.2,2016-03-24
16100,2016-05-16 09:51:00,2016-05-16,0.001,20.0,2.0,32784.0,0.001,0.001,0.001,10000604,2016-05-25,2016-05-25,C,2.2,2016-03-24
16101,2016-05-16 09:52:00,2016-05-16,0.001,740.0,74.0,32793.0,0.001,0.001,0.001,10000604,2016-05-25,2016-05-25,C,2.2,2016-03-24
16102,2016-05-16 09:53:00,2016-05-16,0.001,526.0,67.0,32816.0,0.001,0.0006,0.0006,10000604,2016-05-25,2016-05-25,C,2.2,2016-03-24
16103,2016-05-16 09:54:00,2016-05-16,0.0006,0.0,0.0,32816.0,0.0006,0.0006,0.0006,10000604,2016-05-25,2016-05-25,C,2.2,2016-03-24
16104,2016-05-16 09:55:00,2016-05-16,0.0006,0.0,0.0,32816.0,0.0006,0.0006,0.0006,10000604,2016-05-25,2016-05-25,C,2.2,2016-03-24
16105,2016-05-16 09:56:00,2016-05-16,0.0008,24.0,3.0,32816.0,0.0006,0.0008,0.0006,10000604,2016-05-25,2016-05-25,C,2.2,2016-03-24
16106,2016-05-16 09:57:00,2016-05-16,0.001,20.0,2.0,32816.0,0.001,0.001,0.001,10000604,2016-05-25,2016-05-25,C,2.2,2016-03-24
16107,2016-05-16 09:58:00,2016-05-16,0.001,0.0,0.0,32816.0,0.001,0.001,0.001,10000604,2016-05-25,2016-05-25,C,2.2,2016-03-24
16108,2016-05-16 09:59:00,2016-05-16,0.001,580.0,60.0,32816.0,0.001,0.001,0.0009,10000604,2016-05-25,2016-05-25,C,2.2,2016-03-24
16109,2016-05-16 10:00:00,2016-05-16,0.001,410.0,41.0,32817.0,0.001,0.001,0.001,10000604,2016-05-25,2016-05-25,C,2.2,2016-03-24
16110,2016-05-16 10:01:00,2016-05-16,0.001,510.0,51.0,32794.0,0.001,0.001,0.001,10000604,2016-05-25,2016-05-25,C,2.2,2016-03-24
16111,2016-05-16 10:02:00,2016-05-16,0.001,660.0,66.0,32774.0,0.001,0.001,0.001,10000604,2016-05-25,2016-05-25,C,2.2,2016-03-24
16112,2016-05-16 10:03:00,2016-05-16,0.001,100.0,10.0,32774.0,0.001,0.001,0.001,10000604,2016-05-25,2016-05-25,C,2.2,2016-03-24
16113,2016-05-16 10:04:00,2016-05-16,0.001,0.0,0.0,32774.0,0.001,0.001,0.001,10000604,2016-05-25,2016-05-25,C,2.2,2016-03-24
16114,2016-05-16 10:05:00,2016-05-16,0.0009,9.0,1.0,32773.0,0.0009,0.0009,0.0009,10000604,2016-05-25,2016-05-25,C,2.2,2016-03-24
16115,2016-05-16 10:06:00,2016-05-16,0.001,190.0,20.0,32773.0,0.0009,0.0009,0.0009,10000604,2016-05-25,2016-05-25,C,2.2,2016-03-24
16116,2016-05-16 10:07:00,2016-05-16,0.0011,584.0,56.0,32763.0,0.0009,0.0011,0.0009,10000604,2016-05-25,2016-05-25,C,2.2,2016-03-24
16117,2016-05-16 10:08:00,2016-05-16,0.0011,1100.0,100.0,32763.0,0.0011,0.0011,0.0011,10000604,2016-05-25,2016-05-25,C,2.2,2016-03-24
16118,2016-05-16 10:09:00,2016-05-16,0.0011,330.0,30.0,32756.0,0.0011,0.0011,0.0011,10000604,2016-05-25,2016-05-25,C,2.2,2016-03-24
16119,2016-05-16 10:10:00,2016-05-16,0.0012,560.0,50.0,32766.0,0.0012,0.0011,0.0011,10000604,2016-05-25,2016-05-25,C,2.2,2016-03-24
16120,2016-05-16 10:11:00,2016-05-16,0.0011,1100.0,100.0,32856.0,0.0011,0.0011,0.0011,10000604,2016-05-25,2016-05-25,C,2.2,2016-03-24
16121,2016-05-16 10:12:00,2016-05-16,0.0011,11.0,1.0,32856.0,0.0011,0.0011,0.0011,10000604,2016-05-25,2016-05-25,C,2.2,2016-03-24
16122,2016-05-16 10:13:00,2016-05-16,0.0011,110.0,10.0,32856.0,0.0011,0.0011,0.0011,10000604,2016-05-25,2016-05-25,C,2.2,2016-03-24
16123,2016-05-16 10:14:00,2016-05-16,0.0011,330.0,30.0,32876.0,0.0011,0.0011,0.0011,10000604,2016-05-25,2016-05-25,C,2.2,2016-03-24
16124,2016-05-16 10:15:00,2016-05-16,0.0011,671.0,61.0,32884.0,0.0011,0.0011,0.0011,10000604,2016-05-25,2016-05-25,C,2.2,2016-03-24
16125,2016-05-16 10:16:00,2016-05-16,0.0011,0.0,0.0,32884.0,0.0011,0.0011,0.0011,10000604,2016-05-25,2016-05-25,C,2.2,2016-03-24
16126,2016-05-16 10:17:00,2016-05-16,0.0011,0.0,0.0,32884.0,0.0011,0.0011,0.0011,10000604,2016-05-25,2016-05-25,C,2.2,2016-03-24
16127,2016-05-16 10:18:00,2016-05-16,0.0012,120.0,10.0,32884.0,0.0011,0.0012,0.0011,10000604,2016-05-25,2016-05-25,C,2.2,2016-03-24
16128,2016-05-16 10:19:00,2016-05-16,0.0012,0.0,0.0,32884.0,0.0012,0.0012,0.0012,10000604,2016-05-25,2016-05-25,C,2.2,2016-03-24
16129,2016-05-16 10:20:00,2016-05-16,0.0012,0.0,0.0,32884.0,0.0012,0.0012,0.0012,10000604,2016-05-25,2016-05-25,C,2.2,2016-03-24
16130,2016-05-16 10:21:00,2016-05-16,0.0012,660.0,60.0,32884.0,0.0012,0.0011,0.0011,10000604,2016-05-25,2016-05-25,C,2.2,2016-03-24
16131,2016-05-16 10:22:00,2016-05-16,0.001,700.0,70.0,32844.0,0.001,0.001,0.001,10000604,2016-05-25,2016-05-25,C,2.2,2016-03-24
16132,2016-05-16 10:23:00,2016-05-16,0.001,190.0,20.0,32824.0,0.001,0.0008,0.0008,10000604,2016-05-25,2016-05-25,C,2.2,2016-03-24
16133,2016-05-16 10:24:00,2016-05-16,0.0009,63.0,7.0,32824.0,0.0008,0.0009,0.0008,10000604,2016-05-25,2016-05-25,C,2.2,2016-03-24
16134,2016-05-16 10:25:00,2016-05-16,0.001,379.0,41.0,32824.0,0.0009,0.0009,0.0009,10000604,2016-05-25,2016-05-25,C,2.2,2016-03-24
16135,2016-05-16 10:26:00,2016-05-16,0.001,763.0,77.0,32839.0,0.001,0.001,0.0009,10000604,2016-05-25,2016-05-25,C,2.2,2016-03-24
16136,2016-05-16 10:27:00,2016-05-16,0.001,350.0,35.0,32839.0,0.001,0.001,0.001,10000604,2016-05-25,2016-05-25,C,2.2,2016-03-24
16137,2016-05-16 10:28:00,2016-05-16,0.001,0.0,0.0,32839.0,0.001,0.001,0.001,10000604,2016-05-25,2016-05-25,C,2.2,2016-03-24
16138,2016-05-16 10:29:00,2016-05-16,0.001,0.0,0.0,32839.0,0.001,0.001,0.001,10000604,2016-05-25,2016-05-25,C,2.2,2016-03-24
16139,2016-05-16 10:30:00,2016-05-16,0.001,0.0,0.0,32839.0,0.001,0.001,0.001,10000604,2016-05-25,2016-05-25,C,2.2,2016-03-24
16140,2016-05-16 10:31:00,2016-05-16,0.001,100.0,10.0,32849.0,0.001,0.001,0.001,10000604,2016-05-25,2016-05-25,C,2.2,2016-03-24
16141,2016-05-16 10:32:00,2016-05-16,0.001,200.0,20.0,32849.0,0.001,0.001,0.001,10000604,2016-05-25,2016-05-25,C,2.2,2016-03-24
16142,2016-05-16 10:33:00,2016-05-16,0.001,440.0,44.0,32849.0,0.001,0.001,0.001,10000604,2016-05-25,2016-05-25,C,2.2,2016-03-24
16143,2016-05-16 10:34:00,2016-05-16,0.001,100.0,10.0,32849.0,0.001,0.001,0.001,10000604,2016-05-25,2016-05-25,C,2.2,2016-03-24
16144,2016-05-16 10:35:00,2016-05-16,0.001,0.0,0.0,32849.0,0.001,0.001,0.001,10000604,2016-05-25,2016-05-25,C,2.2,2016-03-24
16145,2016-05-16 10:36:00,2016-05-16,0.001,0.0,0.0,32849.0,0.001,0.001,0.001,10000604,2016-05-25,2016-05-25,C,2.2,2016-03-24
16146,2016-05-16 10:37:00,2016-05-16,0.001,0.0,0.0,32849.0,0.001,0.001,0.001,10000604,2016-05-25,2016-05-25,C,2.2,2016-03-24
16147,2016-05-16 10:38:00,2016-05-16,0.0011,11.0,1.0,32849.0,0.001,0.0011,0.001,10000604,2016-05-25,2016-05-25,C,2.2,2016-03-24
16148,2016-05-16 10:39:00,2016-05-16,0.0011,50.0,5.0,32849.0,0.0011,0.001,0.001,10000604,2016-05-25,2016-05-25,C,2.2,2016-03-24
16149,2016-05-16 10:40:00,2016-05-16,0.001,100.0,10.0,32849.0,0.001,0.001,0.001,10000604,2016-05-25,2016-05-25,C,2.2,2016-03-24
16150,2016-05-16 10:41:00,2016-05-16,0.0011,121.0,11.0,32838.0,0.0011,0.0011,0.0011,10000604,2016-05-25,2016-05-25,C,2.2,2016-03-24
16151,2016-05-16 10:42:00,2016-05-16,0.0011,0.0,0.0,32838.0,0.0011,0.0011,0.0011,10000604,2016-05-25,2016-05-25,C,2.2,2016-03-24
16152,2016-05-16 10:43:00,2016-05-16,0.0011,0.0,0.0,32838.0,0.0011,0.0011,0.0011,10000604,2016-05-25,2016-05-25,C,2.2,2016-03-24
16153,2016-05-16 10:44:00,2016-05-16,0.0011,0.0,0.0,32838.0,0.0011,0.0011,0.0011,10000604,2016-05-25,2016-05-25,C,2.2,2016-03-24
16154,2016-05-16 10:45:00,2016-05-16,0.0011,0.0,0.0,32838.0,0.0011,0.0011,0.0011,10000604,2016-05-25,2016-05-25,C,2.2,2016-03-24
16155,2016-05-16 10:46:00,2016-05-16,0.0011,0.0,0.0,32838.0,0.0011,0.0011,0.0011,10000604,2016-05-25,2016-05-25,C,2.2,2016-03-24
16156,2016-05-16 10:47:00,2016-05-16,0.0011,0.0,0.0,32838.0,0.0011,0.0011,0.0011,10000604,2016-05-25,2016-05-25,C,2.2,2016-03-24
16157,2016-05-16 10:48:00,2016-05-16,0.0011,400.0,40.0,32838.0,0.0011,0.001,0.001,10000604,2016-05-25,2016-05-25,C,2.2,2016-03-24
16158,2016-05-16 10:49:00,2016-05-16,0.0011,610.0,60.0,32828.0,0.001,0.001,0.001,10000604,2016-05-25,2016-05-25,C,2.2,2016-03-24
16159,2016-05-16 10:50:00,2016-05-16,0.0011,682.0,62.0,32832.0,0.001,0.0011,0.001,10000604,2016-05-25,2016-05-25,C,2.2,2016-03-24
16160,2016-05-16 10:51:00,2016-05-16,0.0012,990.0,89.0,32857.0,0.0011,0.0012,0.0011,10000604,2016-05-25,2016-05-25,C,2.2,2016-03-24
16161,2016-05-16 10:52:00,2016-05-16,0.0012,420.0,35.0,32857.0,0.0012,0.0012,0.0012,10000604,2016-05-25,2016-05-25,C,2.2,2016-03-24
16162,2016-05-16 10:53:00,2016-05-16,0.0012,0.0,0.0,32857.0,0.0012,0.0012,0.0012,10000604,2016-05-25,2016-05-25,C,2.2,2016-03-24
16163,2016-05-16 10:54:00,2016-05-16,0.0012,450.0,40.0,32837.0,0.0012,0.0011,0.0011,10000604,2016-05-25,2016-05-25,C,2.2,2016-03-24
16164,2016-05-16 10:55:00,2016-05-16,0.0011,110.0,10.0,32827.0,0.0011,0.0011,0.0011,10000604,2016-05-25,2016-05-25,C,2.2,2016-03-24
16165,2016-05-16 10:56:00,2016-05-16,0.0012,780.0,65.0,32827.0,0.0011,0.0012,0.0011,10000604,2016-05-25,2016-05-25,C,2.2,2016-03-24
16166,2016-05-16 10:57:00,2016-05-16,0.0012,12.0,1.0,32826.0,0.0012,0.0012,0.0012,10000604,2016-05-25,2016-05-25,C,2.2,2016-03-24
16167,2016-05-16 10:58:00,2016-05-16,0.0012,972.0,81.0,32808.0,0.0012,0.0012,0.0012,10000604,2016-05-25,2016-05-25,C,2.2,2016-03-24
16168,2016-05-16 10:59:00,2016-05-16,0.0013,130.0,10.0,32808.0,0.0012,0.0013,0.0012,10000604,2016-05-25,2016-05-25,C,2.2,2016-03-24
16169,2016-05-16 11:00:00,2016-05-16,0.0013,0.0,0.0,32808.0,0.0013,0.0013,0.0013,10000604,2016-05-25,2016-05-25,C,2.2,2016-03-24
16170,2016-05-16 11:01:00,2016-05-16,0.0013,0.0,0.0,32808.0,0.0013,0.0013,0.0013,10000604,2016-05-25,2016-05-25,C,2.2,2016-03-24
16171,2016-05-16 11:02:00,2016-05-16,0.0015,1810.0,131.0,32789.0,0.0013,0.0012,0.0012,10000604,2016-05-25,2016-05-25,C,2.2,2016-03-24
16172,2016-05-16 11:03:00,2016-05-16,0.0012,420.0,35.0,32824.0,0.0012,0.0012,0.0012,10000604,2016-05-25,2016-05-25,C,2.2,2016-03-24
16173,2016-05-16 11:04:00,2016-05-16,0.0012,33.0,3.0,32824.0,0.0012,0.0011,0.0011,10000604,2016-05-25,2016-05-25,C,2.2,2016-03-24
16174,2016-05-16 11:05:00,2016-05-16,0.0012,120.0,10.0,32834.0,0.0011,0.0012,0.0011,10000604,2016-05-25,2016-05-25,C,2.2,2016-03-24
16175,2016-05-16 11:06:00,2016-05-16,0.0012,491.0,41.0,32844.0,0.0011,0.0012,0.0011,10000604,2016-05-25,2016-05-25,C,2.2,2016-03-24
16176,2016-05-16 11:07:00,2016-05-16,0.0012,0.0,0.0,32844.0,0.0012,0.0012,0.0012,10000604,2016-05-25,2016-05-25,C,2.2,2016-03-24
16177,2016-05-16 11:08:00,2016-05-16,0.0012,0.0,0.0,32844.0,0.0012,0.0012,0.0012,10000604,2016-05-25,2016-05-25,C,2.2,2016-03-24
16178,2016-05-16 11:09:00,2016-05-16,0.0012,360.0,30.0,32829.0,0.0012,0.0012,0.0012,10000604,2016-05-25,2016-05-25,C,2.2,2016-03-24
16179,2016-05-16 11:10:00,2016-05-16,0.0012,1415.0,125.0,32764.0,0.0012,0.0011,0.0011,10000604,2016-05-25,2016-05-25,C,2.2,2016-03-24
16180,2016-05-16 11:11:00,2016-05-16,0.0012,575.0,50.0,32764.0,0.0011,0.0012,0.0011,10000604,2016-05-25,2016-05-25,C,2.2,2016-03-24
16181,2016-05-16 11:12:00,2016-05-16,0.0012,300.0,30.0,32744.0,0.0012,0.001,0.001,10000604,2016-05-25,2016-05-25,C,2.2,2016-03-24
16182,2016-05-16 11:13:00,2016-05-16,0.001,610.0,61.0,32704.0,0.001,0.001,0.001,10000604,2016-05-25,2016-05-25,C,2.2,2016-03-24
16183,2016-05-16 11:14:00,2016-05-16,0.0012,980.0,92.0,32664.0,0.001,0.0011,0.001,10000604,2016-05-25,2016-05-25,C,2.2,2016-03-24
16184,2016-05-16 11:15:00,2016-05-16,0.0012,520.0,50.0,32644.0,0.0011,0.001,0.001,10000604,2016-05-25,2016-05-25,C,2.2,2016-03-24
16185,2016-05-16 11:16:00,2016-05-16,0.0011,190.0,18.0,32636.0,0.0011,0.001,0.001,10000604,2016-05-25,2016-05-25,C,2.2,2016-03-24
16186,2016-05-16 11:17:00,2016-05-16,0.0011,210.0,20.0,32646.0,0.001,0.001,0.001,10000604,2016-05-25,2016-05-25,C,2.2,2016-03-24
16187,2016-05-16 11:18:00,2016-05-16,0.001,200.0,20.0,32636.0,0.001,0.001,0.001,10000604,2016-05-25,2016-05-25,C,2.2,2016-03-24
16188,2016-05-16 11:19:00,2016-05-16,0.001,370.0,40.0,32636.0,0.001,0.0009,0.0009,10000604,2016-05-25,2016-05-25,C,2.2,2016-03-24
16189,2016-05-16 11:20:00,2016-05-16,0.0009,0.0,0.0,32636.0,0.0009,0.0009,0.0009,10000604,2016-05-25,2016-05-25,C,2.2,2016-03-24
16190,2016-05-16 11:21:00,2016-05-16,0.0011,130.0,12.0,32646.0,0.0009,0.001,0.0009,10000604,2016-05-25,2016-05-25,C,2.2,2016-03-24
16191,2016-05-16 11:22:00,2016-05-16,0.001,0.0,0.0,32646.0,0.001,0.001,0.001,10000604,2016-05-25,2016-05-25,C,2.2,2016-03-24
16192,2016-05-16 11:23:00,2016-05-16,0.001,0.0,0.0,32646.0,0.001,0.001,0.001,10000604,2016-05-25,2016-05-25,C,2.2,2016-03-24
16193,2016-05-16 11:24:00,2016-05-16,0.001,600.0,60.0,32656.0,0.001,0.001,0.001,10000604,2016-05-25,2016-05-25,C,2.2,2016-03-24
16194,2016-05-16 11:25:00,2016-05-16,0.001,0.0,0.0,32656.0,0.001,0.001,0.001,10000604,2016-05-25,2016-05-25,C,2.2,2016-03-24
16195,2016-05-16 11:26:00,2016-05-16,0.001,0.0,0.0,32656.0,0.001,0.001,0.001,10000604,2016-05-25,2016-05-25,C,2.2,2016-03-24
16196,2016-05-16 11:27:00,2016-05-16,0.0011,550.0,50.0,32636.0,0.0011,0.0011,0.0011,10000604,2016-05-25,2016-05-25,C,2.2,2016-03-24
16197,2016-05-16 11:28:00,2016-05-16,0.0011,22.0,2.0,32636.0,0.0011,0.0011,0.0011,10000604,2016-05-25,2016-05-25,C,2.2,2016-03-24
16198,2016-05-16 11:29:00,2016-05-16,0.0011,0.0,0.0,32636.0,0.0011,0.0011,0.0011,10000604,2016-05-25,2016-05-25,C,2.2,2016-03-24
16199,2016-05-16 11:30:00,2016-05-16,0.0011,0.0,0.0,32636.0,0.0011,0.0011,0.0011,10000604,2016-05-25,2016-05-25,C,2.2,2016-03-24
16200,2016-05-16 13:01:00,2016-05-16,0.0011,500.0,50.0,32636.0,0.0011,0.001,0.001,10000604,2016-05-25,2016-05-25,C,2.2,2016-03-24
16201,2016-05-16 13:02:00,2016-05-16,0.001,450.0,50.0,32636.0,0.001,0.0009,0.0009,10000604,2016-05-25,2016-05-25,C,2.2,2016-03-24
16202,2016-05-16 13:03:00,2016-05-16,0.0009,0.0,0.0,32636.0,0.0009,0.0009,0.0009,10000604,2016-05-25,2016-05-25,C,2.2,2016-03-24
16203,2016-05-16 13:04:00,2016-05-16,0.0009,0.0,0.0,32636.0,0.0009,0.0009,0.0009,10000604,2016-05-25,2016-05-25,C,2.2,2016-03-24
16204,2016-05-16 13:05:00,2016-05-16,0.001,100.0,10.0,32645.0,0.001,0.001,0.001,10000604,2016-05-25,2016-05-25,C,2.2,2016-03-24
16205,2016-05-16 13:06:00,2016-05-16,0.001,0.0,0.0,32645.0,0.001,0.001,0.001,10000604,2016-05-25,2016-05-25,C,2.2,2016-03-24
16206,2016-05-16 13:07:00,2016-05-16,0.001,0.0,0.0,32645.0,0.001,0.001,0.001,10000604,2016-05-25,2016-05-25,C,2.2,2016-03-24
16207,2016-05-16 13:08:00,2016-05-16,0.001,0.0,0.0,32645.0,0.001,0.001,0.001,10000604,2016-05-25,2016-05-25,C,2.2,2016-03-24
16208,2016-05-16 13:09:00,2016-05-16,0.001,0.0,0.0,32645.0,0.001,0.001,0.001,10000604,2016-05-25,2016-05-25,C,2.2,2016-03-24
16209,2016-05-16 13:10:00,2016-05-16,0.001,300.0,30.0,32655.0,0.001,0.001,0.001,10000604,2016-05-25,2016-05-25,C,2.2,2016-03-24
16210,2016-05-16 13:11:00,2016-05-16,0.001,0.0,0.0,32655.0,0.001,0.001,0.001,10000604,2016-05-25,2016-05-25,C,2.2,2016-03-24
16211,2016-05-16 13:12:00,2016-05-16,0.001,200.0,20.0,32655.0,0.001,0.001,0.001,10000604,2016-05-25,2016-05-25,C,2.2,2016-03-24
16212,2016-05-16 13:13:00,2016-05-16,0.001,200.0,20.0,32675.0,0.001,0.001,0.001,10000604,2016-05-25,2016-05-25,C,2.2,2016-03-24
16213,2016-05-16 13:14:00,2016-05-16,0.001,0.0,0.0,32675.0,0.001,0.001,0.001,10000604,2016-05-25,2016-05-25,C,2.2,2016-03-24
16214,2016-05-16 13:15:00,2016-05-16,0.001,0.0,0.0,32675.0,0.001,0.001,0.001,10000604,2016-05-25,2016-05-25,C,2.2,2016-03-24
16215,2016-05-16 13:16:00,2016-05-16,0.001,10.0,1.0,32675.0,0.001,0.001,0.001,10000604,2016-05-25,2016-05-25,C,2.2,2016-03-24
16216,2016-05-16 13:17:00,2016-05-16,0.001,330.0,33.0,32674.0,0.001,0.001,0.001,10000604,2016-05-25,2016-05-25,C,2.2,2016-03-24
16217,2016-05-16 13:18:00,2016-05-16,0.0011,1320.0,120.0,32794.0,0.001,0.0011,0.001,10000604,2016-05-25,2016-05-25,C,2.2,2016-03-24
16218,2016-05-16 13:19:00,2016-05-16,0.0011,200.0,20.0,32804.0,0.0011,0.001,0.001,10000604,2016-05-25,2016-05-25,C,2.2,2016-03-24
16219,2016-05-16 13:20:00,2016-05-16,0.001,0.0,0.0,32804.0,0.001,0.001,0.001,10000604,2016-05-25,2016-05-25,C,2.2,2016-03-24
16220,2016-05-16 13:21:00,2016-05-16,0.001,0.0,0.0,32804.0,0.001,0.001,0.001,10000604,2016-05-25,2016-05-25,C,2.2,2016-03-24
16221,2016-05-16 13:22:00,2016-05-16,0.001,0.0,0.0,32804.0,0.001,0.001,0.001,10000604,2016-05-25,2016-05-25,C,2.2,2016-03-24
16222,2016-05-16 13:23:00,2016-05-16,0.001,0.0,0.0,32804.0,0.001,0.001,0.001,10000604,2016-05-25,2016-05-25,C,2.2,2016-03-24
16223,2016-05-16 13:24:00,2016-05-16,0.001,200.0,20.0,32804.0,0.001,0.001,0.001,10000604,2016-05-25,2016-05-25,C,2.2,2016-03-24
16224,2016-05-16 13:25:00,2016-05-16,0.001,200.0,20.0,32814.0,0.001,0.001,0.001,10000604,2016-05-25,2016-05-25,C,2.2,2016-03-24
16225,2016-05-16 13:26:00,2016-05-16,0.001,0.0,0.0,32814.0,0.001,0.001,0.001,10000604,2016-05-25,2016-05-25,C,2.2,2016-03-24
16226,2016-05-16 13:27:00,2016-05-16,0.001,0.0,0.0,32814.0,0.001,0.001,0.001,10000604,2016-05-25,2016-05-25,C,2.2,2016-03-24
16227,2016-05-16 13:28:00,2016-05-16,0.001,0.0,0.0,32814.0,0.001,0.001,0.001,10000604,2016-05-25,2016-05-25,C,2.2,2016-03-24
16228,2016-05-16 13:29:00,2016-05-16,0.001,1200.0,120.0,32814.0,0.001,0.001,0.001,10000604,2016-05-25,2016-05-25,C,2.2,2016-03-24
16229,2016-05-16 13:30:00,2016-05-16,0.0011,1311.0,131.0,32819.0,0.0011,0.001,0.001,10000604,2016-05-25,2016-05-25,C,2.2,2016-03-24
16230,2016-05-16 13:31:00,2016-05-16,0.001,1700.0,170.0,32829.0,0.001,0.001,0.001,10000604,2016-05-25,2016-05-25,C,2.2,2016-03-24
16231,2016-05-16 13:32:00,2016-05-16,0.001,0.0,0.0,32829.0,0.001,0.001,0.001,10000604,2016-05-25,2016-05-25,C,2.2,2016-03-24
16232,2016-05-16 13:33:00,2016-05-16,0.001,0.0,0.0,32829.0,0.001,0.001,0.001,10000604,2016-05-25,2016-05-25,C,2.2,2016-03-24
16233,2016-05-16 13:34:00,2016-05-16,0.001,0.0,0.0,32829.0,0.001,0.001,0.001,10000604,2016-05-25,2016-05-25,C,2.2,2016-03-24
16234,2016-05-16 13:35:00,2016-05-16,0.001,1000.0,100.0,32859.0,0.001,0.001,0.001,10000604,2016-05-25,2016-05-25,C,2.2,2016-03-24
16235,2016-05-16 13:36:00,2016-05-16,0.001,0.0,0.0,32859.0,0.001,0.001,0.001,10000604,2016-05-25,2016-05-25,C,2.2,2016-03-24
16236,2016-05-16 13:37:00,2016-05-16,0.001,0.0,0.0,32859.0,0.001,0.001,0.001,10000604,2016-05-25,2016-05-25,C,2.2,2016-03-24
16237,2016-05-16 13:38:00,2016-05-16,0.001,90.0,10.0,32859.0,0.001,0.0009,0.0009,10000604,2016-05-25,2016-05-25,C,2.2,2016-03-24
16238,2016-05-16 13:39:00,2016-05-16,0.001,510.0,51.0,32849.0,0.001,0.001,0.001,10000604,2016-05-25,2016-05-25,C,2.2,2016-03-24
16239,2016-05-16 13:40:00,2016-05-16,0.001,650.0,65.0,32849.0,0.001,0.001,0.001,10000604,2016-05-25,2016-05-25,C,2.2,2016-03-24
16240,2016-05-16 13:41:00,2016-05-16,0.001,0.0,0.0,32849.0,0.001,0.001,0.001,10000604,2016-05-25,2016-05-25,C,2.2,2016-03-24
16241,2016-05-16 13:42:00,2016-05-16,0.001,350.0,35.0,32849.0,0.001,0.001,0.001,10000604,2016-05-25,2016-05-25,C,2.2,2016-03-24
16242,2016-05-16 13:43:00,2016-05-16,0.0011,1342.0,132.0,32859.0,0.001,0.0011,0.001,10000604,2016-05-25,2016-05-25,C,2.2,2016-03-24
16243,2016-05-16 13:44:00,2016-05-16,0.0011,385.0,35.0,32859.0,0.0011,0.0011,0.0011,10000604,2016-05-25,2016-05-25,C,2.2,2016-03-24
16244,2016-05-16 13:45:00,2016-05-16,0.0011,0.0,0.0,32859.0,0.0011,0.0011,0.0011,10000604,2016-05-25,2016-05-25,C,2.2,2016-03-24
16245,2016-05-16 13:46:00,2016-05-16,0.0011,0.0,0.0,32859.0,0.0011,0.0011,0.0011,10000604,2016-05-25,2016-05-25,C,2.2,2016-03-24
16246,2016-05-16 13:47:00,2016-05-16,0.0011,0.0,0.0,32859.0,0.0011,0.0011,0.0011,10000604,2016-05-25,2016-05-25,C,2.2,2016-03-24
16247,2016-05-16 13:48:00,2016-05-16,0.0011,0.0,0.0,32859.0,0.0011,0.0011,0.0011,10000604,2016-05-25,2016-05-25,C,2.2,2016-03-24
16248,2016-05-16 13:49:00,2016-05-16,0.0011,0.0,0.0,32859.0,0.0011,0.0011,0.0011,10000604,2016-05-25,2016-05-25,C,2.2,2016-03-24
16249,2016-05-16 13:50:00,2016-05-16,0.0011,550.0,55.0,32869.0,0.0011,0.001,0.001,10000604,2016-05-25,2016-05-25,C,2.2,2016-03-24
16250,2016-05-16 13:51:00,2016-05-16,0.001,750.0,75.0,32869.0,0.001,0.001,0.001,10000604,2016-05-25,2016-05-25,C,2.2,2016-03-24
16251,2016-05-16 13:52:00,2016-05-16,0.001,20.0,2.0,32869.0,0.001,0.001,0.001,10000604,2016-05-25,2016-05-25,C,2.2,2016-03-24
16252,2016-05-16 13:53:00,2016-05-16,0.001,20.0,2.0,32869.0,0.001,0.001,0.001,10000604,2016-05-25,2016-05-25,C,2.2,2016-03-24
16253,2016-05-16 13:54:00,2016-05-16,0.001,750.0,75.0,32879.0,0.001,0.001,0.001,10000604,2016-05-25,2016-05-25,C,2.2,2016-03-24
16254,2016-05-16 13:55:00,2016-05-16,0.001,350.0,35.0,32914.0,0.001,0.001,0.001,10000604,2016-05-25,2016-05-25,C,2.2,2016-03-24
16255,2016-05-16 13:56:00,2016-05-16,0.0011,698.0,66.0,32914.0,0.0011,0.0011,0.0009,10000604,2016-05-25,2016-05-25,C,2.2,2016-03-24
16256,2016-05-16 13:57:00,2016-05-16,0.0011,0.0,0.0,32914.0,0.0011,0.0011,0.0011,10000604,2016-05-25,2016-05-25,C,2.2,2016-03-24
16257,2016-05-16 13:58:00,2016-05-16,0.0011,200.0,20.0,32904.0,0.0011,0.001,0.001,10000604,2016-05-25,2016-05-25,C,2.2,2016-03-24
16258,2016-05-16 13:59:00,2016-05-16,0.001,1050.0,105.0,32894.0,0.001,0.001,0.001,10000604,2016-05-25,2016-05-25,C,2.2,2016-03-24
16259,2016-05-16 14:00:00,2016-05-16,0.001,0.0,0.0,32894.0,0.001,0.001,0.001,10000604,2016-05-25,2016-05-25,C,2.2,2016-03-24
16260,2016-05-16 14:01:00,2016-05-16,0.001,0.0,0.0,32894.0,0.001,0.001,0.001,10000604,2016-05-25,2016-05-25,C,2.2,2016-03-24
16261,2016-05-16 14:02:00,2016-05-16,0.001,0.0,0.0,32894.0,0.001,0.001,0.001,10000604,2016-05-25,2016-05-25,C,2.2,2016-03-24
16262,2016-05-16 14:03:00,2016-05-16,0.001,180.0,20.0,32874.0,0.001,0.0009,0.0009,10000604,2016-05-25,2016-05-25,C,2.2,2016-03-24
16263,2016-05-16 14:04:00,2016-05-16,0.001,1090.0,110.0,32864.0,0.0009,0.001,0.0009,10000604,2016-05-25,2016-05-25,C,2.2,2016-03-24
16264,2016-05-16 14:05:00,2016-05-16,0.001,290.0,30.0,32834.0,0.0009,0.001,0.0009,10000604,2016-05-25,2016-05-25,C,2.2,2016-03-24
16265,2016-05-16 14:06:00,2016-05-16,0.001,0.0,0.0,32834.0,0.001,0.001,0.001,10000604,2016-05-25,2016-05-25,C,2.2,2016-03-24
16266,2016-05-16 14:07:00,2016-05-16,0.001,0.0,0.0,32834.0,0.001,0.001,0.001,10000604,2016-05-25,2016-05-25,C,2.2,2016-03-24
16267,2016-05-16 14:08:00,2016-05-16,0.001,60.0,6.0,32834.0,0.001,0.001,0.001,10000604,2016-05-25,2016-05-25,C,2.2,2016-03-24
16268,2016-05-16 14:09:00,2016-05-16,0.001,0.0,0.0,32834.0,0.001,0.001,0.001,10000604,2016-05-25,2016-05-25,C,2.2,2016-03-24
16269,2016-05-16 14:10:00,2016-05-16,0.001,100.0,10.0,32834.0,0.001,0.001,0.001,10000604,2016-05-25,2016-05-25,C,2.2,2016-03-24
16270,2016-05-16 14:11:00,2016-05-16,0.001,700.0,70.0,32834.0,0.001,0.001,0.001,10000604,2016-05-25,2016-05-25,C,2.2,2016-03-24
16271,2016-05-16 14:12:00,2016-05-16,0.0011,206.0,20.0,32834.0,0.001,0.0011,0.001,10000604,2016-05-25,2016-05-25,C,2.2,2016-03-24
16272,2016-05-16 14:13:00,2016-05-16,0.0011,0.0,0.0,32834.0,0.0011,0.0011,0.0011,10000604,2016-05-25,2016-05-25,C,2.2,2016-03-24
16273,2016-05-16 14:14:00,2016-05-16,0.0011,0.0,0.0,32834.0,0.0011,0.0011,0.0011,10000604,2016-05-25,2016-05-25,C,2.2,2016-03-24
16274,2016-05-16 14:15:00,2016-05-16,0.0011,118.0,12.0,32832.0,0.0011,0.0009,0.0009,10000604,2016-05-25,2016-05-25,C,2.2,2016-03-24
16275,2016-05-16 14:16:00,2016-05-16,0.001,1507.0,163.0,32827.0,0.001,0.0009,0.0009,10000604,2016-05-25,2016-05-25,C,2.2,2016-03-24
16276,2016-05-16 14:17:00,2016-05-16,0.001,20.0,2.0,32827.0,0.0009,0.001,0.0009,10000604,2016-05-25,2016-05-25,C,2.2,2016-03-24
16277,2016-05-16 14:18:00,2016-05-16,0.001,200.0,20.0,32847.0,0.001,0.001,0.001,10000604,2016-05-25,2016-05-25,C,2.2,2016-03-24
16278,2016-05-16 14:19:00,2016-05-16,0.0011,805.0,80.0,32847.0,0.001,0.001,0.001,10000604,2016-05-25,2016-05-25,C,2.2,2016-03-24
16279,2016-05-16 14:20:00,2016-05-16,0.001,200.0,20.0,32847.0,0.001,0.001,0.001,10000604,2016-05-25,2016-05-25,C,2.2,2016-03-24
16280,2016-05-16 14:21:00,2016-05-16,0.001,0.0,0.0,32847.0,0.001,0.001,0.001,10000604,2016-05-25,2016-05-25,C,2.2,2016-03-24
16281,2016-05-16 14:22:00,2016-05-16,0.001,500.0,50.0,32847.0,0.001,0.001,0.001,10000604,2016-05-25,2016-05-25,C,2.2,2016-03-24
16282,2016-05-16 14:23:00,2016-05-16,0.001,300.0,30.0,32857.0,0.001,0.001,0.001,10000604,2016-05-25,2016-05-25,C,2.2,2016-03-24
16283,2016-05-16 14:24:00,2016-05-16,0.001,100.0,10.0,32857.0,0.001,0.001,0.001,10000604,2016-05-25,2016-05-25,C,2.2,2016-03-24
16284,2016-05-16 14:25:00,2016-05-16,0.001,0.0,0.0,32857.0,0.001,0.001,0.001,10000604,2016-05-25,2016-05-25,C,2.2,2016-03-24
16285,2016-05-16 14:26:00,2016-05-16,0.001,0.0,0.0,32857.0,0.001,0.001,0.001,10000604,2016-05-25,2016-05-25,C,2.2,2016-03-24
16286,2016-05-16 14:27:00,2016-05-16,0.001,100.0,10.0,32857.0,0.001,0.001,0.001,10000604,2016-05-25,2016-05-25,C,2.2,2016-03-24
16287,2016-05-16 14:28:00,2016-05-16,0.001,0.0,0.0,32857.0,0.001,0.001,0.001,10000604,2016-05-25,2016-05-25,C,2.2,2016-03-24
16288,2016-05-16 14:29:00,2016-05-16,0.0011,1617.0,147.0,32857.0,0.0011,0.0011,0.0011,10000604,2016-05-25,2016-05-25,C,2.2,2016-03-24
16289,2016-05-16 14:30:00,2016-05-16,0.0011,0.0,0.0,32857.0,0.0011,0.0011,0.0011,10000604,2016-05-25,2016-05-25,C,2.2,2016-03-24
16290,2016-05-16 14:31:00,2016-05-16,0.0011,614.0,59.0,32857.0,0.0011,0.001,0.001,10000604,2016-05-25,2016-05-25,C,2.2,2016-03-24
16291,2016-05-16 14:32:00,2016-05-16,0.0011,746.0,71.0,32857.0,0.001,0.0011,0.001,10000604,2016-05-25,2016-05-25,C,2.2,2016-03-24
16292,2016-05-16 14:33:00,2016-05-16,0.0011,165.0,15.0,32857.0,0.0011,0.0011,0.0011,10000604,2016-05-25,2016-05-25,C,2.2,2016-03-24
16293,2016-05-16 14:34:00,2016-05-16,0.0011,253.0,23.0,32857.0,0.0011,0.0011,0.0011,10000604,2016-05-25,2016-05-25,C,2.2,2016-03-24
16294,2016-05-16 14:35:00,2016-05-16,0.0011,200.0,20.0,32837.0,0.0011,0.001,0.001,10000604,2016-05-25,2016-05-25,C,2.2,2016-03-24
16295,2016-05-16 14:36:00,2016-05-16,0.0011,1940.0,180.0,32844.0,0.001,0.0011,0.001,10000604,2016-05-25,2016-05-25,C,2.2,2016-03-24
16296,2016-05-16 14:37:00,2016-05-16,0.0012,973.0,83.0,32844.0,0.0011,0.0011,0.0011,10000604,2016-05-25,2016-05-25,C,2.2,2016-03-24
16297,2016-05-16 14:38:00,2016-05-16,0.0011,0.0,0.0,32844.0,0.0011,0.0011,0.0011,10000604,2016-05-25,2016-05-25,C,2.2,2016-03-24
16298,2016-05-16 14:39:00,2016-05-16,0.0012,790.0,70.0,32844.0,0.0011,0.0011,0.0011,10000604,2016-05-25,2016-05-25,C,2.2,2016-03-24
16299,2016-05-16 14:40:00,2016-05-16,0.0011,0.0,0.0,32844.0,0.0011,0.0011,0.0011,10000604,2016-05-25,2016-05-25,C,2.2,2016-03-24
16300,2016-05-16 14:41:00,2016-05-16,0.0011,2080.0,190.0,32844.0,0.0011,0.0011,0.0011,10000604,2016-05-25,2016-05-25,C,2.2,2016-03-24
16301,2016-05-16 14:42:00,2016-05-16,0.0011,110.0,10.0,32854.0,0.0011,0.0011,0.0011,10000604,2016-05-25,2016-05-25,C,2.2,2016-03-24
16302,2016-05-16 14:43:00,2016-05-16,0.0011,0.0,0.0,32854.0,0.0011,0.0011,0.0011,10000604,2016-05-25,2016-05-25,C,2.2,2016-03-24
16303,2016-05-16 14:44:00,2016-05-16,0.0011,350.0,35.0,32854.0,0.0011,0.001,0.001,10000604,2016-05-25,2016-05-25,C,2.2,2016-03-24
16304,2016-05-16 14:45:00,2016-05-16,0.0011,471.0,46.0,32854.0,0.001,0.001,0.001,10000604,2016-05-25,2016-05-25,C,2.2,2016-03-24
16305,2016-05-16 14:46:00,2016-05-16,0.001,0.0,0.0,32854.0,0.001,0.001,0.001,10000604,2016-05-25,2016-05-25,C,2.2,2016-03-24
16306,2016-05-16 14:47:00,2016-05-16,0.0011,311.0,31.0,32864.0,0.001,0.001,0.001,10000604,2016-05-25,2016-05-25,C,2.2,2016-03-24
16307,2016-05-16 14:48:00,2016-05-16,0.001,0.0,0.0,32864.0,0.001,0.001,0.001,10000604,2016-05-25,2016-05-25,C,2.2,2016-03-24
16308,2016-05-16 14:49:00,2016-05-16,0.001,1080.0,108.0,32869.0,0.001,0.001,0.001,10000604,2016-05-25,2016-05-25,C,2.2,2016-03-24
16309,2016-05-16 14:50:00,2016-05-16,0.001,0.0,0.0,32869.0,0.001,0.001,0.001,10000604,2016-05-25,2016-05-25,C,2.2,2016-03-24
16310,2016-05-16 14:51:00,2016-05-16,0.001,0.0,0.0,32869.0,0.001,0.001,0.001,10000604,2016-05-25,2016-05-25,C,2.2,2016-03-24
16311,2016-05-16 14:52:00,2016-05-16,0.001,0.0,0.0,32869.0,0.001,0.001,0.001,10000604,2016-05-25,2016-05-25,C,2.2,2016-03-24
16312,2016-05-16 14:53:00,2016-05-16,0.001,80.0,8.0,32869.0,0.001,0.001,0.001,10000604,2016-05-25,2016-05-25,C,2.2,2016-03-24
16313,2016-05-16 14:54:00,2016-05-16,0.0011,11.0,1.0,32869.0,0.001,0.0011,0.001,10000604,2016-05-25,2016-05-25,C,2.2,2016-03-24
16314,2016-05-16 14:55:00,2016-05-16,0.0011,42.0,4.0,32869.0,0.001,0.0011,0.001,10000604,2016-05-25,2016-05-25,C,2.2,2016-03-24
16315,2016-05-16 14:56:00,2016-05-16,0.001,30.0,3.0,32869.0,0.001,0.001,0.001,10000604,2016-05-25,2016-05-25,C,2.2,2016-03-24
16316,2016-05-16 14:57:00,2016-05-16,0.001,10.0,1.0,32869.0,0.001,0.001,0.001,10000604,2016-05-25,2016-05-25,C,2.2,2016-03-24
16317,2016-05-16 14:58:00,2016-05-16,0.001,0.0,0.0,32869.0,0.001,0.001,0.001,10000604,2016-05-25,2016-05-25,C,2.2,2016-03-24
16318,2016-05-16 14:59:00,2016-05-16,0.001,0.0,0.0,32869.0,0.001,0.001,0.001,10000604,2016-05-25,2016-05-25,C,2.2,2016-03-24
16319,2016-05-16 15:00:00,2016-05-16,0.001,0.0,0.0,32869.0,0.001,0.001,0.001,10000604,2016-05-25,2016-05-25,C,2.2,2016-03-24
16320,2016-05-16 09:31:00,2016-05-16,0.0579,2895.0,5.0,1348.0,0.0579,0.0579,0.0579,10000618,2016-12-28,2016-12-28,C,2.153,2016-04-28
16321,2016-05-16 09:32:00,2016-05-16,0.0571,571.0,1.0,1348.0,0.0571,0.0571,0.0571,10000618,2016-12-28,2016-12-28,C,2.153,2016-04-28
16322,2016-05-16 09:33:00,2016-05-16,0.0571,0.0,0.0,1348.0,0.0571,0.0571,0.0571,10000618,2016-12-28,2016-12-28,C,2.153,2016-04-28
16323,2016-05-16 09:34:00,2016-05-16,0.0571,0.0,0.0,1348.0,0.0571,0.0571,0.0571,10000618,2016-12-28,2016-12-28,C,2.153,2016-04-28
16324,2016-05-16 09:35:00,2016-05-16,0.0571,0.0,0.0,1348.0,0.0571,0.0571,0.0571,10000618,2016-12-28,2016-12-28,C,2.153,2016-04-28
16325,2016-05-16 09:36:00,2016-05-16,0.0596,1788.0,3.0,1351.0,0.0571,0.0596,0.0571,10000618,2016-12-28,2016-12-28,C,2.153,2016-04-28
16326,2016-05-16 09:37:00,2016-05-16,0.0596,0.0,0.0,1351.0,0.0596,0.0596,0.0596,10000618,2016-12-28,2016-12-28,C,2.153,2016-04-28
16327,2016-05-16 09:38:00,2016-05-16,0.0596,0.0,0.0,1351.0,0.0596,0.0596,0.0596,10000618,2016-12-28,2016-12-28,C,2.153,2016-04-28
16328,2016-05-16 09:39:00,2016-05-16,0.0596,5930.0,10.0,1351.0,0.0596,0.0593,0.0593,10000618,2016-12-28,2016-12-28,C,2.153,2016-04-28
16329,2016-05-16 09:40:00,2016-05-16,0.0593,0.0,0.0,1351.0,0.0593,0.0593,0.0593,10000618,2016-12-28,2016-12-28,C,2.153,2016-04-28
16330,2016-05-16 09:41:00,2016-05-16,0.0593,0.0,0.0,1351.0,0.0593,0.0593,0.0593,10000618,2016-12-28,2016-12-28,C,2.153,2016-04-28
16331,2016-05-16 09:42:00,2016-05-16,0.0593,0.0,0.0,1351.0,0.0593,0.0593,0.0593,10000618,2016-12-28,2016-12-28,C,2.153,2016-04-28
16332,2016-05-16 09:43:00,2016-05-16,0.0593,1186.0,2.0,1353.0,0.0593,0.0593,0.0593,10000618,2016-12-28,2016-12-28,C,2.153,2016-04-28
16333,2016-05-16 09:44:00,2016-05-16,0.0593,0.0,0.0,1353.0,0.0593,0.0593,0.0593,10000618,2016-12-28,2016-12-28,C,2.153,2016-04-28
16334,2016-05-16 09:45:00,2016-05-16,0.0593,0.0,0.0,1353.0,0.0593,0.0593,0.0593,10000618,2016-12-28,2016-12-28,C,2.153,2016-04-28
16335,2016-05-16 09:46:00,2016-05-16,0.0593,0.0,0.0,1353.0,0.0593,0.0593,0.0593,10000618,2016-12-28,2016-12-28,C,2.153,2016-04-28
16336,2016-05-16 09:47:00,2016-05-16,0.0593,0.0,0.0,1353.0,0.0593,0.0593,0.0593,10000618,2016-12-28,2016-12-28,C,2.153,2016-04-28
16337,2016-05-16 09:48:00,2016-05-16,0.0593,2935.0,5.0,1353.0,0.0593,0.0587,0.0587,10000618,2016-12-28,2016-12-28,C,2.153,2016-04-28
16338,2016-05-16 09:49:00,2016-05-16,0.0587,0.0,0.0,1353.0,0.0587,0.0587,0.0587,10000618,2016-12-28,2016-12-28,C,2.153,2016-04-28
16339,2016-05-16 09:50:00,2016-05-16,0.0587,1761.0,3.0,1356.0,0.0587,0.0587,0.0587,10000618,2016-12-28,2016-12-28,C,2.153,2016-04-28
16340,2016-05-16 09:51:00,2016-05-16,0.0587,0.0,0.0,1356.0,0.0587,0.0587,0.0587,10000618,2016-12-28,2016-12-28,C,2.153,2016-04-28
16341,2016-05-16 09:52:00,2016-05-16,0.0587,0.0,0.0,1356.0,0.0587,0.0587,0.0587,10000618,2016-12-28,2016-12-28,C,2.153,2016-04-28
16342,2016-05-16 09:53:00,2016-05-16,0.0587,8685.0,15.0,1346.0,0.0587,0.0575,0.0575,10000618,2016-12-28,2016-12-28,C,2.153,2016-04-28
16343,2016-05-16 09:54:00,2016-05-16,0.0575,0.0,0.0,1346.0,0.0575,0.0575,0.0575,10000618,2016-12-28,2016-12-28,C,2.153,2016-04-28
16344,2016-05-16 09:55:00,2016-05-16,0.0575,0.0,0.0,1346.0,0.0575,0.0575,0.0575,10000618,2016-12-28,2016-12-28,C,2.153,2016-04-28
16345,2016-05-16 09:56:00,2016-05-16,0.0577,2308.0,4.0,1347.0,0.0577,0.0577,0.0577,10000618,2016-12-28,2016-12-28,C,2.153,2016-04-28
16346,2016-05-16 09:57:00,2016-05-16,0.0577,0.0,0.0,1347.0,0.0577,0.0577,0.0577,10000618,2016-12-28,2016-12-28,C,2.153,2016-04-28
16347,2016-05-16 09:58:00,2016-05-16,0.0577,5770.0,10.0,1357.0,0.0577,0.0577,0.0577,10000618,2016-12-28,2016-12-28,C,2.153,2016-04-28
16348,2016-05-16 09:59:00,2016-05-16,0.0577,0.0,0.0,1357.0,0.0577,0.0577,0.0577,10000618,2016-12-28,2016-12-28,C,2.153,2016-04-28
16349,2016-05-16 10:00:00,2016-05-16,0.0577,0.0,0.0,1357.0,0.0577,0.0577,0.0577,10000618,2016-12-28,2016-12-28,C,2.153,2016-04-28
16350,2016-05-16 10:01:00,2016-05-16,0.0577,0.0,0.0,1357.0,0.0577,0.0577,0.0577,10000618,2016-12-28,2016-12-28,C,2.153,2016-04-28
16351,2016-05-16 10:02:00,2016-05-16,0.0577,0.0,0.0,1357.0,0.0577,0.0577,0.0577,10000618,2016-12-28,2016-12-28,C,2.153,2016-04-28
16352,2016-05-16 10:03:00,2016-05-16,0.0577,7501.0,13.0,1368.0,0.0577,0.0577,0.0577,10000618,2016-12-28,2016-12-28,C,2.153,2016-04-28
16353,2016-05-16 10:04:00,2016-05-16,0.0577,0.0,0.0,1368.0,0.0577,0.0577,0.0577,10000618,2016-12-28,2016-12-28,C,2.153,2016-04-28
16354,2016-05-16 10:05:00,2016-05-16,0.0577,0.0,0.0,1368.0,0.0577,0.0577,0.0577,10000618,2016-12-28,2016-12-28,C,2.153,2016-04-28
16355,2016-05-16 10:06:00,2016-05-16,0.0577,0.0,0.0,1368.0,0.0577,0.0577,0.0577,10000618,2016-12-28,2016-12-28,C,2.153,2016-04-28
16356,2016-05-16 10:07:00,2016-05-16,0.0577,1154.0,2.0,1369.0,0.0577,0.0577,0.0577,10000618,2016-12-28,2016-12-28,C,2.153,2016-04-28
16357,2016-05-16 10:08:00,2016-05-16,0.0577,1154.0,2.0,1369.0,0.0577,0.0577,0.0577,10000618,2016-12-28,2016-12-28,C,2.153,2016-04-28
16358,2016-05-16 10:09:00,2016-05-16,0.0577,2885.0,5.0,1369.0,0.0577,0.0577,0.0577,10000618,2016-12-28,2016-12-28,C,2.153,2016-04-28
16359,2016-05-16 10:10:00,2016-05-16,0.0577,0.0,0.0,1369.0,0.0577,0.0577,0.0577,10000618,2016-12-28,2016-12-28,C,2.153,2016-04-28
16360,2016-05-16 10:11:00,2016-05-16,0.0577,0.0,0.0,1369.0,0.0577,0.0577,0.0577,10000618,2016-12-28,2016-12-28,C,2.153,2016-04-28
16361,2016-05-16 10:12:00,2016-05-16,0.0577,0.0,0.0,1369.0,0.0577,0.0577,0.0577,10000618,2016-12-28,2016-12-28,C,2.153,2016-04-28
16362,2016-05-16 10:13:00,2016-05-16,0.0577,2308.0,4.0,1373.0,0.0577,0.0577,0.0577,10000618,2016-12-28,2016-12-28,C,2.153,2016-04-28
16363,2016-05-16 10:14:00,2016-05-16,0.0577,0.0,0.0,1373.0,0.0577,0.0577,0.0577,10000618,2016-12-28,2016-12-28,C,2.153,2016-04-28
16364,2016-05-16 10:15:00,2016-05-16,0.0577,0.0,0.0,1373.0,0.0577,0.0577,0.0577,10000618,2016-12-28,2016-12-28,C,2.153,2016-04-28
16365,2016-05-16 10:16:00,2016-05-16,0.0577,0.0,0.0,1373.0,0.0577,0.0577,0.0577,10000618,2016-12-28,2016-12-28,C,2.153,2016-04-28
16366,2016-05-16 10:17:00,2016-05-16,0.0577,0.0,0.0,1373.0,0.0577,0.0577,0.0577,10000618,2016-12-28,2016-12-28,C,2.153,2016-04-28
16367,2016-05-16 10:18:00,2016-05-16,0.0577,0.0,0.0,1373.0,0.0577,0.0577,0.0577,10000618,2016-12-28,2016-12-28,C,2.153,2016-04-28
16368,2016-05-16 10:19:00,2016-05-16,0.0577,577.0,1.0,1374.0,0.0577,0.0577,0.0577,10000618,2016-12-28,2016-12-28,C,2.153,2016-04-28
16369,2016-05-16 10:20:00,2016-05-16,0.0574,5740.0,10.0,1384.0,0.0574,0.0574,0.0574,10000618,2016-12-28,2016-12-28,C,2.153,2016-04-28
16370,2016-05-16 10:21:00,2016-05-16,0.0577,4039.0,7.0,1391.0,0.0574,0.0577,0.0574,10000618,2016-12-28,2016-12-28,C,2.153,2016-04-28
16371,2016-05-16 10:22:00,2016-05-16,0.0577,0.0,0.0,1391.0,0.0577,0.0577,0.0577,10000618,2016-12-28,2016-12-28,C,2.153,2016-04-28
16372,2016-05-16 10:23:00,2016-05-16,0.0577,577.0,1.0,1392.0,0.0577,0.0577,0.0577,10000618,2016-12-28,2016-12-28,C,2.153,2016-04-28
16373,2016-05-16 10:24:00,2016-05-16,0.0577,2304.0,4.0,1396.0,0.0577,0.0576,0.0576,10000618,2016-12-28,2016-12-28,C,2.153,2016-04-28
16374,2016-05-16 10:25:00,2016-05-16,0.0577,6833.0,12.0,1408.0,0.0576,0.0577,0.0568,10000618,2016-12-28,2016-12-28,C,2.153,2016-04-28
16375,2016-05-16 10:26:00,2016-05-16,0.0577,5193.0,9.0,1417.0,0.0577,0.0577,0.0577,10000618,2016-12-28,2016-12-28,C,2.153,2016-04-28
16376,2016-05-16 10:27:00,2016-05-16,0.0577,0.0,0.0,1417.0,0.0577,0.0577,0.0577,10000618,2016-12-28,2016-12-28,C,2.153,2016-04-28
16377,2016-05-16 10:28:00,2016-05-16,0.0577,3462.0,6.0,1423.0,0.0577,0.0577,0.0577,10000618,2016-12-28,2016-12-28,C,2.153,2016-04-28
16378,2016-05-16 10:29:00,2016-05-16,0.0577,2308.0,4.0,1427.0,0.0577,0.0577,0.0577,10000618,2016-12-28,2016-12-28,C,2.153,2016-04-28
16379,2016-05-16 10:30:00,2016-05-16,0.0577,1731.0,3.0,1430.0,0.0577,0.0577,0.0577,10000618,2016-12-28,2016-12-28,C,2.153,2016-04-28
16380,2016-05-16 10:31:00,2016-05-16,0.0577,2885.0,5.0,1435.0,0.0577,0.0577,0.0577,10000618,2016-12-28,2016-12-28,C,2.153,2016-04-28
16381,2016-05-16 10:32:00,2016-05-16,0.0577,0.0,0.0,1435.0,0.0577,0.0577,0.0577,10000618,2016-12-28,2016-12-28,C,2.153,2016-04-28
16382,2016-05-16 10:33:00,2016-05-16,0.0577,577.0,1.0,1436.0,0.0577,0.0577,0.0577,10000618,2016-12-28,2016-12-28,C,2.153,2016-04-28
16383,2016-05-16 10:34:00,2016-05-16,0.0577,2308.0,4.0,1440.0,0.0577,0.0577,0.0577,10000618,2016-12-28,2016-12-28,C,2.153,2016-04-28
16384,2016-05-16 10:35:00,2016-05-16,0.0577,0.0,0.0,1440.0,0.0577,0.0577,0.0577,10000618,2016-12-28,2016-12-28,C,2.153,2016-04-28
16385,2016-05-16 10:36:00,2016-05-16,0.0577,577.0,1.0,1441.0,0.0577,0.0577,0.0577,10000618,2016-12-28,2016-12-28,C,2.153,2016-04-28
16386,2016-05-16 10:37:00,2016-05-16,0.0577,0.0,0.0,1441.0,0.0577,0.0577,0.0577,10000618,2016-12-28,2016-12-28,C,2.153,2016-04-28
16387,2016-05-16 10:38:00,2016-05-16,0.0577,577.0,1.0,1442.0,0.0577,0.0577,0.0577,10000618,2016-12-28,2016-12-28,C,2.153,2016-04-28
16388,2016-05-16 10:39:00,2016-05-16,0.0577,3462.0,6.0,1448.0,0.0577,0.0577,0.0577,10000618,2016-12-28,2016-12-28,C,2.153,2016-04-28
16389,2016-05-16 10:40:00,2016-05-16,0.0577,0.0,0.0,1448.0,0.0577,0.0577,0.0577,10000618,2016-12-28,2016-12-28,C,2.153,2016-04-28
16390,2016-05-16 10:41:00,2016-05-16,0.0577,0.0,0.0,1448.0,0.0577,0.0577,0.0577,10000618,2016-12-28,2016-12-28,C,2.153,2016-04-28
16391,2016-05-16 10:42:00,2016-05-16,0.0577,0.0,0.0,1448.0,0.0577,0.0577,0.0577,10000618,2016-12-28,2016-12-28,C,2.153,2016-04-28
16392,2016-05-16 10:43:00,2016-05-16,0.0577,0.0,0.0,1448.0,0.0577,0.0577,0.0577,10000618,2016-12-28,2016-12-28,C,2.153,2016-04-28
16393,2016-05-16 10:44:00,2016-05-16,0.0573,573.0,1.0,1448.0,0.0573,0.0573,0.0573,10000618,2016-12-28,2016-12-28,C,2.153,2016-04-28
16394,2016-05-16 10:45:00,2016-05-16,0.0573,0.0,0.0,1448.0,0.0573,0.0573,0.0573,10000618,2016-12-28,2016-12-28,C,2.153,2016-04-28
16395,2016-05-16 10:46:00,2016-05-16,0.0573,0.0,0.0,1448.0,0.0573,0.0573,0.0573,10000618,2016-12-28,2016-12-28,C,2.153,2016-04-28
16396,2016-05-16 10:47:00,2016-05-16,0.0577,2308.0,4.0,1452.0,0.0577,0.0577,0.0577,10000618,2016-12-28,2016-12-28,C,2.153,2016-04-28
16397,2016-05-16 10:48:00,2016-05-16,0.0577,4616.0,8.0,1460.0,0.0577,0.0577,0.0577,10000618,2016-12-28,2016-12-28,C,2.153,2016-04-28
16398,2016-05-16 10:49:00,2016-05-16,0.0577,1150.0,2.0,1461.0,0.0577,0.0573,0.0573,10000618,2016-12-28,2016-12-28,C,2.153,2016-04-28
16399,2016-05-16 10:50:00,2016-05-16,0.0573,0.0,0.0,1461.0,0.0573,0.0573,0.0573,10000618,2016-12-28,2016-12-28,C,2.153,2016-04-28
16400,2016-05-16 10:51:00,2016-05-16,0.0577,4039.0,7.0,1468.0,0.0577,0.0577,0.0577,10000618,2016-12-28,2016-12-28,C,2.153,2016-04-28
16401,2016-05-16 10:52:00,2016-05-16,0.0588,4116.0,7.0,1475.0,0.0577,0.0588,0.0577,10000618,2016-12-28,2016-12-28,C,2.153,2016-04-28
16402,2016-05-16 10:53:00,2016-05-16,0.0588,1764.0,3.0,1478.0,0.0588,0.0588,0.0588,10000618,2016-12-28,2016-12-28,C,2.153,2016-04-28
16403,2016-05-16 10:54:00,2016-05-16,0.0588,0.0,0.0,1478.0,0.0588,0.0588,0.0588,10000618,2016-12-28,2016-12-28,C,2.153,2016-04-28
16404,2016-05-16 10:55:00,2016-05-16,0.0588,5880.0,10.0,1488.0,0.0588,0.0588,0.0588,10000618,2016-12-28,2016-12-28,C,2.153,2016-04-28
16405,2016-05-16 10:56:00,2016-05-16,0.0588,0.0,0.0,1488.0,0.0588,0.0588,0.0588,10000618,2016-12-28,2016-12-28,C,2.153,2016-04-28
16406,2016-05-16 10:57:00,2016-05-16,0.0588,587.0,1.0,1488.0,0.0588,0.0587,0.0587,10000618,2016-12-28,2016-12-28,C,2.153,2016-04-28
16407,2016-05-16 10:58:00,2016-05-16,0.0587,0.0,0.0,1488.0,0.0587,0.0587,0.0587,10000618,2016-12-28,2016-12-28,C,2.153,2016-04-28
16408,2016-05-16 10:59:00,2016-05-16,0.0606,7211.0,12.0,1500.0,0.0587,0.0605,0.0587,10000618,2016-12-28,2016-12-28,C,2.153,2016-04-28
16409,2016-05-16 11:00:00,2016-05-16,0.0605,1210.0,2.0,1502.0,0.0605,0.0605,0.0605,10000618,2016-12-28,2016-12-28,C,2.153,2016-04-28
16410,2016-05-16 11:01:00,2016-05-16,0.0605,4235.0,7.0,1509.0,0.0605,0.0605,0.0605,10000618,2016-12-28,2016-12-28,C,2.153,2016-04-28
16411,2016-05-16 11:02:00,2016-05-16,0.0605,0.0,0.0,1509.0,0.0605,0.0605,0.0605,10000618,2016-12-28,2016-12-28,C,2.153,2016-04-28
16412,2016-05-16 11:03:00,2016-05-16,0.0605,0.0,0.0,1509.0,0.0605,0.0605,0.0605,10000618,2016-12-28,2016-12-28,C,2.153,2016-04-28
16413,2016-05-16 11:04:00,2016-05-16,0.0605,0.0,0.0,1509.0,0.0605,0.0605,0.0605,10000618,2016-12-28,2016-12-28,C,2.153,2016-04-28
16414,2016-05-16 11:05:00,2016-05-16,0.0605,0.0,0.0,1509.0,0.0605,0.0605,0.0605,10000618,2016-12-28,2016-12-28,C,2.153,2016-04-28
16415,2016-05-16 11:06:00,2016-05-16,0.0605,0.0,0.0,1509.0,0.0605,0.0605,0.0605,10000618,2016-12-28,2016-12-28,C,2.153,2016-04-28
16416,2016-05-16 11:07:00,2016-05-16,0.0605,6050.0,10.0,1509.0,0.0605,0.0605,0.0605,10000618,2016-12-28,2016-12-28,C,2.153,2016-04-28
16417,2016-05-16 11:08:00,2016-05-16,0.0605,0.0,0.0,1509.0,0.0605,0.0605,0.0605,10000618,2016-12-28,2016-12-28,C,2.153,2016-04-28
16418,2016-05-16 11:09:00,2016-05-16,0.0605,0.0,0.0,1509.0,0.0605,0.0605,0.0605,10000618,2016-12-28,2016-12-28,C,2.153,2016-04-28
16419,2016-05-16 11:10:00,2016-05-16,0.0605,0.0,0.0,1509.0,0.0605,0.0605,0.0605,10000618,2016-12-28,2016-12-28,C,2.153,2016-04-28
16420,2016-05-16 11:11:00,2016-05-16,0.0605,0.0,0.0,1509.0,0.0605,0.0605,0.0605,10000618,2016-12-28,2016-12-28,C,2.153,2016-04-28
16421,2016-05-16 11:12:00,2016-05-16,0.0605,0.0,0.0,1509.0,0.0605,0.0605,0.0605,10000618,2016-12-28,2016-12-28,C,2.153,2016-04-28
16422,2016-05-16 11:13:00,2016-05-16,0.0605,0.0,0.0,1509.0,0.0605,0.0605,0.0605,10000618,2016-12-28,2016-12-28,C,2.153,2016-04-28
16423,2016-05-16 11:14:00,2016-05-16,0.0605,0.0,0.0,1509.0,0.0605,0.0605,0.0605,10000618,2016-12-28,2016-12-28,C,2.153,2016-04-28
16424,2016-05-16 11:15:00,2016-05-16,0.0605,0.0,0.0,1509.0,0.0605,0.0605,0.0605,10000618,2016-12-28,2016-12-28,C,2.153,2016-04-28
16425,2016-05-16 11:16:00,2016-05-16,0.0605,0.0,0.0,1509.0,0.0605,0.0605,0.0605,10000618,2016-12-28,2016-12-28,C,2.153,2016-04-28
16426,2016-05-16 11:17:00,2016-05-16,0.0605,0.0,0.0,1509.0,0.0605,0.0605,0.0605,10000618,2016-12-28,2016-12-28,C,2.153,2016-04-28
16427,2016-05-16 11:18:00,2016-05-16,0.0605,0.0,0.0,1509.0,0.0605,0.0605,0.0605,10000618,2016-12-28,2016-12-28,C,2.153,2016-04-28
16428,2016-05-16 11:19:00,2016-05-16,0.0605,0.0,0.0,1509.0,0.0605,0.0605,0.0605,10000618,2016-12-28,2016-12-28,C,2.153,2016-04-28
16429,2016-05-16 11:20:00,2016-05-16,0.0605,0.0,0.0,1509.0,0.0605,0.0605,0.0605,10000618,2016-12-28,2016-12-28,C,2.153,2016-04-28
16430,2016-05-16 11:21:00,2016-05-16,0.0605,0.0,0.0,1509.0,0.0605,0.0605,0.0605,10000618,2016-12-28,2016-12-28,C,2.153,2016-04-28
16431,2016-05-16 11:22:00,2016-05-16,0.0605,600.0,1.0,1509.0,0.0605,0.06,0.06,10000618,2016-12-28,2016-12-28,C,2.153,2016-04-28
16432,2016-05-16 11:23:00,2016-05-16,0.06,0.0,0.0,1509.0,0.06,0.06,0.06,10000618,2016-12-28,2016-12-28,C,2.153,2016-04-28
16433,2016-05-16 11:24:00,2016-05-16,0.06,0.0,0.0,1509.0,0.06,0.06,0.06,10000618,2016-12-28,2016-12-28,C,2.153,2016-04-28
16434,2016-05-16 11:25:00,2016-05-16,0.06,0.0,0.0,1509.0,0.06,0.06,0.06,10000618,2016-12-28,2016-12-28,C,2.153,2016-04-28
16435,2016-05-16 11:26:00,2016-05-16,0.06,0.0,0.0,1509.0,0.06,0.06,0.06,10000618,2016-12-28,2016-12-28,C,2.153,2016-04-28
16436,2016-05-16 11:27:00,2016-05-16,0.06,0.0,0.0,1509.0,0.06,0.06,0.06,10000618,2016-12-28,2016-12-28,C,2.153,2016-04-28
16437,2016-05-16 11:28:00,2016-05-16,0.06,12600.0,21.0,1509.0,0.06,0.06,0.06,10000618,2016-12-28,2016-12-28,C,2.153,2016-04-28
16438,2016-05-16 11:29:00,2016-05-16,0.0599,5998.0,10.0,1511.0,0.0599,0.0599,0.0599,10000618,2016-12-28,2016-12-28,C,2.153,2016-04-28
16439,2016-05-16 11:30:00,2016-05-16,0.0599,1196.0,2.0,1509.0,0.0599,0.0598,0.0598,10000618,2016-12-28,2016-12-28,C,2.153,2016-04-28
16440,2016-05-16 13:01:00,2016-05-16,0.0598,2990.0,5.0,1509.0,0.0598,0.0598,0.0598,10000618,2016-12-28,2016-12-28,C,2.153,2016-04-28
16441,2016-05-16 13:02:00,2016-05-16,0.06,2400.0,4.0,1510.0,0.0598,0.06,0.0598,10000618,2016-12-28,2016-12-28,C,2.153,2016-04-28
16442,2016-05-16 13:03:00,2016-05-16,0.06,2994.0,5.0,1511.0,0.06,0.0598,0.0598,10000618,2016-12-28,2016-12-28,C,2.153,2016-04-28
16443,2016-05-16 13:04:00,2016-05-16,0.0598,0.0,0.0,1511.0,0.0598,0.0598,0.0598,10000618,2016-12-28,2016-12-28,C,2.153,2016-04-28
16444,2016-05-16 13:05:00,2016-05-16,0.0598,0.0,0.0,1511.0,0.0598,0.0598,0.0598,10000618,2016-12-28,2016-12-28,C,2.153,2016-04-28
16445,2016-05-16 13:06:00,2016-05-16,0.0598,0.0,0.0,1511.0,0.0598,0.0598,0.0598,10000618,2016-12-28,2016-12-28,C,2.153,2016-04-28
16446,2016-05-16 13:07:00,2016-05-16,0.0598,0.0,0.0,1511.0,0.0598,0.0598,0.0598,10000618,2016-12-28,2016-12-28,C,2.153,2016-04-28
16447,2016-05-16 13:08:00,2016-05-16,0.0598,0.0,0.0,1511.0,0.0598,0.0598,0.0598,10000618,2016-12-28,2016-12-28,C,2.153,2016-04-28
16448,2016-05-16 13:09:00,2016-05-16,0.0598,0.0,0.0,1511.0,0.0598,0.0598,0.0598,10000618,2016-12-28,2016-12-28,C,2.153,2016-04-28
16449,2016-05-16 13:10:00,2016-05-16,0.0598,0.0,0.0,1511.0,0.0598,0.0598,0.0598,10000618,2016-12-28,2016-12-28,C,2.153,2016-04-28
16450,2016-05-16 13:11:00,2016-05-16,0.0598,0.0,0.0,1511.0,0.0598,0.0598,0.0598,10000618,2016-12-28,2016-12-28,C,2.153,2016-04-28
16451,2016-05-16 13:12:00,2016-05-16,0.0598,0.0,0.0,1511.0,0.0598,0.0598,0.0598,10000618,2016-12-28,2016-12-28,C,2.153,2016-04-28
16452,2016-05-16 13:13:00,2016-05-16,0.0598,0.0,0.0,1511.0,0.0598,0.0598,0.0598,10000618,2016-12-28,2016-12-28,C,2.153,2016-04-28
16453,2016-05-16 13:14:00,2016-05-16,0.0598,0.0,0.0,1511.0,0.0598,0.0598,0.0598,10000618,2016-12-28,2016-12-28,C,2.153,2016-04-28
16454,2016-05-16 13:15:00,2016-05-16,0.0598,2975.0,5.0,1516.0,0.0598,0.0595,0.0595,10000618,2016-12-28,2016-12-28,C,2.153,2016-04-28
16455,2016-05-16 13:16:00,2016-05-16,0.0593,8843.0,15.0,1531.0,0.0593,0.0589,0.0589,10000618,2016-12-28,2016-12-28,C,2.153,2016-04-28
16456,2016-05-16 13:17:00,2016-05-16,0.0589,0.0,0.0,1531.0,0.0589,0.0589,0.0589,10000618,2016-12-28,2016-12-28,C,2.153,2016-04-28
16457,2016-05-16 13:18:00,2016-05-16,0.0589,0.0,0.0,1531.0,0.0589,0.0589,0.0589,10000618,2016-12-28,2016-12-28,C,2.153,2016-04-28
16458,2016-05-16 13:19:00,2016-05-16,0.0589,0.0,0.0,1531.0,0.0589,0.0589,0.0589,10000618,2016-12-28,2016-12-28,C,2.153,2016-04-28
16459,2016-05-16 13:20:00,2016-05-16,0.0589,0.0,0.0,1531.0,0.0589,0.0589,0.0589,10000618,2016-12-28,2016-12-28,C,2.153,2016-04-28
16460,2016-05-16 13:21:00,2016-05-16,0.0589,0.0,0.0,1531.0,0.0589,0.0589,0.0589,10000618,2016-12-28,2016-12-28,C,2.153,2016-04-28
16461,2016-05-16 13:22:00,2016-05-16,0.0589,0.0,0.0,1531.0,0.0589,0.0589,0.0589,10000618,2016-12-28,2016-12-28,C,2.153,2016-04-28
16462,2016-05-16 13:23:00,2016-05-16,0.0603,1206.0,2.0,1533.0,0.0589,0.0603,0.0589,10000618,2016-12-28,2016-12-28,C,2.153,2016-04-28
16463,2016-05-16 13:24:00,2016-05-16,0.0603,0.0,0.0,1533.0,0.0603,0.0603,0.0603,10000618,2016-12-28,2016-12-28,C,2.153,2016-04-28
16464,2016-05-16 13:25:00,2016-05-16,0.0587,5872.0,10.0,1543.0,0.0587,0.0587,0.0587,10000618,2016-12-28,2016-12-28,C,2.153,2016-04-28
16465,2016-05-16 13:26:00,2016-05-16,0.0587,0.0,0.0,1543.0,0.0587,0.0587,0.0587,10000618,2016-12-28,2016-12-28,C,2.153,2016-04-28
16466,2016-05-16 13:27:00,2016-05-16,0.0587,0.0,0.0,1543.0,0.0587,0.0587,0.0587,10000618,2016-12-28,2016-12-28,C,2.153,2016-04-28
16467,2016-05-16 13:28:00,2016-05-16,0.059,2360.0,4.0,1547.0,0.0587,0.059,0.0587,10000618,2016-12-28,2016-12-28,C,2.153,2016-04-28
16468,2016-05-16 13:29:00,2016-05-16,0.059,0.0,0.0,1547.0,0.059,0.059,0.059,10000618,2016-12-28,2016-12-28,C,2.153,2016-04-28
16469,2016-05-16 13:30:00,2016-05-16,0.059,0.0,0.0,1547.0,0.059,0.059,0.059,10000618,2016-12-28,2016-12-28,C,2.153,2016-04-28
16470,2016-05-16 13:31:00,2016-05-16,0.0593,1186.0,2.0,1549.0,0.059,0.0593,0.059,10000618,2016-12-28,2016-12-28,C,2.153,2016-04-28
16471,2016-05-16 13:32:00,2016-05-16,0.0593,2965.0,5.0,1554.0,0.0593,0.0593,0.0593,10000618,2016-12-28,2016-12-28,C,2.153,2016-04-28
16472,2016-05-16 13:33:00,2016-05-16,0.0593,0.0,0.0,1554.0,0.0593,0.0593,0.0593,10000618,2016-12-28,2016-12-28,C,2.153,2016-04-28
16473,2016-05-16 13:34:00,2016-05-16,0.0593,0.0,0.0,1554.0,0.0593,0.0593,0.0593,10000618,2016-12-28,2016-12-28,C,2.153,2016-04-28
16474,2016-05-16 13:35:00,2016-05-16,0.0593,0.0,0.0,1554.0,0.0593,0.0593,0.0593,10000618,2016-12-28,2016-12-28,C,2.153,2016-04-28
16475,2016-05-16 13:36:00,2016-05-16,0.0593,0.0,0.0,1554.0,0.0593,0.0593,0.0593,10000618,2016-12-28,2016-12-28,C,2.153,2016-04-28
16476,2016-05-16 13:37:00,2016-05-16,0.0593,0.0,0.0,1554.0,0.0593,0.0593,0.0593,10000618,2016-12-28,2016-12-28,C,2.153,2016-04-28
16477,2016-05-16 13:38:00,2016-05-16,0.0593,0.0,0.0,1554.0,0.0593,0.0593,0.0593,10000618,2016-12-28,2016-12-28,C,2.153,2016-04-28
16478,2016-05-16 13:39:00,2016-05-16,0.0593,0.0,0.0,1554.0,0.0593,0.0593,0.0593,10000618,2016-12-28,2016-12-28,C,2.153,2016-04-28
16479,2016-05-16 13:40:00,2016-05-16,0.0593,0.0,0.0,1554.0,0.0593,0.0593,0.0593,10000618,2016-12-28,2016-12-28,C,2.153,2016-04-28
16480,2016-05-16 13:41:00,2016-05-16,0.0593,0.0,0.0,1554.0,0.0593,0.0593,0.0593,10000618,2016-12-28,2016-12-28,C,2.153,2016-04-28
16481,2016-05-16 13:42:00,2016-05-16,0.0593,0.0,0.0,1554.0,0.0593,0.0593,0.0593,10000618,2016-12-28,2016-12-28,C,2.153,2016-04-28
16482,2016-05-16 13:43:00,2016-05-16,0.0593,1186.0,2.0,1554.0,0.0593,0.0593,0.0593,10000618,2016-12-28,2016-12-28,C,2.153,2016-04-28
16483,2016-05-16 13:44:00,2016-05-16,0.0593,0.0,0.0,1554.0,0.0593,0.0593,0.0593,10000618,2016-12-28,2016-12-28,C,2.153,2016-04-28
16484,2016-05-16 13:45:00,2016-05-16,0.0593,0.0,0.0,1554.0,0.0593,0.0593,0.0593,10000618,2016-12-28,2016-12-28,C,2.153,2016-04-28
16485,2016-05-16 13:46:00,2016-05-16,0.0593,0.0,0.0,1554.0,0.0593,0.0593,0.0593,10000618,2016-12-28,2016-12-28,C,2.153,2016-04-28
16486,2016-05-16 13:47:00,2016-05-16,0.0593,0.0,0.0,1554.0,0.0593,0.0593,0.0593,10000618,2016-12-28,2016-12-28,C,2.153,2016-04-28
16487,2016-05-16 13:48:00,2016-05-16,0.0593,0.0,0.0,1554.0,0.0593,0.0593,0.0593,10000618,2016-12-28,2016-12-28,C,2.153,2016-04-28
16488,2016-05-16 13:49:00,2016-05-16,0.0593,0.0,0.0,1554.0,0.0593,0.0593,0.0593,10000618,2016-12-28,2016-12-28,C,2.153,2016-04-28
16489,2016-05-16 13:50:00,2016-05-16,0.0593,0.0,0.0,1554.0,0.0593,0.0593,0.0593,10000618,2016-12-28,2016-12-28,C,2.153,2016-04-28
16490,2016-05-16 13:51:00,2016-05-16,0.0593,0.0,0.0,1554.0,0.0593,0.0593,0.0593,10000618,2016-12-28,2016-12-28,C,2.153,2016-04-28
16491,2016-05-16 13:52:00,2016-05-16,0.0593,0.0,0.0,1554.0,0.0593,0.0593,0.0593,10000618,2016-12-28,2016-12-28,C,2.153,2016-04-28
16492,2016-05-16 13:53:00,2016-05-16,0.0593,0.0,0.0,1554.0,0.0593,0.0593,0.0593,10000618,2016-12-28,2016-12-28,C,2.153,2016-04-28
16493,2016-05-16 13:54:00,2016-05-16,0.0593,0.0,0.0,1554.0,0.0593,0.0593,0.0593,10000618,2016-12-28,2016-12-28,C,2.153,2016-04-28
16494,2016-05-16 13:55:00,2016-05-16,0.0593,0.0,0.0,1554.0,0.0593,0.0593,0.0593,10000618,2016-12-28,2016-12-28,C,2.153,2016-04-28
16495,2016-05-16 13:56:00,2016-05-16,0.0593,0.0,0.0,1554.0,0.0593,0.0593,0.0593,10000618,2016-12-28,2016-12-28,C,2.153,2016-04-28
16496,2016-05-16 13:57:00,2016-05-16,0.0593,0.0,0.0,1554.0,0.0593,0.0593,0.0593,10000618,2016-12-28,2016-12-28,C,2.153,2016-04-28
16497,2016-05-16 13:58:00,2016-05-16,0.0593,0.0,0.0,1554.0,0.0593,0.0593,0.0593,10000618,2016-12-28,2016-12-28,C,2.153,2016-04-28
16498,2016-05-16 13:59:00,2016-05-16,0.0593,0.0,0.0,1554.0,0.0593,0.0593,0.0593,10000618,2016-12-28,2016-12-28,C,2.153,2016-04-28
16499,2016-05-16 14:00:00,2016-05-16,0.0593,0.0,0.0,1554.0,0.0593,0.0593,0.0593,10000618,2016-12-28,2016-12-28,C,2.153,2016-04-28
16500,2016-05-16 14:01:00,2016-05-16,0.0593,0.0,0.0,1554.0,0.0593,0.0593,0.0593,10000618,2016-12-28,2016-12-28,C,2.153,2016-04-28
16501,2016-05-16 14:02:00,2016-05-16,0.0593,0.0,0.0,1554.0,0.0593,0.0593,0.0593,10000618,2016-12-28,2016-12-28,C,2.153,2016-04-28
16502,2016-05-16 14:03:00,2016-05-16,0.0593,0.0,0.0,1554.0,0.0593,0.0593,0.0593,10000618,2016-12-28,2016-12-28,C,2.153,2016-04-28
16503,2016-05-16 14:04:00,2016-05-16,0.0593,0.0,0.0,1554.0,0.0593,0.0593,0.0593,10000618,2016-12-28,2016-12-28,C,2.153,2016-04-28
16504,2016-05-16 14:05:00,2016-05-16,0.0593,0.0,0.0,1554.0,0.0593,0.0593,0.0593,10000618,2016-12-28,2016-12-28,C,2.153,2016-04-28
16505,2016-05-16 14:06:00,2016-05-16,0.0593,0.0,0.0,1554.0,0.0593,0.0593,0.0593,10000618,2016-12-28,2016-12-28,C,2.153,2016-04-28
16506,2016-05-16 14:07:00,2016-05-16,0.0593,0.0,0.0,1554.0,0.0593,0.0593,0.0593,10000618,2016-12-28,2016-12-28,C,2.153,2016-04-28
16507,2016-05-16 14:08:00,2016-05-16,0.0593,0.0,0.0,1554.0,0.0593,0.0593,0.0593,10000618,2016-12-28,2016-12-28,C,2.153,2016-04-28
16508,2016-05-16 14:09:00,2016-05-16,0.0593,0.0,0.0,1554.0,0.0593,0.0593,0.0593,10000618,2016-12-28,2016-12-28,C,2.153,2016-04-28
16509,2016-05-16 14:10:00,2016-05-16,0.0593,0.0,0.0,1554.0,0.0593,0.0593,0.0593,10000618,2016-12-28,2016-12-28,C,2.153,2016-04-28
16510,2016-05-16 14:11:00,2016-05-16,0.0593,0.0,0.0,1554.0,0.0593,0.0593,0.0593,10000618,2016-12-28,2016-12-28,C,2.153,2016-04-28
16511,2016-05-16 14:12:00,2016-05-16,0.0593,0.0,0.0,1554.0,0.0593,0.0593,0.0593,10000618,2016-12-28,2016-12-28,C,2.153,2016-04-28
16512,2016-05-16 14:13:00,2016-05-16,0.0593,0.0,0.0,1554.0,0.0593,0.0593,0.0593,10000618,2016-12-28,2016-12-28,C,2.153,2016-04-28
16513,2016-05-16 14:14:00,2016-05-16,0.0593,0.0,0.0,1554.0,0.0593,0.0593,0.0593,10000618,2016-12-28,2016-12-28,C,2.153,2016-04-28
16514,2016-05-16 14:15:00,2016-05-16,0.0593,0.0,0.0,1554.0,0.0593,0.0593,0.0593,10000618,2016-12-28,2016-12-28,C,2.153,2016-04-28
16515,2016-05-16 14:16:00,2016-05-16,0.0593,0.0,0.0,1554.0,0.0593,0.0593,0.0593,10000618,2016-12-28,2016-12-28,C,2.153,2016-04-28
16516,2016-05-16 14:17:00,2016-05-16,0.0593,0.0,0.0,1554.0,0.0593,0.0593,0.0593,10000618,2016-12-28,2016-12-28,C,2.153,2016-04-28
16517,2016-05-16 14:18:00,2016-05-16,0.0593,0.0,0.0,1554.0,0.0593,0.0593,0.0593,10000618,2016-12-28,2016-12-28,C,2.153,2016-04-28
16518,2016-05-16 14:19:00,2016-05-16,0.0593,0.0,0.0,1554.0,0.0593,0.0593,0.0593,10000618,2016-12-28,2016-12-28,C,2.153,2016-04-28
16519,2016-05-16 14:20:00,2016-05-16,0.0593,0.0,0.0,1554.0,0.0593,0.0593,0.0593,10000618,2016-12-28,2016-12-28,C,2.153,2016-04-28
16520,2016-05-16 14:21:00,2016-05-16,0.0593,0.0,0.0,1554.0,0.0593,0.0593,0.0593,10000618,2016-12-28,2016-12-28,C,2.153,2016-04-28
16521,2016-05-16 14:22:00,2016-05-16,0.0593,0.0,0.0,1554.0,0.0593,0.0593,0.0593,10000618,2016-12-28,2016-12-28,C,2.153,2016-04-28
16522,2016-05-16 14:23:00,2016-05-16,0.0593,0.0,0.0,1554.0,0.0593,0.0593,0.0593,10000618,2016-12-28,2016-12-28,C,2.153,2016-04-28
16523,2016-05-16 14:24:00,2016-05-16,0.0593,0.0,0.0,1554.0,0.0593,0.0593,0.0593,10000618,2016-12-28,2016-12-28,C,2.153,2016-04-28
16524,2016-05-16 14:25:00,2016-05-16,0.0593,0.0,0.0,1554.0,0.0593,0.0593,0.0593,10000618,2016-12-28,2016-12-28,C,2.153,2016-04-28
16525,2016-05-16 14:26:00,2016-05-16,0.0593,0.0,0.0,1554.0,0.0593,0.0593,0.0593,10000618,2016-12-28,2016-12-28,C,2.153,2016-04-28
16526,2016-05-16 14:27:00,2016-05-16,0.0593,0.0,0.0,1554.0,0.0593,0.0593,0.0593,10000618,2016-12-28,2016-12-28,C,2.153,2016-04-28
16527,2016-05-16 14:28:00,2016-05-16,0.0593,0.0,0.0,1554.0,0.0593,0.0593,0.0593,10000618,2016-12-28,2016-12-28,C,2.153,2016-04-28
16528,2016-05-16 14:29:00,2016-05-16,0.0593,0.0,0.0,1554.0,0.0593,0.0593,0.0593,10000618,2016-12-28,2016-12-28,C,2.153,2016-04-28
16529,2016-05-16 14:30:00,2016-05-16,0.0593,0.0,0.0,1554.0,0.0593,0.0593,0.0593,10000618,2016-12-28,2016-12-28,C,2.153,2016-04-28
16530,2016-05-16 14:31:00,2016-05-16,0.0593,0.0,0.0,1554.0,0.0593,0.0593,0.0593,10000618,2016-12-28,2016-12-28,C,2.153,2016-04-28
16531,2016-05-16 14:32:00,2016-05-16,0.0593,0.0,0.0,1554.0,0.0593,0.0593,0.0593,10000618,2016-12-28,2016-12-28,C,2.153,2016-04-28
16532,2016-05-16 14:33:00,2016-05-16,0.0593,0.0,0.0,1554.0,0.0593,0.0593,0.0593,10000618,2016-12-28,2016-12-28,C,2.153,2016-04-28
16533,2016-05-16 14:34:00,2016-05-16,0.0593,0.0,0.0,1554.0,0.0593,0.0593,0.0593,10000618,2016-12-28,2016-12-28,C,2.153,2016-04-28
16534,2016-05-16 14:35:00,2016-05-16,0.0593,0.0,0.0,1554.0,0.0593,0.0593,0.0593,10000618,2016-12-28,2016-12-28,C,2.153,2016-04-28
16535,2016-05-16 14:36:00,2016-05-16,0.0593,0.0,0.0,1554.0,0.0593,0.0593,0.0593,10000618,2016-12-28,2016-12-28,C,2.153,2016-04-28
16536,2016-05-16 14:37:00,2016-05-16,0.0593,0.0,0.0,1554.0,0.0593,0.0593,0.0593,10000618,2016-12-28,2016-12-28,C,2.153,2016-04-28
16537,2016-05-16 14:38:00,2016-05-16,0.0593,0.0,0.0,1554.0,0.0593,0.0593,0.0593,10000618,2016-12-28,2016-12-28,C,2.153,2016-04-28
16538,2016-05-16 14:39:00,2016-05-16,0.0593,0.0,0.0,1554.0,0.0593,0.0593,0.0593,10000618,2016-12-28,2016-12-28,C,2.153,2016-04-28
16539,2016-05-16 14:40:00,2016-05-16,0.0593,0.0,0.0,1554.0,0.0593,0.0593,0.0593,10000618,2016-12-28,2016-12-28,C,2.153,2016-04-28
16540,2016-05-16 14:41:00,2016-05-16,0.0593,0.0,0.0,1554.0,0.0593,0.0593,0.0593,10000618,2016-12-28,2016-12-28,C,2.153,2016-04-28
16541,2016-05-16 14:42:00,2016-05-16,0.0593,0.0,0.0,1554.0,0.0593,0.0593,0.0593,10000618,2016-12-28,2016-12-28,C,2.153,2016-04-28
16542,2016-05-16 14:43:00,2016-05-16,0.0593,0.0,0.0,1554.0,0.0593,0.0593,0.0593,10000618,2016-12-28,2016-12-28,C,2.153,2016-04-28
16543,2016-05-16 14:44:00,2016-05-16,0.0593,0.0,0.0,1554.0,0.0593,0.0593,0.0593,10000618,2016-12-28,2016-12-28,C,2.153,2016-04-28
16544,2016-05-16 14:45:00,2016-05-16,0.0593,0.0,0.0,1554.0,0.0593,0.0593,0.0593,10000618,2016-12-28,2016-12-28,C,2.153,2016-04-28
16545,2016-05-16 14:46:00,2016-05-16,0.0593,0.0,0.0,1554.0,0.0593,0.0593,0.0593,10000618,2016-12-28,2016-12-28,C,2.153,2016-04-28
16546,2016-05-16 14:47:00,2016-05-16,0.06,600.0,1.0,1554.0,0.0593,0.06,0.0593,10000618,2016-12-28,2016-12-28,C,2.153,2016-04-28
16547,2016-05-16 14:48:00,2016-05-16,0.06,0.0,0.0,1554.0,0.06,0.06,0.06,10000618,2016-12-28,2016-12-28,C,2.153,2016-04-28
16548,2016-05-16 14:49:00,2016-05-16,0.06,0.0,0.0,1554.0,0.06,0.06,0.06,10000618,2016-12-28,2016-12-28,C,2.153,2016-04-28
16549,2016-05-16 14:50:00,2016-05-16,0.06,0.0,0.0,1554.0,0.06,0.06,0.06,10000618,2016-12-28,2016-12-28,C,2.153,2016-04-28
16550,2016-05-16 14:51:00,2016-05-16,0.06,0.0,0.0,1554.0,0.06,0.06,0.06,10000618,2016-12-28,2016-12-28,C,2.153,2016-04-28
16551,2016-05-16 14:52:00,2016-05-16,0.06,0.0,0.0,1554.0,0.06,0.06,0.06,10000618,2016-12-28,2016-12-28,C,2.153,2016-04-28
16552,2016-05-16 14:53:00,2016-05-16,0.06,0.0,0.0,1554.0,0.06,0.06,0.06,10000618,2016-12-28,2016-12-28,C,2.153,2016-04-28
16553,2016-05-16 14:54:00,2016-05-16,0.06,0.0,0.0,1554.0,0.06,0.06,0.06,10000618,2016-12-28,2016-12-28,C,2.153,2016-04-28
16554,2016-05-16 14:55:00,2016-05-16,0.06,0.0,0.0,1554.0,0.06,0.06,0.06,10000618,2016-12-28,2016-12-28,C,2.153,2016-04-28
16555,2016-05-16 14:56:00,2016-05-16,0.06,0.0,0.0,1554.0,0.06,0.06,0.06,10000618,2016-12-28,2016-12-28,C,2.153,2016-04-28
16556,2016-05-16 14:57:00,2016-05-16,0.06,0.0,0.0,1554.0,0.06,0.06,0.06,10000618,2016-12-28,2016-12-28,C,2.153,2016-04-28
16557,2016-05-16 14:58:00,2016-05-16,0.06,0.0,0.0,1554.0,0.06,0.06,0.06,10000618,2016-12-28,2016-12-28,C,2.153,2016-04-28
16558,2016-05-16 14:59:00,2016-05-16,0.06,0.0,0.0,1554.0,0.06,0.06,0.06,10000618,2016-12-28,2016-12-28,C,2.153,2016-04-28
16559,2016-05-16 15:00:00,2016-05-16,0.06,0.0,0.0,1554.0,0.06,0.06,0.06,10000618,2016-12-28,2016-12-28,C,2.153,2016-04-28
16560,2016-05-16 09:31:00,2016-05-16,0.3397,0.0,0.0,3314.0,0.3397,0.3397,0.3397,10000458,2016-06-22,2016-06-22,P,2.4,2015-10-29
16561,2016-05-16 09:32:00,2016-05-16,0.3456,69120.0,20.0,3314.0,0.3397,0.3456,0.3397,10000458,2016-06-22,2016-06-22,P,2.4,2015-10-29
16562,2016-05-16 09:33:00,2016-05-16,0.3456,0.0,0.0,3314.0,0.3456,0.3456,0.3456,10000458,2016-06-22,2016-06-22,P,2.4,2015-10-29
16563,2016-05-16 09:34:00,2016-05-16,0.3456,0.0,0.0,3314.0,0.3456,0.3456,0.3456,10000458,2016-06-22,2016-06-22,P,2.4,2015-10-29
16564,2016-05-16 09:35:00,2016-05-16,0.3456,0.0,0.0,3314.0,0.3456,0.3456,0.3456,10000458,2016-06-22,2016-06-22,P,2.4,2015-10-29
16565,2016-05-16 09:36:00,2016-05-16,0.3456,82528.0,24.0,3314.0,0.3456,0.3438,0.3438,10000458,2016-06-22,2016-06-22,P,2.4,2015-10-29
16566,2016-05-16 09:37:00,2016-05-16,0.3438,0.0,0.0,3314.0,0.3438,0.3438,0.3438,10000458,2016-06-22,2016-06-22,P,2.4,2015-10-29
16567,2016-05-16 09:38:00,2016-05-16,0.3438,0.0,0.0,3314.0,0.3438,0.3438,0.3438,10000458,2016-06-22,2016-06-22,P,2.4,2015-10-29
16568,2016-05-16 09:39:00,2016-05-16,0.3438,0.0,0.0,3314.0,0.3438,0.3438,0.3438,10000458,2016-06-22,2016-06-22,P,2.4,2015-10-29
16569,2016-05-16 09:40:00,2016-05-16,0.3438,0.0,0.0,3314.0,0.3438,0.3438,0.3438,10000458,2016-06-22,2016-06-22,P,2.4,2015-10-29
16570,2016-05-16 09:41:00,2016-05-16,0.3438,0.0,0.0,3314.0,0.3438,0.3438,0.3438,10000458,2016-06-22,2016-06-22,P,2.4,2015-10-29
16571,2016-05-16 09:42:00,2016-05-16,0.3438,0.0,0.0,3314.0,0.3438,0.3438,0.3438,10000458,2016-06-22,2016-06-22,P,2.4,2015-10-29
16572,2016-05-16 09:43:00,2016-05-16,0.3438,0.0,0.0,3314.0,0.3438,0.3438,0.3438,10000458,2016-06-22,2016-06-22,P,2.4,2015-10-29
16573,2016-05-16 09:44:00,2016-05-16,0.3438,0.0,0.0,3314.0,0.3438,0.3438,0.3438,10000458,2016-06-22,2016-06-22,P,2.4,2015-10-29
16574,2016-05-16 09:45:00,2016-05-16,0.3438,0.0,0.0,3314.0,0.3438,0.3438,0.3438,10000458,2016-06-22,2016-06-22,P,2.4,2015-10-29
16575,2016-05-16 09:46:00,2016-05-16,0.3438,0.0,0.0,3314.0,0.3438,0.3438,0.3438,10000458,2016-06-22,2016-06-22,P,2.4,2015-10-29
16576,2016-05-16 09:47:00,2016-05-16,0.3438,0.0,0.0,3314.0,0.3438,0.3438,0.3438,10000458,2016-06-22,2016-06-22,P,2.4,2015-10-29
16577,2016-05-16 09:48:00,2016-05-16,0.3438,0.0,0.0,3314.0,0.3438,0.3438,0.3438,10000458,2016-06-22,2016-06-22,P,2.4,2015-10-29
16578,2016-05-16 09:49:00,2016-05-16,0.3438,0.0,0.0,3314.0,0.3438,0.3438,0.3438,10000458,2016-06-22,2016-06-22,P,2.4,2015-10-29
16579,2016-05-16 09:50:00,2016-05-16,0.349,34900.0,10.0,3319.0,0.3438,0.349,0.3438,10000458,2016-06-22,2016-06-22,P,2.4,2015-10-29
16580,2016-05-16 09:51:00,2016-05-16,0.349,0.0,0.0,3319.0,0.349,0.349,0.349,10000458,2016-06-22,2016-06-22,P,2.4,2015-10-29
16581,2016-05-16 09:52:00,2016-05-16,0.349,0.0,0.0,3319.0,0.349,0.349,0.349,10000458,2016-06-22,2016-06-22,P,2.4,2015-10-29
16582,2016-05-16 09:53:00,2016-05-16,0.353,112450.0,32.0,3319.0,0.349,0.353,0.349,10000458,2016-06-22,2016-06-22,P,2.4,2015-10-29
16583,2016-05-16 09:54:00,2016-05-16,0.3557,28358.0,8.0,3319.0,0.353,0.3529,0.3529,10000458,2016-06-22,2016-06-22,P,2.4,2015-10-29
16584,2016-05-16 09:55:00,2016-05-16,0.3529,0.0,0.0,3319.0,0.3529,0.3529,0.3529,10000458,2016-06-22,2016-06-22,P,2.4,2015-10-29
16585,2016-05-16 09:56:00,2016-05-16,0.3529,0.0,0.0,3319.0,0.3529,0.3529,0.3529,10000458,2016-06-22,2016-06-22,P,2.4,2015-10-29
16586,2016-05-16 09:57:00,2016-05-16,0.3529,0.0,0.0,3319.0,0.3529,0.3529,0.3529,10000458,2016-06-22,2016-06-22,P,2.4,2015-10-29
16587,2016-05-16 09:58:00,2016-05-16,0.3529,0.0,0.0,3319.0,0.3529,0.3529,0.3529,10000458,2016-06-22,2016-06-22,P,2.4,2015-10-29
16588,2016-05-16 09:59:00,2016-05-16,0.3529,0.0,0.0,3319.0,0.3529,0.3529,0.3529,10000458,2016-06-22,2016-06-22,P,2.4,2015-10-29
16589,2016-05-16 10:00:00,2016-05-16,0.3529,0.0,0.0,3319.0,0.3529,0.3529,0.3529,10000458,2016-06-22,2016-06-22,P,2.4,2015-10-29
16590,2016-05-16 10:01:00,2016-05-16,0.3529,0.0,0.0,3319.0,0.3529,0.3529,0.3529,10000458,2016-06-22,2016-06-22,P,2.4,2015-10-29
16591,2016-05-16 10:02:00,2016-05-16,0.3529,0.0,0.0,3319.0,0.3529,0.3529,0.3529,10000458,2016-06-22,2016-06-22,P,2.4,2015-10-29
16592,2016-05-16 10:03:00,2016-05-16,0.3529,0.0,0.0,3319.0,0.3529,0.3529,0.3529,10000458,2016-06-22,2016-06-22,P,2.4,2015-10-29
16593,2016-05-16 10:04:00,2016-05-16,0.3529,0.0,0.0,3319.0,0.3529,0.3529,0.3529,10000458,2016-06-22,2016-06-22,P,2.4,2015-10-29
16594,2016-05-16 10:05:00,2016-05-16,0.3529,0.0,0.0,3319.0,0.3529,0.3529,0.3529,10000458,2016-06-22,2016-06-22,P,2.4,2015-10-29
16595,2016-05-16 10:06:00,2016-05-16,0.3529,0.0,0.0,3319.0,0.3529,0.3529,0.3529,10000458,2016-06-22,2016-06-22,P,2.4,2015-10-29
16596,2016-05-16 10:07:00,2016-05-16,0.3529,0.0,0.0,3319.0,0.3529,0.3529,0.3529,10000458,2016-06-22,2016-06-22,P,2.4,2015-10-29
16597,2016-05-16 10:08:00,2016-05-16,0.3529,0.0,0.0,3319.0,0.3529,0.3529,0.3529,10000458,2016-06-22,2016-06-22,P,2.4,2015-10-29
16598,2016-05-16 10:09:00,2016-05-16,0.3529,0.0,0.0,3319.0,0.3529,0.3529,0.3529,10000458,2016-06-22,2016-06-22,P,2.4,2015-10-29
16599,2016-05-16 10:10:00,2016-05-16,0.3529,0.0,0.0,3319.0,0.3529,0.3529,0.3529,10000458,2016-06-22,2016-06-22,P,2.4,2015-10-29
16600,2016-05-16 10:11:00,2016-05-16,0.3529,0.0,0.0,3319.0,0.3529,0.3529,0.3529,10000458,2016-06-22,2016-06-22,P,2.4,2015-10-29
16601,2016-05-16 10:12:00,2016-05-16,0.3529,0.0,0.0,3319.0,0.3529,0.3529,0.3529,10000458,2016-06-22,2016-06-22,P,2.4,2015-10-29
16602,2016-05-16 10:13:00,2016-05-16,0.3529,0.0,0.0,3319.0,0.3529,0.3529,0.3529,10000458,2016-06-22,2016-06-22,P,2.4,2015-10-29
16603,2016-05-16 10:14:00,2016-05-16,0.3529,0.0,0.0,3319.0,0.3529,0.3529,0.3529,10000458,2016-06-22,2016-06-22,P,2.4,2015-10-29
16604,2016-05-16 10:15:00,2016-05-16,0.3529,0.0,0.0,3319.0,0.3529,0.3529,0.3529,10000458,2016-06-22,2016-06-22,P,2.4,2015-10-29
16605,2016-05-16 10:16:00,2016-05-16,0.3529,0.0,0.0,3319.0,0.3529,0.3529,0.3529,10000458,2016-06-22,2016-06-22,P,2.4,2015-10-29
16606,2016-05-16 10:17:00,2016-05-16,0.3529,0.0,0.0,3319.0,0.3529,0.3529,0.3529,10000458,2016-06-22,2016-06-22,P,2.4,2015-10-29
16607,2016-05-16 10:18:00,2016-05-16,0.3529,0.0,0.0,3319.0,0.3529,0.3529,0.3529,10000458,2016-06-22,2016-06-22,P,2.4,2015-10-29
16608,2016-05-16 10:19:00,2016-05-16,0.3529,0.0,0.0,3319.0,0.3529,0.3529,0.3529,10000458,2016-06-22,2016-06-22,P,2.4,2015-10-29
16609,2016-05-16 10:20:00,2016-05-16,0.3529,0.0,0.0,3319.0,0.3529,0.3529,0.3529,10000458,2016-06-22,2016-06-22,P,2.4,2015-10-29
16610,2016-05-16 10:21:00,2016-05-16,0.3529,0.0,0.0,3319.0,0.3529,0.3529,0.3529,10000458,2016-06-22,2016-06-22,P,2.4,2015-10-29
16611,2016-05-16 10:22:00,2016-05-16,0.3529,0.0,0.0,3319.0,0.3529,0.3529,0.3529,10000458,2016-06-22,2016-06-22,P,2.4,2015-10-29
16612,2016-05-16 10:23:00,2016-05-16,0.3529,0.0,0.0,3319.0,0.3529,0.3529,0.3529,10000458,2016-06-22,2016-06-22,P,2.4,2015-10-29
16613,2016-05-16 10:24:00,2016-05-16,0.3529,0.0,0.0,3319.0,0.3529,0.3529,0.3529,10000458,2016-06-22,2016-06-22,P,2.4,2015-10-29
16614,2016-05-16 10:25:00,2016-05-16,0.3529,0.0,0.0,3319.0,0.3529,0.3529,0.3529,10000458,2016-06-22,2016-06-22,P,2.4,2015-10-29
16615,2016-05-16 10:26:00,2016-05-16,0.3529,0.0,0.0,3319.0,0.3529,0.3529,0.3529,10000458,2016-06-22,2016-06-22,P,2.4,2015-10-29
16616,2016-05-16 10:27:00,2016-05-16,0.3529,0.0,0.0,3319.0,0.3529,0.3529,0.3529,10000458,2016-06-22,2016-06-22,P,2.4,2015-10-29
16617,2016-05-16 10:28:00,2016-05-16,0.3529,0.0,0.0,3319.0,0.3529,0.3529,0.3529,10000458,2016-06-22,2016-06-22,P,2.4,2015-10-29
16618,2016-05-16 10:29:00,2016-05-16,0.3529,0.0,0.0,3319.0,0.3529,0.3529,0.3529,10000458,2016-06-22,2016-06-22,P,2.4,2015-10-29
16619,2016-05-16 10:30:00,2016-05-16,0.3529,0.0,0.0,3319.0,0.3529,0.3529,0.3529,10000458,2016-06-22,2016-06-22,P,2.4,2015-10-29
16620,2016-05-16 10:31:00,2016-05-16,0.3529,0.0,0.0,3319.0,0.3529,0.3529,0.3529,10000458,2016-06-22,2016-06-22,P,2.4,2015-10-29
16621,2016-05-16 10:32:00,2016-05-16,0.3529,0.0,0.0,3319.0,0.3529,0.3529,0.3529,10000458,2016-06-22,2016-06-22,P,2.4,2015-10-29
16622,2016-05-16 10:33:00,2016-05-16,0.3529,0.0,0.0,3319.0,0.3529,0.3529,0.3529,10000458,2016-06-22,2016-06-22,P,2.4,2015-10-29
16623,2016-05-16 10:34:00,2016-05-16,0.3529,0.0,0.0,3319.0,0.3529,0.3529,0.3529,10000458,2016-06-22,2016-06-22,P,2.4,2015-10-29
16624,2016-05-16 10:35:00,2016-05-16,0.3529,0.0,0.0,3319.0,0.3529,0.3529,0.3529,10000458,2016-06-22,2016-06-22,P,2.4,2015-10-29
16625,2016-05-16 10:36:00,2016-05-16,0.3529,0.0,0.0,3319.0,0.3529,0.3529,0.3529,10000458,2016-06-22,2016-06-22,P,2.4,2015-10-29
16626,2016-05-16 10:37:00,2016-05-16,0.3529,0.0,0.0,3319.0,0.3529,0.3529,0.3529,10000458,2016-06-22,2016-06-22,P,2.4,2015-10-29
16627,2016-05-16 10:38:00,2016-05-16,0.3529,0.0,0.0,3319.0,0.3529,0.3529,0.3529,10000458,2016-06-22,2016-06-22,P,2.4,2015-10-29
16628,2016-05-16 10:39:00,2016-05-16,0.3529,3487.0,1.0,3319.0,0.3529,0.3487,0.3487,10000458,2016-06-22,2016-06-22,P,2.4,2015-10-29
16629,2016-05-16 10:40:00,2016-05-16,0.3487,0.0,0.0,3319.0,0.3487,0.3487,0.3487,10000458,2016-06-22,2016-06-22,P,2.4,2015-10-29
16630,2016-05-16 10:41:00,2016-05-16,0.3487,0.0,0.0,3319.0,0.3487,0.3487,0.3487,10000458,2016-06-22,2016-06-22,P,2.4,2015-10-29
16631,2016-05-16 10:42:00,2016-05-16,0.3487,0.0,0.0,3319.0,0.3487,0.3487,0.3487,10000458,2016-06-22,2016-06-22,P,2.4,2015-10-29
16632,2016-05-16 10:43:00,2016-05-16,0.3487,0.0,0.0,3319.0,0.3487,0.3487,0.3487,10000458,2016-06-22,2016-06-22,P,2.4,2015-10-29
16633,2016-05-16 10:44:00,2016-05-16,0.3487,0.0,0.0,3319.0,0.3487,0.3487,0.3487,10000458,2016-06-22,2016-06-22,P,2.4,2015-10-29
16634,2016-05-16 10:45:00,2016-05-16,0.3487,0.0,0.0,3319.0,0.3487,0.3487,0.3487,10000458,2016-06-22,2016-06-22,P,2.4,2015-10-29
16635,2016-05-16 10:46:00,2016-05-16,0.3487,0.0,0.0,3319.0,0.3487,0.3487,0.3487,10000458,2016-06-22,2016-06-22,P,2.4,2015-10-29
16636,2016-05-16 10:47:00,2016-05-16,0.3487,0.0,0.0,3319.0,0.3487,0.3487,0.3487,10000458,2016-06-22,2016-06-22,P,2.4,2015-10-29
16637,2016-05-16 10:48:00,2016-05-16,0.3487,0.0,0.0,3319.0,0.3487,0.3487,0.3487,10000458,2016-06-22,2016-06-22,P,2.4,2015-10-29
16638,2016-05-16 10:49:00,2016-05-16,0.3487,0.0,0.0,3319.0,0.3487,0.3487,0.3487,10000458,2016-06-22,2016-06-22,P,2.4,2015-10-29
16639,2016-05-16 10:50:00,2016-05-16,0.3487,0.0,0.0,3319.0,0.3487,0.3487,0.3487,10000458,2016-06-22,2016-06-22,P,2.4,2015-10-29
16640,2016-05-16 10:51:00,2016-05-16,0.3487,0.0,0.0,3319.0,0.3487,0.3487,0.3487,10000458,2016-06-22,2016-06-22,P,2.4,2015-10-29
16641,2016-05-16 10:52:00,2016-05-16,0.3487,0.0,0.0,3319.0,0.3487,0.3487,0.3487,10000458,2016-06-22,2016-06-22,P,2.4,2015-10-29
16642,2016-05-16 10:53:00,2016-05-16,0.3487,0.0,0.0,3319.0,0.3487,0.3487,0.3487,10000458,2016-06-22,2016-06-22,P,2.4,2015-10-29
16643,2016-05-16 10:54:00,2016-05-16,0.3487,0.0,0.0,3319.0,0.3487,0.3487,0.3487,10000458,2016-06-22,2016-06-22,P,2.4,2015-10-29
16644,2016-05-16 10:55:00,2016-05-16,0.3487,0.0,0.0,3319.0,0.3487,0.3487,0.3487,10000458,2016-06-22,2016-06-22,P,2.4,2015-10-29
16645,2016-05-16 10:56:00,2016-05-16,0.3487,0.0,0.0,3319.0,0.3487,0.3487,0.3487,10000458,2016-06-22,2016-06-22,P,2.4,2015-10-29
16646,2016-05-16 10:57:00,2016-05-16,0.3487,0.0,0.0,3319.0,0.3487,0.3487,0.3487,10000458,2016-06-22,2016-06-22,P,2.4,2015-10-29
16647,2016-05-16 10:58:00,2016-05-16,0.3487,0.0,0.0,3319.0,0.3487,0.3487,0.3487,10000458,2016-06-22,2016-06-22,P,2.4,2015-10-29
16648,2016-05-16 10:59:00,2016-05-16,0.3487,0.0,0.0,3319.0,0.3487,0.3487,0.3487,10000458,2016-06-22,2016-06-22,P,2.4,2015-10-29
16649,2016-05-16 11:00:00,2016-05-16,0.3487,40343.0,12.0,3319.0,0.3487,0.3362,0.3359,10000458,2016-06-22,2016-06-22,P,2.4,2015-10-29
16650,2016-05-16 11:01:00,2016-05-16,0.3362,0.0,0.0,3319.0,0.3362,0.3362,0.3362,10000458,2016-06-22,2016-06-22,P,2.4,2015-10-29
16651,2016-05-16 11:02:00,2016-05-16,0.3362,0.0,0.0,3319.0,0.3362,0.3362,0.3362,10000458,2016-06-22,2016-06-22,P,2.4,2015-10-29
16652,2016-05-16 11:03:00,2016-05-16,0.3362,0.0,0.0,3319.0,0.3362,0.3362,0.3362,10000458,2016-06-22,2016-06-22,P,2.4,2015-10-29
16653,2016-05-16 11:04:00,2016-05-16,0.3362,0.0,0.0,3319.0,0.3362,0.3362,0.3362,10000458,2016-06-22,2016-06-22,P,2.4,2015-10-29
16654,2016-05-16 11:05:00,2016-05-16,0.3362,0.0,0.0,3319.0,0.3362,0.3362,0.3362,10000458,2016-06-22,2016-06-22,P,2.4,2015-10-29
16655,2016-05-16 11:06:00,2016-05-16,0.3362,0.0,0.0,3319.0,0.3362,0.3362,0.3362,10000458,2016-06-22,2016-06-22,P,2.4,2015-10-29
16656,2016-05-16 11:07:00,2016-05-16,0.3362,0.0,0.0,3319.0,0.3362,0.3362,0.3362,10000458,2016-06-22,2016-06-22,P,2.4,2015-10-29
16657,2016-05-16 11:08:00,2016-05-16,0.3362,0.0,0.0,3319.0,0.3362,0.3362,0.3362,10000458,2016-06-22,2016-06-22,P,2.4,2015-10-29
16658,2016-05-16 11:09:00,2016-05-16,0.3362,0.0,0.0,3319.0,0.3362,0.3362,0.3362,10000458,2016-06-22,2016-06-22,P,2.4,2015-10-29
16659,2016-05-16 11:10:00,2016-05-16,0.3362,0.0,0.0,3319.0,0.3362,0.3362,0.3362,10000458,2016-06-22,2016-06-22,P,2.4,2015-10-29
16660,2016-05-16 11:11:00,2016-05-16,0.3362,0.0,0.0,3319.0,0.3362,0.3362,0.3362,10000458,2016-06-22,2016-06-22,P,2.4,2015-10-29
16661,2016-05-16 11:12:00,2016-05-16,0.3362,0.0,0.0,3319.0,0.3362,0.3362,0.3362,10000458,2016-06-22,2016-06-22,P,2.4,2015-10-29
16662,2016-05-16 11:13:00,2016-05-16,0.3362,0.0,0.0,3319.0,0.3362,0.3362,0.3362,10000458,2016-06-22,2016-06-22,P,2.4,2015-10-29
16663,2016-05-16 11:14:00,2016-05-16,0.3362,0.0,0.0,3319.0,0.3362,0.3362,0.3362,10000458,2016-06-22,2016-06-22,P,2.4,2015-10-29
16664,2016-05-16 11:15:00,2016-05-16,0.3362,0.0,0.0,3319.0,0.3362,0.3362,0.3362,10000458,2016-06-22,2016-06-22,P,2.4,2015-10-29
16665,2016-05-16 11:16:00,2016-05-16,0.3362,0.0,0.0,3319.0,0.3362,0.3362,0.3362,10000458,2016-06-22,2016-06-22,P,2.4,2015-10-29
16666,2016-05-16 11:17:00,2016-05-16,0.3362,0.0,0.0,3319.0,0.3362,0.3362,0.3362,10000458,2016-06-22,2016-06-22,P,2.4,2015-10-29
16667,2016-05-16 11:18:00,2016-05-16,0.3362,0.0,0.0,3319.0,0.3362,0.3362,0.3362,10000458,2016-06-22,2016-06-22,P,2.4,2015-10-29
16668,2016-05-16 11:19:00,2016-05-16,0.3362,0.0,0.0,3319.0,0.3362,0.3362,0.3362,10000458,2016-06-22,2016-06-22,P,2.4,2015-10-29
16669,2016-05-16 11:20:00,2016-05-16,0.3362,0.0,0.0,3319.0,0.3362,0.3362,0.3362,10000458,2016-06-22,2016-06-22,P,2.4,2015-10-29
16670,2016-05-16 11:21:00,2016-05-16,0.3362,0.0,0.0,3319.0,0.3362,0.3362,0.3362,10000458,2016-06-22,2016-06-22,P,2.4,2015-10-29
16671,2016-05-16 11:22:00,2016-05-16,0.3362,0.0,0.0,3319.0,0.3362,0.3362,0.3362,10000458,2016-06-22,2016-06-22,P,2.4,2015-10-29
16672,2016-05-16 11:23:00,2016-05-16,0.3362,0.0,0.0,3319.0,0.3362,0.3362,0.3362,10000458,2016-06-22,2016-06-22,P,2.4,2015-10-29
16673,2016-05-16 11:24:00,2016-05-16,0.3362,0.0,0.0,3319.0,0.3362,0.3362,0.3362,10000458,2016-06-22,2016-06-22,P,2.4,2015-10-29
16674,2016-05-16 11:25:00,2016-05-16,0.3362,0.0,0.0,3319.0,0.3362,0.3362,0.3362,10000458,2016-06-22,2016-06-22,P,2.4,2015-10-29
16675,2016-05-16 11:26:00,2016-05-16,0.3362,0.0,0.0,3319.0,0.3362,0.3362,0.3362,10000458,2016-06-22,2016-06-22,P,2.4,2015-10-29
16676,2016-05-16 11:27:00,2016-05-16,0.3362,0.0,0.0,3319.0,0.3362,0.3362,0.3362,10000458,2016-06-22,2016-06-22,P,2.4,2015-10-29
16677,2016-05-16 11:28:00,2016-05-16,0.3362,0.0,0.0,3319.0,0.3362,0.3362,0.3362,10000458,2016-06-22,2016-06-22,P,2.4,2015-10-29
16678,2016-05-16 11:29:00,2016-05-16,0.3362,0.0,0.0,3319.0,0.3362,0.3362,0.3362,10000458,2016-06-22,2016-06-22,P,2.4,2015-10-29
16679,2016-05-16 11:30:00,2016-05-16,0.3362,0.0,0.0,3319.0,0.3362,0.3362,0.3362,10000458,2016-06-22,2016-06-22,P,2.4,2015-10-29
16680,2016-05-16 13:01:00,2016-05-16,0.3362,0.0,0.0,3319.0,0.3362,0.3362,0.3362,10000458,2016-06-22,2016-06-22,P,2.4,2015-10-29
16681,2016-05-16 13:02:00,2016-05-16,0.3362,0.0,0.0,3319.0,0.3362,0.3362,0.3362,10000458,2016-06-22,2016-06-22,P,2.4,2015-10-29
16682,2016-05-16 13:03:00,2016-05-16,0.3362,0.0,0.0,3319.0,0.3362,0.3362,0.3362,10000458,2016-06-22,2016-06-22,P,2.4,2015-10-29
16683,2016-05-16 13:04:00,2016-05-16,0.3362,0.0,0.0,3319.0,0.3362,0.3362,0.3362,10000458,2016-06-22,2016-06-22,P,2.4,2015-10-29
16684,2016-05-16 13:05:00,2016-05-16,0.3362,0.0,0.0,3319.0,0.3362,0.3362,0.3362,10000458,2016-06-22,2016-06-22,P,2.4,2015-10-29
16685,2016-05-16 13:06:00,2016-05-16,0.3362,0.0,0.0,3319.0,0.3362,0.3362,0.3362,10000458,2016-06-22,2016-06-22,P,2.4,2015-10-29
16686,2016-05-16 13:07:00,2016-05-16,0.3362,0.0,0.0,3319.0,0.3362,0.3362,0.3362,10000458,2016-06-22,2016-06-22,P,2.4,2015-10-29
16687,2016-05-16 13:08:00,2016-05-16,0.3362,0.0,0.0,3319.0,0.3362,0.3362,0.3362,10000458,2016-06-22,2016-06-22,P,2.4,2015-10-29
16688,2016-05-16 13:09:00,2016-05-16,0.3362,0.0,0.0,3319.0,0.3362,0.3362,0.3362,10000458,2016-06-22,2016-06-22,P,2.4,2015-10-29
16689,2016-05-16 13:10:00,2016-05-16,0.3362,0.0,0.0,3319.0,0.3362,0.3362,0.3362,10000458,2016-06-22,2016-06-22,P,2.4,2015-10-29
16690,2016-05-16 13:11:00,2016-05-16,0.3362,0.0,0.0,3319.0,0.3362,0.3362,0.3362,10000458,2016-06-22,2016-06-22,P,2.4,2015-10-29
16691,2016-05-16 13:12:00,2016-05-16,0.3362,0.0,0.0,3319.0,0.3362,0.3362,0.3362,10000458,2016-06-22,2016-06-22,P,2.4,2015-10-29
16692,2016-05-16 13:13:00,2016-05-16,0.3362,0.0,0.0,3319.0,0.3362,0.3362,0.3362,10000458,2016-06-22,2016-06-22,P,2.4,2015-10-29
16693,2016-05-16 13:14:00,2016-05-16,0.3362,0.0,0.0,3319.0,0.3362,0.3362,0.3362,10000458,2016-06-22,2016-06-22,P,2.4,2015-10-29
16694,2016-05-16 13:15:00,2016-05-16,0.3362,0.0,0.0,3319.0,0.3362,0.3362,0.3362,10000458,2016-06-22,2016-06-22,P,2.4,2015-10-29
16695,2016-05-16 13:16:00,2016-05-16,0.3362,0.0,0.0,3319.0,0.3362,0.3362,0.3362,10000458,2016-06-22,2016-06-22,P,2.4,2015-10-29
16696,2016-05-16 13:17:00,2016-05-16,0.3362,0.0,0.0,3319.0,0.3362,0.3362,0.3362,10000458,2016-06-22,2016-06-22,P,2.4,2015-10-29
16697,2016-05-16 13:18:00,2016-05-16,0.3362,0.0,0.0,3319.0,0.3362,0.3362,0.3362,10000458,2016-06-22,2016-06-22,P,2.4,2015-10-29
16698,2016-05-16 13:19:00,2016-05-16,0.3362,0.0,0.0,3319.0,0.3362,0.3362,0.3362,10000458,2016-06-22,2016-06-22,P,2.4,2015-10-29
16699,2016-05-16 13:20:00,2016-05-16,0.3362,0.0,0.0,3319.0,0.3362,0.3362,0.3362,10000458,2016-06-22,2016-06-22,P,2.4,2015-10-29
16700,2016-05-16 13:21:00,2016-05-16,0.3362,0.0,0.0,3319.0,0.3362,0.3362,0.3362,10000458,2016-06-22,2016-06-22,P,2.4,2015-10-29
16701,2016-05-16 13:22:00,2016-05-16,0.3362,0.0,0.0,3319.0,0.3362,0.3362,0.3362,10000458,2016-06-22,2016-06-22,P,2.4,2015-10-29
16702,2016-05-16 13:23:00,2016-05-16,0.3362,0.0,0.0,3319.0,0.3362,0.3362,0.3362,10000458,2016-06-22,2016-06-22,P,2.4,2015-10-29
16703,2016-05-16 13:24:00,2016-05-16,0.3362,0.0,0.0,3319.0,0.3362,0.3362,0.3362,10000458,2016-06-22,2016-06-22,P,2.4,2015-10-29
16704,2016-05-16 13:25:00,2016-05-16,0.3362,0.0,0.0,3319.0,0.3362,0.3362,0.3362,10000458,2016-06-22,2016-06-22,P,2.4,2015-10-29
16705,2016-05-16 13:26:00,2016-05-16,0.3362,0.0,0.0,3319.0,0.3362,0.3362,0.3362,10000458,2016-06-22,2016-06-22,P,2.4,2015-10-29
16706,2016-05-16 13:27:00,2016-05-16,0.3362,0.0,0.0,3319.0,0.3362,0.3362,0.3362,10000458,2016-06-22,2016-06-22,P,2.4,2015-10-29
16707,2016-05-16 13:28:00,2016-05-16,0.3362,0.0,0.0,3319.0,0.3362,0.3362,0.3362,10000458,2016-06-22,2016-06-22,P,2.4,2015-10-29
16708,2016-05-16 13:29:00,2016-05-16,0.3362,0.0,0.0,3319.0,0.3362,0.3362,0.3362,10000458,2016-06-22,2016-06-22,P,2.4,2015-10-29
16709,2016-05-16 13:30:00,2016-05-16,0.3362,0.0,0.0,3319.0,0.3362,0.3362,0.3362,10000458,2016-06-22,2016-06-22,P,2.4,2015-10-29
16710,2016-05-16 13:31:00,2016-05-16,0.3362,0.0,0.0,3319.0,0.3362,0.3362,0.3362,10000458,2016-06-22,2016-06-22,P,2.4,2015-10-29
16711,2016-05-16 13:32:00,2016-05-16,0.3362,0.0,0.0,3319.0,0.3362,0.3362,0.3362,10000458,2016-06-22,2016-06-22,P,2.4,2015-10-29
16712,2016-05-16 13:33:00,2016-05-16,0.3362,0.0,0.0,3319.0,0.3362,0.3362,0.3362,10000458,2016-06-22,2016-06-22,P,2.4,2015-10-29
16713,2016-05-16 13:34:00,2016-05-16,0.3362,0.0,0.0,3319.0,0.3362,0.3362,0.3362,10000458,2016-06-22,2016-06-22,P,2.4,2015-10-29
16714,2016-05-16 13:35:00,2016-05-16,0.3362,0.0,0.0,3319.0,0.3362,0.3362,0.3362,10000458,2016-06-22,2016-06-22,P,2.4,2015-10-29
16715,2016-05-16 13:36:00,2016-05-16,0.3362,0.0,0.0,3319.0,0.3362,0.3362,0.3362,10000458,2016-06-22,2016-06-22,P,2.4,2015-10-29
16716,2016-05-16 13:37:00,2016-05-16,0.3362,0.0,0.0,3319.0,0.3362,0.3362,0.3362,10000458,2016-06-22,2016-06-22,P,2.4,2015-10-29
16717,2016-05-16 13:38:00,2016-05-16,0.3362,0.0,0.0,3319.0,0.3362,0.3362,0.3362,10000458,2016-06-22,2016-06-22,P,2.4,2015-10-29
16718,2016-05-16 13:39:00,2016-05-16,0.3362,0.0,0.0,3319.0,0.3362,0.3362,0.3362,10000458,2016-06-22,2016-06-22,P,2.4,2015-10-29
16719,2016-05-16 13:40:00,2016-05-16,0.3362,0.0,0.0,3319.0,0.3362,0.3362,0.3362,10000458,2016-06-22,2016-06-22,P,2.4,2015-10-29
16720,2016-05-16 13:41:00,2016-05-16,0.3362,0.0,0.0,3319.0,0.3362,0.3362,0.3362,10000458,2016-06-22,2016-06-22,P,2.4,2015-10-29
16721,2016-05-16 13:42:00,2016-05-16,0.3362,0.0,0.0,3319.0,0.3362,0.3362,0.3362,10000458,2016-06-22,2016-06-22,P,2.4,2015-10-29
16722,2016-05-16 13:43:00,2016-05-16,0.34,3400.0,1.0,3319.0,0.3362,0.34,0.3362,10000458,2016-06-22,2016-06-22,P,2.4,2015-10-29
16723,2016-05-16 13:44:00,2016-05-16,0.34,0.0,0.0,3319.0,0.34,0.34,0.34,10000458,2016-06-22,2016-06-22,P,2.4,2015-10-29
16724,2016-05-16 13:45:00,2016-05-16,0.34,0.0,0.0,3319.0,0.34,0.34,0.34,10000458,2016-06-22,2016-06-22,P,2.4,2015-10-29
16725,2016-05-16 13:46:00,2016-05-16,0.34,0.0,0.0,3319.0,0.34,0.34,0.34,10000458,2016-06-22,2016-06-22,P,2.4,2015-10-29
16726,2016-05-16 13:47:00,2016-05-16,0.34,0.0,0.0,3319.0,0.34,0.34,0.34,10000458,2016-06-22,2016-06-22,P,2.4,2015-10-29
16727,2016-05-16 13:48:00,2016-05-16,0.34,0.0,0.0,3319.0,0.34,0.34,0.34,10000458,2016-06-22,2016-06-22,P,2.4,2015-10-29
16728,2016-05-16 13:49:00,2016-05-16,0.34,0.0,0.0,3319.0,0.34,0.34,0.34,10000458,2016-06-22,2016-06-22,P,2.4,2015-10-29
16729,2016-05-16 13:50:00,2016-05-16,0.34,0.0,0.0,3319.0,0.34,0.34,0.34,10000458,2016-06-22,2016-06-22,P,2.4,2015-10-29
16730,2016-05-16 13:51:00,2016-05-16,0.34,0.0,0.0,3319.0,0.34,0.34,0.34,10000458,2016-06-22,2016-06-22,P,2.4,2015-10-29
16731,2016-05-16 13:52:00,2016-05-16,0.34,0.0,0.0,3319.0,0.34,0.34,0.34,10000458,2016-06-22,2016-06-22,P,2.4,2015-10-29
16732,2016-05-16 13:53:00,2016-05-16,0.34,0.0,0.0,3319.0,0.34,0.34,0.34,10000458,2016-06-22,2016-06-22,P,2.4,2015-10-29
16733,2016-05-16 13:54:00,2016-05-16,0.34,0.0,0.0,3319.0,0.34,0.34,0.34,10000458,2016-06-22,2016-06-22,P,2.4,2015-10-29
16734,2016-05-16 13:55:00,2016-05-16,0.34,0.0,0.0,3319.0,0.34,0.34,0.34,10000458,2016-06-22,2016-06-22,P,2.4,2015-10-29
16735,2016-05-16 13:56:00,2016-05-16,0.34,3375.0,1.0,3319.0,0.34,0.3375,0.3375,10000458,2016-06-22,2016-06-22,P,2.4,2015-10-29
16736,2016-05-16 13:57:00,2016-05-16,0.3375,0.0,0.0,3319.0,0.3375,0.3375,0.3375,10000458,2016-06-22,2016-06-22,P,2.4,2015-10-29
16737,2016-05-16 13:58:00,2016-05-16,0.3375,0.0,0.0,3319.0,0.3375,0.3375,0.3375,10000458,2016-06-22,2016-06-22,P,2.4,2015-10-29
16738,2016-05-16 13:59:00,2016-05-16,0.3375,0.0,0.0,3319.0,0.3375,0.3375,0.3375,10000458,2016-06-22,2016-06-22,P,2.4,2015-10-29
16739,2016-05-16 14:00:00,2016-05-16,0.3375,0.0,0.0,3319.0,0.3375,0.3375,0.3375,10000458,2016-06-22,2016-06-22,P,2.4,2015-10-29
16740,2016-05-16 14:01:00,2016-05-16,0.3375,0.0,0.0,3319.0,0.3375,0.3375,0.3375,10000458,2016-06-22,2016-06-22,P,2.4,2015-10-29
16741,2016-05-16 14:02:00,2016-05-16,0.3375,0.0,0.0,3319.0,0.3375,0.3375,0.3375,10000458,2016-06-22,2016-06-22,P,2.4,2015-10-29
16742,2016-05-16 14:03:00,2016-05-16,0.3375,0.0,0.0,3319.0,0.3375,0.3375,0.3375,10000458,2016-06-22,2016-06-22,P,2.4,2015-10-29
16743,2016-05-16 14:04:00,2016-05-16,0.3375,0.0,0.0,3319.0,0.3375,0.3375,0.3375,10000458,2016-06-22,2016-06-22,P,2.4,2015-10-29
16744,2016-05-16 14:05:00,2016-05-16,0.3375,0.0,0.0,3319.0,0.3375,0.3375,0.3375,10000458,2016-06-22,2016-06-22,P,2.4,2015-10-29
16745,2016-05-16 14:06:00,2016-05-16,0.3375,0.0,0.0,3319.0,0.3375,0.3375,0.3375,10000458,2016-06-22,2016-06-22,P,2.4,2015-10-29
16746,2016-05-16 14:07:00,2016-05-16,0.3375,0.0,0.0,3319.0,0.3375,0.3375,0.3375,10000458,2016-06-22,2016-06-22,P,2.4,2015-10-29
16747,2016-05-16 14:08:00,2016-05-16,0.3375,0.0,0.0,3319.0,0.3375,0.3375,0.3375,10000458,2016-06-22,2016-06-22,P,2.4,2015-10-29
16748,2016-05-16 14:09:00,2016-05-16,0.3375,0.0,0.0,3319.0,0.3375,0.3375,0.3375,10000458,2016-06-22,2016-06-22,P,2.4,2015-10-29
16749,2016-05-16 14:10:00,2016-05-16,0.3375,0.0,0.0,3319.0,0.3375,0.3375,0.3375,10000458,2016-06-22,2016-06-22,P,2.4,2015-10-29
16750,2016-05-16 14:11:00,2016-05-16,0.3375,0.0,0.0,3319.0,0.3375,0.3375,0.3375,10000458,2016-06-22,2016-06-22,P,2.4,2015-10-29
16751,2016-05-16 14:12:00,2016-05-16,0.3375,0.0,0.0,3319.0,0.3375,0.3375,0.3375,10000458,2016-06-22,2016-06-22,P,2.4,2015-10-29
16752,2016-05-16 14:13:00,2016-05-16,0.3375,0.0,0.0,3319.0,0.3375,0.3375,0.3375,10000458,2016-06-22,2016-06-22,P,2.4,2015-10-29
16753,2016-05-16 14:14:00,2016-05-16,0.3375,0.0,0.0,3319.0,0.3375,0.3375,0.3375,10000458,2016-06-22,2016-06-22,P,2.4,2015-10-29
16754,2016-05-16 14:15:00,2016-05-16,0.3375,0.0,0.0,3319.0,0.3375,0.3375,0.3375,10000458,2016-06-22,2016-06-22,P,2.4,2015-10-29
16755,2016-05-16 14:16:00,2016-05-16,0.3439,68751.0,20.0,3319.0,0.3375,0.3439,0.3375,10000458,2016-06-22,2016-06-22,P,2.4,2015-10-29
16756,2016-05-16 14:17:00,2016-05-16,0.3439,6860.0,2.0,3319.0,0.3439,0.343,0.343,10000458,2016-06-22,2016-06-22,P,2.4,2015-10-29
16757,2016-05-16 14:18:00,2016-05-16,0.343,0.0,0.0,3319.0,0.343,0.343,0.343,10000458,2016-06-22,2016-06-22,P,2.4,2015-10-29
16758,2016-05-16 14:19:00,2016-05-16,0.343,0.0,0.0,3319.0,0.343,0.343,0.343,10000458,2016-06-22,2016-06-22,P,2.4,2015-10-29
16759,2016-05-16 14:20:00,2016-05-16,0.343,0.0,0.0,3319.0,0.343,0.343,0.343,10000458,2016-06-22,2016-06-22,P,2.4,2015-10-29
16760,2016-05-16 14:21:00,2016-05-16,0.343,0.0,0.0,3319.0,0.343,0.343,0.343,10000458,2016-06-22,2016-06-22,P,2.4,2015-10-29
16761,2016-05-16 14:22:00,2016-05-16,0.343,0.0,0.0,3319.0,0.343,0.343,0.343,10000458,2016-06-22,2016-06-22,P,2.4,2015-10-29
16762,2016-05-16 14:23:00,2016-05-16,0.343,0.0,0.0,3319.0,0.343,0.343,0.343,10000458,2016-06-22,2016-06-22,P,2.4,2015-10-29
16763,2016-05-16 14:24:00,2016-05-16,0.343,0.0,0.0,3319.0,0.343,0.343,0.343,10000458,2016-06-22,2016-06-22,P,2.4,2015-10-29
16764,2016-05-16 14:25:00,2016-05-16,0.343,0.0,0.0,3319.0,0.343,0.343,0.343,10000458,2016-06-22,2016-06-22,P,2.4,2015-10-29
16765,2016-05-16 14:26:00,2016-05-16,0.343,0.0,0.0,3319.0,0.343,0.343,0.343,10000458,2016-06-22,2016-06-22,P,2.4,2015-10-29
16766,2016-05-16 14:27:00,2016-05-16,0.343,0.0,0.0,3319.0,0.343,0.343,0.343,10000458,2016-06-22,2016-06-22,P,2.4,2015-10-29
16767,2016-05-16 14:28:00,2016-05-16,0.343,0.0,0.0,3319.0,0.343,0.343,0.343,10000458,2016-06-22,2016-06-22,P,2.4,2015-10-29
16768,2016-05-16 14:29:00,2016-05-16,0.343,0.0,0.0,3319.0,0.343,0.343,0.343,10000458,2016-06-22,2016-06-22,P,2.4,2015-10-29
16769,2016-05-16 14:30:00,2016-05-16,0.343,0.0,0.0,3319.0,0.343,0.343,0.343,10000458,2016-06-22,2016-06-22,P,2.4,2015-10-29
16770,2016-05-16 14:31:00,2016-05-16,0.343,0.0,0.0,3319.0,0.343,0.343,0.343,10000458,2016-06-22,2016-06-22,P,2.4,2015-10-29
16771,2016-05-16 14:32:00,2016-05-16,0.343,0.0,0.0,3319.0,0.343,0.343,0.343,10000458,2016-06-22,2016-06-22,P,2.4,2015-10-29
16772,2016-05-16 14:33:00,2016-05-16,0.343,0.0,0.0,3319.0,0.343,0.343,0.343,10000458,2016-06-22,2016-06-22,P,2.4,2015-10-29
16773,2016-05-16 14:34:00,2016-05-16,0.343,0.0,0.0,3319.0,0.343,0.343,0.343,10000458,2016-06-22,2016-06-22,P,2.4,2015-10-29
16774,2016-05-16 14:35:00,2016-05-16,0.343,0.0,0.0,3319.0,0.343,0.343,0.343,10000458,2016-06-22,2016-06-22,P,2.4,2015-10-29
16775,2016-05-16 14:36:00,2016-05-16,0.343,0.0,0.0,3319.0,0.343,0.343,0.343,10000458,2016-06-22,2016-06-22,P,2.4,2015-10-29
16776,2016-05-16 14:37:00,2016-05-16,0.343,0.0,0.0,3319.0,0.343,0.343,0.343,10000458,2016-06-22,2016-06-22,P,2.4,2015-10-29
16777,2016-05-16 14:38:00,2016-05-16,0.343,0.0,0.0,3319.0,0.343,0.343,0.343,10000458,2016-06-22,2016-06-22,P,2.4,2015-10-29
16778,2016-05-16 14:39:00,2016-05-16,0.343,0.0,0.0,3319.0,0.343,0.343,0.343,10000458,2016-06-22,2016-06-22,P,2.4,2015-10-29
16779,2016-05-16 14:40:00,2016-05-16,0.343,0.0,0.0,3319.0,0.343,0.343,0.343,10000458,2016-06-22,2016-06-22,P,2.4,2015-10-29
16780,2016-05-16 14:41:00,2016-05-16,0.343,0.0,0.0,3319.0,0.343,0.343,0.343,10000458,2016-06-22,2016-06-22,P,2.4,2015-10-29
16781,2016-05-16 14:42:00,2016-05-16,0.343,0.0,0.0,3319.0,0.343,0.343,0.343,10000458,2016-06-22,2016-06-22,P,2.4,2015-10-29
16782,2016-05-16 14:43:00,2016-05-16,0.343,0.0,0.0,3319.0,0.343,0.343,0.343,10000458,2016-06-22,2016-06-22,P,2.4,2015-10-29
16783,2016-05-16 14:44:00,2016-05-16,0.343,0.0,0.0,3319.0,0.343,0.343,0.343,10000458,2016-06-22,2016-06-22,P,2.4,2015-10-29
16784,2016-05-16 14:45:00,2016-05-16,0.343,0.0,0.0,3319.0,0.343,0.343,0.343,10000458,2016-06-22,2016-06-22,P,2.4,2015-10-29
16785,2016-05-16 14:46:00,2016-05-16,0.343,0.0,0.0,3319.0,0.343,0.343,0.343,10000458,2016-06-22,2016-06-22,P,2.4,2015-10-29
16786,2016-05-16 14:47:00,2016-05-16,0.343,0.0,0.0,3319.0,0.343,0.343,0.343,10000458,2016-06-22,2016-06-22,P,2.4,2015-10-29
16787,2016-05-16 14:48:00,2016-05-16,0.343,0.0,0.0,3319.0,0.343,0.343,0.343,10000458,2016-06-22,2016-06-22,P,2.4,2015-10-29
16788,2016-05-16 14:49:00,2016-05-16,0.343,0.0,0.0,3319.0,0.343,0.343,0.343,10000458,2016-06-22,2016-06-22,P,2.4,2015-10-29
16789,2016-05-16 14:50:00,2016-05-16,0.343,0.0,0.0,3319.0,0.343,0.343,0.343,10000458,2016-06-22,2016-06-22,P,2.4,2015-10-29
16790,2016-05-16 14:51:00,2016-05-16,0.343,0.0,0.0,3319.0,0.343,0.343,0.343,10000458,2016-06-22,2016-06-22,P,2.4,2015-10-29
16791,2016-05-16 14:52:00,2016-05-16,0.343,0.0,0.0,3319.0,0.343,0.343,0.343,10000458,2016-06-22,2016-06-22,P,2.4,2015-10-29
16792,2016-05-16 14:53:00,2016-05-16,0.343,0.0,0.0,3319.0,0.343,0.343,0.343,10000458,2016-06-22,2016-06-22,P,2.4,2015-10-29
16793,2016-05-16 14:54:00,2016-05-16,0.343,0.0,0.0,3319.0,0.343,0.343,0.343,10000458,2016-06-22,2016-06-22,P,2.4,2015-10-29
16794,2016-05-16 14:55:00,2016-05-16,0.343,3370.0,1.0,3319.0,0.343,0.337,0.337,10000458,2016-06-22,2016-06-22,P,2.4,2015-10-29
16795,2016-05-16 14:56:00,2016-05-16,0.337,0.0,0.0,3319.0,0.337,0.337,0.337,10000458,2016-06-22,2016-06-22,P,2.4,2015-10-29
16796,2016-05-16 14:57:00,2016-05-16,0.337,0.0,0.0,3319.0,0.337,0.337,0.337,10000458,2016-06-22,2016-06-22,P,2.4,2015-10-29
16797,2016-05-16 14:58:00,2016-05-16,0.337,0.0,0.0,3319.0,0.337,0.337,0.337,10000458,2016-06-22,2016-06-22,P,2.4,2015-10-29
16798,2016-05-16 14:59:00,2016-05-16,0.337,0.0,0.0,3319.0,0.337,0.337,0.337,10000458,2016-06-22,2016-06-22,P,2.4,2015-10-29
16799,2016-05-16 15:00:00,2016-05-16,0.337,0.0,0.0,3319.0,0.337,0.337,0.337,10000458,2016-06-22,2016-06-22,P,2.4,2015-10-29
16800,2016-05-16 09:31:00,2016-05-16,0.1811,12675.0,7.0,2758.0,0.1809,0.1811,0.1768,10000610,2016-05-25,2016-05-25,P,2.25,2016-03-24
16801,2016-05-16 09:32:00,2016-05-16,0.1811,0.0,0.0,2758.0,0.1811,0.1811,0.1811,10000610,2016-05-25,2016-05-25,P,2.25,2016-03-24
16802,2016-05-16 09:33:00,2016-05-16,0.1811,0.0,0.0,2758.0,0.1811,0.1811,0.1811,10000610,2016-05-25,2016-05-25,P,2.25,2016-03-24
16803,2016-05-16 09:34:00,2016-05-16,0.1811,0.0,0.0,2758.0,0.1811,0.1811,0.1811,10000610,2016-05-25,2016-05-25,P,2.25,2016-03-24
16804,2016-05-16 09:35:00,2016-05-16,0.1811,3597.0,2.0,2758.0,0.1811,0.1796,0.1796,10000610,2016-05-25,2016-05-25,P,2.25,2016-03-24
16805,2016-05-16 09:36:00,2016-05-16,0.1796,136931.0,77.0,2789.0,0.1796,0.1779,0.1761,10000610,2016-05-25,2016-05-25,P,2.25,2016-03-24
16806,2016-05-16 09:37:00,2016-05-16,0.1779,0.0,0.0,2789.0,0.1779,0.1779,0.1779,10000610,2016-05-25,2016-05-25,P,2.25,2016-03-24
16807,2016-05-16 09:38:00,2016-05-16,0.1792,78626.0,44.0,2749.0,0.1779,0.1792,0.1779,10000610,2016-05-25,2016-05-25,P,2.25,2016-03-24
16808,2016-05-16 09:39:00,2016-05-16,0.1792,41086.0,23.0,2745.0,0.1792,0.1781,0.1781,10000610,2016-05-25,2016-05-25,P,2.25,2016-03-24
16809,2016-05-16 09:40:00,2016-05-16,0.1788,1788.0,1.0,2745.0,0.1781,0.1788,0.1781,10000610,2016-05-25,2016-05-25,P,2.25,2016-03-24
16810,2016-05-16 09:41:00,2016-05-16,0.1788,12511.0,7.0,2745.0,0.1788,0.1788,0.1783,10000610,2016-05-25,2016-05-25,P,2.25,2016-03-24
16811,2016-05-16 09:42:00,2016-05-16,0.1788,0.0,0.0,2745.0,0.1788,0.1788,0.1788,10000610,2016-05-25,2016-05-25,P,2.25,2016-03-24
16812,2016-05-16 09:43:00,2016-05-16,0.1788,0.0,0.0,2745.0,0.1788,0.1788,0.1788,10000610,2016-05-25,2016-05-25,P,2.25,2016-03-24
16813,2016-05-16 09:44:00,2016-05-16,0.1788,0.0,0.0,2745.0,0.1788,0.1788,0.1788,10000610,2016-05-25,2016-05-25,P,2.25,2016-03-24
16814,2016-05-16 09:45:00,2016-05-16,0.1788,0.0,0.0,2745.0,0.1788,0.1788,0.1788,10000610,2016-05-25,2016-05-25,P,2.25,2016-03-24
16815,2016-05-16 09:46:00,2016-05-16,0.1788,0.0,0.0,2745.0,0.1788,0.1788,0.1788,10000610,2016-05-25,2016-05-25,P,2.25,2016-03-24
16816,2016-05-16 09:47:00,2016-05-16,0.1814,39858.0,22.0,2725.0,0.1788,0.1814,0.1788,10000610,2016-05-25,2016-05-25,P,2.25,2016-03-24
16817,2016-05-16 09:48:00,2016-05-16,0.1814,36170.0,20.0,2705.0,0.1814,0.1808,0.1808,10000610,2016-05-25,2016-05-25,P,2.25,2016-03-24
16818,2016-05-16 09:49:00,2016-05-16,0.1811,18110.0,10.0,2695.0,0.1808,0.1811,0.1808,10000610,2016-05-25,2016-05-25,P,2.25,2016-03-24
16819,2016-05-16 09:50:00,2016-05-16,0.1821,18210.0,10.0,2695.0,0.1811,0.1821,0.1811,10000610,2016-05-25,2016-05-25,P,2.25,2016-03-24
16820,2016-05-16 09:51:00,2016-05-16,0.1821,0.0,0.0,2695.0,0.1821,0.1821,0.1821,10000610,2016-05-25,2016-05-25,P,2.25,2016-03-24
16821,2016-05-16 09:52:00,2016-05-16,0.1824,27210.0,15.0,2685.0,0.1821,0.1824,0.181,10000610,2016-05-25,2016-05-25,P,2.25,2016-03-24
16822,2016-05-16 09:53:00,2016-05-16,0.1896,209888.0,113.0,2676.0,0.1824,0.1896,0.1824,10000610,2016-05-25,2016-05-25,P,2.25,2016-03-24
16823,2016-05-16 09:54:00,2016-05-16,0.1896,88200.0,47.0,2693.0,0.1896,0.1875,0.1874,10000610,2016-05-25,2016-05-25,P,2.25,2016-03-24
16824,2016-05-16 09:55:00,2016-05-16,0.1891,9407.0,5.0,2692.0,0.1875,0.1874,0.1874,10000610,2016-05-25,2016-05-25,P,2.25,2016-03-24
16825,2016-05-16 09:56:00,2016-05-16,0.1874,0.0,0.0,2692.0,0.1874,0.1874,0.1874,10000610,2016-05-25,2016-05-25,P,2.25,2016-03-24
16826,2016-05-16 09:57:00,2016-05-16,0.1874,0.0,0.0,2692.0,0.1874,0.1874,0.1874,10000610,2016-05-25,2016-05-25,P,2.25,2016-03-24
16827,2016-05-16 09:58:00,2016-05-16,0.1875,3740.0,2.0,2691.0,0.1874,0.1875,0.1865,10000610,2016-05-25,2016-05-25,P,2.25,2016-03-24
16828,2016-05-16 09:59:00,2016-05-16,0.1876,41228.0,22.0,2671.0,0.1876,0.1869,0.1869,10000610,2016-05-25,2016-05-25,P,2.25,2016-03-24
16829,2016-05-16 10:00:00,2016-05-16,0.1883,22586.0,12.0,2667.0,0.1869,0.1883,0.1869,10000610,2016-05-25,2016-05-25,P,2.25,2016-03-24
16830,2016-05-16 10:01:00,2016-05-16,0.1899,17069.0,9.0,2668.0,0.1883,0.1899,0.1883,10000610,2016-05-25,2016-05-25,P,2.25,2016-03-24
16831,2016-05-16 10:02:00,2016-05-16,0.1899,1872.0,1.0,2668.0,0.1899,0.1872,0.1872,10000610,2016-05-25,2016-05-25,P,2.25,2016-03-24
16832,2016-05-16 10:03:00,2016-05-16,0.1886,37710.0,20.0,2658.0,0.1872,0.1886,0.1872,10000610,2016-05-25,2016-05-25,P,2.25,2016-03-24
16833,2016-05-16 10:04:00,2016-05-16,0.1886,5610.0,3.0,2658.0,0.1886,0.187,0.187,10000610,2016-05-25,2016-05-25,P,2.25,2016-03-24
16834,2016-05-16 10:05:00,2016-05-16,0.187,0.0,0.0,2658.0,0.187,0.187,0.187,10000610,2016-05-25,2016-05-25,P,2.25,2016-03-24
16835,2016-05-16 10:06:00,2016-05-16,0.187,18640.0,10.0,2658.0,0.187,0.1864,0.1864,10000610,2016-05-25,2016-05-25,P,2.25,2016-03-24
16836,2016-05-16 10:07:00,2016-05-16,0.1874,51990.0,28.0,2644.0,0.1864,0.1837,0.1837,10000610,2016-05-25,2016-05-25,P,2.25,2016-03-24
16837,2016-05-16 10:08:00,2016-05-16,0.1837,0.0,0.0,2644.0,0.1837,0.1837,0.1837,10000610,2016-05-25,2016-05-25,P,2.25,2016-03-24
16838,2016-05-16 10:09:00,2016-05-16,0.1837,0.0,0.0,2644.0,0.1837,0.1837,0.1837,10000610,2016-05-25,2016-05-25,P,2.25,2016-03-24
16839,2016-05-16 10:10:00,2016-05-16,0.1837,0.0,0.0,2644.0,0.1837,0.1837,0.1837,10000610,2016-05-25,2016-05-25,P,2.25,2016-03-24
16840,2016-05-16 10:11:00,2016-05-16,0.1837,0.0,0.0,2644.0,0.1837,0.1837,0.1837,10000610,2016-05-25,2016-05-25,P,2.25,2016-03-24
16841,2016-05-16 10:12:00,2016-05-16,0.1855,3710.0,2.0,2646.0,0.1837,0.1855,0.1837,10000610,2016-05-25,2016-05-25,P,2.25,2016-03-24
16842,2016-05-16 10:13:00,2016-05-16,0.1855,16544.0,9.0,2643.0,0.1855,0.1834,0.1834,10000610,2016-05-25,2016-05-25,P,2.25,2016-03-24
16843,2016-05-16 10:14:00,2016-05-16,0.185,25768.0,14.0,2633.0,0.1834,0.185,0.1834,10000610,2016-05-25,2016-05-25,P,2.25,2016-03-24
16844,2016-05-16 10:15:00,2016-05-16,0.185,0.0,0.0,2633.0,0.185,0.185,0.185,10000610,2016-05-25,2016-05-25,P,2.25,2016-03-24
16845,2016-05-16 10:16:00,2016-05-16,0.185,0.0,0.0,2633.0,0.185,0.185,0.185,10000610,2016-05-25,2016-05-25,P,2.25,2016-03-24
16846,2016-05-16 10:17:00,2016-05-16,0.185,0.0,0.0,2633.0,0.185,0.185,0.185,10000610,2016-05-25,2016-05-25,P,2.25,2016-03-24
16847,2016-05-16 10:18:00,2016-05-16,0.185,18280.0,10.0,2623.0,0.185,0.1828,0.1828,10000610,2016-05-25,2016-05-25,P,2.25,2016-03-24
16848,2016-05-16 10:19:00,2016-05-16,0.1828,0.0,0.0,2623.0,0.1828,0.1828,0.1828,10000610,2016-05-25,2016-05-25,P,2.25,2016-03-24
16849,2016-05-16 10:20:00,2016-05-16,0.1828,0.0,0.0,2623.0,0.1828,0.1828,0.1828,10000610,2016-05-25,2016-05-25,P,2.25,2016-03-24
16850,2016-05-16 10:21:00,2016-05-16,0.1828,0.0,0.0,2623.0,0.1828,0.1828,0.1828,10000610,2016-05-25,2016-05-25,P,2.25,2016-03-24
16851,2016-05-16 10:22:00,2016-05-16,0.1828,0.0,0.0,2623.0,0.1828,0.1828,0.1828,10000610,2016-05-25,2016-05-25,P,2.25,2016-03-24
16852,2016-05-16 10:23:00,2016-05-16,0.1842,1842.0,1.0,2622.0,0.1828,0.1842,0.1828,10000610,2016-05-25,2016-05-25,P,2.25,2016-03-24
16853,2016-05-16 10:24:00,2016-05-16,0.1857,9285.0,5.0,2622.0,0.1842,0.1857,0.1842,10000610,2016-05-25,2016-05-25,P,2.25,2016-03-24
16854,2016-05-16 10:25:00,2016-05-16,0.1857,0.0,0.0,2622.0,0.1857,0.1857,0.1857,10000610,2016-05-25,2016-05-25,P,2.25,2016-03-24
16855,2016-05-16 10:26:00,2016-05-16,0.1857,0.0,0.0,2622.0,0.1857,0.1857,0.1857,10000610,2016-05-25,2016-05-25,P,2.25,2016-03-24
16856,2016-05-16 10:27:00,2016-05-16,0.1857,0.0,0.0,2622.0,0.1857,0.1857,0.1857,10000610,2016-05-25,2016-05-25,P,2.25,2016-03-24
16857,2016-05-16 10:28:00,2016-05-16,0.1857,0.0,0.0,2622.0,0.1857,0.1857,0.1857,10000610,2016-05-25,2016-05-25,P,2.25,2016-03-24
16858,2016-05-16 10:29:00,2016-05-16,0.1857,18230.0,10.0,2632.0,0.1857,0.1823,0.1823,10000610,2016-05-25,2016-05-25,P,2.25,2016-03-24
16859,2016-05-16 10:30:00,2016-05-16,0.1823,0.0,0.0,2632.0,0.1823,0.1823,0.1823,10000610,2016-05-25,2016-05-25,P,2.25,2016-03-24
16860,2016-05-16 10:31:00,2016-05-16,0.1832,10991.0,6.0,2632.0,0.1823,0.1832,0.1823,10000610,2016-05-25,2016-05-25,P,2.25,2016-03-24
16861,2016-05-16 10:32:00,2016-05-16,0.1832,0.0,0.0,2632.0,0.1832,0.1832,0.1832,10000610,2016-05-25,2016-05-25,P,2.25,2016-03-24
16862,2016-05-16 10:33:00,2016-05-16,0.1832,0.0,0.0,2632.0,0.1832,0.1832,0.1832,10000610,2016-05-25,2016-05-25,P,2.25,2016-03-24
16863,2016-05-16 10:34:00,2016-05-16,0.1832,0.0,0.0,2632.0,0.1832,0.1832,0.1832,10000610,2016-05-25,2016-05-25,P,2.25,2016-03-24
16864,2016-05-16 10:35:00,2016-05-16,0.1832,1814.0,1.0,2633.0,0.1832,0.1814,0.1814,10000610,2016-05-25,2016-05-25,P,2.25,2016-03-24
16865,2016-05-16 10:36:00,2016-05-16,0.1814,0.0,0.0,2633.0,0.1814,0.1814,0.1814,10000610,2016-05-25,2016-05-25,P,2.25,2016-03-24
16866,2016-05-16 10:37:00,2016-05-16,0.1819,9095.0,5.0,2633.0,0.1814,0.1819,0.1814,10000610,2016-05-25,2016-05-25,P,2.25,2016-03-24
16867,2016-05-16 10:38:00,2016-05-16,0.1827,1827.0,1.0,2633.0,0.1819,0.1827,0.1819,10000610,2016-05-25,2016-05-25,P,2.25,2016-03-24
16868,2016-05-16 10:39:00,2016-05-16,0.1827,31012.0,17.0,2648.0,0.1827,0.1822,0.1822,10000610,2016-05-25,2016-05-25,P,2.25,2016-03-24
16869,2016-05-16 10:40:00,2016-05-16,0.1822,0.0,0.0,2648.0,0.1822,0.1822,0.1822,10000610,2016-05-25,2016-05-25,P,2.25,2016-03-24
16870,2016-05-16 10:41:00,2016-05-16,0.1822,0.0,0.0,2648.0,0.1822,0.1822,0.1822,10000610,2016-05-25,2016-05-25,P,2.25,2016-03-24
16871,2016-05-16 10:42:00,2016-05-16,0.1833,9165.0,5.0,2643.0,0.1822,0.1833,0.1822,10000610,2016-05-25,2016-05-25,P,2.25,2016-03-24
16872,2016-05-16 10:43:00,2016-05-16,0.1833,3646.0,2.0,2645.0,0.1833,0.1823,0.1823,10000610,2016-05-25,2016-05-25,P,2.25,2016-03-24
16873,2016-05-16 10:44:00,2016-05-16,0.1823,0.0,0.0,2645.0,0.1823,0.1823,0.1823,10000610,2016-05-25,2016-05-25,P,2.25,2016-03-24
16874,2016-05-16 10:45:00,2016-05-16,0.1838,14644.0,8.0,2644.0,0.1828,0.1838,0.1828,10000610,2016-05-25,2016-05-25,P,2.25,2016-03-24
16875,2016-05-16 10:46:00,2016-05-16,0.1838,7292.0,4.0,2640.0,0.1838,0.1821,0.1821,10000610,2016-05-25,2016-05-25,P,2.25,2016-03-24
16876,2016-05-16 10:47:00,2016-05-16,0.1821,0.0,0.0,2640.0,0.1821,0.1821,0.1821,10000610,2016-05-25,2016-05-25,P,2.25,2016-03-24
16877,2016-05-16 10:48:00,2016-05-16,0.1821,0.0,0.0,2640.0,0.1821,0.1821,0.1821,10000610,2016-05-25,2016-05-25,P,2.25,2016-03-24
16878,2016-05-16 10:49:00,2016-05-16,0.1821,44965.0,25.0,2635.0,0.1821,0.1795,0.1795,10000610,2016-05-25,2016-05-25,P,2.25,2016-03-24
16879,2016-05-16 10:50:00,2016-05-16,0.1795,1790.0,1.0,2635.0,0.1795,0.179,0.179,10000610,2016-05-25,2016-05-25,P,2.25,2016-03-24
16880,2016-05-16 10:51:00,2016-05-16,0.179,89176.0,50.0,2648.0,0.179,0.1782,0.1775,10000610,2016-05-25,2016-05-25,P,2.25,2016-03-24
16881,2016-05-16 10:52:00,2016-05-16,0.1782,10626.0,6.0,2642.0,0.1782,0.1771,0.1771,10000610,2016-05-25,2016-05-25,P,2.25,2016-03-24
16882,2016-05-16 10:53:00,2016-05-16,0.1771,0.0,0.0,2642.0,0.1771,0.1771,0.1771,10000610,2016-05-25,2016-05-25,P,2.25,2016-03-24
16883,2016-05-16 10:54:00,2016-05-16,0.1783,15987.0,9.0,2645.0,0.1771,0.1768,0.1768,10000610,2016-05-25,2016-05-25,P,2.25,2016-03-24
16884,2016-05-16 10:55:00,2016-05-16,0.177,19434.0,11.0,2641.0,0.1768,0.1761,0.1761,10000610,2016-05-25,2016-05-25,P,2.25,2016-03-24
16885,2016-05-16 10:56:00,2016-05-16,0.1761,45502.0,26.0,2618.0,0.1761,0.175,0.1743,10000610,2016-05-25,2016-05-25,P,2.25,2016-03-24
16886,2016-05-16 10:57:00,2016-05-16,0.175,0.0,0.0,2618.0,0.175,0.175,0.175,10000610,2016-05-25,2016-05-25,P,2.25,2016-03-24
16887,2016-05-16 10:58:00,2016-05-16,0.1759,66467.0,38.0,2637.0,0.1759,0.1744,0.1744,10000610,2016-05-25,2016-05-25,P,2.25,2016-03-24
16888,2016-05-16 10:59:00,2016-05-16,0.1744,44768.0,26.0,2633.0,0.1744,0.1713,0.1713,10000610,2016-05-25,2016-05-25,P,2.25,2016-03-24
16889,2016-05-16 11:00:00,2016-05-16,0.1713,114346.0,67.0,2588.0,0.1713,0.1706,0.17,10000610,2016-05-25,2016-05-25,P,2.25,2016-03-24
16890,2016-05-16 11:01:00,2016-05-16,0.1706,1706.0,1.0,2588.0,0.1706,0.1706,0.1706,10000610,2016-05-25,2016-05-25,P,2.25,2016-03-24
16891,2016-05-16 11:02:00,2016-05-16,0.1706,17000.0,10.0,2583.0,0.1706,0.17,0.17,10000610,2016-05-25,2016-05-25,P,2.25,2016-03-24
16892,2016-05-16 11:03:00,2016-05-16,0.17,0.0,0.0,2583.0,0.17,0.17,0.17,10000610,2016-05-25,2016-05-25,P,2.25,2016-03-24
16893,2016-05-16 11:04:00,2016-05-16,0.17,0.0,0.0,2583.0,0.17,0.17,0.17,10000610,2016-05-25,2016-05-25,P,2.25,2016-03-24
16894,2016-05-16 11:05:00,2016-05-16,0.1721,6884.0,4.0,2583.0,0.17,0.1721,0.17,10000610,2016-05-25,2016-05-25,P,2.25,2016-03-24
16895,2016-05-16 11:06:00,2016-05-16,0.1721,52999.0,31.0,2561.0,0.1721,0.1709,0.1709,10000610,2016-05-25,2016-05-25,P,2.25,2016-03-24
16896,2016-05-16 11:07:00,2016-05-16,0.172,29233.0,17.0,2569.0,0.1709,0.172,0.1709,10000610,2016-05-25,2016-05-25,P,2.25,2016-03-24
16897,2016-05-16 11:08:00,2016-05-16,0.172,0.0,0.0,2569.0,0.172,0.172,0.172,10000610,2016-05-25,2016-05-25,P,2.25,2016-03-24
16898,2016-05-16 11:09:00,2016-05-16,0.1725,61760.0,36.0,2572.0,0.1725,0.1711,0.1711,10000610,2016-05-25,2016-05-25,P,2.25,2016-03-24
16899,2016-05-16 11:10:00,2016-05-16,0.1711,0.0,0.0,2572.0,0.1711,0.1711,0.1711,10000610,2016-05-25,2016-05-25,P,2.25,2016-03-24
16900,2016-05-16 11:11:00,2016-05-16,0.1711,52985.0,31.0,2549.0,0.1711,0.1708,0.1708,10000610,2016-05-25,2016-05-25,P,2.25,2016-03-24
16901,2016-05-16 11:12:00,2016-05-16,0.1708,0.0,0.0,2549.0,0.1708,0.1708,0.1708,10000610,2016-05-25,2016-05-25,P,2.25,2016-03-24
16902,2016-05-16 11:13:00,2016-05-16,0.1708,0.0,0.0,2549.0,0.1708,0.1708,0.1708,10000610,2016-05-25,2016-05-25,P,2.25,2016-03-24
16903,2016-05-16 11:14:00,2016-05-16,0.1719,103020.0,60.0,2510.0,0.1708,0.1712,0.1708,10000610,2016-05-25,2016-05-25,P,2.25,2016-03-24
16904,2016-05-16 11:15:00,2016-05-16,0.1712,0.0,0.0,2510.0,0.1712,0.1712,0.1712,10000610,2016-05-25,2016-05-25,P,2.25,2016-03-24
16905,2016-05-16 11:16:00,2016-05-16,0.1712,0.0,0.0,2510.0,0.1712,0.1712,0.1712,10000610,2016-05-25,2016-05-25,P,2.25,2016-03-24
16906,2016-05-16 11:17:00,2016-05-16,0.1712,0.0,0.0,2510.0,0.1712,0.1712,0.1712,10000610,2016-05-25,2016-05-25,P,2.25,2016-03-24
16907,2016-05-16 11:18:00,2016-05-16,0.1712,0.0,0.0,2510.0,0.1712,0.1712,0.1712,10000610,2016-05-25,2016-05-25,P,2.25,2016-03-24
16908,2016-05-16 11:19:00,2016-05-16,0.1712,0.0,0.0,2510.0,0.1712,0.1712,0.1712,10000610,2016-05-25,2016-05-25,P,2.25,2016-03-24
16909,2016-05-16 11:20:00,2016-05-16,0.1712,0.0,0.0,2510.0,0.1712,0.1712,0.1712,10000610,2016-05-25,2016-05-25,P,2.25,2016-03-24
16910,2016-05-16 11:21:00,2016-05-16,0.1712,10266.0,6.0,2510.0,0.1712,0.1711,0.1711,10000610,2016-05-25,2016-05-25,P,2.25,2016-03-24
16911,2016-05-16 11:22:00,2016-05-16,0.1728,101396.0,59.0,2494.0,0.1711,0.1728,0.171,10000610,2016-05-25,2016-05-25,P,2.25,2016-03-24
16912,2016-05-16 11:23:00,2016-05-16,0.1728,0.0,0.0,2494.0,0.1728,0.1728,0.1728,10000610,2016-05-25,2016-05-25,P,2.25,2016-03-24
16913,2016-05-16 11:24:00,2016-05-16,0.1728,17190.0,10.0,2494.0,0.1728,0.1719,0.1719,10000610,2016-05-25,2016-05-25,P,2.25,2016-03-24
16914,2016-05-16 11:25:00,2016-05-16,0.1719,0.0,0.0,2494.0,0.1719,0.1719,0.1719,10000610,2016-05-25,2016-05-25,P,2.25,2016-03-24
16915,2016-05-16 11:26:00,2016-05-16,0.1725,8625.0,5.0,2494.0,0.1719,0.1725,0.1719,10000610,2016-05-25,2016-05-25,P,2.25,2016-03-24
16916,2016-05-16 11:27:00,2016-05-16,0.1725,3450.0,2.0,2495.0,0.1725,0.1725,0.1725,10000610,2016-05-25,2016-05-25,P,2.25,2016-03-24
16917,2016-05-16 11:28:00,2016-05-16,0.1725,25823.0,15.0,2495.0,0.1725,0.1714,0.1714,10000610,2016-05-25,2016-05-25,P,2.25,2016-03-24
16918,2016-05-16 11:29:00,2016-05-16,0.1714,0.0,0.0,2495.0,0.1714,0.1714,0.1714,10000610,2016-05-25,2016-05-25,P,2.25,2016-03-24
16919,2016-05-16 11:30:00,2016-05-16,0.1714,0.0,0.0,2495.0,0.1714,0.1714,0.1714,10000610,2016-05-25,2016-05-25,P,2.25,2016-03-24
16920,2016-05-16 13:01:00,2016-05-16,0.1733,10333.0,6.0,2496.0,0.1714,0.172,0.1714,10000610,2016-05-25,2016-05-25,P,2.25,2016-03-24
16921,2016-05-16 13:02:00,2016-05-16,0.1745,50506.0,29.0,2493.0,0.172,0.1743,0.172,10000610,2016-05-25,2016-05-25,P,2.25,2016-03-24
16922,2016-05-16 13:03:00,2016-05-16,0.1743,0.0,0.0,2493.0,0.1743,0.1743,0.1743,10000610,2016-05-25,2016-05-25,P,2.25,2016-03-24
16923,2016-05-16 13:04:00,2016-05-16,0.1743,0.0,0.0,2493.0,0.1743,0.1743,0.1743,10000610,2016-05-25,2016-05-25,P,2.25,2016-03-24
16924,2016-05-16 13:05:00,2016-05-16,0.1743,0.0,0.0,2493.0,0.1743,0.1743,0.1743,10000610,2016-05-25,2016-05-25,P,2.25,2016-03-24
16925,2016-05-16 13:06:00,2016-05-16,0.1743,0.0,0.0,2493.0,0.1743,0.1743,0.1743,10000610,2016-05-25,2016-05-25,P,2.25,2016-03-24
16926,2016-05-16 13:07:00,2016-05-16,0.1743,0.0,0.0,2493.0,0.1743,0.1743,0.1743,10000610,2016-05-25,2016-05-25,P,2.25,2016-03-24
16927,2016-05-16 13:08:00,2016-05-16,0.1743,0.0,0.0,2493.0,0.1743,0.1743,0.1743,10000610,2016-05-25,2016-05-25,P,2.25,2016-03-24
16928,2016-05-16 13:09:00,2016-05-16,0.1743,0.0,0.0,2493.0,0.1743,0.1743,0.1743,10000610,2016-05-25,2016-05-25,P,2.25,2016-03-24
16929,2016-05-16 13:10:00,2016-05-16,0.1743,0.0,0.0,2493.0,0.1743,0.1743,0.1743,10000610,2016-05-25,2016-05-25,P,2.25,2016-03-24
16930,2016-05-16 13:11:00,2016-05-16,0.1743,0.0,0.0,2493.0,0.1743,0.1743,0.1743,10000610,2016-05-25,2016-05-25,P,2.25,2016-03-24
16931,2016-05-16 13:12:00,2016-05-16,0.1743,0.0,0.0,2493.0,0.1743,0.1743,0.1743,10000610,2016-05-25,2016-05-25,P,2.25,2016-03-24
16932,2016-05-16 13:13:00,2016-05-16,0.1743,3470.0,2.0,2491.0,0.1743,0.1735,0.1735,10000610,2016-05-25,2016-05-25,P,2.25,2016-03-24
16933,2016-05-16 13:14:00,2016-05-16,0.1735,0.0,0.0,2491.0,0.1735,0.1735,0.1735,10000610,2016-05-25,2016-05-25,P,2.25,2016-03-24
16934,2016-05-16 13:15:00,2016-05-16,0.1735,0.0,0.0,2491.0,0.1735,0.1735,0.1735,10000610,2016-05-25,2016-05-25,P,2.25,2016-03-24
16935,2016-05-16 13:16:00,2016-05-16,0.1735,0.0,0.0,2491.0,0.1735,0.1735,0.1735,10000610,2016-05-25,2016-05-25,P,2.25,2016-03-24
16936,2016-05-16 13:17:00,2016-05-16,0.1735,0.0,0.0,2491.0,0.1735,0.1735,0.1735,10000610,2016-05-25,2016-05-25,P,2.25,2016-03-24
16937,2016-05-16 13:18:00,2016-05-16,0.1741,34813.0,20.0,2481.0,0.1735,0.174,0.1735,10000610,2016-05-25,2016-05-25,P,2.25,2016-03-24
16938,2016-05-16 13:19:00,2016-05-16,0.174,0.0,0.0,2481.0,0.174,0.174,0.174,10000610,2016-05-25,2016-05-25,P,2.25,2016-03-24
16939,2016-05-16 13:20:00,2016-05-16,0.1748,1748.0,1.0,2481.0,0.174,0.1748,0.174,10000610,2016-05-25,2016-05-25,P,2.25,2016-03-24
16940,2016-05-16 13:21:00,2016-05-16,0.1748,0.0,0.0,2481.0,0.1748,0.1748,0.1748,10000610,2016-05-25,2016-05-25,P,2.25,2016-03-24
16941,2016-05-16 13:22:00,2016-05-16,0.1748,0.0,0.0,2481.0,0.1748,0.1748,0.1748,10000610,2016-05-25,2016-05-25,P,2.25,2016-03-24
16942,2016-05-16 13:23:00,2016-05-16,0.1748,0.0,0.0,2481.0,0.1748,0.1748,0.1748,10000610,2016-05-25,2016-05-25,P,2.25,2016-03-24
16943,2016-05-16 13:24:00,2016-05-16,0.1748,0.0,0.0,2481.0,0.1748,0.1748,0.1748,10000610,2016-05-25,2016-05-25,P,2.25,2016-03-24
16944,2016-05-16 13:25:00,2016-05-16,0.1748,0.0,0.0,2481.0,0.1748,0.1748,0.1748,10000610,2016-05-25,2016-05-25,P,2.25,2016-03-24
16945,2016-05-16 13:26:00,2016-05-16,0.1748,0.0,0.0,2481.0,0.1748,0.1748,0.1748,10000610,2016-05-25,2016-05-25,P,2.25,2016-03-24
16946,2016-05-16 13:27:00,2016-05-16,0.177,1770.0,1.0,2481.0,0.1748,0.177,0.1748,10000610,2016-05-25,2016-05-25,P,2.25,2016-03-24
16947,2016-05-16 13:28:00,2016-05-16,0.177,0.0,0.0,2481.0,0.177,0.177,0.177,10000610,2016-05-25,2016-05-25,P,2.25,2016-03-24
16948,2016-05-16 13:29:00,2016-05-16,0.177,19360.0,11.0,2491.0,0.177,0.1759,0.1759,10000610,2016-05-25,2016-05-25,P,2.25,2016-03-24
16949,2016-05-16 13:30:00,2016-05-16,0.1759,0.0,0.0,2491.0,0.1759,0.1759,0.1759,10000610,2016-05-25,2016-05-25,P,2.25,2016-03-24
16950,2016-05-16 13:31:00,2016-05-16,0.1759,0.0,0.0,2491.0,0.1759,0.1759,0.1759,10000610,2016-05-25,2016-05-25,P,2.25,2016-03-24
16951,2016-05-16 13:32:00,2016-05-16,0.1759,0.0,0.0,2491.0,0.1759,0.1759,0.1759,10000610,2016-05-25,2016-05-25,P,2.25,2016-03-24
16952,2016-05-16 13:33:00,2016-05-16,0.1759,17560.0,10.0,2500.0,0.1759,0.1756,0.1756,10000610,2016-05-25,2016-05-25,P,2.25,2016-03-24
16953,2016-05-16 13:34:00,2016-05-16,0.1756,0.0,0.0,2500.0,0.1756,0.1756,0.1756,10000610,2016-05-25,2016-05-25,P,2.25,2016-03-24
16954,2016-05-16 13:35:00,2016-05-16,0.1756,0.0,0.0,2500.0,0.1756,0.1756,0.1756,10000610,2016-05-25,2016-05-25,P,2.25,2016-03-24
16955,2016-05-16 13:36:00,2016-05-16,0.1756,0.0,0.0,2500.0,0.1756,0.1756,0.1756,10000610,2016-05-25,2016-05-25,P,2.25,2016-03-24
16956,2016-05-16 13:37:00,2016-05-16,0.1756,0.0,0.0,2500.0,0.1756,0.1756,0.1756,10000610,2016-05-25,2016-05-25,P,2.25,2016-03-24
16957,2016-05-16 13:38:00,2016-05-16,0.1756,0.0,0.0,2500.0,0.1756,0.1756,0.1756,10000610,2016-05-25,2016-05-25,P,2.25,2016-03-24
16958,2016-05-16 13:39:00,2016-05-16,0.1756,0.0,0.0,2500.0,0.1756,0.1756,0.1756,10000610,2016-05-25,2016-05-25,P,2.25,2016-03-24
16959,2016-05-16 13:40:00,2016-05-16,0.1756,0.0,0.0,2500.0,0.1756,0.1756,0.1756,10000610,2016-05-25,2016-05-25,P,2.25,2016-03-24
16960,2016-05-16 13:41:00,2016-05-16,0.1756,1754.0,1.0,2500.0,0.1756,0.1754,0.1754,10000610,2016-05-25,2016-05-25,P,2.25,2016-03-24
16961,2016-05-16 13:42:00,2016-05-16,0.1754,0.0,0.0,2500.0,0.1754,0.1754,0.1754,10000610,2016-05-25,2016-05-25,P,2.25,2016-03-24
16962,2016-05-16 13:43:00,2016-05-16,0.1754,1748.0,1.0,2499.0,0.1754,0.1748,0.1748,10000610,2016-05-25,2016-05-25,P,2.25,2016-03-24
16963,2016-05-16 13:44:00,2016-05-16,0.1748,10416.0,6.0,2499.0,0.1748,0.1736,0.1736,10000610,2016-05-25,2016-05-25,P,2.25,2016-03-24
16964,2016-05-16 13:45:00,2016-05-16,0.1736,0.0,0.0,2499.0,0.1736,0.1736,0.1736,10000610,2016-05-25,2016-05-25,P,2.25,2016-03-24
16965,2016-05-16 13:46:00,2016-05-16,0.1736,0.0,0.0,2499.0,0.1736,0.1736,0.1736,10000610,2016-05-25,2016-05-25,P,2.25,2016-03-24
16966,2016-05-16 13:47:00,2016-05-16,0.1736,0.0,0.0,2499.0,0.1736,0.1736,0.1736,10000610,2016-05-25,2016-05-25,P,2.25,2016-03-24
16967,2016-05-16 13:48:00,2016-05-16,0.1736,0.0,0.0,2499.0,0.1736,0.1736,0.1736,10000610,2016-05-25,2016-05-25,P,2.25,2016-03-24
16968,2016-05-16 13:49:00,2016-05-16,0.1736,0.0,0.0,2499.0,0.1736,0.1736,0.1736,10000610,2016-05-25,2016-05-25,P,2.25,2016-03-24
16969,2016-05-16 13:50:00,2016-05-16,0.1755,5265.0,3.0,2499.0,0.1736,0.1755,0.1736,10000610,2016-05-25,2016-05-25,P,2.25,2016-03-24
16970,2016-05-16 13:51:00,2016-05-16,0.1755,1755.0,1.0,2499.0,0.1755,0.1755,0.1755,10000610,2016-05-25,2016-05-25,P,2.25,2016-03-24
16971,2016-05-16 13:52:00,2016-05-16,0.1759,17590.0,10.0,2499.0,0.1755,0.1759,0.1755,10000610,2016-05-25,2016-05-25,P,2.25,2016-03-24
16972,2016-05-16 13:53:00,2016-05-16,0.1759,17480.0,10.0,2509.0,0.1759,0.1748,0.1748,10000610,2016-05-25,2016-05-25,P,2.25,2016-03-24
16973,2016-05-16 13:54:00,2016-05-16,0.1748,10465.0,6.0,2510.0,0.1748,0.174,0.174,10000610,2016-05-25,2016-05-25,P,2.25,2016-03-24
16974,2016-05-16 13:55:00,2016-05-16,0.174,10394.0,6.0,2509.0,0.174,0.173,0.173,10000610,2016-05-25,2016-05-25,P,2.25,2016-03-24
16975,2016-05-16 13:56:00,2016-05-16,0.173,32705.0,19.0,2502.0,0.173,0.1718,0.1715,10000610,2016-05-25,2016-05-25,P,2.25,2016-03-24
16976,2016-05-16 13:57:00,2016-05-16,0.1718,0.0,0.0,2502.0,0.1718,0.1718,0.1718,10000610,2016-05-25,2016-05-25,P,2.25,2016-03-24
16977,2016-05-16 13:58:00,2016-05-16,0.1729,1729.0,1.0,2502.0,0.1718,0.1729,0.1718,10000610,2016-05-25,2016-05-25,P,2.25,2016-03-24
16978,2016-05-16 13:59:00,2016-05-16,0.1729,0.0,0.0,2502.0,0.1729,0.1729,0.1729,10000610,2016-05-25,2016-05-25,P,2.25,2016-03-24
16979,2016-05-16 14:00:00,2016-05-16,0.1729,0.0,0.0,2502.0,0.1729,0.1729,0.1729,10000610,2016-05-25,2016-05-25,P,2.25,2016-03-24
16980,2016-05-16 14:01:00,2016-05-16,0.1729,0.0,0.0,2502.0,0.1729,0.1729,0.1729,10000610,2016-05-25,2016-05-25,P,2.25,2016-03-24
16981,2016-05-16 14:02:00,2016-05-16,0.1729,0.0,0.0,2502.0,0.1729,0.1729,0.1729,10000610,2016-05-25,2016-05-25,P,2.25,2016-03-24
16982,2016-05-16 14:03:00,2016-05-16,0.1729,0.0,0.0,2502.0,0.1729,0.1729,0.1729,10000610,2016-05-25,2016-05-25,P,2.25,2016-03-24
16983,2016-05-16 14:04:00,2016-05-16,0.1729,0.0,0.0,2502.0,0.1729,0.1729,0.1729,10000610,2016-05-25,2016-05-25,P,2.25,2016-03-24
16984,2016-05-16 14:05:00,2016-05-16,0.1729,0.0,0.0,2502.0,0.1729,0.1729,0.1729,10000610,2016-05-25,2016-05-25,P,2.25,2016-03-24
16985,2016-05-16 14:06:00,2016-05-16,0.1756,1756.0,1.0,2502.0,0.1729,0.1756,0.1729,10000610,2016-05-25,2016-05-25,P,2.25,2016-03-24
16986,2016-05-16 14:07:00,2016-05-16,0.1756,15804.0,9.0,2502.0,0.1756,0.1756,0.1756,10000610,2016-05-25,2016-05-25,P,2.25,2016-03-24
16987,2016-05-16 14:08:00,2016-05-16,0.1756,0.0,0.0,2502.0,0.1756,0.1756,0.1756,10000610,2016-05-25,2016-05-25,P,2.25,2016-03-24
16988,2016-05-16 14:09:00,2016-05-16,0.1756,0.0,0.0,2502.0,0.1756,0.1756,0.1756,10000610,2016-05-25,2016-05-25,P,2.25,2016-03-24
16989,2016-05-16 14:10:00,2016-05-16,0.1756,17520.0,10.0,2492.0,0.1756,0.1752,0.1752,10000610,2016-05-25,2016-05-25,P,2.25,2016-03-24
16990,2016-05-16 14:11:00,2016-05-16,0.1752,0.0,0.0,2492.0,0.1752,0.1752,0.1752,10000610,2016-05-25,2016-05-25,P,2.25,2016-03-24
16991,2016-05-16 14:12:00,2016-05-16,0.1752,0.0,0.0,2492.0,0.1752,0.1752,0.1752,10000610,2016-05-25,2016-05-25,P,2.25,2016-03-24
16992,2016-05-16 14:13:00,2016-05-16,0.1752,0.0,0.0,2492.0,0.1752,0.1752,0.1752,10000610,2016-05-25,2016-05-25,P,2.25,2016-03-24
16993,2016-05-16 14:14:00,2016-05-16,0.1752,0.0,0.0,2492.0,0.1752,0.1752,0.1752,10000610,2016-05-25,2016-05-25,P,2.25,2016-03-24
16994,2016-05-16 14:15:00,2016-05-16,0.1769,19459.0,11.0,2492.0,0.1752,0.1769,0.1752,10000610,2016-05-25,2016-05-25,P,2.25,2016-03-24
16995,2016-05-16 14:16:00,2016-05-16,0.18,116707.0,65.0,2516.0,0.1769,0.18,0.1769,10000610,2016-05-25,2016-05-25,P,2.25,2016-03-24
16996,2016-05-16 14:17:00,2016-05-16,0.18,37543.0,21.0,2537.0,0.18,0.1783,0.1783,10000610,2016-05-25,2016-05-25,P,2.25,2016-03-24
16997,2016-05-16 14:18:00,2016-05-16,0.1783,0.0,0.0,2537.0,0.1783,0.1783,0.1783,10000610,2016-05-25,2016-05-25,P,2.25,2016-03-24
16998,2016-05-16 14:19:00,2016-05-16,0.1783,0.0,0.0,2537.0,0.1783,0.1783,0.1783,10000610,2016-05-25,2016-05-25,P,2.25,2016-03-24
16999,2016-05-16 14:20:00,2016-05-16,0.1783,0.0,0.0,2537.0,0.1783,0.1783,0.1783,10000610,2016-05-25,2016-05-25,P,2.25,2016-03-24
17000,2016-05-16 14:21:00,2016-05-16,0.1783,0.0,0.0,2537.0,0.1783,0.1783,0.1783,10000610,2016-05-25,2016-05-25,P,2.25,2016-03-24
17001,2016-05-16 14:22:00,2016-05-16,0.1783,0.0,0.0,2537.0,0.1783,0.1783,0.1783,10000610,2016-05-25,2016-05-25,P,2.25,2016-03-24
17002,2016-05-16 14:23:00,2016-05-16,0.1784,53530.0,30.0,2537.0,0.1783,0.1784,0.1783,10000610,2016-05-25,2016-05-25,P,2.25,2016-03-24
17003,2016-05-16 14:24:00,2016-05-16,0.1784,0.0,0.0,2537.0,0.1784,0.1784,0.1784,10000610,2016-05-25,2016-05-25,P,2.25,2016-03-24
17004,2016-05-16 14:25:00,2016-05-16,0.1784,0.0,0.0,2537.0,0.1784,0.1784,0.1784,10000610,2016-05-25,2016-05-25,P,2.25,2016-03-24
17005,2016-05-16 14:26:00,2016-05-16,0.1784,0.0,0.0,2537.0,0.1784,0.1784,0.1784,10000610,2016-05-25,2016-05-25,P,2.25,2016-03-24
17006,2016-05-16 14:27:00,2016-05-16,0.1784,0.0,0.0,2537.0,0.1784,0.1784,0.1784,10000610,2016-05-25,2016-05-25,P,2.25,2016-03-24
17007,2016-05-16 14:28:00,2016-05-16,0.1784,0.0,0.0,2537.0,0.1784,0.1784,0.1784,10000610,2016-05-25,2016-05-25,P,2.25,2016-03-24
17008,2016-05-16 14:29:00,2016-05-16,0.1784,0.0,0.0,2537.0,0.1784,0.1784,0.1784,10000610,2016-05-25,2016-05-25,P,2.25,2016-03-24
17009,2016-05-16 14:30:00,2016-05-16,0.1784,0.0,0.0,2537.0,0.1784,0.1784,0.1784,10000610,2016-05-25,2016-05-25,P,2.25,2016-03-24
17010,2016-05-16 14:31:00,2016-05-16,0.1753,19282.0,11.0,2536.0,0.1753,0.1752,0.1752,10000610,2016-05-25,2016-05-25,P,2.25,2016-03-24
17011,2016-05-16 14:32:00,2016-05-16,0.1746,45402.0,26.0,2535.0,0.1746,0.1741,0.1741,10000610,2016-05-25,2016-05-25,P,2.25,2016-03-24
17012,2016-05-16 14:33:00,2016-05-16,0.1741,0.0,0.0,2535.0,0.1741,0.1741,0.1741,10000610,2016-05-25,2016-05-25,P,2.25,2016-03-24
17013,2016-05-16 14:34:00,2016-05-16,0.1741,0.0,0.0,2535.0,0.1741,0.1741,0.1741,10000610,2016-05-25,2016-05-25,P,2.25,2016-03-24
17014,2016-05-16 14:35:00,2016-05-16,0.1741,0.0,0.0,2535.0,0.1741,0.1741,0.1741,10000610,2016-05-25,2016-05-25,P,2.25,2016-03-24
17015,2016-05-16 14:36:00,2016-05-16,0.1741,3467.0,2.0,2535.0,0.1741,0.1734,0.1733,10000610,2016-05-25,2016-05-25,P,2.25,2016-03-24
17016,2016-05-16 14:37:00,2016-05-16,0.1734,29068.0,17.0,2535.0,0.1734,0.1703,0.1703,10000610,2016-05-25,2016-05-25,P,2.25,2016-03-24
17017,2016-05-16 14:38:00,2016-05-16,0.1703,0.0,0.0,2535.0,0.1703,0.1703,0.1703,10000610,2016-05-25,2016-05-25,P,2.25,2016-03-24
17018,2016-05-16 14:39:00,2016-05-16,0.1723,20646.0,12.0,2535.0,0.1703,0.1723,0.1703,10000610,2016-05-25,2016-05-25,P,2.25,2016-03-24
17019,2016-05-16 14:40:00,2016-05-16,0.1723,0.0,0.0,2535.0,0.1723,0.1723,0.1723,10000610,2016-05-25,2016-05-25,P,2.25,2016-03-24
17020,2016-05-16 14:41:00,2016-05-16,0.1723,0.0,0.0,2535.0,0.1723,0.1723,0.1723,10000610,2016-05-25,2016-05-25,P,2.25,2016-03-24
17021,2016-05-16 14:42:00,2016-05-16,0.1723,0.0,0.0,2535.0,0.1723,0.1723,0.1723,10000610,2016-05-25,2016-05-25,P,2.25,2016-03-24
17022,2016-05-16 14:43:00,2016-05-16,0.1723,0.0,0.0,2535.0,0.1723,0.1723,0.1723,10000610,2016-05-25,2016-05-25,P,2.25,2016-03-24
17023,2016-05-16 14:44:00,2016-05-16,0.1723,0.0,0.0,2535.0,0.1723,0.1723,0.1723,10000610,2016-05-25,2016-05-25,P,2.25,2016-03-24
17024,2016-05-16 14:45:00,2016-05-16,0.1739,45089.0,26.0,2534.0,0.1723,0.173,0.1723,10000610,2016-05-25,2016-05-25,P,2.25,2016-03-24
17025,2016-05-16 14:46:00,2016-05-16,0.1738,1738.0,1.0,2533.0,0.173,0.1738,0.173,10000610,2016-05-25,2016-05-25,P,2.25,2016-03-24
17026,2016-05-16 14:47:00,2016-05-16,0.1738,5214.0,3.0,2530.0,0.1738,0.1738,0.1738,10000610,2016-05-25,2016-05-25,P,2.25,2016-03-24
17027,2016-05-16 14:48:00,2016-05-16,0.1738,0.0,0.0,2530.0,0.1738,0.1738,0.1738,10000610,2016-05-25,2016-05-25,P,2.25,2016-03-24
17028,2016-05-16 14:49:00,2016-05-16,0.1738,12145.0,7.0,2530.0,0.1738,0.1735,0.1735,10000610,2016-05-25,2016-05-25,P,2.25,2016-03-24
17029,2016-05-16 14:50:00,2016-05-16,0.1735,0.0,0.0,2530.0,0.1735,0.1735,0.1735,10000610,2016-05-25,2016-05-25,P,2.25,2016-03-24
17030,2016-05-16 14:51:00,2016-05-16,0.1735,0.0,0.0,2530.0,0.1735,0.1735,0.1735,10000610,2016-05-25,2016-05-25,P,2.25,2016-03-24
17031,2016-05-16 14:52:00,2016-05-16,0.1735,0.0,0.0,2530.0,0.1735,0.1735,0.1735,10000610,2016-05-25,2016-05-25,P,2.25,2016-03-24
17032,2016-05-16 14:53:00,2016-05-16,0.1735,0.0,0.0,2530.0,0.1735,0.1735,0.1735,10000610,2016-05-25,2016-05-25,P,2.25,2016-03-24
17033,2016-05-16 14:54:00,2016-05-16,0.1735,12087.0,7.0,2530.0,0.1735,0.1727,0.1726,10000610,2016-05-25,2016-05-25,P,2.25,2016-03-24
17034,2016-05-16 14:55:00,2016-05-16,0.1727,0.0,0.0,2530.0,0.1727,0.1727,0.1727,10000610,2016-05-25,2016-05-25,P,2.25,2016-03-24
17035,2016-05-16 14:56:00,2016-05-16,0.1738,17380.0,10.0,2530.0,0.1727,0.1738,0.1727,10000610,2016-05-25,2016-05-25,P,2.25,2016-03-24
17036,2016-05-16 14:57:00,2016-05-16,0.1738,0.0,0.0,2530.0,0.1738,0.1738,0.1738,10000610,2016-05-25,2016-05-25,P,2.25,2016-03-24
17037,2016-05-16 14:58:00,2016-05-16,0.1738,0.0,0.0,2530.0,0.1738,0.1738,0.1738,10000610,2016-05-25,2016-05-25,P,2.25,2016-03-24
17038,2016-05-16 14:59:00,2016-05-16,0.1738,0.0,0.0,2530.0,0.1738,0.1738,0.1738,10000610,2016-05-25,2016-05-25,P,2.25,2016-03-24
17039,2016-05-16 15:00:00,2016-05-16,0.1738,0.0,0.0,2530.0,0.1738,0.1738,0.1738,10000610,2016-05-25,2016-05-25,P,2.25,2016-03-24
17040,2016-05-16 09:31:00,2016-05-16,0.0254,254.0,1.0,2631.0,0.0254,0.0254,0.0254,10000595,2016-09-28,2016-09-28,C,2.25,2016-03-17
17041,2016-05-16 09:32:00,2016-05-16,0.0254,0.0,0.0,2631.0,0.0254,0.0254,0.0254,10000595,2016-09-28,2016-09-28,C,2.25,2016-03-17
17042,2016-05-16 09:33:00,2016-05-16,0.0254,0.0,0.0,2631.0,0.0254,0.0254,0.0254,10000595,2016-09-28,2016-09-28,C,2.25,2016-03-17
17043,2016-05-16 09:34:00,2016-05-16,0.0254,0.0,0.0,2631.0,0.0254,0.0254,0.0254,10000595,2016-09-28,2016-09-28,C,2.25,2016-03-17
17044,2016-05-16 09:35:00,2016-05-16,0.0254,0.0,0.0,2631.0,0.0254,0.0254,0.0254,10000595,2016-09-28,2016-09-28,C,2.25,2016-03-17
17045,2016-05-16 09:36:00,2016-05-16,0.0254,0.0,0.0,2631.0,0.0254,0.0254,0.0254,10000595,2016-09-28,2016-09-28,C,2.25,2016-03-17
17046,2016-05-16 09:37:00,2016-05-16,0.0254,0.0,0.0,2631.0,0.0254,0.0254,0.0254,10000595,2016-09-28,2016-09-28,C,2.25,2016-03-17
17047,2016-05-16 09:38:00,2016-05-16,0.0252,5770.0,23.0,2621.0,0.025,0.0252,0.025,10000595,2016-09-28,2016-09-28,C,2.25,2016-03-17
17048,2016-05-16 09:39:00,2016-05-16,0.0252,0.0,0.0,2621.0,0.0252,0.0252,0.0252,10000595,2016-09-28,2016-09-28,C,2.25,2016-03-17
17049,2016-05-16 09:40:00,2016-05-16,0.0252,0.0,0.0,2621.0,0.0252,0.0252,0.0252,10000595,2016-09-28,2016-09-28,C,2.25,2016-03-17
17050,2016-05-16 09:41:00,2016-05-16,0.0252,0.0,0.0,2621.0,0.0252,0.0252,0.0252,10000595,2016-09-28,2016-09-28,C,2.25,2016-03-17
17051,2016-05-16 09:42:00,2016-05-16,0.0252,0.0,0.0,2621.0,0.0252,0.0252,0.0252,10000595,2016-09-28,2016-09-28,C,2.25,2016-03-17
17052,2016-05-16 09:43:00,2016-05-16,0.0252,0.0,0.0,2621.0,0.0252,0.0252,0.0252,10000595,2016-09-28,2016-09-28,C,2.25,2016-03-17
17053,2016-05-16 09:44:00,2016-05-16,0.0252,0.0,0.0,2621.0,0.0252,0.0252,0.0252,10000595,2016-09-28,2016-09-28,C,2.25,2016-03-17
17054,2016-05-16 09:45:00,2016-05-16,0.0252,0.0,0.0,2621.0,0.0252,0.0252,0.0252,10000595,2016-09-28,2016-09-28,C,2.25,2016-03-17
17055,2016-05-16 09:46:00,2016-05-16,0.0252,2400.0,10.0,2631.0,0.0252,0.024,0.024,10000595,2016-09-28,2016-09-28,C,2.25,2016-03-17
17056,2016-05-16 09:47:00,2016-05-16,0.024,960.0,4.0,2635.0,0.024,0.024,0.024,10000595,2016-09-28,2016-09-28,C,2.25,2016-03-17
17057,2016-05-16 09:48:00,2016-05-16,0.024,0.0,0.0,2635.0,0.024,0.024,0.024,10000595,2016-09-28,2016-09-28,C,2.25,2016-03-17
17058,2016-05-16 09:49:00,2016-05-16,0.024,720.0,3.0,2635.0,0.024,0.024,0.024,10000595,2016-09-28,2016-09-28,C,2.25,2016-03-17
17059,2016-05-16 09:50:00,2016-05-16,0.024,0.0,0.0,2635.0,0.024,0.024,0.024,10000595,2016-09-28,2016-09-28,C,2.25,2016-03-17
17060,2016-05-16 09:51:00,2016-05-16,0.024,2380.0,10.0,2645.0,0.024,0.0238,0.0238,10000595,2016-09-28,2016-09-28,C,2.25,2016-03-17
17061,2016-05-16 09:52:00,2016-05-16,0.0238,0.0,0.0,2645.0,0.0238,0.0238,0.0238,10000595,2016-09-28,2016-09-28,C,2.25,2016-03-17
17062,2016-05-16 09:53:00,2016-05-16,0.0239,2605.0,11.0,2645.0,0.0238,0.0231,0.0231,10000595,2016-09-28,2016-09-28,C,2.25,2016-03-17
17063,2016-05-16 09:54:00,2016-05-16,0.0231,0.0,0.0,2645.0,0.0231,0.0231,0.0231,10000595,2016-09-28,2016-09-28,C,2.25,2016-03-17
17064,2016-05-16 09:55:00,2016-05-16,0.0231,0.0,0.0,2645.0,0.0231,0.0231,0.0231,10000595,2016-09-28,2016-09-28,C,2.25,2016-03-17
17065,2016-05-16 09:56:00,2016-05-16,0.0231,0.0,0.0,2645.0,0.0231,0.0231,0.0231,10000595,2016-09-28,2016-09-28,C,2.25,2016-03-17
17066,2016-05-16 09:57:00,2016-05-16,0.0231,0.0,0.0,2645.0,0.0231,0.0231,0.0231,10000595,2016-09-28,2016-09-28,C,2.25,2016-03-17
17067,2016-05-16 09:58:00,2016-05-16,0.0231,4610.0,20.0,2655.0,0.0231,0.023,0.023,10000595,2016-09-28,2016-09-28,C,2.25,2016-03-17
17068,2016-05-16 09:59:00,2016-05-16,0.023,6890.0,30.0,2685.0,0.023,0.023,0.0229,10000595,2016-09-28,2016-09-28,C,2.25,2016-03-17
17069,2016-05-16 10:00:00,2016-05-16,0.023,0.0,0.0,2685.0,0.023,0.023,0.023,10000595,2016-09-28,2016-09-28,C,2.25,2016-03-17
17070,2016-05-16 10:01:00,2016-05-16,0.023,5665.0,25.0,2710.0,0.023,0.0226,0.0226,10000595,2016-09-28,2016-09-28,C,2.25,2016-03-17
17071,2016-05-16 10:02:00,2016-05-16,0.0237,237.0,1.0,2710.0,0.0226,0.0237,0.0226,10000595,2016-09-28,2016-09-28,C,2.25,2016-03-17
17072,2016-05-16 10:03:00,2016-05-16,0.0237,948.0,4.0,2710.0,0.0237,0.0237,0.0237,10000595,2016-09-28,2016-09-28,C,2.25,2016-03-17
17073,2016-05-16 10:04:00,2016-05-16,0.0237,1410.0,6.0,2716.0,0.0237,0.0235,0.0235,10000595,2016-09-28,2016-09-28,C,2.25,2016-03-17
17074,2016-05-16 10:05:00,2016-05-16,0.0235,2340.0,10.0,2726.0,0.0235,0.0234,0.0234,10000595,2016-09-28,2016-09-28,C,2.25,2016-03-17
17075,2016-05-16 10:06:00,2016-05-16,0.0234,1392.0,6.0,2732.0,0.0234,0.0232,0.0232,10000595,2016-09-28,2016-09-28,C,2.25,2016-03-17
17076,2016-05-16 10:07:00,2016-05-16,0.0235,2350.0,10.0,2742.0,0.0232,0.0235,0.0232,10000595,2016-09-28,2016-09-28,C,2.25,2016-03-17
17077,2016-05-16 10:08:00,2016-05-16,0.0236,4238.0,18.0,2760.0,0.0235,0.0235,0.0235,10000595,2016-09-28,2016-09-28,C,2.25,2016-03-17
17078,2016-05-16 10:09:00,2016-05-16,0.0237,1420.0,6.0,2766.0,0.0235,0.0237,0.0235,10000595,2016-09-28,2016-09-28,C,2.25,2016-03-17
17079,2016-05-16 10:10:00,2016-05-16,0.0237,2360.0,10.0,2776.0,0.0237,0.0236,0.0236,10000595,2016-09-28,2016-09-28,C,2.25,2016-03-17
17080,2016-05-16 10:11:00,2016-05-16,0.0236,8204.0,35.0,2808.0,0.0236,0.0234,0.0233,10000595,2016-09-28,2016-09-28,C,2.25,2016-03-17
17081,2016-05-16 10:12:00,2016-05-16,0.0234,6980.0,30.0,2838.0,0.0234,0.0233,0.0232,10000595,2016-09-28,2016-09-28,C,2.25,2016-03-17
17082,2016-05-16 10:13:00,2016-05-16,0.0236,2812.0,12.0,2850.0,0.0233,0.0236,0.0233,10000595,2016-09-28,2016-09-28,C,2.25,2016-03-17
17083,2016-05-16 10:14:00,2016-05-16,0.0236,2812.0,12.0,2862.0,0.0234,0.0236,0.0234,10000595,2016-09-28,2016-09-28,C,2.25,2016-03-17
17084,2016-05-16 10:15:00,2016-05-16,0.0235,1645.0,7.0,2869.0,0.0235,0.0235,0.0235,10000595,2016-09-28,2016-09-28,C,2.25,2016-03-17
17085,2016-05-16 10:16:00,2016-05-16,0.0239,6900.0,29.0,2863.0,0.0235,0.0239,0.0235,10000595,2016-09-28,2016-09-28,C,2.25,2016-03-17
17086,2016-05-16 10:17:00,2016-05-16,0.0239,0.0,0.0,2863.0,0.0239,0.0239,0.0239,10000595,2016-09-28,2016-09-28,C,2.25,2016-03-17
17087,2016-05-16 10:18:00,2016-05-16,0.0239,0.0,0.0,2863.0,0.0239,0.0239,0.0239,10000595,2016-09-28,2016-09-28,C,2.25,2016-03-17
17088,2016-05-16 10:19:00,2016-05-16,0.0239,0.0,0.0,2863.0,0.0239,0.0239,0.0239,10000595,2016-09-28,2016-09-28,C,2.25,2016-03-17
17089,2016-05-16 10:20:00,2016-05-16,0.024,2400.0,10.0,2873.0,0.0239,0.024,0.0239,10000595,2016-09-28,2016-09-28,C,2.25,2016-03-17
17090,2016-05-16 10:21:00,2016-05-16,0.024,717.0,3.0,2876.0,0.024,0.0239,0.0239,10000595,2016-09-28,2016-09-28,C,2.25,2016-03-17
17091,2016-05-16 10:22:00,2016-05-16,0.0239,1661.0,7.0,2882.0,0.0239,0.0237,0.0237,10000595,2016-09-28,2016-09-28,C,2.25,2016-03-17
17092,2016-05-16 10:23:00,2016-05-16,0.0237,1183.0,5.0,2887.0,0.0237,0.0236,0.0236,10000595,2016-09-28,2016-09-28,C,2.25,2016-03-17
17093,2016-05-16 10:24:00,2016-05-16,0.0236,2350.0,10.0,2897.0,0.0236,0.0235,0.0235,10000595,2016-09-28,2016-09-28,C,2.25,2016-03-17
17094,2016-05-16 10:25:00,2016-05-16,0.0235,0.0,0.0,2897.0,0.0235,0.0235,0.0235,10000595,2016-09-28,2016-09-28,C,2.25,2016-03-17
17095,2016-05-16 10:26:00,2016-05-16,0.0236,2822.0,12.0,2909.0,0.0235,0.0236,0.0235,10000595,2016-09-28,2016-09-28,C,2.25,2016-03-17
17096,2016-05-16 10:27:00,2016-05-16,0.0236,0.0,0.0,2909.0,0.0236,0.0236,0.0236,10000595,2016-09-28,2016-09-28,C,2.25,2016-03-17
17097,2016-05-16 10:28:00,2016-05-16,0.0239,5437.0,23.0,2910.0,0.0236,0.0239,0.0235,10000595,2016-09-28,2016-09-28,C,2.25,2016-03-17
17098,2016-05-16 10:29:00,2016-05-16,0.0239,4780.0,20.0,2912.0,0.0239,0.0239,0.0239,10000595,2016-09-28,2016-09-28,C,2.25,2016-03-17
17099,2016-05-16 10:30:00,2016-05-16,0.0239,0.0,0.0,2912.0,0.0239,0.0239,0.0239,10000595,2016-09-28,2016-09-28,C,2.25,2016-03-17
17100,2016-05-16 10:31:00,2016-05-16,0.024,2160.0,9.0,2921.0,0.024,0.024,0.024,10000595,2016-09-28,2016-09-28,C,2.25,2016-03-17
17101,2016-05-16 10:32:00,2016-05-16,0.0241,5040.0,21.0,2930.0,0.0239,0.0241,0.0239,10000595,2016-09-28,2016-09-28,C,2.25,2016-03-17
17102,2016-05-16 10:33:00,2016-05-16,0.0241,0.0,0.0,2930.0,0.0241,0.0241,0.0241,10000595,2016-09-28,2016-09-28,C,2.25,2016-03-17
17103,2016-05-16 10:34:00,2016-05-16,0.0241,0.0,0.0,2930.0,0.0241,0.0241,0.0241,10000595,2016-09-28,2016-09-28,C,2.25,2016-03-17
17104,2016-05-16 10:35:00,2016-05-16,0.0245,965.0,4.0,2931.0,0.0241,0.024,0.024,10000595,2016-09-28,2016-09-28,C,2.25,2016-03-17
17105,2016-05-16 10:36:00,2016-05-16,0.0244,732.0,3.0,2934.0,0.024,0.0244,0.024,10000595,2016-09-28,2016-09-28,C,2.25,2016-03-17
17106,2016-05-16 10:37:00,2016-05-16,0.0244,1438.0,6.0,2936.0,0.0244,0.0239,0.0239,10000595,2016-09-28,2016-09-28,C,2.25,2016-03-17
17107,2016-05-16 10:38:00,2016-05-16,0.0239,0.0,0.0,2936.0,0.0239,0.0239,0.0239,10000595,2016-09-28,2016-09-28,C,2.25,2016-03-17
17108,2016-05-16 10:39:00,2016-05-16,0.0239,0.0,0.0,2936.0,0.0239,0.0239,0.0239,10000595,2016-09-28,2016-09-28,C,2.25,2016-03-17
17109,2016-05-16 10:40:00,2016-05-16,0.0239,0.0,0.0,2936.0,0.0239,0.0239,0.0239,10000595,2016-09-28,2016-09-28,C,2.25,2016-03-17
17110,2016-05-16 10:41:00,2016-05-16,0.0244,2440.0,10.0,2936.0,0.0239,0.0244,0.0239,10000595,2016-09-28,2016-09-28,C,2.25,2016-03-17
17111,2016-05-16 10:42:00,2016-05-16,0.0244,0.0,0.0,2936.0,0.0244,0.0244,0.0244,10000595,2016-09-28,2016-09-28,C,2.25,2016-03-17
17112,2016-05-16 10:43:00,2016-05-16,0.0244,0.0,0.0,2936.0,0.0244,0.0244,0.0244,10000595,2016-09-28,2016-09-28,C,2.25,2016-03-17
17113,2016-05-16 10:44:00,2016-05-16,0.0242,484.0,2.0,2938.0,0.0242,0.0242,0.0242,10000595,2016-09-28,2016-09-28,C,2.25,2016-03-17
17114,2016-05-16 10:45:00,2016-05-16,0.0242,7685.0,32.0,2943.0,0.0242,0.0239,0.0239,10000595,2016-09-28,2016-09-28,C,2.25,2016-03-17
17115,2016-05-16 10:46:00,2016-05-16,0.0245,7496.0,31.0,2954.0,0.0239,0.0245,0.0239,10000595,2016-09-28,2016-09-28,C,2.25,2016-03-17
17116,2016-05-16 10:47:00,2016-05-16,0.0245,0.0,0.0,2954.0,0.0245,0.0245,0.0245,10000595,2016-09-28,2016-09-28,C,2.25,2016-03-17
17117,2016-05-16 10:48:00,2016-05-16,0.0245,0.0,0.0,2954.0,0.0245,0.0245,0.0245,10000595,2016-09-28,2016-09-28,C,2.25,2016-03-17
17118,2016-05-16 10:49:00,2016-05-16,0.0245,0.0,0.0,2954.0,0.0245,0.0245,0.0245,10000595,2016-09-28,2016-09-28,C,2.25,2016-03-17
17119,2016-05-16 10:50:00,2016-05-16,0.0249,498.0,2.0,2954.0,0.0245,0.0249,0.0245,10000595,2016-09-28,2016-09-28,C,2.25,2016-03-17
17120,2016-05-16 10:51:00,2016-05-16,0.0253,2771.0,11.0,2946.0,0.0249,0.0253,0.0249,10000595,2016-09-28,2016-09-28,C,2.25,2016-03-17
17121,2016-05-16 10:52:00,2016-05-16,0.0255,1275.0,5.0,2951.0,0.0253,0.0255,0.0253,10000595,2016-09-28,2016-09-28,C,2.25,2016-03-17
17122,2016-05-16 10:53:00,2016-05-16,0.0255,0.0,0.0,2951.0,0.0255,0.0255,0.0255,10000595,2016-09-28,2016-09-28,C,2.25,2016-03-17
17123,2016-05-16 10:54:00,2016-05-16,0.0255,0.0,0.0,2951.0,0.0255,0.0255,0.0255,10000595,2016-09-28,2016-09-28,C,2.25,2016-03-17
17124,2016-05-16 10:55:00,2016-05-16,0.0255,0.0,0.0,2951.0,0.0255,0.0255,0.0255,10000595,2016-09-28,2016-09-28,C,2.25,2016-03-17
17125,2016-05-16 10:56:00,2016-05-16,0.0255,0.0,0.0,2951.0,0.0255,0.0255,0.0255,10000595,2016-09-28,2016-09-28,C,2.25,2016-03-17
17126,2016-05-16 10:57:00,2016-05-16,0.0255,0.0,0.0,2951.0,0.0255,0.0255,0.0255,10000595,2016-09-28,2016-09-28,C,2.25,2016-03-17
17127,2016-05-16 10:58:00,2016-05-16,0.0255,0.0,0.0,2951.0,0.0255,0.0255,0.0255,10000595,2016-09-28,2016-09-28,C,2.25,2016-03-17
17128,2016-05-16 10:59:00,2016-05-16,0.0264,2640.0,10.0,2961.0,0.0255,0.0264,0.0255,10000595,2016-09-28,2016-09-28,C,2.25,2016-03-17
17129,2016-05-16 11:00:00,2016-05-16,0.0264,0.0,0.0,2961.0,0.0264,0.0264,0.0264,10000595,2016-09-28,2016-09-28,C,2.25,2016-03-17
17130,2016-05-16 11:01:00,2016-05-16,0.027000000000000003,270.0,1.0,2962.0,0.0264,0.027000000000000003,0.0264,10000595,2016-09-28,2016-09-28,C,2.25,2016-03-17
17131,2016-05-16 11:02:00,2016-05-16,0.027000000000000003,0.0,0.0,2962.0,0.027000000000000003,0.027000000000000003,0.027000000000000003,10000595,2016-09-28,2016-09-28,C,2.25,2016-03-17
17132,2016-05-16 11:03:00,2016-05-16,0.027000000000000003,0.0,0.0,2962.0,0.027000000000000003,0.027000000000000003,0.027000000000000003,10000595,2016-09-28,2016-09-28,C,2.25,2016-03-17
17133,2016-05-16 11:04:00,2016-05-16,0.027000000000000003,0.0,0.0,2962.0,0.027000000000000003,0.027000000000000003,0.027000000000000003,10000595,2016-09-28,2016-09-28,C,2.25,2016-03-17
17134,2016-05-16 11:05:00,2016-05-16,0.027000000000000003,0.0,0.0,2962.0,0.027000000000000003,0.027000000000000003,0.027000000000000003,10000595,2016-09-28,2016-09-28,C,2.25,2016-03-17
17135,2016-05-16 11:06:00,2016-05-16,0.0268,2680.0,10.0,2972.0,0.0268,0.0268,0.0268,10000595,2016-09-28,2016-09-28,C,2.25,2016-03-17
17136,2016-05-16 11:07:00,2016-05-16,0.0268,0.0,0.0,2972.0,0.0268,0.0268,0.0268,10000595,2016-09-28,2016-09-28,C,2.25,2016-03-17
17137,2016-05-16 11:08:00,2016-05-16,0.0267,3204.0,12.0,2984.0,0.0267,0.0267,0.0267,10000595,2016-09-28,2016-09-28,C,2.25,2016-03-17
17138,2016-05-16 11:09:00,2016-05-16,0.0267,0.0,0.0,2984.0,0.0267,0.0267,0.0267,10000595,2016-09-28,2016-09-28,C,2.25,2016-03-17
17139,2016-05-16 11:10:00,2016-05-16,0.0267,2640.0,10.0,2994.0,0.0267,0.0264,0.0264,10000595,2016-09-28,2016-09-28,C,2.25,2016-03-17
17140,2016-05-16 11:11:00,2016-05-16,0.0264,0.0,0.0,2994.0,0.0264,0.0264,0.0264,10000595,2016-09-28,2016-09-28,C,2.25,2016-03-17
17141,2016-05-16 11:12:00,2016-05-16,0.0264,258.0,1.0,2995.0,0.0264,0.0258,0.0258,10000595,2016-09-28,2016-09-28,C,2.25,2016-03-17
17142,2016-05-16 11:13:00,2016-05-16,0.0258,0.0,0.0,2995.0,0.0258,0.0258,0.0258,10000595,2016-09-28,2016-09-28,C,2.25,2016-03-17
17143,2016-05-16 11:14:00,2016-05-16,0.0261,3363.0,13.0,3008.0,0.0258,0.0261,0.0258,10000595,2016-09-28,2016-09-28,C,2.25,2016-03-17
17144,2016-05-16 11:15:00,2016-05-16,0.0261,1305.0,5.0,3013.0,0.0261,0.0261,0.0261,10000595,2016-09-28,2016-09-28,C,2.25,2016-03-17
17145,2016-05-16 11:16:00,2016-05-16,0.026,3110.0,12.0,3025.0,0.0259,0.026,0.0259,10000595,2016-09-28,2016-09-28,C,2.25,2016-03-17
17146,2016-05-16 11:17:00,2016-05-16,0.026,260.0,1.0,3026.0,0.026,0.026,0.026,10000595,2016-09-28,2016-09-28,C,2.25,2016-03-17
17147,2016-05-16 11:18:00,2016-05-16,0.026,260.0,1.0,3027.0,0.026,0.026,0.026,10000595,2016-09-28,2016-09-28,C,2.25,2016-03-17
17148,2016-05-16 11:19:00,2016-05-16,0.026,0.0,0.0,3027.0,0.026,0.026,0.026,10000595,2016-09-28,2016-09-28,C,2.25,2016-03-17
17149,2016-05-16 11:20:00,2016-05-16,0.0262,2620.0,10.0,3037.0,0.026,0.0262,0.026,10000595,2016-09-28,2016-09-28,C,2.25,2016-03-17
17150,2016-05-16 11:21:00,2016-05-16,0.0262,0.0,0.0,3037.0,0.0262,0.0262,0.0262,10000595,2016-09-28,2016-09-28,C,2.25,2016-03-17
17151,2016-05-16 11:22:00,2016-05-16,0.0262,0.0,0.0,3037.0,0.0262,0.0262,0.0262,10000595,2016-09-28,2016-09-28,C,2.25,2016-03-17
17152,2016-05-16 11:23:00,2016-05-16,0.0262,0.0,0.0,3037.0,0.0262,0.0262,0.0262,10000595,2016-09-28,2016-09-28,C,2.25,2016-03-17
17153,2016-05-16 11:24:00,2016-05-16,0.0262,0.0,0.0,3037.0,0.0262,0.0262,0.0262,10000595,2016-09-28,2016-09-28,C,2.25,2016-03-17
17154,2016-05-16 11:25:00,2016-05-16,0.0258,2580.0,10.0,3047.0,0.0258,0.0258,0.0258,10000595,2016-09-28,2016-09-28,C,2.25,2016-03-17
17155,2016-05-16 11:26:00,2016-05-16,0.0258,0.0,0.0,3047.0,0.0258,0.0258,0.0258,10000595,2016-09-28,2016-09-28,C,2.25,2016-03-17
17156,2016-05-16 11:27:00,2016-05-16,0.0258,0.0,0.0,3047.0,0.0258,0.0258,0.0258,10000595,2016-09-28,2016-09-28,C,2.25,2016-03-17
17157,2016-05-16 11:28:00,2016-05-16,0.0258,0.0,0.0,3047.0,0.0258,0.0258,0.0258,10000595,2016-09-28,2016-09-28,C,2.25,2016-03-17
17158,2016-05-16 11:29:00,2016-05-16,0.0258,0.0,0.0,3047.0,0.0258,0.0258,0.0258,10000595,2016-09-28,2016-09-28,C,2.25,2016-03-17
17159,2016-05-16 11:30:00,2016-05-16,0.0258,0.0,0.0,3047.0,0.0258,0.0258,0.0258,10000595,2016-09-28,2016-09-28,C,2.25,2016-03-17
17160,2016-05-16 13:01:00,2016-05-16,0.0258,0.0,0.0,3047.0,0.0258,0.0258,0.0258,10000595,2016-09-28,2016-09-28,C,2.25,2016-03-17
17161,2016-05-16 13:02:00,2016-05-16,0.0258,0.0,0.0,3047.0,0.0258,0.0258,0.0258,10000595,2016-09-28,2016-09-28,C,2.25,2016-03-17
17162,2016-05-16 13:03:00,2016-05-16,0.0258,0.0,0.0,3047.0,0.0258,0.0258,0.0258,10000595,2016-09-28,2016-09-28,C,2.25,2016-03-17
17163,2016-05-16 13:04:00,2016-05-16,0.0258,0.0,0.0,3047.0,0.0258,0.0258,0.0258,10000595,2016-09-28,2016-09-28,C,2.25,2016-03-17
17164,2016-05-16 13:05:00,2016-05-16,0.0258,0.0,0.0,3047.0,0.0258,0.0258,0.0258,10000595,2016-09-28,2016-09-28,C,2.25,2016-03-17
17165,2016-05-16 13:06:00,2016-05-16,0.0258,0.0,0.0,3047.0,0.0258,0.0258,0.0258,10000595,2016-09-28,2016-09-28,C,2.25,2016-03-17
17166,2016-05-16 13:07:00,2016-05-16,0.0258,0.0,0.0,3047.0,0.0258,0.0258,0.0258,10000595,2016-09-28,2016-09-28,C,2.25,2016-03-17
17167,2016-05-16 13:08:00,2016-05-16,0.0258,0.0,0.0,3047.0,0.0258,0.0258,0.0258,10000595,2016-09-28,2016-09-28,C,2.25,2016-03-17
17168,2016-05-16 13:09:00,2016-05-16,0.0258,0.0,0.0,3047.0,0.0258,0.0258,0.0258,10000595,2016-09-28,2016-09-28,C,2.25,2016-03-17
17169,2016-05-16 13:10:00,2016-05-16,0.0258,0.0,0.0,3047.0,0.0258,0.0258,0.0258,10000595,2016-09-28,2016-09-28,C,2.25,2016-03-17
17170,2016-05-16 13:11:00,2016-05-16,0.0258,0.0,0.0,3047.0,0.0258,0.0258,0.0258,10000595,2016-09-28,2016-09-28,C,2.25,2016-03-17
17171,2016-05-16 13:12:00,2016-05-16,0.0258,1280.0,5.0,3052.0,0.0258,0.0256,0.0256,10000595,2016-09-28,2016-09-28,C,2.25,2016-03-17
17172,2016-05-16 13:13:00,2016-05-16,0.0256,0.0,0.0,3052.0,0.0256,0.0256,0.0256,10000595,2016-09-28,2016-09-28,C,2.25,2016-03-17
17173,2016-05-16 13:14:00,2016-05-16,0.0262,1310.0,5.0,3052.0,0.0262,0.0262,0.0262,10000595,2016-09-28,2016-09-28,C,2.25,2016-03-17
17174,2016-05-16 13:15:00,2016-05-16,0.0262,0.0,0.0,3052.0,0.0262,0.0262,0.0262,10000595,2016-09-28,2016-09-28,C,2.25,2016-03-17
17175,2016-05-16 13:16:00,2016-05-16,0.0262,0.0,0.0,3052.0,0.0262,0.0262,0.0262,10000595,2016-09-28,2016-09-28,C,2.25,2016-03-17
17176,2016-05-16 13:17:00,2016-05-16,0.0262,0.0,0.0,3052.0,0.0262,0.0262,0.0262,10000595,2016-09-28,2016-09-28,C,2.25,2016-03-17
17177,2016-05-16 13:18:00,2016-05-16,0.0262,0.0,0.0,3052.0,0.0262,0.0262,0.0262,10000595,2016-09-28,2016-09-28,C,2.25,2016-03-17
17178,2016-05-16 13:19:00,2016-05-16,0.0262,0.0,0.0,3052.0,0.0262,0.0262,0.0262,10000595,2016-09-28,2016-09-28,C,2.25,2016-03-17
17179,2016-05-16 13:20:00,2016-05-16,0.0262,0.0,0.0,3052.0,0.0262,0.0262,0.0262,10000595,2016-09-28,2016-09-28,C,2.25,2016-03-17
17180,2016-05-16 13:21:00,2016-05-16,0.0257,5140.0,20.0,3072.0,0.0257,0.0257,0.0257,10000595,2016-09-28,2016-09-28,C,2.25,2016-03-17
17181,2016-05-16 13:22:00,2016-05-16,0.0257,0.0,0.0,3072.0,0.0257,0.0257,0.0257,10000595,2016-09-28,2016-09-28,C,2.25,2016-03-17
17182,2016-05-16 13:23:00,2016-05-16,0.0257,0.0,0.0,3072.0,0.0257,0.0257,0.0257,10000595,2016-09-28,2016-09-28,C,2.25,2016-03-17
17183,2016-05-16 13:24:00,2016-05-16,0.0257,0.0,0.0,3072.0,0.0257,0.0257,0.0257,10000595,2016-09-28,2016-09-28,C,2.25,2016-03-17
17184,2016-05-16 13:25:00,2016-05-16,0.0257,0.0,0.0,3072.0,0.0257,0.0257,0.0257,10000595,2016-09-28,2016-09-28,C,2.25,2016-03-17
17185,2016-05-16 13:26:00,2016-05-16,0.0257,2510.0,10.0,3082.0,0.0257,0.0251,0.0251,10000595,2016-09-28,2016-09-28,C,2.25,2016-03-17
17186,2016-05-16 13:27:00,2016-05-16,0.0251,0.0,0.0,3082.0,0.0251,0.0251,0.0251,10000595,2016-09-28,2016-09-28,C,2.25,2016-03-17
17187,2016-05-16 13:28:00,2016-05-16,0.0251,2510.0,10.0,3092.0,0.0251,0.0251,0.0251,10000595,2016-09-28,2016-09-28,C,2.25,2016-03-17
17188,2016-05-16 13:29:00,2016-05-16,0.0251,0.0,0.0,3092.0,0.0251,0.0251,0.0251,10000595,2016-09-28,2016-09-28,C,2.25,2016-03-17
17189,2016-05-16 13:30:00,2016-05-16,0.0251,0.0,0.0,3092.0,0.0251,0.0251,0.0251,10000595,2016-09-28,2016-09-28,C,2.25,2016-03-17
17190,2016-05-16 13:31:00,2016-05-16,0.0251,0.0,0.0,3092.0,0.0251,0.0251,0.0251,10000595,2016-09-28,2016-09-28,C,2.25,2016-03-17
17191,2016-05-16 13:32:00,2016-05-16,0.0257,2570.0,10.0,3102.0,0.0257,0.0257,0.0257,10000595,2016-09-28,2016-09-28,C,2.25,2016-03-17
17192,2016-05-16 13:33:00,2016-05-16,0.0253,7570.0,30.0,3122.0,0.0252,0.0253,0.0252,10000595,2016-09-28,2016-09-28,C,2.25,2016-03-17
17193,2016-05-16 13:34:00,2016-05-16,0.0253,5050.0,20.0,3142.0,0.0253,0.0252,0.0252,10000595,2016-09-28,2016-09-28,C,2.25,2016-03-17
17194,2016-05-16 13:35:00,2016-05-16,0.0252,0.0,0.0,3142.0,0.0252,0.0252,0.0252,10000595,2016-09-28,2016-09-28,C,2.25,2016-03-17
17195,2016-05-16 13:36:00,2016-05-16,0.0252,504.0,2.0,3144.0,0.0252,0.0252,0.0252,10000595,2016-09-28,2016-09-28,C,2.25,2016-03-17
17196,2016-05-16 13:37:00,2016-05-16,0.0259,5180.0,20.0,3164.0,0.0259,0.0259,0.0259,10000595,2016-09-28,2016-09-28,C,2.25,2016-03-17
17197,2016-05-16 13:38:00,2016-05-16,0.0259,768.0,3.0,3167.0,0.0259,0.0256,0.0256,10000595,2016-09-28,2016-09-28,C,2.25,2016-03-17
17198,2016-05-16 13:39:00,2016-05-16,0.0256,0.0,0.0,3167.0,0.0256,0.0256,0.0256,10000595,2016-09-28,2016-09-28,C,2.25,2016-03-17
17199,2016-05-16 13:40:00,2016-05-16,0.0256,2550.0,10.0,3177.0,0.0256,0.0255,0.0255,10000595,2016-09-28,2016-09-28,C,2.25,2016-03-17
17200,2016-05-16 13:41:00,2016-05-16,0.0255,7550.0,30.0,3197.0,0.0255,0.025,0.025,10000595,2016-09-28,2016-09-28,C,2.25,2016-03-17
17201,2016-05-16 13:42:00,2016-05-16,0.025,0.0,0.0,3197.0,0.025,0.025,0.025,10000595,2016-09-28,2016-09-28,C,2.25,2016-03-17
17202,2016-05-16 13:43:00,2016-05-16,0.025,0.0,0.0,3197.0,0.025,0.025,0.025,10000595,2016-09-28,2016-09-28,C,2.25,2016-03-17
17203,2016-05-16 13:44:00,2016-05-16,0.025,0.0,0.0,3197.0,0.025,0.025,0.025,10000595,2016-09-28,2016-09-28,C,2.25,2016-03-17
17204,2016-05-16 13:45:00,2016-05-16,0.0256,256.0,1.0,3198.0,0.025,0.0256,0.025,10000595,2016-09-28,2016-09-28,C,2.25,2016-03-17
17205,2016-05-16 13:46:00,2016-05-16,0.0256,0.0,0.0,3198.0,0.0256,0.0256,0.0256,10000595,2016-09-28,2016-09-28,C,2.25,2016-03-17
17206,2016-05-16 13:47:00,2016-05-16,0.0256,0.0,0.0,3198.0,0.0256,0.0256,0.0256,10000595,2016-09-28,2016-09-28,C,2.25,2016-03-17
17207,2016-05-16 13:48:00,2016-05-16,0.0256,0.0,0.0,3198.0,0.0256,0.0256,0.0256,10000595,2016-09-28,2016-09-28,C,2.25,2016-03-17
17208,2016-05-16 13:49:00,2016-05-16,0.0256,0.0,0.0,3198.0,0.0256,0.0256,0.0256,10000595,2016-09-28,2016-09-28,C,2.25,2016-03-17
17209,2016-05-16 13:50:00,2016-05-16,0.0256,0.0,0.0,3198.0,0.0256,0.0256,0.0256,10000595,2016-09-28,2016-09-28,C,2.25,2016-03-17
17210,2016-05-16 13:51:00,2016-05-16,0.0256,0.0,0.0,3198.0,0.0256,0.0256,0.0256,10000595,2016-09-28,2016-09-28,C,2.25,2016-03-17
17211,2016-05-16 13:52:00,2016-05-16,0.0256,1785.0,7.0,3205.0,0.0256,0.0255,0.0255,10000595,2016-09-28,2016-09-28,C,2.25,2016-03-17
17212,2016-05-16 13:53:00,2016-05-16,0.0255,254.0,1.0,3206.0,0.0255,0.0254,0.0254,10000595,2016-09-28,2016-09-28,C,2.25,2016-03-17
17213,2016-05-16 13:54:00,2016-05-16,0.0254,2286.0,9.0,3215.0,0.0254,0.0254,0.0254,10000595,2016-09-28,2016-09-28,C,2.25,2016-03-17
17214,2016-05-16 13:55:00,2016-05-16,0.0256,5609.0,22.0,3237.0,0.0254,0.0256,0.0254,10000595,2016-09-28,2016-09-28,C,2.25,2016-03-17
17215,2016-05-16 13:56:00,2016-05-16,0.0256,0.0,0.0,3237.0,0.0256,0.0256,0.0256,10000595,2016-09-28,2016-09-28,C,2.25,2016-03-17
17216,2016-05-16 13:57:00,2016-05-16,0.0256,0.0,0.0,3237.0,0.0256,0.0256,0.0256,10000595,2016-09-28,2016-09-28,C,2.25,2016-03-17
17217,2016-05-16 13:58:00,2016-05-16,0.0256,0.0,0.0,3237.0,0.0256,0.0256,0.0256,10000595,2016-09-28,2016-09-28,C,2.25,2016-03-17
17218,2016-05-16 13:59:00,2016-05-16,0.0256,0.0,0.0,3237.0,0.0256,0.0256,0.0256,10000595,2016-09-28,2016-09-28,C,2.25,2016-03-17
17219,2016-05-16 14:00:00,2016-05-16,0.0266,13140.0,50.0,3287.0,0.0256,0.0258,0.0256,10000595,2016-09-28,2016-09-28,C,2.25,2016-03-17
17220,2016-05-16 14:01:00,2016-05-16,0.0258,2570.0,10.0,3297.0,0.0258,0.0257,0.0257,10000595,2016-09-28,2016-09-28,C,2.25,2016-03-17
17221,2016-05-16 14:02:00,2016-05-16,0.0257,3855.0,15.0,3302.0,0.0257,0.0257,0.0257,10000595,2016-09-28,2016-09-28,C,2.25,2016-03-17
17222,2016-05-16 14:03:00,2016-05-16,0.0257,0.0,0.0,3302.0,0.0257,0.0257,0.0257,10000595,2016-09-28,2016-09-28,C,2.25,2016-03-17
17223,2016-05-16 14:04:00,2016-05-16,0.0257,0.0,0.0,3302.0,0.0257,0.0257,0.0257,10000595,2016-09-28,2016-09-28,C,2.25,2016-03-17
17224,2016-05-16 14:05:00,2016-05-16,0.0264,528.0,2.0,3302.0,0.0257,0.0264,0.0257,10000595,2016-09-28,2016-09-28,C,2.25,2016-03-17
17225,2016-05-16 14:06:00,2016-05-16,0.0264,0.0,0.0,3302.0,0.0264,0.0264,0.0264,10000595,2016-09-28,2016-09-28,C,2.25,2016-03-17
17226,2016-05-16 14:07:00,2016-05-16,0.0264,0.0,0.0,3302.0,0.0264,0.0264,0.0264,10000595,2016-09-28,2016-09-28,C,2.25,2016-03-17
17227,2016-05-16 14:08:00,2016-05-16,0.0264,2112.0,8.0,3310.0,0.0264,0.0264,0.0264,10000595,2016-09-28,2016-09-28,C,2.25,2016-03-17
17228,2016-05-16 14:09:00,2016-05-16,0.0264,2570.0,10.0,3320.0,0.0264,0.0257,0.0257,10000595,2016-09-28,2016-09-28,C,2.25,2016-03-17
17229,2016-05-16 14:10:00,2016-05-16,0.0257,0.0,0.0,3320.0,0.0257,0.0257,0.0257,10000595,2016-09-28,2016-09-28,C,2.25,2016-03-17
17230,2016-05-16 14:11:00,2016-05-16,0.0257,2570.0,10.0,3330.0,0.0257,0.0257,0.0257,10000595,2016-09-28,2016-09-28,C,2.25,2016-03-17
17231,2016-05-16 14:12:00,2016-05-16,0.0257,0.0,0.0,3330.0,0.0257,0.0257,0.0257,10000595,2016-09-28,2016-09-28,C,2.25,2016-03-17
17232,2016-05-16 14:13:00,2016-05-16,0.0257,0.0,0.0,3330.0,0.0257,0.0257,0.0257,10000595,2016-09-28,2016-09-28,C,2.25,2016-03-17
17233,2016-05-16 14:14:00,2016-05-16,0.0257,0.0,0.0,3330.0,0.0257,0.0257,0.0257,10000595,2016-09-28,2016-09-28,C,2.25,2016-03-17
17234,2016-05-16 14:15:00,2016-05-16,0.0257,0.0,0.0,3330.0,0.0257,0.0257,0.0257,10000595,2016-09-28,2016-09-28,C,2.25,2016-03-17
17235,2016-05-16 14:16:00,2016-05-16,0.0257,0.0,0.0,3330.0,0.0257,0.0257,0.0257,10000595,2016-09-28,2016-09-28,C,2.25,2016-03-17
17236,2016-05-16 14:17:00,2016-05-16,0.0257,0.0,0.0,3330.0,0.0257,0.0257,0.0257,10000595,2016-09-28,2016-09-28,C,2.25,2016-03-17
17237,2016-05-16 14:18:00,2016-05-16,0.0257,3074.0,12.0,3342.0,0.0257,0.0257,0.0256,10000595,2016-09-28,2016-09-28,C,2.25,2016-03-17
17238,2016-05-16 14:19:00,2016-05-16,0.0257,0.0,0.0,3342.0,0.0257,0.0257,0.0257,10000595,2016-09-28,2016-09-28,C,2.25,2016-03-17
17239,2016-05-16 14:20:00,2016-05-16,0.0257,0.0,0.0,3342.0,0.0257,0.0257,0.0257,10000595,2016-09-28,2016-09-28,C,2.25,2016-03-17
17240,2016-05-16 14:21:00,2016-05-16,0.0257,0.0,0.0,3342.0,0.0257,0.0257,0.0257,10000595,2016-09-28,2016-09-28,C,2.25,2016-03-17
17241,2016-05-16 14:22:00,2016-05-16,0.0257,2761.0,11.0,3342.0,0.0257,0.0251,0.0251,10000595,2016-09-28,2016-09-28,C,2.25,2016-03-17
17242,2016-05-16 14:23:00,2016-05-16,0.0251,0.0,0.0,3342.0,0.0251,0.0251,0.0251,10000595,2016-09-28,2016-09-28,C,2.25,2016-03-17
17243,2016-05-16 14:24:00,2016-05-16,0.0257,1028.0,4.0,3342.0,0.0251,0.0257,0.0251,10000595,2016-09-28,2016-09-28,C,2.25,2016-03-17
17244,2016-05-16 14:25:00,2016-05-16,0.0257,996.0,4.0,3342.0,0.0257,0.0249,0.0249,10000595,2016-09-28,2016-09-28,C,2.25,2016-03-17
17245,2016-05-16 14:26:00,2016-05-16,0.0249,0.0,0.0,3342.0,0.0249,0.0249,0.0249,10000595,2016-09-28,2016-09-28,C,2.25,2016-03-17
17246,2016-05-16 14:27:00,2016-05-16,0.0259,2590.0,10.0,3342.0,0.0259,0.0259,0.0259,10000595,2016-09-28,2016-09-28,C,2.25,2016-03-17
17247,2016-05-16 14:28:00,2016-05-16,0.0259,0.0,0.0,3342.0,0.0259,0.0259,0.0259,10000595,2016-09-28,2016-09-28,C,2.25,2016-03-17
17248,2016-05-16 14:29:00,2016-05-16,0.0259,0.0,0.0,3342.0,0.0259,0.0259,0.0259,10000595,2016-09-28,2016-09-28,C,2.25,2016-03-17
17249,2016-05-16 14:30:00,2016-05-16,0.0259,0.0,0.0,3342.0,0.0259,0.0259,0.0259,10000595,2016-09-28,2016-09-28,C,2.25,2016-03-17
17250,2016-05-16 14:31:00,2016-05-16,0.0259,0.0,0.0,3342.0,0.0259,0.0259,0.0259,10000595,2016-09-28,2016-09-28,C,2.25,2016-03-17
17251,2016-05-16 14:32:00,2016-05-16,0.0259,0.0,0.0,3342.0,0.0259,0.0259,0.0259,10000595,2016-09-28,2016-09-28,C,2.25,2016-03-17
17252,2016-05-16 14:33:00,2016-05-16,0.0259,0.0,0.0,3342.0,0.0259,0.0259,0.0259,10000595,2016-09-28,2016-09-28,C,2.25,2016-03-17
17253,2016-05-16 14:34:00,2016-05-16,0.0259,0.0,0.0,3342.0,0.0259,0.0259,0.0259,10000595,2016-09-28,2016-09-28,C,2.25,2016-03-17
17254,2016-05-16 14:35:00,2016-05-16,0.0259,0.0,0.0,3342.0,0.0259,0.0259,0.0259,10000595,2016-09-28,2016-09-28,C,2.25,2016-03-17
17255,2016-05-16 14:36:00,2016-05-16,0.0259,0.0,0.0,3342.0,0.0259,0.0259,0.0259,10000595,2016-09-28,2016-09-28,C,2.25,2016-03-17
17256,2016-05-16 14:37:00,2016-05-16,0.0261,4949.0,19.0,3361.0,0.0259,0.0261,0.0259,10000595,2016-09-28,2016-09-28,C,2.25,2016-03-17
17257,2016-05-16 14:38:00,2016-05-16,0.0264,2640.0,10.0,3371.0,0.0261,0.0264,0.0261,10000595,2016-09-28,2016-09-28,C,2.25,2016-03-17
17258,2016-05-16 14:39:00,2016-05-16,0.0264,0.0,0.0,3371.0,0.0264,0.0264,0.0264,10000595,2016-09-28,2016-09-28,C,2.25,2016-03-17
17259,2016-05-16 14:40:00,2016-05-16,0.0264,0.0,0.0,3371.0,0.0264,0.0264,0.0264,10000595,2016-09-28,2016-09-28,C,2.25,2016-03-17
17260,2016-05-16 14:41:00,2016-05-16,0.0264,0.0,0.0,3371.0,0.0264,0.0264,0.0264,10000595,2016-09-28,2016-09-28,C,2.25,2016-03-17
17261,2016-05-16 14:42:00,2016-05-16,0.0264,0.0,0.0,3371.0,0.0264,0.0264,0.0264,10000595,2016-09-28,2016-09-28,C,2.25,2016-03-17
17262,2016-05-16 14:43:00,2016-05-16,0.0264,0.0,0.0,3371.0,0.0264,0.0264,0.0264,10000595,2016-09-28,2016-09-28,C,2.25,2016-03-17
17263,2016-05-16 14:44:00,2016-05-16,0.0261,261.0,1.0,3372.0,0.0261,0.0261,0.0261,10000595,2016-09-28,2016-09-28,C,2.25,2016-03-17
17264,2016-05-16 14:45:00,2016-05-16,0.0261,0.0,0.0,3372.0,0.0261,0.0261,0.0261,10000595,2016-09-28,2016-09-28,C,2.25,2016-03-17
17265,2016-05-16 14:46:00,2016-05-16,0.0267,1329.0,5.0,3373.0,0.0261,0.0267,0.0261,10000595,2016-09-28,2016-09-28,C,2.25,2016-03-17
17266,2016-05-16 14:47:00,2016-05-16,0.0269,8570.0,32.0,3385.0,0.0267,0.0269,0.0267,10000595,2016-09-28,2016-09-28,C,2.25,2016-03-17
17267,2016-05-16 14:48:00,2016-05-16,0.0269,2421.0,9.0,3386.0,0.0269,0.0269,0.0269,10000595,2016-09-28,2016-09-28,C,2.25,2016-03-17
17268,2016-05-16 14:49:00,2016-05-16,0.0269,0.0,0.0,3386.0,0.0269,0.0269,0.0269,10000595,2016-09-28,2016-09-28,C,2.25,2016-03-17
17269,2016-05-16 14:50:00,2016-05-16,0.0269,0.0,0.0,3386.0,0.0269,0.0269,0.0269,10000595,2016-09-28,2016-09-28,C,2.25,2016-03-17
17270,2016-05-16 14:51:00,2016-05-16,0.0269,0.0,0.0,3386.0,0.0269,0.0269,0.0269,10000595,2016-09-28,2016-09-28,C,2.25,2016-03-17
17271,2016-05-16 14:52:00,2016-05-16,0.0269,0.0,0.0,3386.0,0.0269,0.0269,0.0269,10000595,2016-09-28,2016-09-28,C,2.25,2016-03-17
17272,2016-05-16 14:53:00,2016-05-16,0.0269,2660.0,10.0,3376.0,0.0269,0.0266,0.0266,10000595,2016-09-28,2016-09-28,C,2.25,2016-03-17
17273,2016-05-16 14:54:00,2016-05-16,0.0266,532.0,2.0,3376.0,0.0266,0.0266,0.0266,10000595,2016-09-28,2016-09-28,C,2.25,2016-03-17
17274,2016-05-16 14:55:00,2016-05-16,0.0261,1305.0,5.0,3381.0,0.0261,0.0261,0.0261,10000595,2016-09-28,2016-09-28,C,2.25,2016-03-17
17275,2016-05-16 14:56:00,2016-05-16,0.0261,0.0,0.0,3381.0,0.0261,0.0261,0.0261,10000595,2016-09-28,2016-09-28,C,2.25,2016-03-17
17276,2016-05-16 14:57:00,2016-05-16,0.0261,0.0,0.0,3381.0,0.0261,0.0261,0.0261,10000595,2016-09-28,2016-09-28,C,2.25,2016-03-17
17277,2016-05-16 14:58:00,2016-05-16,0.0261,0.0,0.0,3381.0,0.0261,0.0261,0.0261,10000595,2016-09-28,2016-09-28,C,2.25,2016-03-17
17278,2016-05-16 14:59:00,2016-05-16,0.0261,0.0,0.0,3381.0,0.0261,0.0261,0.0261,10000595,2016-09-28,2016-09-28,C,2.25,2016-03-17
17279,2016-05-16 15:00:00,2016-05-16,0.0261,0.0,0.0,3381.0,0.0261,0.0261,0.0261,10000595,2016-09-28,2016-09-28,C,2.25,2016-03-17
17280,2016-05-16 09:31:00,2016-05-16,0.0343,698.0,2.0,6471.0,0.0355,0.0343,0.0343,10000591,2016-09-28,2016-09-28,C,2.2,2016-03-07
17281,2016-05-16 09:32:00,2016-05-16,0.0343,1344.0,4.0,6471.0,0.0343,0.0336,0.0336,10000591,2016-09-28,2016-09-28,C,2.2,2016-03-07
17282,2016-05-16 09:33:00,2016-05-16,0.0333,3330.0,10.0,6481.0,0.0333,0.0333,0.0333,10000591,2016-09-28,2016-09-28,C,2.2,2016-03-07
17283,2016-05-16 09:34:00,2016-05-16,0.0333,0.0,0.0,6481.0,0.0333,0.0333,0.0333,10000591,2016-09-28,2016-09-28,C,2.2,2016-03-07
17284,2016-05-16 09:35:00,2016-05-16,0.0339,3390.0,10.0,6471.0,0.0333,0.0339,0.0333,10000591,2016-09-28,2016-09-28,C,2.2,2016-03-07
17285,2016-05-16 09:36:00,2016-05-16,0.034,5434.0,16.0,6481.0,0.0339,0.0339,0.0339,10000591,2016-09-28,2016-09-28,C,2.2,2016-03-07
17286,2016-05-16 09:37:00,2016-05-16,0.0339,0.0,0.0,6481.0,0.0339,0.0339,0.0339,10000591,2016-09-28,2016-09-28,C,2.2,2016-03-07
17287,2016-05-16 09:38:00,2016-05-16,0.0339,0.0,0.0,6481.0,0.0339,0.0339,0.0339,10000591,2016-09-28,2016-09-28,C,2.2,2016-03-07
17288,2016-05-16 09:39:00,2016-05-16,0.0339,0.0,0.0,6481.0,0.0339,0.0339,0.0339,10000591,2016-09-28,2016-09-28,C,2.2,2016-03-07
17289,2016-05-16 09:40:00,2016-05-16,0.0339,0.0,0.0,6481.0,0.0339,0.0339,0.0339,10000591,2016-09-28,2016-09-28,C,2.2,2016-03-07
17290,2016-05-16 09:41:00,2016-05-16,0.0339,6760.0,20.0,6491.0,0.0339,0.0338,0.0338,10000591,2016-09-28,2016-09-28,C,2.2,2016-03-07
17291,2016-05-16 09:42:00,2016-05-16,0.0339,3390.0,10.0,6484.0,0.0338,0.0339,0.0338,10000591,2016-09-28,2016-09-28,C,2.2,2016-03-07
17292,2016-05-16 09:43:00,2016-05-16,0.0339,0.0,0.0,6484.0,0.0339,0.0339,0.0339,10000591,2016-09-28,2016-09-28,C,2.2,2016-03-07
17293,2016-05-16 09:44:00,2016-05-16,0.0339,0.0,0.0,6484.0,0.0339,0.0339,0.0339,10000591,2016-09-28,2016-09-28,C,2.2,2016-03-07
17294,2016-05-16 09:45:00,2016-05-16,0.0339,3370.0,10.0,6484.0,0.0339,0.0337,0.0337,10000591,2016-09-28,2016-09-28,C,2.2,2016-03-07
17295,2016-05-16 09:46:00,2016-05-16,0.0337,0.0,0.0,6484.0,0.0337,0.0337,0.0337,10000591,2016-09-28,2016-09-28,C,2.2,2016-03-07
17296,2016-05-16 09:47:00,2016-05-16,0.0337,1001.0,3.0,6485.0,0.0337,0.0337,0.0332,10000591,2016-09-28,2016-09-28,C,2.2,2016-03-07
17297,2016-05-16 09:48:00,2016-05-16,0.0337,3370.0,10.0,6486.0,0.0337,0.0337,0.0337,10000591,2016-09-28,2016-09-28,C,2.2,2016-03-07
17298,2016-05-16 09:49:00,2016-05-16,0.0337,1685.0,5.0,6486.0,0.0337,0.0337,0.0337,10000591,2016-09-28,2016-09-28,C,2.2,2016-03-07
17299,2016-05-16 09:50:00,2016-05-16,0.0337,337.0,1.0,6486.0,0.0337,0.0337,0.0337,10000591,2016-09-28,2016-09-28,C,2.2,2016-03-07
17300,2016-05-16 09:51:00,2016-05-16,0.0337,1348.0,4.0,6486.0,0.0337,0.0337,0.0337,10000591,2016-09-28,2016-09-28,C,2.2,2016-03-07
17301,2016-05-16 09:52:00,2016-05-16,0.0337,0.0,0.0,6486.0,0.0337,0.0337,0.0337,10000591,2016-09-28,2016-09-28,C,2.2,2016-03-07
17302,2016-05-16 09:53:00,2016-05-16,0.0337,646.0,2.0,6486.0,0.0337,0.0323,0.0323,10000591,2016-09-28,2016-09-28,C,2.2,2016-03-07
17303,2016-05-16 09:54:00,2016-05-16,0.0323,3230.0,10.0,6481.0,0.0323,0.0323,0.0323,10000591,2016-09-28,2016-09-28,C,2.2,2016-03-07
17304,2016-05-16 09:55:00,2016-05-16,0.0323,8347.0,26.0,6476.0,0.0323,0.0321,0.0318,10000591,2016-09-28,2016-09-28,C,2.2,2016-03-07
17305,2016-05-16 09:56:00,2016-05-16,0.033,330.0,1.0,6475.0,0.0321,0.033,0.0321,10000591,2016-09-28,2016-09-28,C,2.2,2016-03-07
17306,2016-05-16 09:57:00,2016-05-16,0.033,0.0,0.0,6475.0,0.033,0.033,0.033,10000591,2016-09-28,2016-09-28,C,2.2,2016-03-07
17307,2016-05-16 09:58:00,2016-05-16,0.033,3220.0,10.0,6485.0,0.033,0.0322,0.0322,10000591,2016-09-28,2016-09-28,C,2.2,2016-03-07
17308,2016-05-16 09:59:00,2016-05-16,0.0322,0.0,0.0,6485.0,0.0322,0.0322,0.0322,10000591,2016-09-28,2016-09-28,C,2.2,2016-03-07
17309,2016-05-16 10:00:00,2016-05-16,0.0322,3180.0,10.0,6490.0,0.0322,0.0318,0.0318,10000591,2016-09-28,2016-09-28,C,2.2,2016-03-07
17310,2016-05-16 10:01:00,2016-05-16,0.0318,3180.0,10.0,6490.0,0.0318,0.0318,0.0318,10000591,2016-09-28,2016-09-28,C,2.2,2016-03-07
17311,2016-05-16 10:02:00,2016-05-16,0.0325,325.0,1.0,6490.0,0.0318,0.0325,0.0318,10000591,2016-09-28,2016-09-28,C,2.2,2016-03-07
17312,2016-05-16 10:03:00,2016-05-16,0.0325,0.0,0.0,6490.0,0.0325,0.0325,0.0325,10000591,2016-09-28,2016-09-28,C,2.2,2016-03-07
17313,2016-05-16 10:04:00,2016-05-16,0.0325,0.0,0.0,6490.0,0.0325,0.0325,0.0325,10000591,2016-09-28,2016-09-28,C,2.2,2016-03-07
17314,2016-05-16 10:05:00,2016-05-16,0.0325,0.0,0.0,6490.0,0.0325,0.0325,0.0325,10000591,2016-09-28,2016-09-28,C,2.2,2016-03-07
17315,2016-05-16 10:06:00,2016-05-16,0.0325,0.0,0.0,6490.0,0.0325,0.0325,0.0325,10000591,2016-09-28,2016-09-28,C,2.2,2016-03-07
17316,2016-05-16 10:07:00,2016-05-16,0.0327,654.0,2.0,6492.0,0.0325,0.0327,0.0325,10000591,2016-09-28,2016-09-28,C,2.2,2016-03-07
17317,2016-05-16 10:08:00,2016-05-16,0.0327,0.0,0.0,6492.0,0.0327,0.0327,0.0327,10000591,2016-09-28,2016-09-28,C,2.2,2016-03-07
17318,2016-05-16 10:09:00,2016-05-16,0.0327,981.0,3.0,6492.0,0.0327,0.0327,0.0327,10000591,2016-09-28,2016-09-28,C,2.2,2016-03-07
17319,2016-05-16 10:10:00,2016-05-16,0.0335,2646.0,8.0,6492.0,0.0327,0.0335,0.0327,10000591,2016-09-28,2016-09-28,C,2.2,2016-03-07
17320,2016-05-16 10:11:00,2016-05-16,0.0335,3340.0,10.0,6482.0,0.0335,0.0334,0.0334,10000591,2016-09-28,2016-09-28,C,2.2,2016-03-07
17321,2016-05-16 10:12:00,2016-05-16,0.0336,336.0,1.0,6481.0,0.0334,0.0336,0.0334,10000591,2016-09-28,2016-09-28,C,2.2,2016-03-07
17322,2016-05-16 10:13:00,2016-05-16,0.0336,0.0,0.0,6481.0,0.0336,0.0336,0.0336,10000591,2016-09-28,2016-09-28,C,2.2,2016-03-07
17323,2016-05-16 10:14:00,2016-05-16,0.0336,0.0,0.0,6481.0,0.0336,0.0336,0.0336,10000591,2016-09-28,2016-09-28,C,2.2,2016-03-07
17324,2016-05-16 10:15:00,2016-05-16,0.0336,3360.0,10.0,6471.0,0.0336,0.0336,0.0336,10000591,2016-09-28,2016-09-28,C,2.2,2016-03-07
17325,2016-05-16 10:16:00,2016-05-16,0.0337,1348.0,4.0,6471.0,0.0336,0.0337,0.0336,10000591,2016-09-28,2016-09-28,C,2.2,2016-03-07
17326,2016-05-16 10:17:00,2016-05-16,0.0337,0.0,0.0,6471.0,0.0337,0.0337,0.0337,10000591,2016-09-28,2016-09-28,C,2.2,2016-03-07
17327,2016-05-16 10:18:00,2016-05-16,0.0337,5055.0,15.0,6465.0,0.0337,0.0337,0.0337,10000591,2016-09-28,2016-09-28,C,2.2,2016-03-07
17328,2016-05-16 10:19:00,2016-05-16,0.0337,0.0,0.0,6465.0,0.0337,0.0337,0.0337,10000591,2016-09-28,2016-09-28,C,2.2,2016-03-07
17329,2016-05-16 10:20:00,2016-05-16,0.0337,0.0,0.0,6465.0,0.0337,0.0337,0.0337,10000591,2016-09-28,2016-09-28,C,2.2,2016-03-07
17330,2016-05-16 10:21:00,2016-05-16,0.0337,0.0,0.0,6465.0,0.0337,0.0337,0.0337,10000591,2016-09-28,2016-09-28,C,2.2,2016-03-07
17331,2016-05-16 10:22:00,2016-05-16,0.0341,5065.0,15.0,6455.0,0.0341,0.0341,0.0341,10000591,2016-09-28,2016-09-28,C,2.2,2016-03-07
17332,2016-05-16 10:23:00,2016-05-16,0.0341,3370.0,10.0,6445.0,0.0341,0.0337,0.0337,10000591,2016-09-28,2016-09-28,C,2.2,2016-03-07
17333,2016-05-16 10:24:00,2016-05-16,0.0337,333.0,1.0,6444.0,0.0337,0.0333,0.0333,10000591,2016-09-28,2016-09-28,C,2.2,2016-03-07
17334,2016-05-16 10:25:00,2016-05-16,0.0333,0.0,0.0,6444.0,0.0333,0.0333,0.0333,10000591,2016-09-28,2016-09-28,C,2.2,2016-03-07
17335,2016-05-16 10:26:00,2016-05-16,0.0336,3360.0,10.0,6434.0,0.0333,0.0336,0.0333,10000591,2016-09-28,2016-09-28,C,2.2,2016-03-07
17336,2016-05-16 10:27:00,2016-05-16,0.0336,666.0,2.0,6434.0,0.0336,0.0333,0.0333,10000591,2016-09-28,2016-09-28,C,2.2,2016-03-07
17337,2016-05-16 10:28:00,2016-05-16,0.0333,0.0,0.0,6434.0,0.0333,0.0333,0.0333,10000591,2016-09-28,2016-09-28,C,2.2,2016-03-07
17338,2016-05-16 10:29:00,2016-05-16,0.0337,1685.0,5.0,6434.0,0.0333,0.0337,0.0333,10000591,2016-09-28,2016-09-28,C,2.2,2016-03-07
17339,2016-05-16 10:30:00,2016-05-16,0.0337,1685.0,5.0,6429.0,0.0337,0.0337,0.0337,10000591,2016-09-28,2016-09-28,C,2.2,2016-03-07
17340,2016-05-16 10:31:00,2016-05-16,0.0337,0.0,0.0,6429.0,0.0337,0.0337,0.0337,10000591,2016-09-28,2016-09-28,C,2.2,2016-03-07
17341,2016-05-16 10:32:00,2016-05-16,0.0337,0.0,0.0,6429.0,0.0337,0.0337,0.0337,10000591,2016-09-28,2016-09-28,C,2.2,2016-03-07
17342,2016-05-16 10:33:00,2016-05-16,0.0337,0.0,0.0,6429.0,0.0337,0.0337,0.0337,10000591,2016-09-28,2016-09-28,C,2.2,2016-03-07
17343,2016-05-16 10:34:00,2016-05-16,0.0346,13789.0,40.0,6458.0,0.0337,0.0345,0.0337,10000591,2016-09-28,2016-09-28,C,2.2,2016-03-07
17344,2016-05-16 10:35:00,2016-05-16,0.0347,4136.0,12.0,6448.0,0.0333,0.0347,0.0333,10000591,2016-09-28,2016-09-28,C,2.2,2016-03-07
17345,2016-05-16 10:36:00,2016-05-16,0.0347,0.0,0.0,6448.0,0.0347,0.0347,0.0347,10000591,2016-09-28,2016-09-28,C,2.2,2016-03-07
17346,2016-05-16 10:37:00,2016-05-16,0.0333,1332.0,4.0,6448.0,0.0333,0.0333,0.0333,10000591,2016-09-28,2016-09-28,C,2.2,2016-03-07
17347,2016-05-16 10:38:00,2016-05-16,0.0333,0.0,0.0,6448.0,0.0333,0.0333,0.0333,10000591,2016-09-28,2016-09-28,C,2.2,2016-03-07
17348,2016-05-16 10:39:00,2016-05-16,0.0333,0.0,0.0,6448.0,0.0333,0.0333,0.0333,10000591,2016-09-28,2016-09-28,C,2.2,2016-03-07
17349,2016-05-16 10:40:00,2016-05-16,0.0333,0.0,0.0,6448.0,0.0333,0.0333,0.0333,10000591,2016-09-28,2016-09-28,C,2.2,2016-03-07
17350,2016-05-16 10:41:00,2016-05-16,0.0333,0.0,0.0,6448.0,0.0333,0.0333,0.0333,10000591,2016-09-28,2016-09-28,C,2.2,2016-03-07
17351,2016-05-16 10:42:00,2016-05-16,0.0333,0.0,0.0,6448.0,0.0333,0.0333,0.0333,10000591,2016-09-28,2016-09-28,C,2.2,2016-03-07
17352,2016-05-16 10:43:00,2016-05-16,0.0333,0.0,0.0,6448.0,0.0333,0.0333,0.0333,10000591,2016-09-28,2016-09-28,C,2.2,2016-03-07
17353,2016-05-16 10:44:00,2016-05-16,0.0333,0.0,0.0,6448.0,0.0333,0.0333,0.0333,10000591,2016-09-28,2016-09-28,C,2.2,2016-03-07
17354,2016-05-16 10:45:00,2016-05-16,0.0333,0.0,0.0,6448.0,0.0333,0.0333,0.0333,10000591,2016-09-28,2016-09-28,C,2.2,2016-03-07
17355,2016-05-16 10:46:00,2016-05-16,0.0333,0.0,0.0,6448.0,0.0333,0.0333,0.0333,10000591,2016-09-28,2016-09-28,C,2.2,2016-03-07
17356,2016-05-16 10:47:00,2016-05-16,0.0333,0.0,0.0,6448.0,0.0333,0.0333,0.0333,10000591,2016-09-28,2016-09-28,C,2.2,2016-03-07
17357,2016-05-16 10:48:00,2016-05-16,0.0333,0.0,0.0,6448.0,0.0333,0.0333,0.0333,10000591,2016-09-28,2016-09-28,C,2.2,2016-03-07
17358,2016-05-16 10:49:00,2016-05-16,0.0333,0.0,0.0,6448.0,0.0333,0.0333,0.0333,10000591,2016-09-28,2016-09-28,C,2.2,2016-03-07
17359,2016-05-16 10:50:00,2016-05-16,0.0352,10525.0,30.0,6438.0,0.0333,0.0352,0.0333,10000591,2016-09-28,2016-09-28,C,2.2,2016-03-07
17360,2016-05-16 10:51:00,2016-05-16,0.0353,4942.0,14.0,6434.0,0.0352,0.0353,0.0352,10000591,2016-09-28,2016-09-28,C,2.2,2016-03-07
17361,2016-05-16 10:52:00,2016-05-16,0.0353,0.0,0.0,6434.0,0.0353,0.0353,0.0353,10000591,2016-09-28,2016-09-28,C,2.2,2016-03-07
17362,2016-05-16 10:53:00,2016-05-16,0.0353,0.0,0.0,6434.0,0.0353,0.0353,0.0353,10000591,2016-09-28,2016-09-28,C,2.2,2016-03-07
17363,2016-05-16 10:54:00,2016-05-16,0.0357,3570.0,10.0,6424.0,0.0353,0.0357,0.0353,10000591,2016-09-28,2016-09-28,C,2.2,2016-03-07
17364,2016-05-16 10:55:00,2016-05-16,0.0358,3580.0,10.0,6414.0,0.0358,0.0358,0.0358,10000591,2016-09-28,2016-09-28,C,2.2,2016-03-07
17365,2016-05-16 10:56:00,2016-05-16,0.0358,0.0,0.0,6414.0,0.0358,0.0358,0.0358,10000591,2016-09-28,2016-09-28,C,2.2,2016-03-07
17366,2016-05-16 10:57:00,2016-05-16,0.0358,0.0,0.0,6414.0,0.0358,0.0358,0.0358,10000591,2016-09-28,2016-09-28,C,2.2,2016-03-07
17367,2016-05-16 10:58:00,2016-05-16,0.0358,0.0,0.0,6414.0,0.0358,0.0358,0.0358,10000591,2016-09-28,2016-09-28,C,2.2,2016-03-07
17368,2016-05-16 10:59:00,2016-05-16,0.0362,1810.0,5.0,6409.0,0.0358,0.0362,0.0358,10000591,2016-09-28,2016-09-28,C,2.2,2016-03-07
17369,2016-05-16 11:00:00,2016-05-16,0.0362,0.0,0.0,6409.0,0.0362,0.0362,0.0362,10000591,2016-09-28,2016-09-28,C,2.2,2016-03-07
17370,2016-05-16 11:01:00,2016-05-16,0.0374,3366.0,9.0,6406.0,0.0362,0.0374,0.0362,10000591,2016-09-28,2016-09-28,C,2.2,2016-03-07
17371,2016-05-16 11:02:00,2016-05-16,0.0374,3366.0,9.0,6405.0,0.0374,0.0374,0.0374,10000591,2016-09-28,2016-09-28,C,2.2,2016-03-07
17372,2016-05-16 11:03:00,2016-05-16,0.0374,0.0,0.0,6405.0,0.0374,0.0374,0.0374,10000591,2016-09-28,2016-09-28,C,2.2,2016-03-07
17373,2016-05-16 11:04:00,2016-05-16,0.0374,0.0,0.0,6405.0,0.0374,0.0374,0.0374,10000591,2016-09-28,2016-09-28,C,2.2,2016-03-07
17374,2016-05-16 11:05:00,2016-05-16,0.0374,0.0,0.0,6405.0,0.0374,0.0374,0.0374,10000591,2016-09-28,2016-09-28,C,2.2,2016-03-07
17375,2016-05-16 11:06:00,2016-05-16,0.0374,0.0,0.0,6405.0,0.0374,0.0374,0.0374,10000591,2016-09-28,2016-09-28,C,2.2,2016-03-07
17376,2016-05-16 11:07:00,2016-05-16,0.0374,4410.0,12.0,6415.0,0.0374,0.0367,0.0367,10000591,2016-09-28,2016-09-28,C,2.2,2016-03-07
17377,2016-05-16 11:08:00,2016-05-16,0.0367,0.0,0.0,6415.0,0.0367,0.0367,0.0367,10000591,2016-09-28,2016-09-28,C,2.2,2016-03-07
17378,2016-05-16 11:09:00,2016-05-16,0.0367,0.0,0.0,6415.0,0.0367,0.0367,0.0367,10000591,2016-09-28,2016-09-28,C,2.2,2016-03-07
17379,2016-05-16 11:10:00,2016-05-16,0.0367,0.0,0.0,6415.0,0.0367,0.0367,0.0367,10000591,2016-09-28,2016-09-28,C,2.2,2016-03-07
17380,2016-05-16 11:11:00,2016-05-16,0.0367,0.0,0.0,6415.0,0.0367,0.0367,0.0367,10000591,2016-09-28,2016-09-28,C,2.2,2016-03-07
17381,2016-05-16 11:12:00,2016-05-16,0.0367,364.0,1.0,6416.0,0.0367,0.0364,0.0364,10000591,2016-09-28,2016-09-28,C,2.2,2016-03-07
17382,2016-05-16 11:13:00,2016-05-16,0.0364,3630.0,10.0,6426.0,0.0364,0.0363,0.0363,10000591,2016-09-28,2016-09-28,C,2.2,2016-03-07
17383,2016-05-16 11:14:00,2016-05-16,0.0363,0.0,0.0,6426.0,0.0363,0.0363,0.0363,10000591,2016-09-28,2016-09-28,C,2.2,2016-03-07
17384,2016-05-16 11:15:00,2016-05-16,0.0363,0.0,0.0,6426.0,0.0363,0.0363,0.0363,10000591,2016-09-28,2016-09-28,C,2.2,2016-03-07
17385,2016-05-16 11:16:00,2016-05-16,0.0364,3640.0,10.0,6436.0,0.0364,0.0364,0.0364,10000591,2016-09-28,2016-09-28,C,2.2,2016-03-07
17386,2016-05-16 11:17:00,2016-05-16,0.0364,0.0,0.0,6436.0,0.0364,0.0364,0.0364,10000591,2016-09-28,2016-09-28,C,2.2,2016-03-07
17387,2016-05-16 11:18:00,2016-05-16,0.0364,0.0,0.0,6436.0,0.0364,0.0364,0.0364,10000591,2016-09-28,2016-09-28,C,2.2,2016-03-07
17388,2016-05-16 11:19:00,2016-05-16,0.0364,0.0,0.0,6436.0,0.0364,0.0364,0.0364,10000591,2016-09-28,2016-09-28,C,2.2,2016-03-07
17389,2016-05-16 11:20:00,2016-05-16,0.0369,369.0,1.0,6437.0,0.0364,0.0369,0.0364,10000591,2016-09-28,2016-09-28,C,2.2,2016-03-07
17390,2016-05-16 11:21:00,2016-05-16,0.0365,3650.0,10.0,6447.0,0.0365,0.0365,0.0365,10000591,2016-09-28,2016-09-28,C,2.2,2016-03-07
17391,2016-05-16 11:22:00,2016-05-16,0.0365,0.0,0.0,6447.0,0.0365,0.0365,0.0365,10000591,2016-09-28,2016-09-28,C,2.2,2016-03-07
17392,2016-05-16 11:23:00,2016-05-16,0.0365,0.0,0.0,6447.0,0.0365,0.0365,0.0365,10000591,2016-09-28,2016-09-28,C,2.2,2016-03-07
17393,2016-05-16 11:24:00,2016-05-16,0.0365,0.0,0.0,6447.0,0.0365,0.0365,0.0365,10000591,2016-09-28,2016-09-28,C,2.2,2016-03-07
17394,2016-05-16 11:25:00,2016-05-16,0.0365,0.0,0.0,6447.0,0.0365,0.0365,0.0365,10000591,2016-09-28,2016-09-28,C,2.2,2016-03-07
17395,2016-05-16 11:26:00,2016-05-16,0.0365,0.0,0.0,6447.0,0.0365,0.0365,0.0365,10000591,2016-09-28,2016-09-28,C,2.2,2016-03-07
17396,2016-05-16 11:27:00,2016-05-16,0.0365,0.0,0.0,6447.0,0.0365,0.0365,0.0365,10000591,2016-09-28,2016-09-28,C,2.2,2016-03-07
17397,2016-05-16 11:28:00,2016-05-16,0.0365,3600.0,10.0,6457.0,0.0365,0.036000000000000004,0.036000000000000004,10000591,2016-09-28,2016-09-28,C,2.2,2016-03-07
17398,2016-05-16 11:29:00,2016-05-16,0.036000000000000004,0.0,0.0,6457.0,0.036000000000000004,0.036000000000000004,0.036000000000000004,10000591,2016-09-28,2016-09-28,C,2.2,2016-03-07
17399,2016-05-16 11:30:00,2016-05-16,0.036000000000000004,0.0,0.0,6457.0,0.036000000000000004,0.036000000000000004,0.036000000000000004,10000591,2016-09-28,2016-09-28,C,2.2,2016-03-07
17400,2016-05-16 13:01:00,2016-05-16,0.0368,368.0,1.0,6458.0,0.036000000000000004,0.0368,0.036000000000000004,10000591,2016-09-28,2016-09-28,C,2.2,2016-03-07
17401,2016-05-16 13:02:00,2016-05-16,0.0368,0.0,0.0,6458.0,0.0368,0.0368,0.0368,10000591,2016-09-28,2016-09-28,C,2.2,2016-03-07
17402,2016-05-16 13:03:00,2016-05-16,0.0368,0.0,0.0,6458.0,0.0368,0.0368,0.0368,10000591,2016-09-28,2016-09-28,C,2.2,2016-03-07
17403,2016-05-16 13:04:00,2016-05-16,0.0368,0.0,0.0,6458.0,0.0368,0.0368,0.0368,10000591,2016-09-28,2016-09-28,C,2.2,2016-03-07
17404,2016-05-16 13:05:00,2016-05-16,0.0368,0.0,0.0,6458.0,0.0368,0.0368,0.0368,10000591,2016-09-28,2016-09-28,C,2.2,2016-03-07
17405,2016-05-16 13:06:00,2016-05-16,0.0368,0.0,0.0,6458.0,0.0368,0.0368,0.0368,10000591,2016-09-28,2016-09-28,C,2.2,2016-03-07
17406,2016-05-16 13:07:00,2016-05-16,0.0368,0.0,0.0,6458.0,0.0368,0.0368,0.0368,10000591,2016-09-28,2016-09-28,C,2.2,2016-03-07
17407,2016-05-16 13:08:00,2016-05-16,0.0368,0.0,0.0,6458.0,0.0368,0.0368,0.0368,10000591,2016-09-28,2016-09-28,C,2.2,2016-03-07
17408,2016-05-16 13:09:00,2016-05-16,0.0368,0.0,0.0,6458.0,0.0368,0.0368,0.0368,10000591,2016-09-28,2016-09-28,C,2.2,2016-03-07
17409,2016-05-16 13:10:00,2016-05-16,0.0368,0.0,0.0,6458.0,0.0368,0.0368,0.0368,10000591,2016-09-28,2016-09-28,C,2.2,2016-03-07
17410,2016-05-16 13:11:00,2016-05-16,0.0368,0.0,0.0,6458.0,0.0368,0.0368,0.0368,10000591,2016-09-28,2016-09-28,C,2.2,2016-03-07
17411,2016-05-16 13:12:00,2016-05-16,0.0368,0.0,0.0,6458.0,0.0368,0.0368,0.0368,10000591,2016-09-28,2016-09-28,C,2.2,2016-03-07
17412,2016-05-16 13:13:00,2016-05-16,0.0368,0.0,0.0,6458.0,0.0368,0.0368,0.0368,10000591,2016-09-28,2016-09-28,C,2.2,2016-03-07
17413,2016-05-16 13:14:00,2016-05-16,0.0368,0.0,0.0,6458.0,0.0368,0.0368,0.0368,10000591,2016-09-28,2016-09-28,C,2.2,2016-03-07
17414,2016-05-16 13:15:00,2016-05-16,0.0368,0.0,0.0,6458.0,0.0368,0.0368,0.0368,10000591,2016-09-28,2016-09-28,C,2.2,2016-03-07
17415,2016-05-16 13:16:00,2016-05-16,0.0368,0.0,0.0,6458.0,0.0368,0.0368,0.0368,10000591,2016-09-28,2016-09-28,C,2.2,2016-03-07
17416,2016-05-16 13:17:00,2016-05-16,0.0368,0.0,0.0,6458.0,0.0368,0.0368,0.0368,10000591,2016-09-28,2016-09-28,C,2.2,2016-03-07
17417,2016-05-16 13:18:00,2016-05-16,0.0368,0.0,0.0,6458.0,0.0368,0.0368,0.0368,10000591,2016-09-28,2016-09-28,C,2.2,2016-03-07
17418,2016-05-16 13:19:00,2016-05-16,0.0368,0.0,0.0,6458.0,0.0368,0.0368,0.0368,10000591,2016-09-28,2016-09-28,C,2.2,2016-03-07
17419,2016-05-16 13:20:00,2016-05-16,0.0368,0.0,0.0,6458.0,0.0368,0.0368,0.0368,10000591,2016-09-28,2016-09-28,C,2.2,2016-03-07
17420,2016-05-16 13:21:00,2016-05-16,0.0368,7080.0,20.0,6478.0,0.0368,0.0354,0.0354,10000591,2016-09-28,2016-09-28,C,2.2,2016-03-07
17421,2016-05-16 13:22:00,2016-05-16,0.0354,0.0,0.0,6478.0,0.0354,0.0354,0.0354,10000591,2016-09-28,2016-09-28,C,2.2,2016-03-07
17422,2016-05-16 13:23:00,2016-05-16,0.0354,0.0,0.0,6478.0,0.0354,0.0354,0.0354,10000591,2016-09-28,2016-09-28,C,2.2,2016-03-07
17423,2016-05-16 13:24:00,2016-05-16,0.0354,0.0,0.0,6478.0,0.0354,0.0354,0.0354,10000591,2016-09-28,2016-09-28,C,2.2,2016-03-07
17424,2016-05-16 13:25:00,2016-05-16,0.0354,0.0,0.0,6478.0,0.0354,0.0354,0.0354,10000591,2016-09-28,2016-09-28,C,2.2,2016-03-07
17425,2016-05-16 13:26:00,2016-05-16,0.0354,353.0,1.0,6478.0,0.0354,0.0353,0.0353,10000591,2016-09-28,2016-09-28,C,2.2,2016-03-07
17426,2016-05-16 13:27:00,2016-05-16,0.0353,0.0,0.0,6478.0,0.0353,0.0353,0.0353,10000591,2016-09-28,2016-09-28,C,2.2,2016-03-07
17427,2016-05-16 13:28:00,2016-05-16,0.0353,0.0,0.0,6478.0,0.0353,0.0353,0.0353,10000591,2016-09-28,2016-09-28,C,2.2,2016-03-07
17428,2016-05-16 13:29:00,2016-05-16,0.0353,0.0,0.0,6478.0,0.0353,0.0353,0.0353,10000591,2016-09-28,2016-09-28,C,2.2,2016-03-07
17429,2016-05-16 13:30:00,2016-05-16,0.0353,0.0,0.0,6478.0,0.0353,0.0353,0.0353,10000591,2016-09-28,2016-09-28,C,2.2,2016-03-07
17430,2016-05-16 13:31:00,2016-05-16,0.0353,0.0,0.0,6478.0,0.0353,0.0353,0.0353,10000591,2016-09-28,2016-09-28,C,2.2,2016-03-07
17431,2016-05-16 13:32:00,2016-05-16,0.0355,3550.0,10.0,6488.0,0.0353,0.0355,0.0353,10000591,2016-09-28,2016-09-28,C,2.2,2016-03-07
17432,2016-05-16 13:33:00,2016-05-16,0.0355,0.0,0.0,6488.0,0.0355,0.0355,0.0355,10000591,2016-09-28,2016-09-28,C,2.2,2016-03-07
17433,2016-05-16 13:34:00,2016-05-16,0.0355,0.0,0.0,6488.0,0.0355,0.0355,0.0355,10000591,2016-09-28,2016-09-28,C,2.2,2016-03-07
17434,2016-05-16 13:35:00,2016-05-16,0.0355,0.0,0.0,6488.0,0.0355,0.0355,0.0355,10000591,2016-09-28,2016-09-28,C,2.2,2016-03-07
17435,2016-05-16 13:36:00,2016-05-16,0.0355,0.0,0.0,6488.0,0.0355,0.0355,0.0355,10000591,2016-09-28,2016-09-28,C,2.2,2016-03-07
17436,2016-05-16 13:37:00,2016-05-16,0.0355,0.0,0.0,6488.0,0.0355,0.0355,0.0355,10000591,2016-09-28,2016-09-28,C,2.2,2016-03-07
17437,2016-05-16 13:38:00,2016-05-16,0.0355,0.0,0.0,6488.0,0.0355,0.0355,0.0355,10000591,2016-09-28,2016-09-28,C,2.2,2016-03-07
17438,2016-05-16 13:39:00,2016-05-16,0.0355,7010.0,20.0,6498.0,0.0355,0.035,0.035,10000591,2016-09-28,2016-09-28,C,2.2,2016-03-07
17439,2016-05-16 13:40:00,2016-05-16,0.035,3500.0,10.0,6508.0,0.035,0.035,0.035,10000591,2016-09-28,2016-09-28,C,2.2,2016-03-07
17440,2016-05-16 13:41:00,2016-05-16,0.035,0.0,0.0,6508.0,0.035,0.035,0.035,10000591,2016-09-28,2016-09-28,C,2.2,2016-03-07
17441,2016-05-16 13:42:00,2016-05-16,0.035,0.0,0.0,6508.0,0.035,0.035,0.035,10000591,2016-09-28,2016-09-28,C,2.2,2016-03-07
17442,2016-05-16 13:43:00,2016-05-16,0.0353,3530.0,10.0,6518.0,0.035,0.0353,0.035,10000591,2016-09-28,2016-09-28,C,2.2,2016-03-07
17443,2016-05-16 13:44:00,2016-05-16,0.0353,0.0,0.0,6518.0,0.0353,0.0353,0.0353,10000591,2016-09-28,2016-09-28,C,2.2,2016-03-07
17444,2016-05-16 13:45:00,2016-05-16,0.0355,1420.0,4.0,6522.0,0.0353,0.0355,0.0353,10000591,2016-09-28,2016-09-28,C,2.2,2016-03-07
17445,2016-05-16 13:46:00,2016-05-16,0.0355,0.0,0.0,6522.0,0.0355,0.0355,0.0355,10000591,2016-09-28,2016-09-28,C,2.2,2016-03-07
17446,2016-05-16 13:47:00,2016-05-16,0.0355,0.0,0.0,6522.0,0.0355,0.0355,0.0355,10000591,2016-09-28,2016-09-28,C,2.2,2016-03-07
17447,2016-05-16 13:48:00,2016-05-16,0.0355,0.0,0.0,6522.0,0.0355,0.0355,0.0355,10000591,2016-09-28,2016-09-28,C,2.2,2016-03-07
17448,2016-05-16 13:49:00,2016-05-16,0.0355,0.0,0.0,6522.0,0.0355,0.0355,0.0355,10000591,2016-09-28,2016-09-28,C,2.2,2016-03-07
17449,2016-05-16 13:50:00,2016-05-16,0.0355,0.0,0.0,6522.0,0.0355,0.0355,0.0355,10000591,2016-09-28,2016-09-28,C,2.2,2016-03-07
17450,2016-05-16 13:51:00,2016-05-16,0.0355,0.0,0.0,6522.0,0.0355,0.0355,0.0355,10000591,2016-09-28,2016-09-28,C,2.2,2016-03-07
17451,2016-05-16 13:52:00,2016-05-16,0.0355,0.0,0.0,6522.0,0.0355,0.0355,0.0355,10000591,2016-09-28,2016-09-28,C,2.2,2016-03-07
17452,2016-05-16 13:53:00,2016-05-16,0.0355,0.0,0.0,6522.0,0.0355,0.0355,0.0355,10000591,2016-09-28,2016-09-28,C,2.2,2016-03-07
17453,2016-05-16 13:54:00,2016-05-16,0.0355,0.0,0.0,6522.0,0.0355,0.0355,0.0355,10000591,2016-09-28,2016-09-28,C,2.2,2016-03-07
17454,2016-05-16 13:55:00,2016-05-16,0.0355,0.0,0.0,6522.0,0.0355,0.0355,0.0355,10000591,2016-09-28,2016-09-28,C,2.2,2016-03-07
17455,2016-05-16 13:56:00,2016-05-16,0.0361,3609.0,10.0,6532.0,0.0355,0.0361,0.0355,10000591,2016-09-28,2016-09-28,C,2.2,2016-03-07
17456,2016-05-16 13:57:00,2016-05-16,0.0369,10970.0,30.0,6531.0,0.036000000000000004,0.0369,0.036000000000000004,10000591,2016-09-28,2016-09-28,C,2.2,2016-03-07
17457,2016-05-16 13:58:00,2016-05-16,0.0369,8453.0,23.0,6508.0,0.0369,0.0361,0.0361,10000591,2016-09-28,2016-09-28,C,2.2,2016-03-07
17458,2016-05-16 13:59:00,2016-05-16,0.0367,7340.0,20.0,6498.0,0.0367,0.0367,0.0367,10000591,2016-09-28,2016-09-28,C,2.2,2016-03-07
17459,2016-05-16 14:00:00,2016-05-16,0.0367,3670.0,10.0,6498.0,0.0367,0.0367,0.0367,10000591,2016-09-28,2016-09-28,C,2.2,2016-03-07
17460,2016-05-16 14:01:00,2016-05-16,0.0367,3665.0,10.0,6493.0,0.0367,0.0362,0.0362,10000591,2016-09-28,2016-09-28,C,2.2,2016-03-07
17461,2016-05-16 14:02:00,2016-05-16,0.0362,362.0,1.0,6492.0,0.0362,0.0362,0.0362,10000591,2016-09-28,2016-09-28,C,2.2,2016-03-07
17462,2016-05-16 14:03:00,2016-05-16,0.0362,5430.0,15.0,6484.0,0.0362,0.0362,0.0362,10000591,2016-09-28,2016-09-28,C,2.2,2016-03-07
17463,2016-05-16 14:04:00,2016-05-16,0.0362,0.0,0.0,6484.0,0.0362,0.0362,0.0362,10000591,2016-09-28,2016-09-28,C,2.2,2016-03-07
17464,2016-05-16 14:05:00,2016-05-16,0.0362,722.0,2.0,6482.0,0.0362,0.0361,0.0361,10000591,2016-09-28,2016-09-28,C,2.2,2016-03-07
17465,2016-05-16 14:06:00,2016-05-16,0.0361,361.0,1.0,6481.0,0.0361,0.0361,0.0361,10000591,2016-09-28,2016-09-28,C,2.2,2016-03-07
17466,2016-05-16 14:07:00,2016-05-16,0.0361,1444.0,4.0,6478.0,0.0361,0.0361,0.0361,10000591,2016-09-28,2016-09-28,C,2.2,2016-03-07
17467,2016-05-16 14:08:00,2016-05-16,0.0361,0.0,0.0,6478.0,0.0361,0.0361,0.0361,10000591,2016-09-28,2016-09-28,C,2.2,2016-03-07
17468,2016-05-16 14:09:00,2016-05-16,0.0359,718.0,2.0,6480.0,0.0359,0.0359,0.0359,10000591,2016-09-28,2016-09-28,C,2.2,2016-03-07
17469,2016-05-16 14:10:00,2016-05-16,0.0359,0.0,0.0,6480.0,0.0359,0.0359,0.0359,10000591,2016-09-28,2016-09-28,C,2.2,2016-03-07
17470,2016-05-16 14:11:00,2016-05-16,0.0359,0.0,0.0,6480.0,0.0359,0.0359,0.0359,10000591,2016-09-28,2016-09-28,C,2.2,2016-03-07
17471,2016-05-16 14:12:00,2016-05-16,0.0359,0.0,0.0,6480.0,0.0359,0.0359,0.0359,10000591,2016-09-28,2016-09-28,C,2.2,2016-03-07
17472,2016-05-16 14:13:00,2016-05-16,0.0359,0.0,0.0,6480.0,0.0359,0.0359,0.0359,10000591,2016-09-28,2016-09-28,C,2.2,2016-03-07
17473,2016-05-16 14:14:00,2016-05-16,0.0359,0.0,0.0,6480.0,0.0359,0.0359,0.0359,10000591,2016-09-28,2016-09-28,C,2.2,2016-03-07
17474,2016-05-16 14:15:00,2016-05-16,0.0359,0.0,0.0,6480.0,0.0359,0.0359,0.0359,10000591,2016-09-28,2016-09-28,C,2.2,2016-03-07
17475,2016-05-16 14:16:00,2016-05-16,0.0359,3481.0,10.0,6481.0,0.0359,0.0348,0.0348,10000591,2016-09-28,2016-09-28,C,2.2,2016-03-07
17476,2016-05-16 14:17:00,2016-05-16,0.0349,349.0,1.0,6482.0,0.0348,0.0349,0.0348,10000591,2016-09-28,2016-09-28,C,2.2,2016-03-07
17477,2016-05-16 14:18:00,2016-05-16,0.0349,0.0,0.0,6482.0,0.0349,0.0349,0.0349,10000591,2016-09-28,2016-09-28,C,2.2,2016-03-07
17478,2016-05-16 14:19:00,2016-05-16,0.0349,0.0,0.0,6482.0,0.0349,0.0349,0.0349,10000591,2016-09-28,2016-09-28,C,2.2,2016-03-07
17479,2016-05-16 14:20:00,2016-05-16,0.0349,0.0,0.0,6482.0,0.0349,0.0349,0.0349,10000591,2016-09-28,2016-09-28,C,2.2,2016-03-07
17480,2016-05-16 14:21:00,2016-05-16,0.0349,0.0,0.0,6482.0,0.0349,0.0349,0.0349,10000591,2016-09-28,2016-09-28,C,2.2,2016-03-07
17481,2016-05-16 14:22:00,2016-05-16,0.0349,0.0,0.0,6482.0,0.0349,0.0349,0.0349,10000591,2016-09-28,2016-09-28,C,2.2,2016-03-07
17482,2016-05-16 14:23:00,2016-05-16,0.0349,0.0,0.0,6482.0,0.0349,0.0349,0.0349,10000591,2016-09-28,2016-09-28,C,2.2,2016-03-07
17483,2016-05-16 14:24:00,2016-05-16,0.0349,0.0,0.0,6482.0,0.0349,0.0349,0.0349,10000591,2016-09-28,2016-09-28,C,2.2,2016-03-07
17484,2016-05-16 14:25:00,2016-05-16,0.0354,1770.0,5.0,6487.0,0.0354,0.0354,0.0354,10000591,2016-09-28,2016-09-28,C,2.2,2016-03-07
17485,2016-05-16 14:26:00,2016-05-16,0.0354,0.0,0.0,6487.0,0.0354,0.0354,0.0354,10000591,2016-09-28,2016-09-28,C,2.2,2016-03-07
17486,2016-05-16 14:27:00,2016-05-16,0.0354,0.0,0.0,6487.0,0.0354,0.0354,0.0354,10000591,2016-09-28,2016-09-28,C,2.2,2016-03-07
17487,2016-05-16 14:28:00,2016-05-16,0.0354,3540.0,10.0,6497.0,0.0354,0.0354,0.0354,10000591,2016-09-28,2016-09-28,C,2.2,2016-03-07
17488,2016-05-16 14:29:00,2016-05-16,0.0354,1770.0,5.0,6499.0,0.0354,0.0354,0.0354,10000591,2016-09-28,2016-09-28,C,2.2,2016-03-07
17489,2016-05-16 14:30:00,2016-05-16,0.0354,0.0,0.0,6499.0,0.0354,0.0354,0.0354,10000591,2016-09-28,2016-09-28,C,2.2,2016-03-07
17490,2016-05-16 14:31:00,2016-05-16,0.0354,0.0,0.0,6499.0,0.0354,0.0354,0.0354,10000591,2016-09-28,2016-09-28,C,2.2,2016-03-07
17491,2016-05-16 14:32:00,2016-05-16,0.0355,4260.0,12.0,6509.0,0.0354,0.0355,0.0354,10000591,2016-09-28,2016-09-28,C,2.2,2016-03-07
17492,2016-05-16 14:33:00,2016-05-16,0.0355,0.0,0.0,6509.0,0.0355,0.0355,0.0355,10000591,2016-09-28,2016-09-28,C,2.2,2016-03-07
17493,2016-05-16 14:34:00,2016-05-16,0.0358,6051.0,17.0,6526.0,0.0355,0.0353,0.0353,10000591,2016-09-28,2016-09-28,C,2.2,2016-03-07
17494,2016-05-16 14:35:00,2016-05-16,0.0353,0.0,0.0,6526.0,0.0353,0.0353,0.0353,10000591,2016-09-28,2016-09-28,C,2.2,2016-03-07
17495,2016-05-16 14:36:00,2016-05-16,0.0358,2148.0,6.0,6532.0,0.0353,0.0358,0.0353,10000591,2016-09-28,2016-09-28,C,2.2,2016-03-07
17496,2016-05-16 14:37:00,2016-05-16,0.036000000000000004,8251.0,23.0,6546.0,0.0358,0.036000000000000004,0.0358,10000591,2016-09-28,2016-09-28,C,2.2,2016-03-07
17497,2016-05-16 14:38:00,2016-05-16,0.036000000000000004,0.0,0.0,6546.0,0.036000000000000004,0.036000000000000004,0.036000000000000004,10000591,2016-09-28,2016-09-28,C,2.2,2016-03-07
17498,2016-05-16 14:39:00,2016-05-16,0.036000000000000004,0.0,0.0,6546.0,0.036000000000000004,0.036000000000000004,0.036000000000000004,10000591,2016-09-28,2016-09-28,C,2.2,2016-03-07
17499,2016-05-16 14:40:00,2016-05-16,0.036000000000000004,0.0,0.0,6546.0,0.036000000000000004,0.036000000000000004,0.036000000000000004,10000591,2016-09-28,2016-09-28,C,2.2,2016-03-07
17500,2016-05-16 14:41:00,2016-05-16,0.036000000000000004,0.0,0.0,6546.0,0.036000000000000004,0.036000000000000004,0.036000000000000004,10000591,2016-09-28,2016-09-28,C,2.2,2016-03-07
17501,2016-05-16 14:42:00,2016-05-16,0.036000000000000004,0.0,0.0,6546.0,0.036000000000000004,0.036000000000000004,0.036000000000000004,10000591,2016-09-28,2016-09-28,C,2.2,2016-03-07
17502,2016-05-16 14:43:00,2016-05-16,0.036000000000000004,0.0,0.0,6546.0,0.036000000000000004,0.036000000000000004,0.036000000000000004,10000591,2016-09-28,2016-09-28,C,2.2,2016-03-07
17503,2016-05-16 14:44:00,2016-05-16,0.036000000000000004,0.0,0.0,6546.0,0.036000000000000004,0.036000000000000004,0.036000000000000004,10000591,2016-09-28,2016-09-28,C,2.2,2016-03-07
17504,2016-05-16 14:45:00,2016-05-16,0.036000000000000004,0.0,0.0,6546.0,0.036000000000000004,0.036000000000000004,0.036000000000000004,10000591,2016-09-28,2016-09-28,C,2.2,2016-03-07
17505,2016-05-16 14:46:00,2016-05-16,0.0366,732.0,2.0,6546.0,0.036000000000000004,0.0366,0.036000000000000004,10000591,2016-09-28,2016-09-28,C,2.2,2016-03-07
17506,2016-05-16 14:47:00,2016-05-16,0.0366,3660.0,10.0,6546.0,0.0366,0.0366,0.0366,10000591,2016-09-28,2016-09-28,C,2.2,2016-03-07
17507,2016-05-16 14:48:00,2016-05-16,0.0366,0.0,0.0,6546.0,0.0366,0.0366,0.0366,10000591,2016-09-28,2016-09-28,C,2.2,2016-03-07
17508,2016-05-16 14:49:00,2016-05-16,0.0366,0.0,0.0,6546.0,0.0366,0.0366,0.0366,10000591,2016-09-28,2016-09-28,C,2.2,2016-03-07
17509,2016-05-16 14:50:00,2016-05-16,0.0373,11120.0,30.0,6539.0,0.0366,0.0373,0.0366,10000591,2016-09-28,2016-09-28,C,2.2,2016-03-07
17510,2016-05-16 14:51:00,2016-05-16,0.0373,0.0,0.0,6539.0,0.0373,0.0373,0.0373,10000591,2016-09-28,2016-09-28,C,2.2,2016-03-07
17511,2016-05-16 14:52:00,2016-05-16,0.0373,0.0,0.0,6539.0,0.0373,0.0373,0.0373,10000591,2016-09-28,2016-09-28,C,2.2,2016-03-07
17512,2016-05-16 14:53:00,2016-05-16,0.0373,0.0,0.0,6539.0,0.0373,0.0373,0.0373,10000591,2016-09-28,2016-09-28,C,2.2,2016-03-07
17513,2016-05-16 14:54:00,2016-05-16,0.0373,0.0,0.0,6539.0,0.0373,0.0373,0.0373,10000591,2016-09-28,2016-09-28,C,2.2,2016-03-07
17514,2016-05-16 14:55:00,2016-05-16,0.0373,0.0,0.0,6539.0,0.0373,0.0373,0.0373,10000591,2016-09-28,2016-09-28,C,2.2,2016-03-07
17515,2016-05-16 14:56:00,2016-05-16,0.0373,0.0,0.0,6539.0,0.0373,0.0373,0.0373,10000591,2016-09-28,2016-09-28,C,2.2,2016-03-07
17516,2016-05-16 14:57:00,2016-05-16,0.0373,362.0,1.0,6539.0,0.0373,0.0362,0.0362,10000591,2016-09-28,2016-09-28,C,2.2,2016-03-07
17517,2016-05-16 14:58:00,2016-05-16,0.0362,0.0,0.0,6539.0,0.0362,0.0362,0.0362,10000591,2016-09-28,2016-09-28,C,2.2,2016-03-07
17518,2016-05-16 14:59:00,2016-05-16,0.0362,0.0,0.0,6539.0,0.0362,0.0362,0.0362,10000591,2016-09-28,2016-09-28,C,2.2,2016-03-07
17519,2016-05-16 15:00:00,2016-05-16,0.0362,0.0,0.0,6539.0,0.0362,0.0362,0.0362,10000591,2016-09-28,2016-09-28,C,2.2,2016-03-07
17520,2016-05-16 09:31:00,2016-05-16,0.0011,0.0,0.0,19887.0,0.0011,0.0011,0.0011,10000477,2016-06-22,2016-06-22,C,2.65,2015-11-10
17521,2016-05-16 09:32:00,2016-05-16,0.0011,0.0,0.0,19887.0,0.0011,0.0011,0.0011,10000477,2016-06-22,2016-06-22,C,2.65,2015-11-10
17522,2016-05-16 09:33:00,2016-05-16,0.0009,72.0,8.0,19879.0,0.0011,0.0009,0.0009,10000477,2016-06-22,2016-06-22,C,2.65,2015-11-10
17523,2016-05-16 09:34:00,2016-05-16,0.0009,152.0,19.0,19860.0,0.0009,0.0008,0.0008,10000477,2016-06-22,2016-06-22,C,2.65,2015-11-10
17524,2016-05-16 09:35:00,2016-05-16,0.0008,0.0,0.0,19860.0,0.0008,0.0008,0.0008,10000477,2016-06-22,2016-06-22,C,2.65,2015-11-10
17525,2016-05-16 09:36:00,2016-05-16,0.0008,320.0,40.0,19820.0,0.0008,0.0008,0.0008,10000477,2016-06-22,2016-06-22,C,2.65,2015-11-10
17526,2016-05-16 09:37:00,2016-05-16,0.0008,48.0,6.0,19820.0,0.0008,0.0008,0.0008,10000477,2016-06-22,2016-06-22,C,2.65,2015-11-10
17527,2016-05-16 09:38:00,2016-05-16,0.0008,0.0,0.0,19820.0,0.0008,0.0008,0.0008,10000477,2016-06-22,2016-06-22,C,2.65,2015-11-10
17528,2016-05-16 09:39:00,2016-05-16,0.0008,400.0,50.0,19770.0,0.0008,0.0008,0.0008,10000477,2016-06-22,2016-06-22,C,2.65,2015-11-10
17529,2016-05-16 09:40:00,2016-05-16,0.0008,400.0,50.0,19720.0,0.0008,0.0008,0.0008,10000477,2016-06-22,2016-06-22,C,2.65,2015-11-10
17530,2016-05-16 09:41:00,2016-05-16,0.0008,0.0,0.0,19720.0,0.0008,0.0008,0.0008,10000477,2016-06-22,2016-06-22,C,2.65,2015-11-10
17531,2016-05-16 09:42:00,2016-05-16,0.0008,0.0,0.0,19720.0,0.0008,0.0008,0.0008,10000477,2016-06-22,2016-06-22,C,2.65,2015-11-10
17532,2016-05-16 09:43:00,2016-05-16,0.0008,160.0,20.0,19700.0,0.0008,0.0008,0.0008,10000477,2016-06-22,2016-06-22,C,2.65,2015-11-10
17533,2016-05-16 09:44:00,2016-05-16,0.0008,0.0,0.0,19700.0,0.0008,0.0008,0.0008,10000477,2016-06-22,2016-06-22,C,2.65,2015-11-10
17534,2016-05-16 09:45:00,2016-05-16,0.0008,0.0,0.0,19700.0,0.0008,0.0008,0.0008,10000477,2016-06-22,2016-06-22,C,2.65,2015-11-10
17535,2016-05-16 09:46:00,2016-05-16,0.0008,0.0,0.0,19700.0,0.0008,0.0008,0.0008,10000477,2016-06-22,2016-06-22,C,2.65,2015-11-10
17536,2016-05-16 09:47:00,2016-05-16,0.0008,0.0,0.0,19700.0,0.0008,0.0008,0.0008,10000477,2016-06-22,2016-06-22,C,2.65,2015-11-10
17537,2016-05-16 09:48:00,2016-05-16,0.0008,16.0,2.0,19700.0,0.0008,0.0008,0.0008,10000477,2016-06-22,2016-06-22,C,2.65,2015-11-10
17538,2016-05-16 09:49:00,2016-05-16,0.0008,0.0,0.0,19700.0,0.0008,0.0008,0.0008,10000477,2016-06-22,2016-06-22,C,2.65,2015-11-10
17539,2016-05-16 09:50:00,2016-05-16,0.0008,0.0,0.0,19700.0,0.0008,0.0008,0.0008,10000477,2016-06-22,2016-06-22,C,2.65,2015-11-10
17540,2016-05-16 09:51:00,2016-05-16,0.0008,80.0,10.0,19690.0,0.0008,0.0008,0.0008,10000477,2016-06-22,2016-06-22,C,2.65,2015-11-10
17541,2016-05-16 09:52:00,2016-05-16,0.0008,0.0,0.0,19690.0,0.0008,0.0008,0.0008,10000477,2016-06-22,2016-06-22,C,2.65,2015-11-10
17542,2016-05-16 09:53:00,2016-05-16,0.0007,28.0,4.0,19686.0,0.0007,0.0007,0.0007,10000477,2016-06-22,2016-06-22,C,2.65,2015-11-10
17543,2016-05-16 09:54:00,2016-05-16,0.0007,0.0,0.0,19686.0,0.0007,0.0007,0.0007,10000477,2016-06-22,2016-06-22,C,2.65,2015-11-10
17544,2016-05-16 09:55:00,2016-05-16,0.0007,14.0,2.0,19686.0,0.0007,0.0007,0.0007,10000477,2016-06-22,2016-06-22,C,2.65,2015-11-10
17545,2016-05-16 09:56:00,2016-05-16,0.0007,0.0,0.0,19686.0,0.0007,0.0007,0.0007,10000477,2016-06-22,2016-06-22,C,2.65,2015-11-10
17546,2016-05-16 09:57:00,2016-05-16,0.0007,0.0,0.0,19686.0,0.0007,0.0007,0.0007,10000477,2016-06-22,2016-06-22,C,2.65,2015-11-10
17547,2016-05-16 09:58:00,2016-05-16,0.0007,0.0,0.0,19686.0,0.0007,0.0007,0.0007,10000477,2016-06-22,2016-06-22,C,2.65,2015-11-10
17548,2016-05-16 09:59:00,2016-05-16,0.0007,0.0,0.0,19686.0,0.0007,0.0007,0.0007,10000477,2016-06-22,2016-06-22,C,2.65,2015-11-10
17549,2016-05-16 10:00:00,2016-05-16,0.0007,0.0,0.0,19686.0,0.0007,0.0007,0.0007,10000477,2016-06-22,2016-06-22,C,2.65,2015-11-10
17550,2016-05-16 10:01:00,2016-05-16,0.0007,0.0,0.0,19686.0,0.0007,0.0007,0.0007,10000477,2016-06-22,2016-06-22,C,2.65,2015-11-10
17551,2016-05-16 10:02:00,2016-05-16,0.0007,0.0,0.0,19686.0,0.0007,0.0007,0.0007,10000477,2016-06-22,2016-06-22,C,2.65,2015-11-10
17552,2016-05-16 10:03:00,2016-05-16,0.0007,0.0,0.0,19686.0,0.0007,0.0007,0.0007,10000477,2016-06-22,2016-06-22,C,2.65,2015-11-10
17553,2016-05-16 10:04:00,2016-05-16,0.0007,0.0,0.0,19686.0,0.0007,0.0007,0.0007,10000477,2016-06-22,2016-06-22,C,2.65,2015-11-10
17554,2016-05-16 10:05:00,2016-05-16,0.0008,96.0,12.0,19684.0,0.0007,0.0008,0.0007,10000477,2016-06-22,2016-06-22,C,2.65,2015-11-10
17555,2016-05-16 10:06:00,2016-05-16,0.0008,40.0,5.0,19684.0,0.0008,0.0008,0.0008,10000477,2016-06-22,2016-06-22,C,2.65,2015-11-10
17556,2016-05-16 10:07:00,2016-05-16,0.0008,0.0,0.0,19684.0,0.0008,0.0008,0.0008,10000477,2016-06-22,2016-06-22,C,2.65,2015-11-10
17557,2016-05-16 10:08:00,2016-05-16,0.0008,0.0,0.0,19684.0,0.0008,0.0008,0.0008,10000477,2016-06-22,2016-06-22,C,2.65,2015-11-10
17558,2016-05-16 10:09:00,2016-05-16,0.0008,0.0,0.0,19684.0,0.0008,0.0008,0.0008,10000477,2016-06-22,2016-06-22,C,2.65,2015-11-10
17559,2016-05-16 10:10:00,2016-05-16,0.0008,0.0,0.0,19684.0,0.0008,0.0008,0.0008,10000477,2016-06-22,2016-06-22,C,2.65,2015-11-10
17560,2016-05-16 10:11:00,2016-05-16,0.0008,0.0,0.0,19684.0,0.0008,0.0008,0.0008,10000477,2016-06-22,2016-06-22,C,2.65,2015-11-10
17561,2016-05-16 10:12:00,2016-05-16,0.0008,0.0,0.0,19684.0,0.0008,0.0008,0.0008,10000477,2016-06-22,2016-06-22,C,2.65,2015-11-10
17562,2016-05-16 10:13:00,2016-05-16,0.0008,0.0,0.0,19684.0,0.0008,0.0008,0.0008,10000477,2016-06-22,2016-06-22,C,2.65,2015-11-10
17563,2016-05-16 10:14:00,2016-05-16,0.0008,0.0,0.0,19684.0,0.0008,0.0008,0.0008,10000477,2016-06-22,2016-06-22,C,2.65,2015-11-10
17564,2016-05-16 10:15:00,2016-05-16,0.0008,0.0,0.0,19684.0,0.0008,0.0008,0.0008,10000477,2016-06-22,2016-06-22,C,2.65,2015-11-10
17565,2016-05-16 10:16:00,2016-05-16,0.0008,0.0,0.0,19684.0,0.0008,0.0008,0.0008,10000477,2016-06-22,2016-06-22,C,2.65,2015-11-10
17566,2016-05-16 10:17:00,2016-05-16,0.0008,0.0,0.0,19684.0,0.0008,0.0008,0.0008,10000477,2016-06-22,2016-06-22,C,2.65,2015-11-10
17567,2016-05-16 10:18:00,2016-05-16,0.0008,0.0,0.0,19684.0,0.0008,0.0008,0.0008,10000477,2016-06-22,2016-06-22,C,2.65,2015-11-10
17568,2016-05-16 10:19:00,2016-05-16,0.0008,0.0,0.0,19684.0,0.0008,0.0008,0.0008,10000477,2016-06-22,2016-06-22,C,2.65,2015-11-10
17569,2016-05-16 10:20:00,2016-05-16,0.0008,0.0,0.0,19684.0,0.0008,0.0008,0.0008,10000477,2016-06-22,2016-06-22,C,2.65,2015-11-10
17570,2016-05-16 10:21:00,2016-05-16,0.0008,0.0,0.0,19684.0,0.0008,0.0008,0.0008,10000477,2016-06-22,2016-06-22,C,2.65,2015-11-10
17571,2016-05-16 10:22:00,2016-05-16,0.0008,0.0,0.0,19684.0,0.0008,0.0008,0.0008,10000477,2016-06-22,2016-06-22,C,2.65,2015-11-10
17572,2016-05-16 10:23:00,2016-05-16,0.0008,0.0,0.0,19684.0,0.0008,0.0008,0.0008,10000477,2016-06-22,2016-06-22,C,2.65,2015-11-10
17573,2016-05-16 10:24:00,2016-05-16,0.0008,0.0,0.0,19684.0,0.0008,0.0008,0.0008,10000477,2016-06-22,2016-06-22,C,2.65,2015-11-10
17574,2016-05-16 10:25:00,2016-05-16,0.0008,32.0,4.0,19680.0,0.0008,0.0008,0.0008,10000477,2016-06-22,2016-06-22,C,2.65,2015-11-10
17575,2016-05-16 10:26:00,2016-05-16,0.0008,0.0,0.0,19680.0,0.0008,0.0008,0.0008,10000477,2016-06-22,2016-06-22,C,2.65,2015-11-10
17576,2016-05-16 10:27:00,2016-05-16,0.0008,0.0,0.0,19680.0,0.0008,0.0008,0.0008,10000477,2016-06-22,2016-06-22,C,2.65,2015-11-10
17577,2016-05-16 10:28:00,2016-05-16,0.0008,0.0,0.0,19680.0,0.0008,0.0008,0.0008,10000477,2016-06-22,2016-06-22,C,2.65,2015-11-10
17578,2016-05-16 10:29:00,2016-05-16,0.0008,0.0,0.0,19680.0,0.0008,0.0008,0.0008,10000477,2016-06-22,2016-06-22,C,2.65,2015-11-10
17579,2016-05-16 10:30:00,2016-05-16,0.0008,0.0,0.0,19680.0,0.0008,0.0008,0.0008,10000477,2016-06-22,2016-06-22,C,2.65,2015-11-10
17580,2016-05-16 10:31:00,2016-05-16,0.0008,0.0,0.0,19680.0,0.0008,0.0008,0.0008,10000477,2016-06-22,2016-06-22,C,2.65,2015-11-10
17581,2016-05-16 10:32:00,2016-05-16,0.0008,0.0,0.0,19680.0,0.0008,0.0008,0.0008,10000477,2016-06-22,2016-06-22,C,2.65,2015-11-10
17582,2016-05-16 10:33:00,2016-05-16,0.0008,0.0,0.0,19680.0,0.0008,0.0008,0.0008,10000477,2016-06-22,2016-06-22,C,2.65,2015-11-10
17583,2016-05-16 10:34:00,2016-05-16,0.0008,0.0,0.0,19680.0,0.0008,0.0008,0.0008,10000477,2016-06-22,2016-06-22,C,2.65,2015-11-10
17584,2016-05-16 10:35:00,2016-05-16,0.0008,0.0,0.0,19680.0,0.0008,0.0008,0.0008,10000477,2016-06-22,2016-06-22,C,2.65,2015-11-10
17585,2016-05-16 10:36:00,2016-05-16,0.0008,0.0,0.0,19680.0,0.0008,0.0008,0.0008,10000477,2016-06-22,2016-06-22,C,2.65,2015-11-10
17586,2016-05-16 10:37:00,2016-05-16,0.0008,0.0,0.0,19680.0,0.0008,0.0008,0.0008,10000477,2016-06-22,2016-06-22,C,2.65,2015-11-10
17587,2016-05-16 10:38:00,2016-05-16,0.0008,0.0,0.0,19680.0,0.0008,0.0008,0.0008,10000477,2016-06-22,2016-06-22,C,2.65,2015-11-10
17588,2016-05-16 10:39:00,2016-05-16,0.0008,160.0,20.0,19660.0,0.0008,0.0008,0.0008,10000477,2016-06-22,2016-06-22,C,2.65,2015-11-10
17589,2016-05-16 10:40:00,2016-05-16,0.0008,0.0,0.0,19660.0,0.0008,0.0008,0.0008,10000477,2016-06-22,2016-06-22,C,2.65,2015-11-10
17590,2016-05-16 10:41:00,2016-05-16,0.0008,87.0,11.0,19650.0,0.0008,0.0007,0.0007,10000477,2016-06-22,2016-06-22,C,2.65,2015-11-10
17591,2016-05-16 10:42:00,2016-05-16,0.0007,28.0,4.0,19650.0,0.0007,0.0007,0.0007,10000477,2016-06-22,2016-06-22,C,2.65,2015-11-10
17592,2016-05-16 10:43:00,2016-05-16,0.0007,0.0,0.0,19650.0,0.0007,0.0007,0.0007,10000477,2016-06-22,2016-06-22,C,2.65,2015-11-10
17593,2016-05-16 10:44:00,2016-05-16,0.0007,0.0,0.0,19650.0,0.0007,0.0007,0.0007,10000477,2016-06-22,2016-06-22,C,2.65,2015-11-10
17594,2016-05-16 10:45:00,2016-05-16,0.0007,0.0,0.0,19650.0,0.0007,0.0007,0.0007,10000477,2016-06-22,2016-06-22,C,2.65,2015-11-10
17595,2016-05-16 10:46:00,2016-05-16,0.0007,0.0,0.0,19650.0,0.0007,0.0007,0.0007,10000477,2016-06-22,2016-06-22,C,2.65,2015-11-10
17596,2016-05-16 10:47:00,2016-05-16,0.0007,0.0,0.0,19650.0,0.0007,0.0007,0.0007,10000477,2016-06-22,2016-06-22,C,2.65,2015-11-10
17597,2016-05-16 10:48:00,2016-05-16,0.0007,0.0,0.0,19650.0,0.0007,0.0007,0.0007,10000477,2016-06-22,2016-06-22,C,2.65,2015-11-10
17598,2016-05-16 10:49:00,2016-05-16,0.0007,0.0,0.0,19650.0,0.0007,0.0007,0.0007,10000477,2016-06-22,2016-06-22,C,2.65,2015-11-10
17599,2016-05-16 10:50:00,2016-05-16,0.0007,0.0,0.0,19650.0,0.0007,0.0007,0.0007,10000477,2016-06-22,2016-06-22,C,2.65,2015-11-10
17600,2016-05-16 10:51:00,2016-05-16,0.0008,115.0,15.0,19640.0,0.0007,0.0007,0.0007,10000477,2016-06-22,2016-06-22,C,2.65,2015-11-10
17601,2016-05-16 10:52:00,2016-05-16,0.0007,0.0,0.0,19640.0,0.0007,0.0007,0.0007,10000477,2016-06-22,2016-06-22,C,2.65,2015-11-10
17602,2016-05-16 10:53:00,2016-05-16,0.0007,0.0,0.0,19640.0,0.0007,0.0007,0.0007,10000477,2016-06-22,2016-06-22,C,2.65,2015-11-10
17603,2016-05-16 10:54:00,2016-05-16,0.0007,0.0,0.0,19640.0,0.0007,0.0007,0.0007,10000477,2016-06-22,2016-06-22,C,2.65,2015-11-10
17604,2016-05-16 10:55:00,2016-05-16,0.0007,0.0,0.0,19640.0,0.0007,0.0007,0.0007,10000477,2016-06-22,2016-06-22,C,2.65,2015-11-10
17605,2016-05-16 10:56:00,2016-05-16,0.0008,320.0,40.0,19600.0,0.0008,0.0008,0.0008,10000477,2016-06-22,2016-06-22,C,2.65,2015-11-10
17606,2016-05-16 10:57:00,2016-05-16,0.0008,0.0,0.0,19600.0,0.0008,0.0008,0.0008,10000477,2016-06-22,2016-06-22,C,2.65,2015-11-10
17607,2016-05-16 10:58:00,2016-05-16,0.0008,240.0,30.0,19570.0,0.0008,0.0008,0.0008,10000477,2016-06-22,2016-06-22,C,2.65,2015-11-10
17608,2016-05-16 10:59:00,2016-05-16,0.0008,0.0,0.0,19570.0,0.0008,0.0008,0.0008,10000477,2016-06-22,2016-06-22,C,2.65,2015-11-10
17609,2016-05-16 11:00:00,2016-05-16,0.0008,2800.0,350.0,19563.0,0.0008,0.0008,0.0008,10000477,2016-06-22,2016-06-22,C,2.65,2015-11-10
17610,2016-05-16 11:01:00,2016-05-16,0.0008,0.0,0.0,19563.0,0.0008,0.0008,0.0008,10000477,2016-06-22,2016-06-22,C,2.65,2015-11-10
17611,2016-05-16 11:02:00,2016-05-16,0.0008,0.0,0.0,19563.0,0.0008,0.0008,0.0008,10000477,2016-06-22,2016-06-22,C,2.65,2015-11-10
17612,2016-05-16 11:03:00,2016-05-16,0.0008,0.0,0.0,19563.0,0.0008,0.0008,0.0008,10000477,2016-06-22,2016-06-22,C,2.65,2015-11-10
17613,2016-05-16 11:04:00,2016-05-16,0.0008,0.0,0.0,19563.0,0.0008,0.0008,0.0008,10000477,2016-06-22,2016-06-22,C,2.65,2015-11-10
17614,2016-05-16 11:05:00,2016-05-16,0.0008,0.0,0.0,19563.0,0.0008,0.0008,0.0008,10000477,2016-06-22,2016-06-22,C,2.65,2015-11-10
17615,2016-05-16 11:06:00,2016-05-16,0.0008,0.0,0.0,19563.0,0.0008,0.0008,0.0008,10000477,2016-06-22,2016-06-22,C,2.65,2015-11-10
17616,2016-05-16 11:07:00,2016-05-16,0.0008,0.0,0.0,19563.0,0.0008,0.0008,0.0008,10000477,2016-06-22,2016-06-22,C,2.65,2015-11-10
17617,2016-05-16 11:08:00,2016-05-16,0.0008,0.0,0.0,19563.0,0.0008,0.0008,0.0008,10000477,2016-06-22,2016-06-22,C,2.65,2015-11-10
17618,2016-05-16 11:09:00,2016-05-16,0.0008,0.0,0.0,19563.0,0.0008,0.0008,0.0008,10000477,2016-06-22,2016-06-22,C,2.65,2015-11-10
17619,2016-05-16 11:10:00,2016-05-16,0.0008,0.0,0.0,19563.0,0.0008,0.0008,0.0008,10000477,2016-06-22,2016-06-22,C,2.65,2015-11-10
17620,2016-05-16 11:11:00,2016-05-16,0.0008,0.0,0.0,19563.0,0.0008,0.0008,0.0008,10000477,2016-06-22,2016-06-22,C,2.65,2015-11-10
17621,2016-05-16 11:12:00,2016-05-16,0.0008,0.0,0.0,19563.0,0.0008,0.0008,0.0008,10000477,2016-06-22,2016-06-22,C,2.65,2015-11-10
17622,2016-05-16 11:13:00,2016-05-16,0.0008,0.0,0.0,19563.0,0.0008,0.0008,0.0008,10000477,2016-06-22,2016-06-22,C,2.65,2015-11-10
17623,2016-05-16 11:14:00,2016-05-16,0.0008,0.0,0.0,19563.0,0.0008,0.0008,0.0008,10000477,2016-06-22,2016-06-22,C,2.65,2015-11-10
17624,2016-05-16 11:15:00,2016-05-16,0.0008,0.0,0.0,19563.0,0.0008,0.0008,0.0008,10000477,2016-06-22,2016-06-22,C,2.65,2015-11-10
17625,2016-05-16 11:16:00,2016-05-16,0.0008,0.0,0.0,19563.0,0.0008,0.0008,0.0008,10000477,2016-06-22,2016-06-22,C,2.65,2015-11-10
17626,2016-05-16 11:17:00,2016-05-16,0.0008,0.0,0.0,19563.0,0.0008,0.0008,0.0008,10000477,2016-06-22,2016-06-22,C,2.65,2015-11-10
17627,2016-05-16 11:18:00,2016-05-16,0.0008,0.0,0.0,19563.0,0.0008,0.0008,0.0008,10000477,2016-06-22,2016-06-22,C,2.65,2015-11-10
17628,2016-05-16 11:19:00,2016-05-16,0.0008,0.0,0.0,19563.0,0.0008,0.0008,0.0008,10000477,2016-06-22,2016-06-22,C,2.65,2015-11-10
17629,2016-05-16 11:20:00,2016-05-16,0.0008,0.0,0.0,19563.0,0.0008,0.0008,0.0008,10000477,2016-06-22,2016-06-22,C,2.65,2015-11-10
17630,2016-05-16 11:21:00,2016-05-16,0.0008,0.0,0.0,19563.0,0.0008,0.0008,0.0008,10000477,2016-06-22,2016-06-22,C,2.65,2015-11-10
17631,2016-05-16 11:22:00,2016-05-16,0.0008,0.0,0.0,19563.0,0.0008,0.0008,0.0008,10000477,2016-06-22,2016-06-22,C,2.65,2015-11-10
17632,2016-05-16 11:23:00,2016-05-16,0.0008,0.0,0.0,19563.0,0.0008,0.0008,0.0008,10000477,2016-06-22,2016-06-22,C,2.65,2015-11-10
17633,2016-05-16 11:24:00,2016-05-16,0.0008,0.0,0.0,19563.0,0.0008,0.0008,0.0008,10000477,2016-06-22,2016-06-22,C,2.65,2015-11-10
17634,2016-05-16 11:25:00,2016-05-16,0.0008,0.0,0.0,19563.0,0.0008,0.0008,0.0008,10000477,2016-06-22,2016-06-22,C,2.65,2015-11-10
17635,2016-05-16 11:26:00,2016-05-16,0.0008,0.0,0.0,19563.0,0.0008,0.0008,0.0008,10000477,2016-06-22,2016-06-22,C,2.65,2015-11-10
17636,2016-05-16 11:27:00,2016-05-16,0.0008,0.0,0.0,19563.0,0.0008,0.0008,0.0008,10000477,2016-06-22,2016-06-22,C,2.65,2015-11-10
17637,2016-05-16 11:28:00,2016-05-16,0.0008,0.0,0.0,19563.0,0.0008,0.0008,0.0008,10000477,2016-06-22,2016-06-22,C,2.65,2015-11-10
17638,2016-05-16 11:29:00,2016-05-16,0.0008,0.0,0.0,19563.0,0.0008,0.0008,0.0008,10000477,2016-06-22,2016-06-22,C,2.65,2015-11-10
17639,2016-05-16 11:30:00,2016-05-16,0.0008,0.0,0.0,19563.0,0.0008,0.0008,0.0008,10000477,2016-06-22,2016-06-22,C,2.65,2015-11-10
17640,2016-05-16 13:01:00,2016-05-16,0.0008,0.0,0.0,19563.0,0.0008,0.0008,0.0008,10000477,2016-06-22,2016-06-22,C,2.65,2015-11-10
17641,2016-05-16 13:02:00,2016-05-16,0.0008,0.0,0.0,19563.0,0.0008,0.0008,0.0008,10000477,2016-06-22,2016-06-22,C,2.65,2015-11-10
17642,2016-05-16 13:03:00,2016-05-16,0.0008,0.0,0.0,19563.0,0.0008,0.0008,0.0008,10000477,2016-06-22,2016-06-22,C,2.65,2015-11-10
17643,2016-05-16 13:04:00,2016-05-16,0.0008,0.0,0.0,19563.0,0.0008,0.0008,0.0008,10000477,2016-06-22,2016-06-22,C,2.65,2015-11-10
17644,2016-05-16 13:05:00,2016-05-16,0.0008,120.0,15.0,19552.0,0.0008,0.0008,0.0008,10000477,2016-06-22,2016-06-22,C,2.65,2015-11-10
17645,2016-05-16 13:06:00,2016-05-16,0.0008,160.0,20.0,19542.0,0.0008,0.0008,0.0008,10000477,2016-06-22,2016-06-22,C,2.65,2015-11-10
17646,2016-05-16 13:07:00,2016-05-16,0.0008,0.0,0.0,19542.0,0.0008,0.0008,0.0008,10000477,2016-06-22,2016-06-22,C,2.65,2015-11-10
17647,2016-05-16 13:08:00,2016-05-16,0.0008,0.0,0.0,19542.0,0.0008,0.0008,0.0008,10000477,2016-06-22,2016-06-22,C,2.65,2015-11-10
17648,2016-05-16 13:09:00,2016-05-16,0.0008,0.0,0.0,19542.0,0.0008,0.0008,0.0008,10000477,2016-06-22,2016-06-22,C,2.65,2015-11-10
17649,2016-05-16 13:10:00,2016-05-16,0.0008,0.0,0.0,19542.0,0.0008,0.0008,0.0008,10000477,2016-06-22,2016-06-22,C,2.65,2015-11-10
17650,2016-05-16 13:11:00,2016-05-16,0.0008,0.0,0.0,19542.0,0.0008,0.0008,0.0008,10000477,2016-06-22,2016-06-22,C,2.65,2015-11-10
17651,2016-05-16 13:12:00,2016-05-16,0.0008,0.0,0.0,19542.0,0.0008,0.0008,0.0008,10000477,2016-06-22,2016-06-22,C,2.65,2015-11-10
17652,2016-05-16 13:13:00,2016-05-16,0.0008,0.0,0.0,19542.0,0.0008,0.0008,0.0008,10000477,2016-06-22,2016-06-22,C,2.65,2015-11-10
17653,2016-05-16 13:14:00,2016-05-16,0.0008,0.0,0.0,19542.0,0.0008,0.0008,0.0008,10000477,2016-06-22,2016-06-22,C,2.65,2015-11-10
17654,2016-05-16 13:15:00,2016-05-16,0.0008,128.0,16.0,19542.0,0.0008,0.0008,0.0008,10000477,2016-06-22,2016-06-22,C,2.65,2015-11-10
17655,2016-05-16 13:16:00,2016-05-16,0.0008,0.0,0.0,19542.0,0.0008,0.0008,0.0008,10000477,2016-06-22,2016-06-22,C,2.65,2015-11-10
17656,2016-05-16 13:17:00,2016-05-16,0.0008,77.0,11.0,19542.0,0.0008,0.0007,0.0007,10000477,2016-06-22,2016-06-22,C,2.65,2015-11-10
17657,2016-05-16 13:18:00,2016-05-16,0.0007,0.0,0.0,19542.0,0.0007,0.0007,0.0007,10000477,2016-06-22,2016-06-22,C,2.65,2015-11-10
17658,2016-05-16 13:19:00,2016-05-16,0.0007,0.0,0.0,19542.0,0.0007,0.0007,0.0007,10000477,2016-06-22,2016-06-22,C,2.65,2015-11-10
17659,2016-05-16 13:20:00,2016-05-16,0.0007,84.0,12.0,19544.0,0.0007,0.0007,0.0007,10000477,2016-06-22,2016-06-22,C,2.65,2015-11-10
17660,2016-05-16 13:21:00,2016-05-16,0.0007,6.0,1.0,19544.0,0.0007,0.0006,0.0006,10000477,2016-06-22,2016-06-22,C,2.65,2015-11-10
17661,2016-05-16 13:22:00,2016-05-16,0.0006,0.0,0.0,19544.0,0.0006,0.0006,0.0006,10000477,2016-06-22,2016-06-22,C,2.65,2015-11-10
17662,2016-05-16 13:23:00,2016-05-16,0.0006,0.0,0.0,19544.0,0.0006,0.0006,0.0006,10000477,2016-06-22,2016-06-22,C,2.65,2015-11-10
17663,2016-05-16 13:24:00,2016-05-16,0.0006,6.0,1.0,19544.0,0.0006,0.0006,0.0006,10000477,2016-06-22,2016-06-22,C,2.65,2015-11-10
17664,2016-05-16 13:25:00,2016-05-16,0.0006,0.0,0.0,19544.0,0.0006,0.0006,0.0006,10000477,2016-06-22,2016-06-22,C,2.65,2015-11-10
17665,2016-05-16 13:26:00,2016-05-16,0.0006,0.0,0.0,19544.0,0.0006,0.0006,0.0006,10000477,2016-06-22,2016-06-22,C,2.65,2015-11-10
17666,2016-05-16 13:27:00,2016-05-16,0.0006,0.0,0.0,19544.0,0.0006,0.0006,0.0006,10000477,2016-06-22,2016-06-22,C,2.65,2015-11-10
17667,2016-05-16 13:28:00,2016-05-16,0.0006,0.0,0.0,19544.0,0.0006,0.0006,0.0006,10000477,2016-06-22,2016-06-22,C,2.65,2015-11-10
17668,2016-05-16 13:29:00,2016-05-16,0.0006,0.0,0.0,19544.0,0.0006,0.0006,0.0006,10000477,2016-06-22,2016-06-22,C,2.65,2015-11-10
17669,2016-05-16 13:30:00,2016-05-16,0.0006,0.0,0.0,19544.0,0.0006,0.0006,0.0006,10000477,2016-06-22,2016-06-22,C,2.65,2015-11-10
17670,2016-05-16 13:31:00,2016-05-16,0.0006,0.0,0.0,19544.0,0.0006,0.0006,0.0006,10000477,2016-06-22,2016-06-22,C,2.65,2015-11-10
17671,2016-05-16 13:32:00,2016-05-16,0.0006,0.0,0.0,19544.0,0.0006,0.0006,0.0006,10000477,2016-06-22,2016-06-22,C,2.65,2015-11-10
17672,2016-05-16 13:33:00,2016-05-16,0.0006,0.0,0.0,19544.0,0.0006,0.0006,0.0006,10000477,2016-06-22,2016-06-22,C,2.65,2015-11-10
17673,2016-05-16 13:34:00,2016-05-16,0.0006,0.0,0.0,19544.0,0.0006,0.0006,0.0006,10000477,2016-06-22,2016-06-22,C,2.65,2015-11-10
17674,2016-05-16 13:35:00,2016-05-16,0.0006,0.0,0.0,19544.0,0.0006,0.0006,0.0006,10000477,2016-06-22,2016-06-22,C,2.65,2015-11-10
17675,2016-05-16 13:36:00,2016-05-16,0.0008,8.0,1.0,19543.0,0.0006,0.0008,0.0006,10000477,2016-06-22,2016-06-22,C,2.65,2015-11-10
17676,2016-05-16 13:37:00,2016-05-16,0.0008,0.0,0.0,19543.0,0.0008,0.0008,0.0008,10000477,2016-06-22,2016-06-22,C,2.65,2015-11-10
17677,2016-05-16 13:38:00,2016-05-16,0.0008,0.0,0.0,19543.0,0.0008,0.0008,0.0008,10000477,2016-06-22,2016-06-22,C,2.65,2015-11-10
17678,2016-05-16 13:39:00,2016-05-16,0.0008,0.0,0.0,19543.0,0.0008,0.0008,0.0008,10000477,2016-06-22,2016-06-22,C,2.65,2015-11-10
17679,2016-05-16 13:40:00,2016-05-16,0.0008,0.0,0.0,19543.0,0.0008,0.0008,0.0008,10000477,2016-06-22,2016-06-22,C,2.65,2015-11-10
17680,2016-05-16 13:41:00,2016-05-16,0.0008,0.0,0.0,19543.0,0.0008,0.0008,0.0008,10000477,2016-06-22,2016-06-22,C,2.65,2015-11-10
17681,2016-05-16 13:42:00,2016-05-16,0.0008,0.0,0.0,19543.0,0.0008,0.0008,0.0008,10000477,2016-06-22,2016-06-22,C,2.65,2015-11-10
17682,2016-05-16 13:43:00,2016-05-16,0.0008,0.0,0.0,19543.0,0.0008,0.0008,0.0008,10000477,2016-06-22,2016-06-22,C,2.65,2015-11-10
17683,2016-05-16 13:44:00,2016-05-16,0.0008,0.0,0.0,19543.0,0.0008,0.0008,0.0008,10000477,2016-06-22,2016-06-22,C,2.65,2015-11-10
17684,2016-05-16 13:45:00,2016-05-16,0.0008,8.0,1.0,19543.0,0.0008,0.0008,0.0008,10000477,2016-06-22,2016-06-22,C,2.65,2015-11-10
17685,2016-05-16 13:46:00,2016-05-16,0.0008,0.0,0.0,19543.0,0.0008,0.0008,0.0008,10000477,2016-06-22,2016-06-22,C,2.65,2015-11-10
17686,2016-05-16 13:47:00,2016-05-16,0.0008,0.0,0.0,19543.0,0.0008,0.0008,0.0008,10000477,2016-06-22,2016-06-22,C,2.65,2015-11-10
17687,2016-05-16 13:48:00,2016-05-16,0.0008,0.0,0.0,19543.0,0.0008,0.0008,0.0008,10000477,2016-06-22,2016-06-22,C,2.65,2015-11-10
17688,2016-05-16 13:49:00,2016-05-16,0.0008,0.0,0.0,19543.0,0.0008,0.0008,0.0008,10000477,2016-06-22,2016-06-22,C,2.65,2015-11-10
17689,2016-05-16 13:50:00,2016-05-16,0.0008,0.0,0.0,19543.0,0.0008,0.0008,0.0008,10000477,2016-06-22,2016-06-22,C,2.65,2015-11-10
17690,2016-05-16 13:51:00,2016-05-16,0.0008,0.0,0.0,19543.0,0.0008,0.0008,0.0008,10000477,2016-06-22,2016-06-22,C,2.65,2015-11-10
17691,2016-05-16 13:52:00,2016-05-16,0.0008,350.0,50.0,19493.0,0.0008,0.0007,0.0007,10000477,2016-06-22,2016-06-22,C,2.65,2015-11-10
17692,2016-05-16 13:53:00,2016-05-16,0.0007,0.0,0.0,19493.0,0.0007,0.0007,0.0007,10000477,2016-06-22,2016-06-22,C,2.65,2015-11-10
17693,2016-05-16 13:54:00,2016-05-16,0.0007,0.0,0.0,19493.0,0.0007,0.0007,0.0007,10000477,2016-06-22,2016-06-22,C,2.65,2015-11-10
17694,2016-05-16 13:55:00,2016-05-16,0.0007,0.0,0.0,19493.0,0.0007,0.0007,0.0007,10000477,2016-06-22,2016-06-22,C,2.65,2015-11-10
17695,2016-05-16 13:56:00,2016-05-16,0.0007,0.0,0.0,19493.0,0.0007,0.0007,0.0007,10000477,2016-06-22,2016-06-22,C,2.65,2015-11-10
17696,2016-05-16 13:57:00,2016-05-16,0.0007,7.0,1.0,19494.0,0.0007,0.0007,0.0007,10000477,2016-06-22,2016-06-22,C,2.65,2015-11-10
17697,2016-05-16 13:58:00,2016-05-16,0.0007,0.0,0.0,19494.0,0.0007,0.0007,0.0007,10000477,2016-06-22,2016-06-22,C,2.65,2015-11-10
17698,2016-05-16 13:59:00,2016-05-16,0.0007,0.0,0.0,19494.0,0.0007,0.0007,0.0007,10000477,2016-06-22,2016-06-22,C,2.65,2015-11-10
17699,2016-05-16 14:00:00,2016-05-16,0.0008,80.0,10.0,19494.0,0.0008,0.0008,0.0008,10000477,2016-06-22,2016-06-22,C,2.65,2015-11-10
17700,2016-05-16 14:01:00,2016-05-16,0.0008,0.0,0.0,19494.0,0.0008,0.0008,0.0008,10000477,2016-06-22,2016-06-22,C,2.65,2015-11-10
17701,2016-05-16 14:02:00,2016-05-16,0.0008,16.0,2.0,19494.0,0.0008,0.0008,0.0008,10000477,2016-06-22,2016-06-22,C,2.65,2015-11-10
17702,2016-05-16 14:03:00,2016-05-16,0.0008,0.0,0.0,19494.0,0.0008,0.0008,0.0008,10000477,2016-06-22,2016-06-22,C,2.65,2015-11-10
17703,2016-05-16 14:04:00,2016-05-16,0.0008,0.0,0.0,19494.0,0.0008,0.0008,0.0008,10000477,2016-06-22,2016-06-22,C,2.65,2015-11-10
17704,2016-05-16 14:05:00,2016-05-16,0.0008,0.0,0.0,19494.0,0.0008,0.0008,0.0008,10000477,2016-06-22,2016-06-22,C,2.65,2015-11-10
17705,2016-05-16 14:06:00,2016-05-16,0.0008,0.0,0.0,19494.0,0.0008,0.0008,0.0008,10000477,2016-06-22,2016-06-22,C,2.65,2015-11-10
17706,2016-05-16 14:07:00,2016-05-16,0.0008,0.0,0.0,19494.0,0.0008,0.0008,0.0008,10000477,2016-06-22,2016-06-22,C,2.65,2015-11-10
17707,2016-05-16 14:08:00,2016-05-16,0.0008,0.0,0.0,19494.0,0.0008,0.0008,0.0008,10000477,2016-06-22,2016-06-22,C,2.65,2015-11-10
17708,2016-05-16 14:09:00,2016-05-16,0.0008,0.0,0.0,19494.0,0.0008,0.0008,0.0008,10000477,2016-06-22,2016-06-22,C,2.65,2015-11-10
17709,2016-05-16 14:10:00,2016-05-16,0.0008,147.0,21.0,19494.0,0.0008,0.0007,0.0007,10000477,2016-06-22,2016-06-22,C,2.65,2015-11-10
17710,2016-05-16 14:11:00,2016-05-16,0.0007,70.0,10.0,19494.0,0.0007,0.0007,0.0007,10000477,2016-06-22,2016-06-22,C,2.65,2015-11-10
17711,2016-05-16 14:12:00,2016-05-16,0.0007,0.0,0.0,19494.0,0.0007,0.0007,0.0007,10000477,2016-06-22,2016-06-22,C,2.65,2015-11-10
17712,2016-05-16 14:13:00,2016-05-16,0.0007,0.0,0.0,19494.0,0.0007,0.0007,0.0007,10000477,2016-06-22,2016-06-22,C,2.65,2015-11-10
17713,2016-05-16 14:14:00,2016-05-16,0.0008,80.0,10.0,19494.0,0.0008,0.0008,0.0008,10000477,2016-06-22,2016-06-22,C,2.65,2015-11-10
17714,2016-05-16 14:15:00,2016-05-16,0.0008,80.0,10.0,19494.0,0.0008,0.0008,0.0008,10000477,2016-06-22,2016-06-22,C,2.65,2015-11-10
17715,2016-05-16 14:16:00,2016-05-16,0.0007,77.0,11.0,19494.0,0.0007,0.0007,0.0007,10000477,2016-06-22,2016-06-22,C,2.65,2015-11-10
17716,2016-05-16 14:17:00,2016-05-16,0.0007,0.0,0.0,19494.0,0.0007,0.0007,0.0007,10000477,2016-06-22,2016-06-22,C,2.65,2015-11-10
17717,2016-05-16 14:18:00,2016-05-16,0.0007,0.0,0.0,19494.0,0.0007,0.0007,0.0007,10000477,2016-06-22,2016-06-22,C,2.65,2015-11-10
17718,2016-05-16 14:19:00,2016-05-16,0.0007,0.0,0.0,19494.0,0.0007,0.0007,0.0007,10000477,2016-06-22,2016-06-22,C,2.65,2015-11-10
17719,2016-05-16 14:20:00,2016-05-16,0.0007,0.0,0.0,19494.0,0.0007,0.0007,0.0007,10000477,2016-06-22,2016-06-22,C,2.65,2015-11-10
17720,2016-05-16 14:21:00,2016-05-16,0.0007,0.0,0.0,19494.0,0.0007,0.0007,0.0007,10000477,2016-06-22,2016-06-22,C,2.65,2015-11-10
17721,2016-05-16 14:22:00,2016-05-16,0.0007,0.0,0.0,19494.0,0.0007,0.0007,0.0007,10000477,2016-06-22,2016-06-22,C,2.65,2015-11-10
17722,2016-05-16 14:23:00,2016-05-16,0.0007,0.0,0.0,19494.0,0.0007,0.0007,0.0007,10000477,2016-06-22,2016-06-22,C,2.65,2015-11-10
17723,2016-05-16 14:24:00,2016-05-16,0.0007,0.0,0.0,19494.0,0.0007,0.0007,0.0007,10000477,2016-06-22,2016-06-22,C,2.65,2015-11-10
17724,2016-05-16 14:25:00,2016-05-16,0.0007,0.0,0.0,19494.0,0.0007,0.0007,0.0007,10000477,2016-06-22,2016-06-22,C,2.65,2015-11-10
17725,2016-05-16 14:26:00,2016-05-16,0.0007,0.0,0.0,19494.0,0.0007,0.0007,0.0007,10000477,2016-06-22,2016-06-22,C,2.65,2015-11-10
17726,2016-05-16 14:27:00,2016-05-16,0.0007,0.0,0.0,19494.0,0.0007,0.0007,0.0007,10000477,2016-06-22,2016-06-22,C,2.65,2015-11-10
17727,2016-05-16 14:28:00,2016-05-16,0.0007,7.0,1.0,19495.0,0.0007,0.0007,0.0007,10000477,2016-06-22,2016-06-22,C,2.65,2015-11-10
17728,2016-05-16 14:29:00,2016-05-16,0.0007,0.0,0.0,19495.0,0.0007,0.0007,0.0007,10000477,2016-06-22,2016-06-22,C,2.65,2015-11-10
17729,2016-05-16 14:30:00,2016-05-16,0.0007,0.0,0.0,19495.0,0.0007,0.0007,0.0007,10000477,2016-06-22,2016-06-22,C,2.65,2015-11-10
17730,2016-05-16 14:31:00,2016-05-16,0.0007,0.0,0.0,19495.0,0.0007,0.0007,0.0007,10000477,2016-06-22,2016-06-22,C,2.65,2015-11-10
17731,2016-05-16 14:32:00,2016-05-16,0.0007,0.0,0.0,19495.0,0.0007,0.0007,0.0007,10000477,2016-06-22,2016-06-22,C,2.65,2015-11-10
17732,2016-05-16 14:33:00,2016-05-16,0.0007,0.0,0.0,19495.0,0.0007,0.0007,0.0007,10000477,2016-06-22,2016-06-22,C,2.65,2015-11-10
17733,2016-05-16 14:34:00,2016-05-16,0.0007,0.0,0.0,19495.0,0.0007,0.0007,0.0007,10000477,2016-06-22,2016-06-22,C,2.65,2015-11-10
17734,2016-05-16 14:35:00,2016-05-16,0.0007,0.0,0.0,19495.0,0.0007,0.0007,0.0007,10000477,2016-06-22,2016-06-22,C,2.65,2015-11-10
17735,2016-05-16 14:36:00,2016-05-16,0.0007,0.0,0.0,19495.0,0.0007,0.0007,0.0007,10000477,2016-06-22,2016-06-22,C,2.65,2015-11-10
17736,2016-05-16 14:37:00,2016-05-16,0.0007,0.0,0.0,19495.0,0.0007,0.0007,0.0007,10000477,2016-06-22,2016-06-22,C,2.65,2015-11-10
17737,2016-05-16 14:38:00,2016-05-16,0.0007,0.0,0.0,19495.0,0.0007,0.0007,0.0007,10000477,2016-06-22,2016-06-22,C,2.65,2015-11-10
17738,2016-05-16 14:39:00,2016-05-16,0.0007,0.0,0.0,19495.0,0.0007,0.0007,0.0007,10000477,2016-06-22,2016-06-22,C,2.65,2015-11-10
17739,2016-05-16 14:40:00,2016-05-16,0.0007,7.0,1.0,19495.0,0.0007,0.0007,0.0007,10000477,2016-06-22,2016-06-22,C,2.65,2015-11-10
17740,2016-05-16 14:41:00,2016-05-16,0.0007,0.0,0.0,19495.0,0.0007,0.0007,0.0007,10000477,2016-06-22,2016-06-22,C,2.65,2015-11-10
17741,2016-05-16 14:42:00,2016-05-16,0.0007,0.0,0.0,19495.0,0.0007,0.0007,0.0007,10000477,2016-06-22,2016-06-22,C,2.65,2015-11-10
17742,2016-05-16 14:43:00,2016-05-16,0.0007,0.0,0.0,19495.0,0.0007,0.0007,0.0007,10000477,2016-06-22,2016-06-22,C,2.65,2015-11-10
17743,2016-05-16 14:44:00,2016-05-16,0.0007,63.0,9.0,19495.0,0.0007,0.0007,0.0007,10000477,2016-06-22,2016-06-22,C,2.65,2015-11-10
17744,2016-05-16 14:45:00,2016-05-16,0.0007,0.0,0.0,19495.0,0.0007,0.0007,0.0007,10000477,2016-06-22,2016-06-22,C,2.65,2015-11-10
17745,2016-05-16 14:46:00,2016-05-16,0.0007,0.0,0.0,19495.0,0.0007,0.0007,0.0007,10000477,2016-06-22,2016-06-22,C,2.65,2015-11-10
17746,2016-05-16 14:47:00,2016-05-16,0.0007,0.0,0.0,19495.0,0.0007,0.0007,0.0007,10000477,2016-06-22,2016-06-22,C,2.65,2015-11-10
17747,2016-05-16 14:48:00,2016-05-16,0.0007,0.0,0.0,19495.0,0.0007,0.0007,0.0007,10000477,2016-06-22,2016-06-22,C,2.65,2015-11-10
17748,2016-05-16 14:49:00,2016-05-16,0.0007,0.0,0.0,19495.0,0.0007,0.0007,0.0007,10000477,2016-06-22,2016-06-22,C,2.65,2015-11-10
17749,2016-05-16 14:50:00,2016-05-16,0.0007,0.0,0.0,19495.0,0.0007,0.0007,0.0007,10000477,2016-06-22,2016-06-22,C,2.65,2015-11-10
17750,2016-05-16 14:51:00,2016-05-16,0.0007,0.0,0.0,19495.0,0.0007,0.0007,0.0007,10000477,2016-06-22,2016-06-22,C,2.65,2015-11-10
17751,2016-05-16 14:52:00,2016-05-16,0.0007,0.0,0.0,19495.0,0.0007,0.0007,0.0007,10000477,2016-06-22,2016-06-22,C,2.65,2015-11-10
17752,2016-05-16 14:53:00,2016-05-16,0.0007,0.0,0.0,19495.0,0.0007,0.0007,0.0007,10000477,2016-06-22,2016-06-22,C,2.65,2015-11-10
17753,2016-05-16 14:54:00,2016-05-16,0.0007,0.0,0.0,19495.0,0.0007,0.0007,0.0007,10000477,2016-06-22,2016-06-22,C,2.65,2015-11-10
17754,2016-05-16 14:55:00,2016-05-16,0.0007,0.0,0.0,19495.0,0.0007,0.0007,0.0007,10000477,2016-06-22,2016-06-22,C,2.65,2015-11-10
17755,2016-05-16 14:56:00,2016-05-16,0.0007,0.0,0.0,19495.0,0.0007,0.0007,0.0007,10000477,2016-06-22,2016-06-22,C,2.65,2015-11-10
17756,2016-05-16 14:57:00,2016-05-16,0.0007,0.0,0.0,19495.0,0.0007,0.0007,0.0007,10000477,2016-06-22,2016-06-22,C,2.65,2015-11-10
17757,2016-05-16 14:58:00,2016-05-16,0.0007,0.0,0.0,19495.0,0.0007,0.0007,0.0007,10000477,2016-06-22,2016-06-22,C,2.65,2015-11-10
17758,2016-05-16 14:59:00,2016-05-16,0.0007,0.0,0.0,19495.0,0.0007,0.0007,0.0007,10000477,2016-06-22,2016-06-22,C,2.65,2015-11-10
17759,2016-05-16 15:00:00,2016-05-16,0.0007,0.0,0.0,19495.0,0.0007,0.0007,0.0007,10000477,2016-06-22,2016-06-22,C,2.65,2015-11-10
17760,2016-05-16 09:31:00,2016-05-16,0.0168,8932.0,57.0,20733.0,0.0162,0.0168,0.0152,10000459,2016-06-22,2016-06-22,C,2.15,2015-11-04
17761,2016-05-16 09:32:00,2016-05-16,0.0167,4924.0,30.0,20728.0,0.0167,0.0164,0.0159,10000459,2016-06-22,2016-06-22,C,2.15,2015-11-04
17762,2016-05-16 09:33:00,2016-05-16,0.0164,4080.0,26.0,20736.0,0.0164,0.0156,0.0156,10000459,2016-06-22,2016-06-22,C,2.15,2015-11-04
17763,2016-05-16 09:34:00,2016-05-16,0.0159,4725.0,30.0,20733.0,0.0156,0.0158,0.0156,10000459,2016-06-22,2016-06-22,C,2.15,2015-11-04
17764,2016-05-16 09:35:00,2016-05-16,0.0159,5969.0,38.0,20737.0,0.0158,0.0159,0.0155,10000459,2016-06-22,2016-06-22,C,2.15,2015-11-04
17765,2016-05-16 09:36:00,2016-05-16,0.0165,5739.0,35.0,20742.0,0.0159,0.0164,0.0159,10000459,2016-06-22,2016-06-22,C,2.15,2015-11-04
17766,2016-05-16 09:37:00,2016-05-16,0.0168,5621.0,34.0,20752.0,0.0164,0.0168,0.0164,10000459,2016-06-22,2016-06-22,C,2.15,2015-11-04
17767,2016-05-16 09:38:00,2016-05-16,0.0168,2132.0,13.0,20752.0,0.0168,0.0164,0.0164,10000459,2016-06-22,2016-06-22,C,2.15,2015-11-04
17768,2016-05-16 09:39:00,2016-05-16,0.0166,8024.0,49.0,20751.0,0.0164,0.0163,0.0163,10000459,2016-06-22,2016-06-22,C,2.15,2015-11-04
17769,2016-05-16 09:40:00,2016-05-16,0.0166,824.0,5.0,20754.0,0.0163,0.0163,0.0163,10000459,2016-06-22,2016-06-22,C,2.15,2015-11-04
17770,2016-05-16 09:41:00,2016-05-16,0.0163,4860.0,30.0,20764.0,0.0163,0.0162,0.0162,10000459,2016-06-22,2016-06-22,C,2.15,2015-11-04
17771,2016-05-16 09:42:00,2016-05-16,0.0162,1930.0,12.0,20765.0,0.0162,0.016,0.016,10000459,2016-06-22,2016-06-22,C,2.15,2015-11-04
17772,2016-05-16 09:43:00,2016-05-16,0.0161,483.0,3.0,20766.0,0.016,0.0161,0.016,10000459,2016-06-22,2016-06-22,C,2.15,2015-11-04
17773,2016-05-16 09:44:00,2016-05-16,0.0161,8981.0,56.0,20807.0,0.0161,0.016,0.016,10000459,2016-06-22,2016-06-22,C,2.15,2015-11-04
17774,2016-05-16 09:45:00,2016-05-16,0.016,3336.0,21.0,20826.0,0.016,0.0158,0.0158,10000459,2016-06-22,2016-06-22,C,2.15,2015-11-04
17775,2016-05-16 09:46:00,2016-05-16,0.016,11912.0,76.0,20899.0,0.0158,0.0155,0.0155,10000459,2016-06-22,2016-06-22,C,2.15,2015-11-04
17776,2016-05-16 09:47:00,2016-05-16,0.0155,2140.0,14.0,20912.0,0.0155,0.0152,0.0152,10000459,2016-06-22,2016-06-22,C,2.15,2015-11-04
17777,2016-05-16 09:48:00,2016-05-16,0.0152,2124.0,14.0,20920.0,0.0152,0.0152,0.0151,10000459,2016-06-22,2016-06-22,C,2.15,2015-11-04
17778,2016-05-16 09:49:00,2016-05-16,0.0153,1826.0,12.0,20920.0,0.0152,0.0153,0.0152,10000459,2016-06-22,2016-06-22,C,2.15,2015-11-04
17779,2016-05-16 09:50:00,2016-05-16,0.0153,0.0,0.0,20920.0,0.0153,0.0153,0.0153,10000459,2016-06-22,2016-06-22,C,2.15,2015-11-04
17780,2016-05-16 09:51:00,2016-05-16,0.0153,1529.0,10.0,20930.0,0.0153,0.0152,0.0152,10000459,2016-06-22,2016-06-22,C,2.15,2015-11-04
17781,2016-05-16 09:52:00,2016-05-16,0.0153,10508.0,69.0,20968.0,0.0153,0.0152,0.0151,10000459,2016-06-22,2016-06-22,C,2.15,2015-11-04
17782,2016-05-16 09:53:00,2016-05-16,0.0152,10389.0,70.0,21010.0,0.0152,0.0145,0.0145,10000459,2016-06-22,2016-06-22,C,2.15,2015-11-04
17783,2016-05-16 09:54:00,2016-05-16,0.0145,15535.0,111.0,21051.0,0.0145,0.0139,0.0139,10000459,2016-06-22,2016-06-22,C,2.15,2015-11-04
17784,2016-05-16 09:55:00,2016-05-16,0.0142,15117.0,108.0,21096.0,0.0139,0.014,0.0134,10000459,2016-06-22,2016-06-22,C,2.15,2015-11-04
17785,2016-05-16 09:56:00,2016-05-16,0.0145,12831.0,91.0,21126.0,0.014,0.0141,0.0138,10000459,2016-06-22,2016-06-22,C,2.15,2015-11-04
17786,2016-05-16 09:57:00,2016-05-16,0.0145,6644.0,47.0,21139.0,0.0141,0.0145,0.014,10000459,2016-06-22,2016-06-22,C,2.15,2015-11-04
17787,2016-05-16 09:58:00,2016-05-16,0.0145,1876.0,13.0,21147.0,0.0145,0.0142,0.0142,10000459,2016-06-22,2016-06-22,C,2.15,2015-11-04
17788,2016-05-16 09:59:00,2016-05-16,0.0142,560.0,4.0,21151.0,0.0142,0.014,0.014,10000459,2016-06-22,2016-06-22,C,2.15,2015-11-04
17789,2016-05-16 10:00:00,2016-05-16,0.0144,2135.0,15.0,21157.0,0.014,0.014,0.014,10000459,2016-06-22,2016-06-22,C,2.15,2015-11-04
17790,2016-05-16 10:01:00,2016-05-16,0.0143,8301.0,59.0,21192.0,0.014,0.014,0.014,10000459,2016-06-22,2016-06-22,C,2.15,2015-11-04
17791,2016-05-16 10:02:00,2016-05-16,0.0142,7172.0,51.0,21199.0,0.0141,0.0142,0.0138,10000459,2016-06-22,2016-06-22,C,2.15,2015-11-04
17792,2016-05-16 10:03:00,2016-05-16,0.0142,7985.0,57.0,21201.0,0.0142,0.0139,0.0139,10000459,2016-06-22,2016-06-22,C,2.15,2015-11-04
17793,2016-05-16 10:04:00,2016-05-16,0.0143,7171.0,51.0,21241.0,0.0139,0.014,0.0139,10000459,2016-06-22,2016-06-22,C,2.15,2015-11-04
17794,2016-05-16 10:05:00,2016-05-16,0.0144,2836.0,20.0,21256.0,0.014,0.0144,0.014,10000459,2016-06-22,2016-06-22,C,2.15,2015-11-04
17795,2016-05-16 10:06:00,2016-05-16,0.0145,5075.0,36.0,21258.0,0.0144,0.014,0.014,10000459,2016-06-22,2016-06-22,C,2.15,2015-11-04
17796,2016-05-16 10:07:00,2016-05-16,0.0146,7135.0,50.0,21298.0,0.014,0.0146,0.0139,10000459,2016-06-22,2016-06-22,C,2.15,2015-11-04
17797,2016-05-16 10:08:00,2016-05-16,0.0149,11114.0,76.0,21373.0,0.0144,0.0148,0.0144,10000459,2016-06-22,2016-06-22,C,2.15,2015-11-04
17798,2016-05-16 10:09:00,2016-05-16,0.0148,5163.0,35.0,21400.0,0.0148,0.0145,0.0145,10000459,2016-06-22,2016-06-22,C,2.15,2015-11-04
17799,2016-05-16 10:10:00,2016-05-16,0.0148,4721.0,32.0,21410.0,0.0145,0.0146,0.0145,10000459,2016-06-22,2016-06-22,C,2.15,2015-11-04
17800,2016-05-16 10:11:00,2016-05-16,0.0148,740.0,5.0,21415.0,0.0146,0.0148,0.0146,10000459,2016-06-22,2016-06-22,C,2.15,2015-11-04
17801,2016-05-16 10:12:00,2016-05-16,0.0149,588.0,4.0,21419.0,0.0148,0.0145,0.0145,10000459,2016-06-22,2016-06-22,C,2.15,2015-11-04
17802,2016-05-16 10:13:00,2016-05-16,0.0145,2903.0,20.0,21436.0,0.0145,0.0145,0.0145,10000459,2016-06-22,2016-06-22,C,2.15,2015-11-04
17803,2016-05-16 10:14:00,2016-05-16,0.0145,0.0,0.0,21436.0,0.0145,0.0145,0.0145,10000459,2016-06-22,2016-06-22,C,2.15,2015-11-04
17804,2016-05-16 10:15:00,2016-05-16,0.0147,735.0,5.0,21436.0,0.0145,0.0147,0.0145,10000459,2016-06-22,2016-06-22,C,2.15,2015-11-04
17805,2016-05-16 10:16:00,2016-05-16,0.0148,296.0,2.0,21436.0,0.0147,0.0148,0.0147,10000459,2016-06-22,2016-06-22,C,2.15,2015-11-04
17806,2016-05-16 10:17:00,2016-05-16,0.0152,1354.0,9.0,21436.0,0.0148,0.0152,0.0148,10000459,2016-06-22,2016-06-22,C,2.15,2015-11-04
17807,2016-05-16 10:18:00,2016-05-16,0.0152,450.0,3.0,21436.0,0.0152,0.015,0.015,10000459,2016-06-22,2016-06-22,C,2.15,2015-11-04
17808,2016-05-16 10:19:00,2016-05-16,0.0152,4548.0,30.0,21456.0,0.015,0.0152,0.015,10000459,2016-06-22,2016-06-22,C,2.15,2015-11-04
17809,2016-05-16 10:20:00,2016-05-16,0.0153,7905.0,52.0,21474.0,0.0152,0.0152,0.0152,10000459,2016-06-22,2016-06-22,C,2.15,2015-11-04
17810,2016-05-16 10:21:00,2016-05-16,0.0152,5163.0,34.0,21484.0,0.0152,0.015,0.015,10000459,2016-06-22,2016-06-22,C,2.15,2015-11-04
17811,2016-05-16 10:22:00,2016-05-16,0.015,4440.0,30.0,21484.0,0.015,0.0147,0.0147,10000459,2016-06-22,2016-06-22,C,2.15,2015-11-04
17812,2016-05-16 10:23:00,2016-05-16,0.015,16064.0,110.0,21563.0,0.0147,0.015,0.0145,10000459,2016-06-22,2016-06-22,C,2.15,2015-11-04
17813,2016-05-16 10:24:00,2016-05-16,0.015,14165.0,95.0,21646.0,0.015,0.0149,0.0149,10000459,2016-06-22,2016-06-22,C,2.15,2015-11-04
17814,2016-05-16 10:25:00,2016-05-16,0.0151,15251.0,102.0,21748.0,0.0149,0.015,0.0147,10000459,2016-06-22,2016-06-22,C,2.15,2015-11-04
17815,2016-05-16 10:26:00,2016-05-16,0.0152,15312.0,102.0,21838.0,0.015,0.0152,0.015,10000459,2016-06-22,2016-06-22,C,2.15,2015-11-04
17816,2016-05-16 10:27:00,2016-05-16,0.0152,4560.0,30.0,21868.0,0.0152,0.0152,0.0152,10000459,2016-06-22,2016-06-22,C,2.15,2015-11-04
17817,2016-05-16 10:28:00,2016-05-16,0.0155,2447.0,16.0,21878.0,0.0152,0.0155,0.0152,10000459,2016-06-22,2016-06-22,C,2.15,2015-11-04
17818,2016-05-16 10:29:00,2016-05-16,0.0156,5129.0,33.0,21897.0,0.0155,0.0155,0.0155,10000459,2016-06-22,2016-06-22,C,2.15,2015-11-04
17819,2016-05-16 10:30:00,2016-05-16,0.0156,312.0,2.0,21899.0,0.0155,0.0156,0.0155,10000459,2016-06-22,2016-06-22,C,2.15,2015-11-04
17820,2016-05-16 10:31:00,2016-05-16,0.0156,155.0,1.0,21900.0,0.0156,0.0155,0.0155,10000459,2016-06-22,2016-06-22,C,2.15,2015-11-04
17821,2016-05-16 10:32:00,2016-05-16,0.0157,7894.0,52.0,21910.0,0.0155,0.0148,0.0148,10000459,2016-06-22,2016-06-22,C,2.15,2015-11-04
17822,2016-05-16 10:33:00,2016-05-16,0.0158,2335.0,15.0,21910.0,0.0148,0.0158,0.0148,10000459,2016-06-22,2016-06-22,C,2.15,2015-11-04
17823,2016-05-16 10:34:00,2016-05-16,0.0158,761.0,5.0,21912.0,0.0158,0.0153,0.0151,10000459,2016-06-22,2016-06-22,C,2.15,2015-11-04
17824,2016-05-16 10:35:00,2016-05-16,0.0156,1533.0,10.0,21904.0,0.0153,0.0153,0.0153,10000459,2016-06-22,2016-06-22,C,2.15,2015-11-04
17825,2016-05-16 10:36:00,2016-05-16,0.0157,4209.0,27.0,21907.0,0.0153,0.0153,0.0153,10000459,2016-06-22,2016-06-22,C,2.15,2015-11-04
17826,2016-05-16 10:37:00,2016-05-16,0.0153,0.0,0.0,21907.0,0.0153,0.0153,0.0153,10000459,2016-06-22,2016-06-22,C,2.15,2015-11-04
17827,2016-05-16 10:38:00,2016-05-16,0.0155,1833.0,12.0,21917.0,0.0153,0.0152,0.0152,10000459,2016-06-22,2016-06-22,C,2.15,2015-11-04
17828,2016-05-16 10:39:00,2016-05-16,0.0154,306.0,2.0,21918.0,0.0152,0.0152,0.0152,10000459,2016-06-22,2016-06-22,C,2.15,2015-11-04
17829,2016-05-16 10:40:00,2016-05-16,0.0152,0.0,0.0,21918.0,0.0152,0.0152,0.0152,10000459,2016-06-22,2016-06-22,C,2.15,2015-11-04
17830,2016-05-16 10:41:00,2016-05-16,0.0152,0.0,0.0,21918.0,0.0152,0.0152,0.0152,10000459,2016-06-22,2016-06-22,C,2.15,2015-11-04
17831,2016-05-16 10:42:00,2016-05-16,0.0152,0.0,0.0,21918.0,0.0152,0.0152,0.0152,10000459,2016-06-22,2016-06-22,C,2.15,2015-11-04
17832,2016-05-16 10:43:00,2016-05-16,0.0153,1836.0,12.0,21916.0,0.0152,0.0153,0.0152,10000459,2016-06-22,2016-06-22,C,2.15,2015-11-04
17833,2016-05-16 10:44:00,2016-05-16,0.0153,4264.0,28.0,21931.0,0.0153,0.0153,0.0152,10000459,2016-06-22,2016-06-22,C,2.15,2015-11-04
17834,2016-05-16 10:45:00,2016-05-16,0.0153,608.0,4.0,21934.0,0.0153,0.0151,0.0151,10000459,2016-06-22,2016-06-22,C,2.15,2015-11-04
17835,2016-05-16 10:46:00,2016-05-16,0.0151,906.0,6.0,21939.0,0.0151,0.0151,0.0151,10000459,2016-06-22,2016-06-22,C,2.15,2015-11-04
17836,2016-05-16 10:47:00,2016-05-16,0.0152,3024.0,20.0,21949.0,0.0151,0.0151,0.0151,10000459,2016-06-22,2016-06-22,C,2.15,2015-11-04
17837,2016-05-16 10:48:00,2016-05-16,0.0153,1377.0,9.0,21949.0,0.0151,0.0153,0.0151,10000459,2016-06-22,2016-06-22,C,2.15,2015-11-04
17838,2016-05-16 10:49:00,2016-05-16,0.0157,6266.0,40.0,21969.0,0.0153,0.0157,0.0153,10000459,2016-06-22,2016-06-22,C,2.15,2015-11-04
17839,2016-05-16 10:50:00,2016-05-16,0.016,7445.0,47.0,22016.0,0.0157,0.016,0.0156,10000459,2016-06-22,2016-06-22,C,2.15,2015-11-04
17840,2016-05-16 10:51:00,2016-05-16,0.0162,6600.0,41.0,22056.0,0.016,0.0162,0.016,10000459,2016-06-22,2016-06-22,C,2.15,2015-11-04
17841,2016-05-16 10:52:00,2016-05-16,0.0164,3280.0,20.0,22060.0,0.0162,0.0164,0.0162,10000459,2016-06-22,2016-06-22,C,2.15,2015-11-04
17842,2016-05-16 10:53:00,2016-05-16,0.0164,8636.0,53.0,22067.0,0.0164,0.0163,0.0162,10000459,2016-06-22,2016-06-22,C,2.15,2015-11-04
17843,2016-05-16 10:54:00,2016-05-16,0.0163,8262.0,51.0,22088.0,0.0163,0.0163,0.016,10000459,2016-06-22,2016-06-22,C,2.15,2015-11-04
17844,2016-05-16 10:55:00,2016-05-16,0.0164,14640.0,90.0,22168.0,0.0163,0.0164,0.0161,10000459,2016-06-22,2016-06-22,C,2.15,2015-11-04
17845,2016-05-16 10:56:00,2016-05-16,0.0167,8465.0,51.0,22183.0,0.0164,0.0167,0.0164,10000459,2016-06-22,2016-06-22,C,2.15,2015-11-04
17846,2016-05-16 10:57:00,2016-05-16,0.0167,6817.0,41.0,22157.0,0.0167,0.0167,0.0166,10000459,2016-06-22,2016-06-22,C,2.15,2015-11-04
17847,2016-05-16 10:58:00,2016-05-16,0.0168,7825.0,47.0,22196.0,0.0167,0.0168,0.0162,10000459,2016-06-22,2016-06-22,C,2.15,2015-11-04
17848,2016-05-16 10:59:00,2016-05-16,0.0171,20557.0,121.0,22239.0,0.0168,0.0171,0.0168,10000459,2016-06-22,2016-06-22,C,2.15,2015-11-04
17849,2016-05-16 11:00:00,2016-05-16,0.0173,5340.0,31.0,22259.0,0.0171,0.0173,0.0171,10000459,2016-06-22,2016-06-22,C,2.15,2015-11-04
17850,2016-05-16 11:01:00,2016-05-16,0.0176,3675.0,21.0,22269.0,0.0173,0.0176,0.0173,10000459,2016-06-22,2016-06-22,C,2.15,2015-11-04
17851,2016-05-16 11:02:00,2016-05-16,0.0177,10037.0,58.0,22248.0,0.0176,0.017,0.017,10000459,2016-06-22,2016-06-22,C,2.15,2015-11-04
17852,2016-05-16 11:03:00,2016-05-16,0.017,2530.0,15.0,22243.0,0.017,0.0168,0.0168,10000459,2016-06-22,2016-06-22,C,2.15,2015-11-04
17853,2016-05-16 11:04:00,2016-05-16,0.0168,9990.0,60.0,22253.0,0.0168,0.0165,0.0165,10000459,2016-06-22,2016-06-22,C,2.15,2015-11-04
17854,2016-05-16 11:05:00,2016-05-16,0.0165,0.0,0.0,22253.0,0.0165,0.0165,0.0165,10000459,2016-06-22,2016-06-22,C,2.15,2015-11-04
17855,2016-05-16 11:06:00,2016-05-16,0.0165,330.0,2.0,22255.0,0.0165,0.0165,0.0165,10000459,2016-06-22,2016-06-22,C,2.15,2015-11-04
17856,2016-05-16 11:07:00,2016-05-16,0.0166,992.0,6.0,22255.0,0.0165,0.0165,0.0165,10000459,2016-06-22,2016-06-22,C,2.15,2015-11-04
17857,2016-05-16 11:08:00,2016-05-16,0.0165,4290.0,26.0,22234.0,0.0165,0.0165,0.0165,10000459,2016-06-22,2016-06-22,C,2.15,2015-11-04
17858,2016-05-16 11:09:00,2016-05-16,0.0165,2955.0,18.0,22241.0,0.0165,0.0165,0.0164,10000459,2016-06-22,2016-06-22,C,2.15,2015-11-04
17859,2016-05-16 11:10:00,2016-05-16,0.0168,8113.0,49.0,22235.0,0.0165,0.0164,0.0164,10000459,2016-06-22,2016-06-22,C,2.15,2015-11-04
17860,2016-05-16 11:11:00,2016-05-16,0.0164,0.0,0.0,22235.0,0.0164,0.0164,0.0164,10000459,2016-06-22,2016-06-22,C,2.15,2015-11-04
17861,2016-05-16 11:12:00,2016-05-16,0.0168,1152.0,7.0,22237.0,0.0168,0.0164,0.0163,10000459,2016-06-22,2016-06-22,C,2.15,2015-11-04
17862,2016-05-16 11:13:00,2016-05-16,0.0164,4683.0,29.0,22228.0,0.0164,0.016,0.016,10000459,2016-06-22,2016-06-22,C,2.15,2015-11-04
17863,2016-05-16 11:14:00,2016-05-16,0.0167,662.0,4.0,22230.0,0.016,0.0165,0.016,10000459,2016-06-22,2016-06-22,C,2.15,2015-11-04
17864,2016-05-16 11:15:00,2016-05-16,0.0167,1817.0,11.0,22231.0,0.0165,0.0167,0.0165,10000459,2016-06-22,2016-06-22,C,2.15,2015-11-04
17865,2016-05-16 11:16:00,2016-05-16,0.0168,4863.0,29.0,22260.0,0.0167,0.0167,0.0167,10000459,2016-06-22,2016-06-22,C,2.15,2015-11-04
17866,2016-05-16 11:17:00,2016-05-16,0.0167,0.0,0.0,22260.0,0.0167,0.0167,0.0167,10000459,2016-06-22,2016-06-22,C,2.15,2015-11-04
17867,2016-05-16 11:18:00,2016-05-16,0.0167,492.0,3.0,22261.0,0.0167,0.0164,0.0164,10000459,2016-06-22,2016-06-22,C,2.15,2015-11-04
17868,2016-05-16 11:19:00,2016-05-16,0.0164,1804.0,11.0,22268.0,0.0164,0.0164,0.0164,10000459,2016-06-22,2016-06-22,C,2.15,2015-11-04
17869,2016-05-16 11:20:00,2016-05-16,0.0166,658.0,4.0,22270.0,0.0164,0.0166,0.0164,10000459,2016-06-22,2016-06-22,C,2.15,2015-11-04
17870,2016-05-16 11:21:00,2016-05-16,0.0166,1640.0,10.0,22280.0,0.0166,0.0164,0.0164,10000459,2016-06-22,2016-06-22,C,2.15,2015-11-04
17871,2016-05-16 11:22:00,2016-05-16,0.0165,818.0,5.0,22281.0,0.0164,0.0163,0.0163,10000459,2016-06-22,2016-06-22,C,2.15,2015-11-04
17872,2016-05-16 11:23:00,2016-05-16,0.0163,0.0,0.0,22281.0,0.0163,0.0163,0.0163,10000459,2016-06-22,2016-06-22,C,2.15,2015-11-04
17873,2016-05-16 11:24:00,2016-05-16,0.0163,1304.0,8.0,22288.0,0.0163,0.0163,0.0163,10000459,2016-06-22,2016-06-22,C,2.15,2015-11-04
17874,2016-05-16 11:25:00,2016-05-16,0.0163,1792.0,11.0,22299.0,0.0163,0.0162,0.0162,10000459,2016-06-22,2016-06-22,C,2.15,2015-11-04
17875,2016-05-16 11:26:00,2016-05-16,0.0163,163.0,1.0,22299.0,0.0163,0.0163,0.0163,10000459,2016-06-22,2016-06-22,C,2.15,2015-11-04
17876,2016-05-16 11:27:00,2016-05-16,0.0163,163.0,1.0,22299.0,0.0163,0.0163,0.0163,10000459,2016-06-22,2016-06-22,C,2.15,2015-11-04
17877,2016-05-16 11:28:00,2016-05-16,0.0165,1650.0,10.0,22289.0,0.0163,0.0165,0.0163,10000459,2016-06-22,2016-06-22,C,2.15,2015-11-04
17878,2016-05-16 11:29:00,2016-05-16,0.0165,0.0,0.0,22289.0,0.0165,0.0165,0.0165,10000459,2016-06-22,2016-06-22,C,2.15,2015-11-04
17879,2016-05-16 11:30:00,2016-05-16,0.0165,3524.0,22.0,22270.0,0.0165,0.0162,0.016,10000459,2016-06-22,2016-06-22,C,2.15,2015-11-04
17880,2016-05-16 13:01:00,2016-05-16,0.0162,1947.0,12.0,22270.0,0.0162,0.0162,0.0162,10000459,2016-06-22,2016-06-22,C,2.15,2015-11-04
17881,2016-05-16 13:02:00,2016-05-16,0.0162,4134.0,26.0,22294.0,0.0162,0.0159,0.0159,10000459,2016-06-22,2016-06-22,C,2.15,2015-11-04
17882,2016-05-16 13:03:00,2016-05-16,0.0159,0.0,0.0,22294.0,0.0159,0.0159,0.0159,10000459,2016-06-22,2016-06-22,C,2.15,2015-11-04
17883,2016-05-16 13:04:00,2016-05-16,0.0159,4083.0,26.0,22314.0,0.0159,0.0157,0.0157,10000459,2016-06-22,2016-06-22,C,2.15,2015-11-04
17884,2016-05-16 13:05:00,2016-05-16,0.0157,0.0,0.0,22314.0,0.0157,0.0157,0.0157,10000459,2016-06-22,2016-06-22,C,2.15,2015-11-04
17885,2016-05-16 13:06:00,2016-05-16,0.0159,159.0,1.0,22314.0,0.0157,0.0159,0.0157,10000459,2016-06-22,2016-06-22,C,2.15,2015-11-04
17886,2016-05-16 13:07:00,2016-05-16,0.0159,631.0,4.0,22314.0,0.0159,0.0157,0.0157,10000459,2016-06-22,2016-06-22,C,2.15,2015-11-04
17887,2016-05-16 13:08:00,2016-05-16,0.0158,946.0,6.0,22316.0,0.0157,0.0156,0.0156,10000459,2016-06-22,2016-06-22,C,2.15,2015-11-04
17888,2016-05-16 13:09:00,2016-05-16,0.0156,0.0,0.0,22316.0,0.0156,0.0156,0.0156,10000459,2016-06-22,2016-06-22,C,2.15,2015-11-04
17889,2016-05-16 13:10:00,2016-05-16,0.0159,6350.0,40.0,22356.0,0.0156,0.0159,0.0156,10000459,2016-06-22,2016-06-22,C,2.15,2015-11-04
17890,2016-05-16 13:11:00,2016-05-16,0.0159,3180.0,20.0,22376.0,0.0159,0.0159,0.0159,10000459,2016-06-22,2016-06-22,C,2.15,2015-11-04
17891,2016-05-16 13:12:00,2016-05-16,0.0159,6325.0,40.0,22411.0,0.0159,0.0158,0.0158,10000459,2016-06-22,2016-06-22,C,2.15,2015-11-04
17892,2016-05-16 13:13:00,2016-05-16,0.0158,3160.0,20.0,22431.0,0.0158,0.0158,0.0158,10000459,2016-06-22,2016-06-22,C,2.15,2015-11-04
17893,2016-05-16 13:14:00,2016-05-16,0.0158,0.0,0.0,22431.0,0.0158,0.0158,0.0158,10000459,2016-06-22,2016-06-22,C,2.15,2015-11-04
17894,2016-05-16 13:15:00,2016-05-16,0.0158,1580.0,10.0,22441.0,0.0158,0.0158,0.0158,10000459,2016-06-22,2016-06-22,C,2.15,2015-11-04
17895,2016-05-16 13:16:00,2016-05-16,0.0158,1580.0,10.0,22451.0,0.0158,0.0158,0.0158,10000459,2016-06-22,2016-06-22,C,2.15,2015-11-04
17896,2016-05-16 13:17:00,2016-05-16,0.0158,0.0,0.0,22451.0,0.0158,0.0158,0.0158,10000459,2016-06-22,2016-06-22,C,2.15,2015-11-04
17897,2016-05-16 13:18:00,2016-05-16,0.0158,1580.0,10.0,22461.0,0.0158,0.0158,0.0158,10000459,2016-06-22,2016-06-22,C,2.15,2015-11-04
17898,2016-05-16 13:19:00,2016-05-16,0.0158,3950.0,25.0,22485.0,0.0158,0.0158,0.0158,10000459,2016-06-22,2016-06-22,C,2.15,2015-11-04
17899,2016-05-16 13:20:00,2016-05-16,0.0159,2031.0,13.0,22497.0,0.0158,0.0156,0.0156,10000459,2016-06-22,2016-06-22,C,2.15,2015-11-04
17900,2016-05-16 13:21:00,2016-05-16,0.0156,3588.0,23.0,22498.0,0.0156,0.0156,0.0156,10000459,2016-06-22,2016-06-22,C,2.15,2015-11-04
17901,2016-05-16 13:22:00,2016-05-16,0.0157,3130.0,20.0,22508.0,0.0156,0.0157,0.0156,10000459,2016-06-22,2016-06-22,C,2.15,2015-11-04
17902,2016-05-16 13:23:00,2016-05-16,0.0157,0.0,0.0,22508.0,0.0157,0.0157,0.0157,10000459,2016-06-22,2016-06-22,C,2.15,2015-11-04
17903,2016-05-16 13:24:00,2016-05-16,0.0157,0.0,0.0,22508.0,0.0157,0.0157,0.0157,10000459,2016-06-22,2016-06-22,C,2.15,2015-11-04
17904,2016-05-16 13:25:00,2016-05-16,0.0157,156.0,1.0,22509.0,0.0157,0.0156,0.0156,10000459,2016-06-22,2016-06-22,C,2.15,2015-11-04
17905,2016-05-16 13:26:00,2016-05-16,0.0156,6230.0,40.0,22530.0,0.0156,0.0155,0.0155,10000459,2016-06-22,2016-06-22,C,2.15,2015-11-04
17906,2016-05-16 13:27:00,2016-05-16,0.0155,3161.0,21.0,22542.0,0.0155,0.015,0.015,10000459,2016-06-22,2016-06-22,C,2.15,2015-11-04
17907,2016-05-16 13:28:00,2016-05-16,0.0155,10958.0,73.0,22574.0,0.015,0.0155,0.015,10000459,2016-06-22,2016-06-22,C,2.15,2015-11-04
17908,2016-05-16 13:29:00,2016-05-16,0.0157,3140.0,20.0,22594.0,0.0155,0.0157,0.0155,10000459,2016-06-22,2016-06-22,C,2.15,2015-11-04
17909,2016-05-16 13:30:00,2016-05-16,0.0158,3624.0,23.0,22604.0,0.0157,0.0158,0.0157,10000459,2016-06-22,2016-06-22,C,2.15,2015-11-04
17910,2016-05-16 13:31:00,2016-05-16,0.0158,0.0,0.0,22604.0,0.0158,0.0158,0.0158,10000459,2016-06-22,2016-06-22,C,2.15,2015-11-04
17911,2016-05-16 13:32:00,2016-05-16,0.0158,2310.0,15.0,22599.0,0.0158,0.0154,0.0154,10000459,2016-06-22,2016-06-22,C,2.15,2015-11-04
17912,2016-05-16 13:33:00,2016-05-16,0.0158,8631.0,55.0,22627.0,0.0154,0.0158,0.0154,10000459,2016-06-22,2016-06-22,C,2.15,2015-11-04
17913,2016-05-16 13:34:00,2016-05-16,0.0158,0.0,0.0,22627.0,0.0158,0.0158,0.0158,10000459,2016-06-22,2016-06-22,C,2.15,2015-11-04
17914,2016-05-16 13:35:00,2016-05-16,0.0159,318.0,2.0,22627.0,0.0158,0.0159,0.0158,10000459,2016-06-22,2016-06-22,C,2.15,2015-11-04
17915,2016-05-16 13:36:00,2016-05-16,0.0159,6360.0,40.0,22629.0,0.0159,0.0159,0.0159,10000459,2016-06-22,2016-06-22,C,2.15,2015-11-04
17916,2016-05-16 13:37:00,2016-05-16,0.0159,0.0,0.0,22629.0,0.0159,0.0159,0.0159,10000459,2016-06-22,2016-06-22,C,2.15,2015-11-04
17917,2016-05-16 13:38:00,2016-05-16,0.0159,0.0,0.0,22629.0,0.0159,0.0159,0.0159,10000459,2016-06-22,2016-06-22,C,2.15,2015-11-04
17918,2016-05-16 13:39:00,2016-05-16,0.016,625.0,4.0,22633.0,0.016,0.0155,0.0155,10000459,2016-06-22,2016-06-22,C,2.15,2015-11-04
17919,2016-05-16 13:40:00,2016-05-16,0.0159,624.0,4.0,22635.0,0.0155,0.0155,0.0155,10000459,2016-06-22,2016-06-22,C,2.15,2015-11-04
17920,2016-05-16 13:41:00,2016-05-16,0.0155,155.0,1.0,22636.0,0.0155,0.0155,0.0155,10000459,2016-06-22,2016-06-22,C,2.15,2015-11-04
17921,2016-05-16 13:42:00,2016-05-16,0.0159,1900.0,12.0,22648.0,0.0155,0.0159,0.0155,10000459,2016-06-22,2016-06-22,C,2.15,2015-11-04
17922,2016-05-16 13:43:00,2016-05-16,0.0159,942.0,6.0,22650.0,0.0159,0.0159,0.0156,10000459,2016-06-22,2016-06-22,C,2.15,2015-11-04
17923,2016-05-16 13:44:00,2016-05-16,0.0159,3120.0,20.0,22650.0,0.0159,0.0156,0.0156,10000459,2016-06-22,2016-06-22,C,2.15,2015-11-04
17924,2016-05-16 13:45:00,2016-05-16,0.0156,0.0,0.0,22650.0,0.0156,0.0156,0.0156,10000459,2016-06-22,2016-06-22,C,2.15,2015-11-04
17925,2016-05-16 13:46:00,2016-05-16,0.0156,0.0,0.0,22650.0,0.0156,0.0156,0.0156,10000459,2016-06-22,2016-06-22,C,2.15,2015-11-04
17926,2016-05-16 13:47:00,2016-05-16,0.0156,0.0,0.0,22650.0,0.0156,0.0156,0.0156,10000459,2016-06-22,2016-06-22,C,2.15,2015-11-04
17927,2016-05-16 13:48:00,2016-05-16,0.0156,0.0,0.0,22650.0,0.0156,0.0156,0.0156,10000459,2016-06-22,2016-06-22,C,2.15,2015-11-04
17928,2016-05-16 13:49:00,2016-05-16,0.0156,0.0,0.0,22650.0,0.0156,0.0156,0.0156,10000459,2016-06-22,2016-06-22,C,2.15,2015-11-04
17929,2016-05-16 13:50:00,2016-05-16,0.0159,1590.0,10.0,22650.0,0.0156,0.0159,0.0156,10000459,2016-06-22,2016-06-22,C,2.15,2015-11-04
17930,2016-05-16 13:51:00,2016-05-16,0.0159,0.0,0.0,22650.0,0.0159,0.0159,0.0159,10000459,2016-06-22,2016-06-22,C,2.15,2015-11-04
17931,2016-05-16 13:52:00,2016-05-16,0.0159,1894.0,12.0,22642.0,0.0159,0.0157,0.0157,10000459,2016-06-22,2016-06-22,C,2.15,2015-11-04
17932,2016-05-16 13:53:00,2016-05-16,0.0159,1739.0,11.0,22652.0,0.0157,0.0159,0.0157,10000459,2016-06-22,2016-06-22,C,2.15,2015-11-04
17933,2016-05-16 13:54:00,2016-05-16,0.0159,2216.0,14.0,22655.0,0.0159,0.0157,0.0157,10000459,2016-06-22,2016-06-22,C,2.15,2015-11-04
17934,2016-05-16 13:55:00,2016-05-16,0.0157,0.0,0.0,22655.0,0.0157,0.0157,0.0157,10000459,2016-06-22,2016-06-22,C,2.15,2015-11-04
17935,2016-05-16 13:56:00,2016-05-16,0.0164,6518.0,40.0,22657.0,0.0157,0.0162,0.0157,10000459,2016-06-22,2016-06-22,C,2.15,2015-11-04
17936,2016-05-16 13:57:00,2016-05-16,0.0162,162.0,1.0,22657.0,0.0162,0.0162,0.0162,10000459,2016-06-22,2016-06-22,C,2.15,2015-11-04
17937,2016-05-16 13:58:00,2016-05-16,0.0163,1464.0,9.0,22657.0,0.0162,0.0163,0.0162,10000459,2016-06-22,2016-06-22,C,2.15,2015-11-04
17938,2016-05-16 13:59:00,2016-05-16,0.0164,983.0,6.0,22662.0,0.0163,0.0163,0.0163,10000459,2016-06-22,2016-06-22,C,2.15,2015-11-04
17939,2016-05-16 14:00:00,2016-05-16,0.0164,1640.0,10.0,22672.0,0.0163,0.0164,0.0163,10000459,2016-06-22,2016-06-22,C,2.15,2015-11-04
17940,2016-05-16 14:01:00,2016-05-16,0.0164,2785.0,17.0,22686.0,0.0164,0.0163,0.0163,10000459,2016-06-22,2016-06-22,C,2.15,2015-11-04
17941,2016-05-16 14:02:00,2016-05-16,0.0163,1108.0,7.0,22691.0,0.0163,0.0158,0.0158,10000459,2016-06-22,2016-06-22,C,2.15,2015-11-04
17942,2016-05-16 14:03:00,2016-05-16,0.0158,0.0,0.0,22691.0,0.0158,0.0158,0.0158,10000459,2016-06-22,2016-06-22,C,2.15,2015-11-04
17943,2016-05-16 14:04:00,2016-05-16,0.0158,158.0,1.0,22690.0,0.0158,0.0158,0.0158,10000459,2016-06-22,2016-06-22,C,2.15,2015-11-04
17944,2016-05-16 14:05:00,2016-05-16,0.0158,312.0,2.0,22691.0,0.0158,0.0156,0.0156,10000459,2016-06-22,2016-06-22,C,2.15,2015-11-04
17945,2016-05-16 14:06:00,2016-05-16,0.0156,0.0,0.0,22691.0,0.0156,0.0156,0.0156,10000459,2016-06-22,2016-06-22,C,2.15,2015-11-04
17946,2016-05-16 14:07:00,2016-05-16,0.0156,2964.0,19.0,22690.0,0.0156,0.0156,0.0156,10000459,2016-06-22,2016-06-22,C,2.15,2015-11-04
17947,2016-05-16 14:08:00,2016-05-16,0.0156,312.0,2.0,22692.0,0.0156,0.0156,0.0156,10000459,2016-06-22,2016-06-22,C,2.15,2015-11-04
17948,2016-05-16 14:09:00,2016-05-16,0.0156,155.0,1.0,22692.0,0.0156,0.0155,0.0155,10000459,2016-06-22,2016-06-22,C,2.15,2015-11-04
17949,2016-05-16 14:10:00,2016-05-16,0.0155,310.0,2.0,22694.0,0.0155,0.0155,0.0155,10000459,2016-06-22,2016-06-22,C,2.15,2015-11-04
17950,2016-05-16 14:11:00,2016-05-16,0.0157,1570.0,10.0,22704.0,0.0157,0.0157,0.0157,10000459,2016-06-22,2016-06-22,C,2.15,2015-11-04
17951,2016-05-16 14:12:00,2016-05-16,0.0157,471.0,3.0,22706.0,0.0157,0.0157,0.0157,10000459,2016-06-22,2016-06-22,C,2.15,2015-11-04
17952,2016-05-16 14:13:00,2016-05-16,0.0157,0.0,0.0,22706.0,0.0157,0.0157,0.0157,10000459,2016-06-22,2016-06-22,C,2.15,2015-11-04
17953,2016-05-16 14:14:00,2016-05-16,0.0157,0.0,0.0,22706.0,0.0157,0.0157,0.0157,10000459,2016-06-22,2016-06-22,C,2.15,2015-11-04
17954,2016-05-16 14:15:00,2016-05-16,0.0157,930.0,6.0,22710.0,0.0157,0.0155,0.0155,10000459,2016-06-22,2016-06-22,C,2.15,2015-11-04
17955,2016-05-16 14:16:00,2016-05-16,0.0155,27235.0,179.0,22757.0,0.0155,0.0148,0.0148,10000459,2016-06-22,2016-06-22,C,2.15,2015-11-04
17956,2016-05-16 14:17:00,2016-05-16,0.015,3150.0,21.0,22758.0,0.0148,0.015,0.0148,10000459,2016-06-22,2016-06-22,C,2.15,2015-11-04
17957,2016-05-16 14:18:00,2016-05-16,0.015,1341.0,9.0,22760.0,0.015,0.0149,0.0148,10000459,2016-06-22,2016-06-22,C,2.15,2015-11-04
17958,2016-05-16 14:19:00,2016-05-16,0.015,2400.0,16.0,22776.0,0.0149,0.015,0.0149,10000459,2016-06-22,2016-06-22,C,2.15,2015-11-04
17959,2016-05-16 14:20:00,2016-05-16,0.0152,907.0,6.0,22779.0,0.015,0.0151,0.015,10000459,2016-06-22,2016-06-22,C,2.15,2015-11-04
17960,2016-05-16 14:21:00,2016-05-16,0.0152,455.0,3.0,22780.0,0.0151,0.0151,0.0151,10000459,2016-06-22,2016-06-22,C,2.15,2015-11-04
17961,2016-05-16 14:22:00,2016-05-16,0.0151,1812.0,12.0,22778.0,0.0151,0.0151,0.0151,10000459,2016-06-22,2016-06-22,C,2.15,2015-11-04
17962,2016-05-16 14:23:00,2016-05-16,0.0151,2114.0,14.0,22778.0,0.0151,0.0151,0.0151,10000459,2016-06-22,2016-06-22,C,2.15,2015-11-04
17963,2016-05-16 14:24:00,2016-05-16,0.0151,1510.0,10.0,22778.0,0.0151,0.0151,0.0151,10000459,2016-06-22,2016-06-22,C,2.15,2015-11-04
17964,2016-05-16 14:25:00,2016-05-16,0.0152,2275.0,15.0,22788.0,0.0151,0.0152,0.0151,10000459,2016-06-22,2016-06-22,C,2.15,2015-11-04
17965,2016-05-16 14:26:00,2016-05-16,0.0152,0.0,0.0,22788.0,0.0152,0.0152,0.0152,10000459,2016-06-22,2016-06-22,C,2.15,2015-11-04
17966,2016-05-16 14:27:00,2016-05-16,0.0152,912.0,6.0,22794.0,0.0152,0.0152,0.0152,10000459,2016-06-22,2016-06-22,C,2.15,2015-11-04
17967,2016-05-16 14:28:00,2016-05-16,0.0152,755.0,5.0,22794.0,0.0152,0.0151,0.0151,10000459,2016-06-22,2016-06-22,C,2.15,2015-11-04
17968,2016-05-16 14:29:00,2016-05-16,0.0152,6618.0,44.0,22831.0,0.0151,0.0152,0.015,10000459,2016-06-22,2016-06-22,C,2.15,2015-11-04
17969,2016-05-16 14:30:00,2016-05-16,0.0152,1671.0,11.0,22842.0,0.0152,0.0151,0.0151,10000459,2016-06-22,2016-06-22,C,2.15,2015-11-04
17970,2016-05-16 14:31:00,2016-05-16,0.0154,3063.0,20.0,22858.0,0.0151,0.0152,0.0151,10000459,2016-06-22,2016-06-22,C,2.15,2015-11-04
17971,2016-05-16 14:32:00,2016-05-16,0.0154,3225.0,21.0,22860.0,0.0152,0.0154,0.0152,10000459,2016-06-22,2016-06-22,C,2.15,2015-11-04
17972,2016-05-16 14:33:00,2016-05-16,0.0154,1078.0,7.0,22860.0,0.0154,0.0154,0.0154,10000459,2016-06-22,2016-06-22,C,2.15,2015-11-04
17973,2016-05-16 14:34:00,2016-05-16,0.0155,464.0,3.0,22861.0,0.0154,0.0154,0.0154,10000459,2016-06-22,2016-06-22,C,2.15,2015-11-04
17974,2016-05-16 14:35:00,2016-05-16,0.0155,3862.0,25.0,22886.0,0.0154,0.0155,0.0154,10000459,2016-06-22,2016-06-22,C,2.15,2015-11-04
17975,2016-05-16 14:36:00,2016-05-16,0.0155,2778.0,18.0,22904.0,0.0155,0.0154,0.0154,10000459,2016-06-22,2016-06-22,C,2.15,2015-11-04
17976,2016-05-16 14:37:00,2016-05-16,0.0161,15895.0,101.0,22946.0,0.0154,0.0161,0.0154,10000459,2016-06-22,2016-06-22,C,2.15,2015-11-04
17977,2016-05-16 14:38:00,2016-05-16,0.0161,3703.0,23.0,22954.0,0.0161,0.0161,0.0161,10000459,2016-06-22,2016-06-22,C,2.15,2015-11-04
17978,2016-05-16 14:39:00,2016-05-16,0.0162,3552.0,22.0,22974.0,0.0161,0.0161,0.0161,10000459,2016-06-22,2016-06-22,C,2.15,2015-11-04
17979,2016-05-16 14:40:00,2016-05-16,0.0161,159.0,1.0,22975.0,0.0161,0.0159,0.0159,10000459,2016-06-22,2016-06-22,C,2.15,2015-11-04
17980,2016-05-16 14:41:00,2016-05-16,0.016,640.0,4.0,22977.0,0.0159,0.016,0.0159,10000459,2016-06-22,2016-06-22,C,2.15,2015-11-04
17981,2016-05-16 14:42:00,2016-05-16,0.016,0.0,0.0,22977.0,0.016,0.016,0.016,10000459,2016-06-22,2016-06-22,C,2.15,2015-11-04
17982,2016-05-16 14:43:00,2016-05-16,0.0161,9010.0,56.0,22963.0,0.016,0.016,0.016,10000459,2016-06-22,2016-06-22,C,2.15,2015-11-04
17983,2016-05-16 14:44:00,2016-05-16,0.016,0.0,0.0,22963.0,0.016,0.016,0.016,10000459,2016-06-22,2016-06-22,C,2.15,2015-11-04
17984,2016-05-16 14:45:00,2016-05-16,0.016,0.0,0.0,22963.0,0.016,0.016,0.016,10000459,2016-06-22,2016-06-22,C,2.15,2015-11-04
17985,2016-05-16 14:46:00,2016-05-16,0.016,0.0,0.0,22963.0,0.016,0.016,0.016,10000459,2016-06-22,2016-06-22,C,2.15,2015-11-04
17986,2016-05-16 14:47:00,2016-05-16,0.016,320.0,2.0,22961.0,0.016,0.016,0.016,10000459,2016-06-22,2016-06-22,C,2.15,2015-11-04
17987,2016-05-16 14:48:00,2016-05-16,0.0161,4820.0,30.0,22971.0,0.016,0.0161,0.016,10000459,2016-06-22,2016-06-22,C,2.15,2015-11-04
17988,2016-05-16 14:49:00,2016-05-16,0.0163,2435.0,15.0,22969.0,0.0161,0.0163,0.0161,10000459,2016-06-22,2016-06-22,C,2.15,2015-11-04
17989,2016-05-16 14:50:00,2016-05-16,0.0164,1474.0,9.0,22971.0,0.0163,0.0164,0.0163,10000459,2016-06-22,2016-06-22,C,2.15,2015-11-04
17990,2016-05-16 14:51:00,2016-05-16,0.0164,2784.0,17.0,22975.0,0.0164,0.0163,0.0163,10000459,2016-06-22,2016-06-22,C,2.15,2015-11-04
17991,2016-05-16 14:52:00,2016-05-16,0.0164,1640.0,10.0,22975.0,0.0163,0.0164,0.0163,10000459,2016-06-22,2016-06-22,C,2.15,2015-11-04
17992,2016-05-16 14:53:00,2016-05-16,0.0164,0.0,0.0,22975.0,0.0164,0.0164,0.0164,10000459,2016-06-22,2016-06-22,C,2.15,2015-11-04
17993,2016-05-16 14:54:00,2016-05-16,0.0164,3250.0,20.0,22995.0,0.0164,0.0162,0.0162,10000459,2016-06-22,2016-06-22,C,2.15,2015-11-04
17994,2016-05-16 14:55:00,2016-05-16,0.0162,0.0,0.0,22995.0,0.0162,0.0162,0.0162,10000459,2016-06-22,2016-06-22,C,2.15,2015-11-04
17995,2016-05-16 14:56:00,2016-05-16,0.0162,2095.0,13.0,23007.0,0.0162,0.0161,0.0161,10000459,2016-06-22,2016-06-22,C,2.15,2015-11-04
17996,2016-05-16 14:57:00,2016-05-16,0.0161,320.0,2.0,23007.0,0.0161,0.016,0.016,10000459,2016-06-22,2016-06-22,C,2.15,2015-11-04
17997,2016-05-16 14:58:00,2016-05-16,0.016,0.0,0.0,23007.0,0.016,0.016,0.016,10000459,2016-06-22,2016-06-22,C,2.15,2015-11-04
17998,2016-05-16 14:59:00,2016-05-16,0.016,0.0,0.0,23007.0,0.016,0.016,0.016,10000459,2016-06-22,2016-06-22,C,2.15,2015-11-04
17999,2016-05-16 15:00:00,2016-05-16,0.016,0.0,0.0,23007.0,0.016,0.016,0.016,10000459,2016-06-22,2016-06-22,C,2.15,2015-11-04
18000,2016-05-16 09:31:00,2016-05-16,0.0039,0.0,0.0,31248.0,0.0039,0.0039,0.0039,10000568,2016-06-22,2016-06-22,P,1.8,2016-01-29
18001,2016-05-16 09:32:00,2016-05-16,0.0039,0.0,0.0,31248.0,0.0039,0.0039,0.0039,10000568,2016-06-22,2016-06-22,P,1.8,2016-01-29
18002,2016-05-16 09:33:00,2016-05-16,0.0039,0.0,0.0,31248.0,0.0039,0.0039,0.0039,10000568,2016-06-22,2016-06-22,P,1.8,2016-01-29
18003,2016-05-16 09:34:00,2016-05-16,0.0039,0.0,0.0,31248.0,0.0039,0.0039,0.0039,10000568,2016-06-22,2016-06-22,P,1.8,2016-01-29
18004,2016-05-16 09:35:00,2016-05-16,0.0043,471.0,11.0,31259.0,0.0039,0.0043,0.0039,10000568,2016-06-22,2016-06-22,P,1.8,2016-01-29
18005,2016-05-16 09:36:00,2016-05-16,0.0043,832.0,20.0,31278.0,0.0043,0.0041,0.0041,10000568,2016-06-22,2016-06-22,P,1.8,2016-01-29
18006,2016-05-16 09:37:00,2016-05-16,0.0041,400.0,10.0,31288.0,0.0041,0.004,0.004,10000568,2016-06-22,2016-06-22,P,1.8,2016-01-29
18007,2016-05-16 09:38:00,2016-05-16,0.004,0.0,0.0,31288.0,0.004,0.004,0.004,10000568,2016-06-22,2016-06-22,P,1.8,2016-01-29
18008,2016-05-16 09:39:00,2016-05-16,0.004,40.0,1.0,31289.0,0.004,0.004,0.004,10000568,2016-06-22,2016-06-22,P,1.8,2016-01-29
18009,2016-05-16 09:40:00,2016-05-16,0.004,39.0,1.0,31290.0,0.004,0.0039,0.0039,10000568,2016-06-22,2016-06-22,P,1.8,2016-01-29
18010,2016-05-16 09:41:00,2016-05-16,0.0039,0.0,0.0,31290.0,0.0039,0.0039,0.0039,10000568,2016-06-22,2016-06-22,P,1.8,2016-01-29
18011,2016-05-16 09:42:00,2016-05-16,0.0039,39.0,1.0,31291.0,0.0039,0.0039,0.0039,10000568,2016-06-22,2016-06-22,P,1.8,2016-01-29
18012,2016-05-16 09:43:00,2016-05-16,0.0039,0.0,0.0,31291.0,0.0039,0.0039,0.0039,10000568,2016-06-22,2016-06-22,P,1.8,2016-01-29
18013,2016-05-16 09:44:00,2016-05-16,0.0039,0.0,0.0,31291.0,0.0039,0.0039,0.0039,10000568,2016-06-22,2016-06-22,P,1.8,2016-01-29
18014,2016-05-16 09:45:00,2016-05-16,0.0039,0.0,0.0,31291.0,0.0039,0.0039,0.0039,10000568,2016-06-22,2016-06-22,P,1.8,2016-01-29
18015,2016-05-16 09:46:00,2016-05-16,0.0039,0.0,0.0,31291.0,0.0039,0.0039,0.0039,10000568,2016-06-22,2016-06-22,P,1.8,2016-01-29
18016,2016-05-16 09:47:00,2016-05-16,0.004,400.0,10.0,31291.0,0.0039,0.004,0.0039,10000568,2016-06-22,2016-06-22,P,1.8,2016-01-29
18017,2016-05-16 09:48:00,2016-05-16,0.004,312.0,8.0,31299.0,0.004,0.0039,0.0039,10000568,2016-06-22,2016-06-22,P,1.8,2016-01-29
18018,2016-05-16 09:49:00,2016-05-16,0.0041,2810.0,70.0,31369.0,0.0039,0.0041,0.0039,10000568,2016-06-22,2016-06-22,P,1.8,2016-01-29
18019,2016-05-16 09:50:00,2016-05-16,0.0041,480.0,12.0,31381.0,0.0041,0.004,0.004,10000568,2016-06-22,2016-06-22,P,1.8,2016-01-29
18020,2016-05-16 09:51:00,2016-05-16,0.004,0.0,0.0,31381.0,0.004,0.004,0.004,10000568,2016-06-22,2016-06-22,P,1.8,2016-01-29
18021,2016-05-16 09:52:00,2016-05-16,0.004,120.0,3.0,31383.0,0.004,0.004,0.004,10000568,2016-06-22,2016-06-22,P,1.8,2016-01-29
18022,2016-05-16 09:53:00,2016-05-16,0.0042,1262.0,31.0,31403.0,0.004,0.0042,0.004,10000568,2016-06-22,2016-06-22,P,1.8,2016-01-29
18023,2016-05-16 09:54:00,2016-05-16,0.0044,1439.0,34.0,31437.0,0.0042,0.0044,0.0042,10000568,2016-06-22,2016-06-22,P,1.8,2016-01-29
18024,2016-05-16 09:55:00,2016-05-16,0.0045,880.0,20.0,31457.0,0.0044,0.0045,0.0043,10000568,2016-06-22,2016-06-22,P,1.8,2016-01-29
18025,2016-05-16 09:56:00,2016-05-16,0.0045,1600.0,36.0,31491.0,0.0045,0.0045,0.0043,10000568,2016-06-22,2016-06-22,P,1.8,2016-01-29
18026,2016-05-16 09:57:00,2016-05-16,0.0048,4872.0,105.0,31596.0,0.0045,0.0047,0.0045,10000568,2016-06-22,2016-06-22,P,1.8,2016-01-29
18027,2016-05-16 09:58:00,2016-05-16,0.0047,4526.0,98.0,31694.0,0.0047,0.0047,0.0045,10000568,2016-06-22,2016-06-22,P,1.8,2016-01-29
18028,2016-05-16 09:59:00,2016-05-16,0.0048,3957.0,85.0,31779.0,0.0048,0.0046,0.0046,10000568,2016-06-22,2016-06-22,P,1.8,2016-01-29
18029,2016-05-16 10:00:00,2016-05-16,0.0048,4116.0,88.0,31867.0,0.0046,0.0048,0.0046,10000568,2016-06-22,2016-06-22,P,1.8,2016-01-29
18030,2016-05-16 10:01:00,2016-05-16,0.0048,3851.0,83.0,31950.0,0.0048,0.0047,0.0045,10000568,2016-06-22,2016-06-22,P,1.8,2016-01-29
18031,2016-05-16 10:02:00,2016-05-16,0.0048,3809.0,80.0,32030.0,0.0047,0.0048,0.0046,10000568,2016-06-22,2016-06-22,P,1.8,2016-01-29
18032,2016-05-16 10:03:00,2016-05-16,0.0048,2496.0,52.0,32082.0,0.0048,0.0048,0.0048,10000568,2016-06-22,2016-06-22,P,1.8,2016-01-29
18033,2016-05-16 10:04:00,2016-05-16,0.0049,1412.0,29.0,32090.0,0.0048,0.0048,0.0048,10000568,2016-06-22,2016-06-22,P,1.8,2016-01-29
18034,2016-05-16 10:05:00,2016-05-16,0.0048,1410.0,30.0,32120.0,0.0048,0.0047,0.0047,10000568,2016-06-22,2016-06-22,P,1.8,2016-01-29
18035,2016-05-16 10:06:00,2016-05-16,0.0047,3708.0,82.0,32162.0,0.0047,0.0043,0.0043,10000568,2016-06-22,2016-06-22,P,1.8,2016-01-29
18036,2016-05-16 10:07:00,2016-05-16,0.0046,890.0,20.0,32182.0,0.0043,0.0046,0.0043,10000568,2016-06-22,2016-06-22,P,1.8,2016-01-29
18037,2016-05-16 10:08:00,2016-05-16,0.0046,0.0,0.0,32182.0,0.0046,0.0046,0.0046,10000568,2016-06-22,2016-06-22,P,1.8,2016-01-29
18038,2016-05-16 10:09:00,2016-05-16,0.0046,1481.0,35.0,32207.0,0.0046,0.0042,0.0042,10000568,2016-06-22,2016-06-22,P,1.8,2016-01-29
18039,2016-05-16 10:10:00,2016-05-16,0.0042,1660.0,40.0,32237.0,0.0042,0.0041,0.0041,10000568,2016-06-22,2016-06-22,P,1.8,2016-01-29
18040,2016-05-16 10:11:00,2016-05-16,0.0042,3335.0,80.0,32307.0,0.0041,0.0042,0.0041,10000568,2016-06-22,2016-06-22,P,1.8,2016-01-29
18041,2016-05-16 10:12:00,2016-05-16,0.0044,4256.0,105.0,32325.0,0.0042,0.004,0.0039,10000568,2016-06-22,2016-06-22,P,1.8,2016-01-29
18042,2016-05-16 10:13:00,2016-05-16,0.004,868.0,22.0,32335.0,0.004,0.0039,0.0039,10000568,2016-06-22,2016-06-22,P,1.8,2016-01-29
18043,2016-05-16 10:14:00,2016-05-16,0.0039,0.0,0.0,32335.0,0.0039,0.0039,0.0039,10000568,2016-06-22,2016-06-22,P,1.8,2016-01-29
18044,2016-05-16 10:15:00,2016-05-16,0.0039,0.0,0.0,32335.0,0.0039,0.0039,0.0039,10000568,2016-06-22,2016-06-22,P,1.8,2016-01-29
18045,2016-05-16 10:16:00,2016-05-16,0.0039,0.0,0.0,32335.0,0.0039,0.0039,0.0039,10000568,2016-06-22,2016-06-22,P,1.8,2016-01-29
18046,2016-05-16 10:17:00,2016-05-16,0.0039,0.0,0.0,32335.0,0.0039,0.0039,0.0039,10000568,2016-06-22,2016-06-22,P,1.8,2016-01-29
18047,2016-05-16 10:18:00,2016-05-16,0.0039,0.0,0.0,32335.0,0.0039,0.0039,0.0039,10000568,2016-06-22,2016-06-22,P,1.8,2016-01-29
18048,2016-05-16 10:19:00,2016-05-16,0.0039,39.0,1.0,32336.0,0.0039,0.0039,0.0039,10000568,2016-06-22,2016-06-22,P,1.8,2016-01-29
18049,2016-05-16 10:20:00,2016-05-16,0.0039,575.0,15.0,32346.0,0.0039,0.0039,0.0038,10000568,2016-06-22,2016-06-22,P,1.8,2016-01-29
18050,2016-05-16 10:21:00,2016-05-16,0.0039,0.0,0.0,32346.0,0.0039,0.0039,0.0039,10000568,2016-06-22,2016-06-22,P,1.8,2016-01-29
18051,2016-05-16 10:22:00,2016-05-16,0.0039,156.0,4.0,32350.0,0.0039,0.0039,0.0039,10000568,2016-06-22,2016-06-22,P,1.8,2016-01-29
18052,2016-05-16 10:23:00,2016-05-16,0.0039,0.0,0.0,32350.0,0.0039,0.0039,0.0039,10000568,2016-06-22,2016-06-22,P,1.8,2016-01-29
18053,2016-05-16 10:24:00,2016-05-16,0.0041,328.0,8.0,32350.0,0.0039,0.0041,0.0039,10000568,2016-06-22,2016-06-22,P,1.8,2016-01-29
18054,2016-05-16 10:25:00,2016-05-16,0.0041,1230.0,30.0,32350.0,0.0041,0.0041,0.0041,10000568,2016-06-22,2016-06-22,P,1.8,2016-01-29
18055,2016-05-16 10:26:00,2016-05-16,0.0041,0.0,0.0,32350.0,0.0041,0.0041,0.0041,10000568,2016-06-22,2016-06-22,P,1.8,2016-01-29
18056,2016-05-16 10:27:00,2016-05-16,0.0041,80.0,2.0,32350.0,0.0041,0.004,0.004,10000568,2016-06-22,2016-06-22,P,1.8,2016-01-29
18057,2016-05-16 10:28:00,2016-05-16,0.004,400.0,10.0,32360.0,0.004,0.004,0.004,10000568,2016-06-22,2016-06-22,P,1.8,2016-01-29
18058,2016-05-16 10:29:00,2016-05-16,0.004,0.0,0.0,32360.0,0.004,0.004,0.004,10000568,2016-06-22,2016-06-22,P,1.8,2016-01-29
18059,2016-05-16 10:30:00,2016-05-16,0.0042,126.0,3.0,32360.0,0.004,0.0042,0.004,10000568,2016-06-22,2016-06-22,P,1.8,2016-01-29
18060,2016-05-16 10:31:00,2016-05-16,0.0042,0.0,0.0,32360.0,0.0042,0.0042,0.0042,10000568,2016-06-22,2016-06-22,P,1.8,2016-01-29
18061,2016-05-16 10:32:00,2016-05-16,0.0042,0.0,0.0,32360.0,0.0042,0.0042,0.0042,10000568,2016-06-22,2016-06-22,P,1.8,2016-01-29
18062,2016-05-16 10:33:00,2016-05-16,0.0042,0.0,0.0,32360.0,0.0042,0.0042,0.0042,10000568,2016-06-22,2016-06-22,P,1.8,2016-01-29
18063,2016-05-16 10:34:00,2016-05-16,0.0042,3440.0,90.0,32360.0,0.0042,0.0038,0.0038,10000568,2016-06-22,2016-06-22,P,1.8,2016-01-29
18064,2016-05-16 10:35:00,2016-05-16,0.0038,3210.0,85.0,32350.0,0.0038,0.0037,0.0037,10000568,2016-06-22,2016-06-22,P,1.8,2016-01-29
18065,2016-05-16 10:36:00,2016-05-16,0.0037,3570.0,100.0,32294.0,0.0037,0.0035,0.0035,10000568,2016-06-22,2016-06-22,P,1.8,2016-01-29
18066,2016-05-16 10:37:00,2016-05-16,0.0036,1436.0,41.0,32254.0,0.0035,0.0034,0.0034,10000568,2016-06-22,2016-06-22,P,1.8,2016-01-29
18067,2016-05-16 10:38:00,2016-05-16,0.0034,306.0,9.0,32245.0,0.0034,0.0034,0.0034,10000568,2016-06-22,2016-06-22,P,1.8,2016-01-29
18068,2016-05-16 10:39:00,2016-05-16,0.0034,0.0,0.0,32245.0,0.0034,0.0034,0.0034,10000568,2016-06-22,2016-06-22,P,1.8,2016-01-29
18069,2016-05-16 10:40:00,2016-05-16,0.0034,0.0,0.0,32245.0,0.0034,0.0034,0.0034,10000568,2016-06-22,2016-06-22,P,1.8,2016-01-29
18070,2016-05-16 10:41:00,2016-05-16,0.0034,0.0,0.0,32245.0,0.0034,0.0034,0.0034,10000568,2016-06-22,2016-06-22,P,1.8,2016-01-29
18071,2016-05-16 10:42:00,2016-05-16,0.0034,0.0,0.0,32245.0,0.0034,0.0034,0.0034,10000568,2016-06-22,2016-06-22,P,1.8,2016-01-29
18072,2016-05-16 10:43:00,2016-05-16,0.0034,0.0,0.0,32245.0,0.0034,0.0034,0.0034,10000568,2016-06-22,2016-06-22,P,1.8,2016-01-29
18073,2016-05-16 10:44:00,2016-05-16,0.0034,0.0,0.0,32245.0,0.0034,0.0034,0.0034,10000568,2016-06-22,2016-06-22,P,1.8,2016-01-29
18074,2016-05-16 10:45:00,2016-05-16,0.0034,0.0,0.0,32245.0,0.0034,0.0034,0.0034,10000568,2016-06-22,2016-06-22,P,1.8,2016-01-29
18075,2016-05-16 10:46:00,2016-05-16,0.0034,0.0,0.0,32245.0,0.0034,0.0034,0.0034,10000568,2016-06-22,2016-06-22,P,1.8,2016-01-29
18076,2016-05-16 10:47:00,2016-05-16,0.0034,0.0,0.0,32245.0,0.0034,0.0034,0.0034,10000568,2016-06-22,2016-06-22,P,1.8,2016-01-29
18077,2016-05-16 10:48:00,2016-05-16,0.0036,1053.0,30.0,32265.0,0.0034,0.0033,0.0033,10000568,2016-06-22,2016-06-22,P,1.8,2016-01-29
18078,2016-05-16 10:49:00,2016-05-16,0.0033,0.0,0.0,32265.0,0.0033,0.0033,0.0033,10000568,2016-06-22,2016-06-22,P,1.8,2016-01-29
18079,2016-05-16 10:50:00,2016-05-16,0.0033,524.0,16.0,32267.0,0.0033,0.0032,0.0032,10000568,2016-06-22,2016-06-22,P,1.8,2016-01-29
18080,2016-05-16 10:51:00,2016-05-16,0.0032,186.0,6.0,32267.0,0.0032,0.0031,0.0031,10000568,2016-06-22,2016-06-22,P,1.8,2016-01-29
18081,2016-05-16 10:52:00,2016-05-16,0.0031,0.0,0.0,32267.0,0.0031,0.0031,0.0031,10000568,2016-06-22,2016-06-22,P,1.8,2016-01-29
18082,2016-05-16 10:53:00,2016-05-16,0.0031,310.0,10.0,32257.0,0.0031,0.0031,0.0031,10000568,2016-06-22,2016-06-22,P,1.8,2016-01-29
18083,2016-05-16 10:54:00,2016-05-16,0.0032,640.0,20.0,32252.0,0.0031,0.0032,0.0031,10000568,2016-06-22,2016-06-22,P,1.8,2016-01-29
18084,2016-05-16 10:55:00,2016-05-16,0.0032,0.0,0.0,32252.0,0.0032,0.0032,0.0032,10000568,2016-06-22,2016-06-22,P,1.8,2016-01-29
18085,2016-05-16 10:56:00,2016-05-16,0.0034,340.0,10.0,32252.0,0.0032,0.0034,0.0032,10000568,2016-06-22,2016-06-22,P,1.8,2016-01-29
18086,2016-05-16 10:57:00,2016-05-16,0.0034,0.0,0.0,32252.0,0.0034,0.0034,0.0034,10000568,2016-06-22,2016-06-22,P,1.8,2016-01-29
18087,2016-05-16 10:58:00,2016-05-16,0.0034,0.0,0.0,32252.0,0.0034,0.0034,0.0034,10000568,2016-06-22,2016-06-22,P,1.8,2016-01-29
18088,2016-05-16 10:59:00,2016-05-16,0.0034,187.0,6.0,32254.0,0.0034,0.0032,0.0031,10000568,2016-06-22,2016-06-22,P,1.8,2016-01-29
18089,2016-05-16 11:00:00,2016-05-16,0.0032,0.0,0.0,32254.0,0.0032,0.0032,0.0032,10000568,2016-06-22,2016-06-22,P,1.8,2016-01-29
18090,2016-05-16 11:01:00,2016-05-16,0.0032,217.0,7.0,32261.0,0.0032,0.0031,0.0031,10000568,2016-06-22,2016-06-22,P,1.8,2016-01-29
18091,2016-05-16 11:02:00,2016-05-16,0.0031,0.0,0.0,32261.0,0.0031,0.0031,0.0031,10000568,2016-06-22,2016-06-22,P,1.8,2016-01-29
18092,2016-05-16 11:03:00,2016-05-16,0.0031,0.0,0.0,32261.0,0.0031,0.0031,0.0031,10000568,2016-06-22,2016-06-22,P,1.8,2016-01-29
18093,2016-05-16 11:04:00,2016-05-16,0.0031,0.0,0.0,32261.0,0.0031,0.0031,0.0031,10000568,2016-06-22,2016-06-22,P,1.8,2016-01-29
18094,2016-05-16 11:05:00,2016-05-16,0.0031,0.0,0.0,32261.0,0.0031,0.0031,0.0031,10000568,2016-06-22,2016-06-22,P,1.8,2016-01-29
18095,2016-05-16 11:06:00,2016-05-16,0.0031,0.0,0.0,32261.0,0.0031,0.0031,0.0031,10000568,2016-06-22,2016-06-22,P,1.8,2016-01-29
18096,2016-05-16 11:07:00,2016-05-16,0.0031,0.0,0.0,32261.0,0.0031,0.0031,0.0031,10000568,2016-06-22,2016-06-22,P,1.8,2016-01-29
18097,2016-05-16 11:08:00,2016-05-16,0.0031,0.0,0.0,32261.0,0.0031,0.0031,0.0031,10000568,2016-06-22,2016-06-22,P,1.8,2016-01-29
18098,2016-05-16 11:09:00,2016-05-16,0.0031,0.0,0.0,32261.0,0.0031,0.0031,0.0031,10000568,2016-06-22,2016-06-22,P,1.8,2016-01-29
18099,2016-05-16 11:10:00,2016-05-16,0.0031,0.0,0.0,32261.0,0.0031,0.0031,0.0031,10000568,2016-06-22,2016-06-22,P,1.8,2016-01-29
18100,2016-05-16 11:11:00,2016-05-16,0.0031,0.0,0.0,32261.0,0.0031,0.0031,0.0031,10000568,2016-06-22,2016-06-22,P,1.8,2016-01-29
18101,2016-05-16 11:12:00,2016-05-16,0.0031,0.0,0.0,32261.0,0.0031,0.0031,0.0031,10000568,2016-06-22,2016-06-22,P,1.8,2016-01-29
18102,2016-05-16 11:13:00,2016-05-16,0.0031,0.0,0.0,32261.0,0.0031,0.0031,0.0031,10000568,2016-06-22,2016-06-22,P,1.8,2016-01-29
18103,2016-05-16 11:14:00,2016-05-16,0.0032,320.0,10.0,32271.0,0.0031,0.0032,0.0031,10000568,2016-06-22,2016-06-22,P,1.8,2016-01-29
18104,2016-05-16 11:15:00,2016-05-16,0.0032,0.0,0.0,32271.0,0.0032,0.0032,0.0032,10000568,2016-06-22,2016-06-22,P,1.8,2016-01-29
18105,2016-05-16 11:16:00,2016-05-16,0.0032,0.0,0.0,32271.0,0.0032,0.0032,0.0032,10000568,2016-06-22,2016-06-22,P,1.8,2016-01-29
18106,2016-05-16 11:17:00,2016-05-16,0.0032,0.0,0.0,32271.0,0.0032,0.0032,0.0032,10000568,2016-06-22,2016-06-22,P,1.8,2016-01-29
18107,2016-05-16 11:18:00,2016-05-16,0.0032,0.0,0.0,32271.0,0.0032,0.0032,0.0032,10000568,2016-06-22,2016-06-22,P,1.8,2016-01-29
18108,2016-05-16 11:19:00,2016-05-16,0.0032,0.0,0.0,32271.0,0.0032,0.0032,0.0032,10000568,2016-06-22,2016-06-22,P,1.8,2016-01-29
18109,2016-05-16 11:20:00,2016-05-16,0.0032,0.0,0.0,32271.0,0.0032,0.0032,0.0032,10000568,2016-06-22,2016-06-22,P,1.8,2016-01-29
18110,2016-05-16 11:21:00,2016-05-16,0.0032,0.0,0.0,32271.0,0.0032,0.0032,0.0032,10000568,2016-06-22,2016-06-22,P,1.8,2016-01-29
18111,2016-05-16 11:22:00,2016-05-16,0.0032,0.0,0.0,32271.0,0.0032,0.0032,0.0032,10000568,2016-06-22,2016-06-22,P,1.8,2016-01-29
18112,2016-05-16 11:23:00,2016-05-16,0.0032,0.0,0.0,32271.0,0.0032,0.0032,0.0032,10000568,2016-06-22,2016-06-22,P,1.8,2016-01-29
18113,2016-05-16 11:24:00,2016-05-16,0.0032,0.0,0.0,32271.0,0.0032,0.0032,0.0032,10000568,2016-06-22,2016-06-22,P,1.8,2016-01-29
18114,2016-05-16 11:25:00,2016-05-16,0.0032,0.0,0.0,32271.0,0.0032,0.0032,0.0032,10000568,2016-06-22,2016-06-22,P,1.8,2016-01-29
18115,2016-05-16 11:26:00,2016-05-16,0.0032,0.0,0.0,32271.0,0.0032,0.0032,0.0032,10000568,2016-06-22,2016-06-22,P,1.8,2016-01-29
18116,2016-05-16 11:27:00,2016-05-16,0.0032,0.0,0.0,32271.0,0.0032,0.0032,0.0032,10000568,2016-06-22,2016-06-22,P,1.8,2016-01-29
18117,2016-05-16 11:28:00,2016-05-16,0.0032,0.0,0.0,32271.0,0.0032,0.0032,0.0032,10000568,2016-06-22,2016-06-22,P,1.8,2016-01-29
18118,2016-05-16 11:29:00,2016-05-16,0.0032,0.0,0.0,32271.0,0.0032,0.0032,0.0032,10000568,2016-06-22,2016-06-22,P,1.8,2016-01-29
18119,2016-05-16 11:30:00,2016-05-16,0.0032,0.0,0.0,32271.0,0.0032,0.0032,0.0032,10000568,2016-06-22,2016-06-22,P,1.8,2016-01-29
18120,2016-05-16 13:01:00,2016-05-16,0.0032,0.0,0.0,32271.0,0.0032,0.0032,0.0032,10000568,2016-06-22,2016-06-22,P,1.8,2016-01-29
18121,2016-05-16 13:02:00,2016-05-16,0.0032,0.0,0.0,32271.0,0.0032,0.0032,0.0032,10000568,2016-06-22,2016-06-22,P,1.8,2016-01-29
18122,2016-05-16 13:03:00,2016-05-16,0.0032,0.0,0.0,32271.0,0.0032,0.0032,0.0032,10000568,2016-06-22,2016-06-22,P,1.8,2016-01-29
18123,2016-05-16 13:04:00,2016-05-16,0.0032,0.0,0.0,32271.0,0.0032,0.0032,0.0032,10000568,2016-06-22,2016-06-22,P,1.8,2016-01-29
18124,2016-05-16 13:05:00,2016-05-16,0.0034,680.0,20.0,32291.0,0.0032,0.0034,0.0032,10000568,2016-06-22,2016-06-22,P,1.8,2016-01-29
18125,2016-05-16 13:06:00,2016-05-16,0.0034,0.0,0.0,32291.0,0.0034,0.0034,0.0034,10000568,2016-06-22,2016-06-22,P,1.8,2016-01-29
18126,2016-05-16 13:07:00,2016-05-16,0.0034,0.0,0.0,32291.0,0.0034,0.0034,0.0034,10000568,2016-06-22,2016-06-22,P,1.8,2016-01-29
18127,2016-05-16 13:08:00,2016-05-16,0.0034,0.0,0.0,32291.0,0.0034,0.0034,0.0034,10000568,2016-06-22,2016-06-22,P,1.8,2016-01-29
18128,2016-05-16 13:09:00,2016-05-16,0.0034,0.0,0.0,32291.0,0.0034,0.0034,0.0034,10000568,2016-06-22,2016-06-22,P,1.8,2016-01-29
18129,2016-05-16 13:10:00,2016-05-16,0.0034,0.0,0.0,32291.0,0.0034,0.0034,0.0034,10000568,2016-06-22,2016-06-22,P,1.8,2016-01-29
18130,2016-05-16 13:11:00,2016-05-16,0.0034,0.0,0.0,32291.0,0.0034,0.0034,0.0034,10000568,2016-06-22,2016-06-22,P,1.8,2016-01-29
18131,2016-05-16 13:12:00,2016-05-16,0.0034,0.0,0.0,32291.0,0.0034,0.0034,0.0034,10000568,2016-06-22,2016-06-22,P,1.8,2016-01-29
18132,2016-05-16 13:13:00,2016-05-16,0.0034,0.0,0.0,32291.0,0.0034,0.0034,0.0034,10000568,2016-06-22,2016-06-22,P,1.8,2016-01-29
18133,2016-05-16 13:14:00,2016-05-16,0.0034,330.0,10.0,32301.0,0.0034,0.0033,0.0033,10000568,2016-06-22,2016-06-22,P,1.8,2016-01-29
18134,2016-05-16 13:15:00,2016-05-16,0.0033,0.0,0.0,32301.0,0.0033,0.0033,0.0033,10000568,2016-06-22,2016-06-22,P,1.8,2016-01-29
18135,2016-05-16 13:16:00,2016-05-16,0.0033,0.0,0.0,32301.0,0.0033,0.0033,0.0033,10000568,2016-06-22,2016-06-22,P,1.8,2016-01-29
18136,2016-05-16 13:17:00,2016-05-16,0.0033,0.0,0.0,32301.0,0.0033,0.0033,0.0033,10000568,2016-06-22,2016-06-22,P,1.8,2016-01-29
18137,2016-05-16 13:18:00,2016-05-16,0.0033,0.0,0.0,32301.0,0.0033,0.0033,0.0033,10000568,2016-06-22,2016-06-22,P,1.8,2016-01-29
18138,2016-05-16 13:19:00,2016-05-16,0.0033,0.0,0.0,32301.0,0.0033,0.0033,0.0033,10000568,2016-06-22,2016-06-22,P,1.8,2016-01-29
18139,2016-05-16 13:20:00,2016-05-16,0.0033,0.0,0.0,32301.0,0.0033,0.0033,0.0033,10000568,2016-06-22,2016-06-22,P,1.8,2016-01-29
18140,2016-05-16 13:21:00,2016-05-16,0.0033,0.0,0.0,32301.0,0.0033,0.0033,0.0033,10000568,2016-06-22,2016-06-22,P,1.8,2016-01-29
18141,2016-05-16 13:22:00,2016-05-16,0.0033,0.0,0.0,32301.0,0.0033,0.0033,0.0033,10000568,2016-06-22,2016-06-22,P,1.8,2016-01-29
18142,2016-05-16 13:23:00,2016-05-16,0.0033,231.0,7.0,32294.0,0.0033,0.0033,0.0033,10000568,2016-06-22,2016-06-22,P,1.8,2016-01-29
18143,2016-05-16 13:24:00,2016-05-16,0.0033,0.0,0.0,32294.0,0.0033,0.0033,0.0033,10000568,2016-06-22,2016-06-22,P,1.8,2016-01-29
18144,2016-05-16 13:25:00,2016-05-16,0.0033,0.0,0.0,32294.0,0.0033,0.0033,0.0033,10000568,2016-06-22,2016-06-22,P,1.8,2016-01-29
18145,2016-05-16 13:26:00,2016-05-16,0.0033,0.0,0.0,32294.0,0.0033,0.0033,0.0033,10000568,2016-06-22,2016-06-22,P,1.8,2016-01-29
18146,2016-05-16 13:27:00,2016-05-16,0.0033,0.0,0.0,32294.0,0.0033,0.0033,0.0033,10000568,2016-06-22,2016-06-22,P,1.8,2016-01-29
18147,2016-05-16 13:28:00,2016-05-16,0.0033,0.0,0.0,32294.0,0.0033,0.0033,0.0033,10000568,2016-06-22,2016-06-22,P,1.8,2016-01-29
18148,2016-05-16 13:29:00,2016-05-16,0.0033,0.0,0.0,32294.0,0.0033,0.0033,0.0033,10000568,2016-06-22,2016-06-22,P,1.8,2016-01-29
18149,2016-05-16 13:30:00,2016-05-16,0.0033,0.0,0.0,32294.0,0.0033,0.0033,0.0033,10000568,2016-06-22,2016-06-22,P,1.8,2016-01-29
18150,2016-05-16 13:31:00,2016-05-16,0.0033,0.0,0.0,32294.0,0.0033,0.0033,0.0033,10000568,2016-06-22,2016-06-22,P,1.8,2016-01-29
18151,2016-05-16 13:32:00,2016-05-16,0.0033,0.0,0.0,32294.0,0.0033,0.0033,0.0033,10000568,2016-06-22,2016-06-22,P,1.8,2016-01-29
18152,2016-05-16 13:33:00,2016-05-16,0.0033,0.0,0.0,32294.0,0.0033,0.0033,0.0033,10000568,2016-06-22,2016-06-22,P,1.8,2016-01-29
18153,2016-05-16 13:34:00,2016-05-16,0.0033,0.0,0.0,32294.0,0.0033,0.0033,0.0033,10000568,2016-06-22,2016-06-22,P,1.8,2016-01-29
18154,2016-05-16 13:35:00,2016-05-16,0.0033,1350.0,45.0,32339.0,0.0033,0.003,0.003,10000568,2016-06-22,2016-06-22,P,1.8,2016-01-29
18155,2016-05-16 13:36:00,2016-05-16,0.003,0.0,0.0,32339.0,0.003,0.003,0.003,10000568,2016-06-22,2016-06-22,P,1.8,2016-01-29
18156,2016-05-16 13:37:00,2016-05-16,0.003,0.0,0.0,32339.0,0.003,0.003,0.003,10000568,2016-06-22,2016-06-22,P,1.8,2016-01-29
18157,2016-05-16 13:38:00,2016-05-16,0.003,0.0,0.0,32339.0,0.003,0.003,0.003,10000568,2016-06-22,2016-06-22,P,1.8,2016-01-29
18158,2016-05-16 13:39:00,2016-05-16,0.003,0.0,0.0,32339.0,0.003,0.003,0.003,10000568,2016-06-22,2016-06-22,P,1.8,2016-01-29
18159,2016-05-16 13:40:00,2016-05-16,0.003,300.0,10.0,32339.0,0.003,0.003,0.003,10000568,2016-06-22,2016-06-22,P,1.8,2016-01-29
18160,2016-05-16 13:41:00,2016-05-16,0.003,0.0,0.0,32339.0,0.003,0.003,0.003,10000568,2016-06-22,2016-06-22,P,1.8,2016-01-29
18161,2016-05-16 13:42:00,2016-05-16,0.003,0.0,0.0,32339.0,0.003,0.003,0.003,10000568,2016-06-22,2016-06-22,P,1.8,2016-01-29
18162,2016-05-16 13:43:00,2016-05-16,0.003,450.0,15.0,32354.0,0.003,0.003,0.003,10000568,2016-06-22,2016-06-22,P,1.8,2016-01-29
18163,2016-05-16 13:44:00,2016-05-16,0.003,300.0,10.0,32364.0,0.003,0.003,0.003,10000568,2016-06-22,2016-06-22,P,1.8,2016-01-29
18164,2016-05-16 13:45:00,2016-05-16,0.003,0.0,0.0,32364.0,0.003,0.003,0.003,10000568,2016-06-22,2016-06-22,P,1.8,2016-01-29
18165,2016-05-16 13:46:00,2016-05-16,0.003,0.0,0.0,32364.0,0.003,0.003,0.003,10000568,2016-06-22,2016-06-22,P,1.8,2016-01-29
18166,2016-05-16 13:47:00,2016-05-16,0.003,0.0,0.0,32364.0,0.003,0.003,0.003,10000568,2016-06-22,2016-06-22,P,1.8,2016-01-29
18167,2016-05-16 13:48:00,2016-05-16,0.003,0.0,0.0,32364.0,0.003,0.003,0.003,10000568,2016-06-22,2016-06-22,P,1.8,2016-01-29
18168,2016-05-16 13:49:00,2016-05-16,0.003,0.0,0.0,32364.0,0.003,0.003,0.003,10000568,2016-06-22,2016-06-22,P,1.8,2016-01-29
18169,2016-05-16 13:50:00,2016-05-16,0.003,0.0,0.0,32364.0,0.003,0.003,0.003,10000568,2016-06-22,2016-06-22,P,1.8,2016-01-29
18170,2016-05-16 13:51:00,2016-05-16,0.003,0.0,0.0,32364.0,0.003,0.003,0.003,10000568,2016-06-22,2016-06-22,P,1.8,2016-01-29
18171,2016-05-16 13:52:00,2016-05-16,0.003,0.0,0.0,32364.0,0.003,0.003,0.003,10000568,2016-06-22,2016-06-22,P,1.8,2016-01-29
18172,2016-05-16 13:53:00,2016-05-16,0.003,0.0,0.0,32364.0,0.003,0.003,0.003,10000568,2016-06-22,2016-06-22,P,1.8,2016-01-29
18173,2016-05-16 13:54:00,2016-05-16,0.003,150.0,5.0,32364.0,0.003,0.003,0.003,10000568,2016-06-22,2016-06-22,P,1.8,2016-01-29
18174,2016-05-16 13:55:00,2016-05-16,0.003,353.0,12.0,32371.0,0.003,0.0029,0.0029,10000568,2016-06-22,2016-06-22,P,1.8,2016-01-29
18175,2016-05-16 13:56:00,2016-05-16,0.0029,0.0,0.0,32371.0,0.0029,0.0029,0.0029,10000568,2016-06-22,2016-06-22,P,1.8,2016-01-29
18176,2016-05-16 13:57:00,2016-05-16,0.0029,0.0,0.0,32371.0,0.0029,0.0029,0.0029,10000568,2016-06-22,2016-06-22,P,1.8,2016-01-29
18177,2016-05-16 13:58:00,2016-05-16,0.0029,0.0,0.0,32371.0,0.0029,0.0029,0.0029,10000568,2016-06-22,2016-06-22,P,1.8,2016-01-29
18178,2016-05-16 13:59:00,2016-05-16,0.0029,0.0,0.0,32371.0,0.0029,0.0029,0.0029,10000568,2016-06-22,2016-06-22,P,1.8,2016-01-29
18179,2016-05-16 14:00:00,2016-05-16,0.0029,0.0,0.0,32371.0,0.0029,0.0029,0.0029,10000568,2016-06-22,2016-06-22,P,1.8,2016-01-29
18180,2016-05-16 14:01:00,2016-05-16,0.003,300.0,10.0,32381.0,0.0029,0.003,0.0029,10000568,2016-06-22,2016-06-22,P,1.8,2016-01-29
18181,2016-05-16 14:02:00,2016-05-16,0.003,0.0,0.0,32381.0,0.003,0.003,0.003,10000568,2016-06-22,2016-06-22,P,1.8,2016-01-29
18182,2016-05-16 14:03:00,2016-05-16,0.003,0.0,0.0,32381.0,0.003,0.003,0.003,10000568,2016-06-22,2016-06-22,P,1.8,2016-01-29
18183,2016-05-16 14:04:00,2016-05-16,0.003,0.0,0.0,32381.0,0.003,0.003,0.003,10000568,2016-06-22,2016-06-22,P,1.8,2016-01-29
18184,2016-05-16 14:05:00,2016-05-16,0.003,0.0,0.0,32381.0,0.003,0.003,0.003,10000568,2016-06-22,2016-06-22,P,1.8,2016-01-29
18185,2016-05-16 14:06:00,2016-05-16,0.003,0.0,0.0,32381.0,0.003,0.003,0.003,10000568,2016-06-22,2016-06-22,P,1.8,2016-01-29
18186,2016-05-16 14:07:00,2016-05-16,0.003,0.0,0.0,32381.0,0.003,0.003,0.003,10000568,2016-06-22,2016-06-22,P,1.8,2016-01-29
18187,2016-05-16 14:08:00,2016-05-16,0.003,0.0,0.0,32381.0,0.003,0.003,0.003,10000568,2016-06-22,2016-06-22,P,1.8,2016-01-29
18188,2016-05-16 14:09:00,2016-05-16,0.003,0.0,0.0,32381.0,0.003,0.003,0.003,10000568,2016-06-22,2016-06-22,P,1.8,2016-01-29
18189,2016-05-16 14:10:00,2016-05-16,0.003,0.0,0.0,32381.0,0.003,0.003,0.003,10000568,2016-06-22,2016-06-22,P,1.8,2016-01-29
18190,2016-05-16 14:11:00,2016-05-16,0.003,0.0,0.0,32381.0,0.003,0.003,0.003,10000568,2016-06-22,2016-06-22,P,1.8,2016-01-29
18191,2016-05-16 14:12:00,2016-05-16,0.003,0.0,0.0,32381.0,0.003,0.003,0.003,10000568,2016-06-22,2016-06-22,P,1.8,2016-01-29
18192,2016-05-16 14:13:00,2016-05-16,0.003,0.0,0.0,32381.0,0.003,0.003,0.003,10000568,2016-06-22,2016-06-22,P,1.8,2016-01-29
18193,2016-05-16 14:14:00,2016-05-16,0.003,0.0,0.0,32381.0,0.003,0.003,0.003,10000568,2016-06-22,2016-06-22,P,1.8,2016-01-29
18194,2016-05-16 14:15:00,2016-05-16,0.003,0.0,0.0,32381.0,0.003,0.003,0.003,10000568,2016-06-22,2016-06-22,P,1.8,2016-01-29
18195,2016-05-16 14:16:00,2016-05-16,0.0031,310.0,10.0,32383.0,0.003,0.0031,0.003,10000568,2016-06-22,2016-06-22,P,1.8,2016-01-29
18196,2016-05-16 14:17:00,2016-05-16,0.0031,0.0,0.0,32383.0,0.0031,0.0031,0.0031,10000568,2016-06-22,2016-06-22,P,1.8,2016-01-29
18197,2016-05-16 14:18:00,2016-05-16,0.0031,0.0,0.0,32383.0,0.0031,0.0031,0.0031,10000568,2016-06-22,2016-06-22,P,1.8,2016-01-29
18198,2016-05-16 14:19:00,2016-05-16,0.0031,0.0,0.0,32383.0,0.0031,0.0031,0.0031,10000568,2016-06-22,2016-06-22,P,1.8,2016-01-29
18199,2016-05-16 14:20:00,2016-05-16,0.0031,0.0,0.0,32383.0,0.0031,0.0031,0.0031,10000568,2016-06-22,2016-06-22,P,1.8,2016-01-29
18200,2016-05-16 14:21:00,2016-05-16,0.0031,0.0,0.0,32383.0,0.0031,0.0031,0.0031,10000568,2016-06-22,2016-06-22,P,1.8,2016-01-29
18201,2016-05-16 14:22:00,2016-05-16,0.0031,0.0,0.0,32383.0,0.0031,0.0031,0.0031,10000568,2016-06-22,2016-06-22,P,1.8,2016-01-29
18202,2016-05-16 14:23:00,2016-05-16,0.0031,0.0,0.0,32383.0,0.0031,0.0031,0.0031,10000568,2016-06-22,2016-06-22,P,1.8,2016-01-29
18203,2016-05-16 14:24:00,2016-05-16,0.0031,0.0,0.0,32383.0,0.0031,0.0031,0.0031,10000568,2016-06-22,2016-06-22,P,1.8,2016-01-29
18204,2016-05-16 14:25:00,2016-05-16,0.0031,0.0,0.0,32383.0,0.0031,0.0031,0.0031,10000568,2016-06-22,2016-06-22,P,1.8,2016-01-29
18205,2016-05-16 14:26:00,2016-05-16,0.0031,0.0,0.0,32383.0,0.0031,0.0031,0.0031,10000568,2016-06-22,2016-06-22,P,1.8,2016-01-29
18206,2016-05-16 14:27:00,2016-05-16,0.0031,0.0,0.0,32383.0,0.0031,0.0031,0.0031,10000568,2016-06-22,2016-06-22,P,1.8,2016-01-29
18207,2016-05-16 14:28:00,2016-05-16,0.0031,30.0,1.0,32384.0,0.0031,0.003,0.003,10000568,2016-06-22,2016-06-22,P,1.8,2016-01-29
18208,2016-05-16 14:29:00,2016-05-16,0.003,0.0,0.0,32384.0,0.003,0.003,0.003,10000568,2016-06-22,2016-06-22,P,1.8,2016-01-29
18209,2016-05-16 14:30:00,2016-05-16,0.003,0.0,0.0,32384.0,0.003,0.003,0.003,10000568,2016-06-22,2016-06-22,P,1.8,2016-01-29
18210,2016-05-16 14:31:00,2016-05-16,0.003,0.0,0.0,32384.0,0.003,0.003,0.003,10000568,2016-06-22,2016-06-22,P,1.8,2016-01-29
18211,2016-05-16 14:32:00,2016-05-16,0.003,0.0,0.0,32384.0,0.003,0.003,0.003,10000568,2016-06-22,2016-06-22,P,1.8,2016-01-29
18212,2016-05-16 14:33:00,2016-05-16,0.003,0.0,0.0,32384.0,0.003,0.003,0.003,10000568,2016-06-22,2016-06-22,P,1.8,2016-01-29
18213,2016-05-16 14:34:00,2016-05-16,0.003,0.0,0.0,32384.0,0.003,0.003,0.003,10000568,2016-06-22,2016-06-22,P,1.8,2016-01-29
18214,2016-05-16 14:35:00,2016-05-16,0.003,0.0,0.0,32384.0,0.003,0.003,0.003,10000568,2016-06-22,2016-06-22,P,1.8,2016-01-29
18215,2016-05-16 14:36:00,2016-05-16,0.003,0.0,0.0,32384.0,0.003,0.003,0.003,10000568,2016-06-22,2016-06-22,P,1.8,2016-01-29
18216,2016-05-16 14:37:00,2016-05-16,0.003,0.0,0.0,32384.0,0.003,0.003,0.003,10000568,2016-06-22,2016-06-22,P,1.8,2016-01-29
18217,2016-05-16 14:38:00,2016-05-16,0.003,0.0,0.0,32384.0,0.003,0.003,0.003,10000568,2016-06-22,2016-06-22,P,1.8,2016-01-29
18218,2016-05-16 14:39:00,2016-05-16,0.003,0.0,0.0,32384.0,0.003,0.003,0.003,10000568,2016-06-22,2016-06-22,P,1.8,2016-01-29
18219,2016-05-16 14:40:00,2016-05-16,0.003,0.0,0.0,32384.0,0.003,0.003,0.003,10000568,2016-06-22,2016-06-22,P,1.8,2016-01-29
18220,2016-05-16 14:41:00,2016-05-16,0.003,0.0,0.0,32384.0,0.003,0.003,0.003,10000568,2016-06-22,2016-06-22,P,1.8,2016-01-29
18221,2016-05-16 14:42:00,2016-05-16,0.003,0.0,0.0,32384.0,0.003,0.003,0.003,10000568,2016-06-22,2016-06-22,P,1.8,2016-01-29
18222,2016-05-16 14:43:00,2016-05-16,0.003,0.0,0.0,32384.0,0.003,0.003,0.003,10000568,2016-06-22,2016-06-22,P,1.8,2016-01-29
18223,2016-05-16 14:44:00,2016-05-16,0.003,0.0,0.0,32384.0,0.003,0.003,0.003,10000568,2016-06-22,2016-06-22,P,1.8,2016-01-29
18224,2016-05-16 14:45:00,2016-05-16,0.003,0.0,0.0,32384.0,0.003,0.003,0.003,10000568,2016-06-22,2016-06-22,P,1.8,2016-01-29
18225,2016-05-16 14:46:00,2016-05-16,0.003,0.0,0.0,32384.0,0.003,0.003,0.003,10000568,2016-06-22,2016-06-22,P,1.8,2016-01-29
18226,2016-05-16 14:47:00,2016-05-16,0.003,0.0,0.0,32384.0,0.003,0.003,0.003,10000568,2016-06-22,2016-06-22,P,1.8,2016-01-29
18227,2016-05-16 14:48:00,2016-05-16,0.003,0.0,0.0,32384.0,0.003,0.003,0.003,10000568,2016-06-22,2016-06-22,P,1.8,2016-01-29
18228,2016-05-16 14:49:00,2016-05-16,0.003,0.0,0.0,32384.0,0.003,0.003,0.003,10000568,2016-06-22,2016-06-22,P,1.8,2016-01-29
18229,2016-05-16 14:50:00,2016-05-16,0.003,0.0,0.0,32384.0,0.003,0.003,0.003,10000568,2016-06-22,2016-06-22,P,1.8,2016-01-29
18230,2016-05-16 14:51:00,2016-05-16,0.003,0.0,0.0,32384.0,0.003,0.003,0.003,10000568,2016-06-22,2016-06-22,P,1.8,2016-01-29
18231,2016-05-16 14:52:00,2016-05-16,0.003,0.0,0.0,32384.0,0.003,0.003,0.003,10000568,2016-06-22,2016-06-22,P,1.8,2016-01-29
18232,2016-05-16 14:53:00,2016-05-16,0.0032,214.0,7.0,32391.0,0.003,0.0032,0.003,10000568,2016-06-22,2016-06-22,P,1.8,2016-01-29
18233,2016-05-16 14:54:00,2016-05-16,0.0032,380.0,12.0,32399.0,0.003,0.0032,0.003,10000568,2016-06-22,2016-06-22,P,1.8,2016-01-29
18234,2016-05-16 14:55:00,2016-05-16,0.0032,352.0,11.0,32409.0,0.0032,0.0032,0.0032,10000568,2016-06-22,2016-06-22,P,1.8,2016-01-29
18235,2016-05-16 14:56:00,2016-05-16,0.0032,0.0,0.0,32409.0,0.0032,0.0032,0.0032,10000568,2016-06-22,2016-06-22,P,1.8,2016-01-29
18236,2016-05-16 14:57:00,2016-05-16,0.0033,66.0,2.0,32411.0,0.0032,0.0033,0.0032,10000568,2016-06-22,2016-06-22,P,1.8,2016-01-29
18237,2016-05-16 14:58:00,2016-05-16,0.0033,0.0,0.0,32411.0,0.0033,0.0033,0.0033,10000568,2016-06-22,2016-06-22,P,1.8,2016-01-29
18238,2016-05-16 14:59:00,2016-05-16,0.0033,0.0,0.0,32411.0,0.0033,0.0033,0.0033,10000568,2016-06-22,2016-06-22,P,1.8,2016-01-29
18239,2016-05-16 15:00:00,2016-05-16,0.0033,0.0,0.0,32411.0,0.0033,0.0033,0.0033,10000568,2016-06-22,2016-06-22,P,1.8,2016-01-29
18240,2016-05-16 09:31:00,2016-05-16,0.1595,0.0,0.0,4721.0,0.1595,0.1595,0.1595,10000574,2016-09-28,2016-09-28,P,2.15,2016-02-23
18241,2016-05-16 09:32:00,2016-05-16,0.1595,0.0,0.0,4721.0,0.1595,0.1595,0.1595,10000574,2016-09-28,2016-09-28,P,2.15,2016-02-23
18242,2016-05-16 09:33:00,2016-05-16,0.1595,0.0,0.0,4721.0,0.1595,0.1595,0.1595,10000574,2016-09-28,2016-09-28,P,2.15,2016-02-23
18243,2016-05-16 09:34:00,2016-05-16,0.1595,0.0,0.0,4721.0,0.1595,0.1595,0.1595,10000574,2016-09-28,2016-09-28,P,2.15,2016-02-23
18244,2016-05-16 09:35:00,2016-05-16,0.1595,0.0,0.0,4721.0,0.1595,0.1595,0.1595,10000574,2016-09-28,2016-09-28,P,2.15,2016-02-23
18245,2016-05-16 09:36:00,2016-05-16,0.1605,4797.0,3.0,4721.0,0.1595,0.1605,0.1587,10000574,2016-09-28,2016-09-28,P,2.15,2016-02-23
18246,2016-05-16 09:37:00,2016-05-16,0.1605,0.0,0.0,4721.0,0.1605,0.1605,0.1605,10000574,2016-09-28,2016-09-28,P,2.15,2016-02-23
18247,2016-05-16 09:38:00,2016-05-16,0.1605,0.0,0.0,4721.0,0.1605,0.1605,0.1605,10000574,2016-09-28,2016-09-28,P,2.15,2016-02-23
18248,2016-05-16 09:39:00,2016-05-16,0.1605,0.0,0.0,4721.0,0.1605,0.1605,0.1605,10000574,2016-09-28,2016-09-28,P,2.15,2016-02-23
18249,2016-05-16 09:40:00,2016-05-16,0.1605,0.0,0.0,4721.0,0.1605,0.1605,0.1605,10000574,2016-09-28,2016-09-28,P,2.15,2016-02-23
18250,2016-05-16 09:41:00,2016-05-16,0.1605,0.0,0.0,4721.0,0.1605,0.1605,0.1605,10000574,2016-09-28,2016-09-28,P,2.15,2016-02-23
18251,2016-05-16 09:42:00,2016-05-16,0.1605,0.0,0.0,4721.0,0.1605,0.1605,0.1605,10000574,2016-09-28,2016-09-28,P,2.15,2016-02-23
18252,2016-05-16 09:43:00,2016-05-16,0.1605,0.0,0.0,4721.0,0.1605,0.1605,0.1605,10000574,2016-09-28,2016-09-28,P,2.15,2016-02-23
18253,2016-05-16 09:44:00,2016-05-16,0.1605,0.0,0.0,4721.0,0.1605,0.1605,0.1605,10000574,2016-09-28,2016-09-28,P,2.15,2016-02-23
18254,2016-05-16 09:45:00,2016-05-16,0.1605,0.0,0.0,4721.0,0.1605,0.1605,0.1605,10000574,2016-09-28,2016-09-28,P,2.15,2016-02-23
18255,2016-05-16 09:46:00,2016-05-16,0.163,29250.0,18.0,4735.0,0.1605,0.163,0.1605,10000574,2016-09-28,2016-09-28,P,2.15,2016-02-23
18256,2016-05-16 09:47:00,2016-05-16,0.163,0.0,0.0,4735.0,0.163,0.163,0.163,10000574,2016-09-28,2016-09-28,P,2.15,2016-02-23
18257,2016-05-16 09:48:00,2016-05-16,0.163,0.0,0.0,4735.0,0.163,0.163,0.163,10000574,2016-09-28,2016-09-28,P,2.15,2016-02-23
18258,2016-05-16 09:49:00,2016-05-16,0.163,0.0,0.0,4735.0,0.163,0.163,0.163,10000574,2016-09-28,2016-09-28,P,2.15,2016-02-23
18259,2016-05-16 09:50:00,2016-05-16,0.163,0.0,0.0,4735.0,0.163,0.163,0.163,10000574,2016-09-28,2016-09-28,P,2.15,2016-02-23
18260,2016-05-16 09:51:00,2016-05-16,0.163,16250.0,10.0,4745.0,0.163,0.1625,0.1625,10000574,2016-09-28,2016-09-28,P,2.15,2016-02-23
18261,2016-05-16 09:52:00,2016-05-16,0.1625,0.0,0.0,4745.0,0.1625,0.1625,0.1625,10000574,2016-09-28,2016-09-28,P,2.15,2016-02-23
18262,2016-05-16 09:53:00,2016-05-16,0.16399999999999998,11462.0,7.0,4752.0,0.1625,0.16399999999999998,0.1625,10000574,2016-09-28,2016-09-28,P,2.15,2016-02-23
18263,2016-05-16 09:54:00,2016-05-16,0.1652,3304.0,2.0,4753.0,0.16399999999999998,0.1652,0.16399999999999998,10000574,2016-09-28,2016-09-28,P,2.15,2016-02-23
18264,2016-05-16 09:55:00,2016-05-16,0.1682,26858.0,16.0,4769.0,0.1652,0.1682,0.1652,10000574,2016-09-28,2016-09-28,P,2.15,2016-02-23
18265,2016-05-16 09:56:00,2016-05-16,0.1682,0.0,0.0,4769.0,0.1682,0.1682,0.1682,10000574,2016-09-28,2016-09-28,P,2.15,2016-02-23
18266,2016-05-16 09:57:00,2016-05-16,0.1682,0.0,0.0,4769.0,0.1682,0.1682,0.1682,10000574,2016-09-28,2016-09-28,P,2.15,2016-02-23
18267,2016-05-16 09:58:00,2016-05-16,0.1682,0.0,0.0,4769.0,0.1682,0.1682,0.1682,10000574,2016-09-28,2016-09-28,P,2.15,2016-02-23
18268,2016-05-16 09:59:00,2016-05-16,0.1682,43572.0,26.0,4779.0,0.1682,0.1677,0.1677,10000574,2016-09-28,2016-09-28,P,2.15,2016-02-23
18269,2016-05-16 10:00:00,2016-05-16,0.1677,0.0,0.0,4779.0,0.1677,0.1677,0.1677,10000574,2016-09-28,2016-09-28,P,2.15,2016-02-23
18270,2016-05-16 10:01:00,2016-05-16,0.1677,0.0,0.0,4779.0,0.1677,0.1677,0.1677,10000574,2016-09-28,2016-09-28,P,2.15,2016-02-23
18271,2016-05-16 10:02:00,2016-05-16,0.1685,33690.0,20.0,4799.0,0.1685,0.1685,0.1685,10000574,2016-09-28,2016-09-28,P,2.15,2016-02-23
18272,2016-05-16 10:03:00,2016-05-16,0.1685,0.0,0.0,4799.0,0.1685,0.1685,0.1685,10000574,2016-09-28,2016-09-28,P,2.15,2016-02-23
18273,2016-05-16 10:04:00,2016-05-16,0.1685,0.0,0.0,4799.0,0.1685,0.1685,0.1685,10000574,2016-09-28,2016-09-28,P,2.15,2016-02-23
18274,2016-05-16 10:05:00,2016-05-16,0.1685,0.0,0.0,4799.0,0.1685,0.1685,0.1685,10000574,2016-09-28,2016-09-28,P,2.15,2016-02-23
18275,2016-05-16 10:06:00,2016-05-16,0.1685,0.0,0.0,4799.0,0.1685,0.1685,0.1685,10000574,2016-09-28,2016-09-28,P,2.15,2016-02-23
18276,2016-05-16 10:07:00,2016-05-16,0.1685,0.0,0.0,4799.0,0.1685,0.1685,0.1685,10000574,2016-09-28,2016-09-28,P,2.15,2016-02-23
18277,2016-05-16 10:08:00,2016-05-16,0.1685,0.0,0.0,4799.0,0.1685,0.1685,0.1685,10000574,2016-09-28,2016-09-28,P,2.15,2016-02-23
18278,2016-05-16 10:09:00,2016-05-16,0.1685,0.0,0.0,4799.0,0.1685,0.1685,0.1685,10000574,2016-09-28,2016-09-28,P,2.15,2016-02-23
18279,2016-05-16 10:10:00,2016-05-16,0.1685,0.0,0.0,4799.0,0.1685,0.1685,0.1685,10000574,2016-09-28,2016-09-28,P,2.15,2016-02-23
18280,2016-05-16 10:11:00,2016-05-16,0.1685,0.0,0.0,4799.0,0.1685,0.1685,0.1685,10000574,2016-09-28,2016-09-28,P,2.15,2016-02-23
18281,2016-05-16 10:12:00,2016-05-16,0.1685,0.0,0.0,4799.0,0.1685,0.1685,0.1685,10000574,2016-09-28,2016-09-28,P,2.15,2016-02-23
18282,2016-05-16 10:13:00,2016-05-16,0.1685,0.0,0.0,4799.0,0.1685,0.1685,0.1685,10000574,2016-09-28,2016-09-28,P,2.15,2016-02-23
18283,2016-05-16 10:14:00,2016-05-16,0.1685,0.0,0.0,4799.0,0.1685,0.1685,0.1685,10000574,2016-09-28,2016-09-28,P,2.15,2016-02-23
18284,2016-05-16 10:15:00,2016-05-16,0.1685,0.0,0.0,4799.0,0.1685,0.1685,0.1685,10000574,2016-09-28,2016-09-28,P,2.15,2016-02-23
18285,2016-05-16 10:16:00,2016-05-16,0.1685,0.0,0.0,4799.0,0.1685,0.1685,0.1685,10000574,2016-09-28,2016-09-28,P,2.15,2016-02-23
18286,2016-05-16 10:17:00,2016-05-16,0.1685,0.0,0.0,4799.0,0.1685,0.1685,0.1685,10000574,2016-09-28,2016-09-28,P,2.15,2016-02-23
18287,2016-05-16 10:18:00,2016-05-16,0.1685,0.0,0.0,4799.0,0.1685,0.1685,0.1685,10000574,2016-09-28,2016-09-28,P,2.15,2016-02-23
18288,2016-05-16 10:19:00,2016-05-16,0.1685,0.0,0.0,4799.0,0.1685,0.1685,0.1685,10000574,2016-09-28,2016-09-28,P,2.15,2016-02-23
18289,2016-05-16 10:20:00,2016-05-16,0.1685,0.0,0.0,4799.0,0.1685,0.1685,0.1685,10000574,2016-09-28,2016-09-28,P,2.15,2016-02-23
18290,2016-05-16 10:21:00,2016-05-16,0.1685,0.0,0.0,4799.0,0.1685,0.1685,0.1685,10000574,2016-09-28,2016-09-28,P,2.15,2016-02-23
18291,2016-05-16 10:22:00,2016-05-16,0.1685,0.0,0.0,4799.0,0.1685,0.1685,0.1685,10000574,2016-09-28,2016-09-28,P,2.15,2016-02-23
18292,2016-05-16 10:23:00,2016-05-16,0.1685,0.0,0.0,4799.0,0.1685,0.1685,0.1685,10000574,2016-09-28,2016-09-28,P,2.15,2016-02-23
18293,2016-05-16 10:24:00,2016-05-16,0.1685,0.0,0.0,4799.0,0.1685,0.1685,0.1685,10000574,2016-09-28,2016-09-28,P,2.15,2016-02-23
18294,2016-05-16 10:25:00,2016-05-16,0.1685,0.0,0.0,4799.0,0.1685,0.1685,0.1685,10000574,2016-09-28,2016-09-28,P,2.15,2016-02-23
18295,2016-05-16 10:26:00,2016-05-16,0.1685,0.0,0.0,4799.0,0.1685,0.1685,0.1685,10000574,2016-09-28,2016-09-28,P,2.15,2016-02-23
18296,2016-05-16 10:27:00,2016-05-16,0.1685,0.0,0.0,4799.0,0.1685,0.1685,0.1685,10000574,2016-09-28,2016-09-28,P,2.15,2016-02-23
18297,2016-05-16 10:28:00,2016-05-16,0.1685,0.0,0.0,4799.0,0.1685,0.1685,0.1685,10000574,2016-09-28,2016-09-28,P,2.15,2016-02-23
18298,2016-05-16 10:29:00,2016-05-16,0.1685,0.0,0.0,4799.0,0.1685,0.1685,0.1685,10000574,2016-09-28,2016-09-28,P,2.15,2016-02-23
18299,2016-05-16 10:30:00,2016-05-16,0.1685,16380.0,10.0,4799.0,0.1685,0.1638,0.1638,10000574,2016-09-28,2016-09-28,P,2.15,2016-02-23
18300,2016-05-16 10:31:00,2016-05-16,0.1638,0.0,0.0,4799.0,0.1638,0.1638,0.1638,10000574,2016-09-28,2016-09-28,P,2.15,2016-02-23
18301,2016-05-16 10:32:00,2016-05-16,0.1638,0.0,0.0,4799.0,0.1638,0.1638,0.1638,10000574,2016-09-28,2016-09-28,P,2.15,2016-02-23
18302,2016-05-16 10:33:00,2016-05-16,0.1638,0.0,0.0,4799.0,0.1638,0.1638,0.1638,10000574,2016-09-28,2016-09-28,P,2.15,2016-02-23
18303,2016-05-16 10:34:00,2016-05-16,0.1638,0.0,0.0,4799.0,0.1638,0.1638,0.1638,10000574,2016-09-28,2016-09-28,P,2.15,2016-02-23
18304,2016-05-16 10:35:00,2016-05-16,0.1638,0.0,0.0,4799.0,0.1638,0.1638,0.1638,10000574,2016-09-28,2016-09-28,P,2.15,2016-02-23
18305,2016-05-16 10:36:00,2016-05-16,0.1643,8215.0,5.0,4799.0,0.1638,0.1643,0.1638,10000574,2016-09-28,2016-09-28,P,2.15,2016-02-23
18306,2016-05-16 10:37:00,2016-05-16,0.1643,0.0,0.0,4799.0,0.1643,0.1643,0.1643,10000574,2016-09-28,2016-09-28,P,2.15,2016-02-23
18307,2016-05-16 10:38:00,2016-05-16,0.1643,0.0,0.0,4799.0,0.1643,0.1643,0.1643,10000574,2016-09-28,2016-09-28,P,2.15,2016-02-23
18308,2016-05-16 10:39:00,2016-05-16,0.1643,0.0,0.0,4799.0,0.1643,0.1643,0.1643,10000574,2016-09-28,2016-09-28,P,2.15,2016-02-23
18309,2016-05-16 10:40:00,2016-05-16,0.1643,0.0,0.0,4799.0,0.1643,0.1643,0.1643,10000574,2016-09-28,2016-09-28,P,2.15,2016-02-23
18310,2016-05-16 10:41:00,2016-05-16,0.1643,0.0,0.0,4799.0,0.1643,0.1643,0.1643,10000574,2016-09-28,2016-09-28,P,2.15,2016-02-23
18311,2016-05-16 10:42:00,2016-05-16,0.1656,33110.0,20.0,4789.0,0.1643,0.1656,0.1643,10000574,2016-09-28,2016-09-28,P,2.15,2016-02-23
18312,2016-05-16 10:43:00,2016-05-16,0.1656,0.0,0.0,4789.0,0.1656,0.1656,0.1656,10000574,2016-09-28,2016-09-28,P,2.15,2016-02-23
18313,2016-05-16 10:44:00,2016-05-16,0.1656,0.0,0.0,4789.0,0.1656,0.1656,0.1656,10000574,2016-09-28,2016-09-28,P,2.15,2016-02-23
18314,2016-05-16 10:45:00,2016-05-16,0.1656,0.0,0.0,4789.0,0.1656,0.1656,0.1656,10000574,2016-09-28,2016-09-28,P,2.15,2016-02-23
18315,2016-05-16 10:46:00,2016-05-16,0.1656,0.0,0.0,4789.0,0.1656,0.1656,0.1656,10000574,2016-09-28,2016-09-28,P,2.15,2016-02-23
18316,2016-05-16 10:47:00,2016-05-16,0.1656,0.0,0.0,4789.0,0.1656,0.1656,0.1656,10000574,2016-09-28,2016-09-28,P,2.15,2016-02-23
18317,2016-05-16 10:48:00,2016-05-16,0.1656,0.0,0.0,4789.0,0.1656,0.1656,0.1656,10000574,2016-09-28,2016-09-28,P,2.15,2016-02-23
18318,2016-05-16 10:49:00,2016-05-16,0.1656,0.0,0.0,4789.0,0.1656,0.1656,0.1656,10000574,2016-09-28,2016-09-28,P,2.15,2016-02-23
18319,2016-05-16 10:50:00,2016-05-16,0.1656,12920.0,8.0,4789.0,0.1656,0.1615,0.1615,10000574,2016-09-28,2016-09-28,P,2.15,2016-02-23
18320,2016-05-16 10:51:00,2016-05-16,0.1615,0.0,0.0,4789.0,0.1615,0.1615,0.1615,10000574,2016-09-28,2016-09-28,P,2.15,2016-02-23
18321,2016-05-16 10:52:00,2016-05-16,0.1615,0.0,0.0,4789.0,0.1615,0.1615,0.1615,10000574,2016-09-28,2016-09-28,P,2.15,2016-02-23
18322,2016-05-16 10:53:00,2016-05-16,0.1615,0.0,0.0,4789.0,0.1615,0.1615,0.1615,10000574,2016-09-28,2016-09-28,P,2.15,2016-02-23
18323,2016-05-16 10:54:00,2016-05-16,0.1615,15980.0,10.0,4779.0,0.1615,0.1598,0.1598,10000574,2016-09-28,2016-09-28,P,2.15,2016-02-23
18324,2016-05-16 10:55:00,2016-05-16,0.1598,0.0,0.0,4779.0,0.1598,0.1598,0.1598,10000574,2016-09-28,2016-09-28,P,2.15,2016-02-23
18325,2016-05-16 10:56:00,2016-05-16,0.1598,0.0,0.0,4779.0,0.1598,0.1598,0.1598,10000574,2016-09-28,2016-09-28,P,2.15,2016-02-23
18326,2016-05-16 10:57:00,2016-05-16,0.1598,0.0,0.0,4779.0,0.1598,0.1598,0.1598,10000574,2016-09-28,2016-09-28,P,2.15,2016-02-23
18327,2016-05-16 10:58:00,2016-05-16,0.1598,0.0,0.0,4779.0,0.1598,0.1598,0.1598,10000574,2016-09-28,2016-09-28,P,2.15,2016-02-23
18328,2016-05-16 10:59:00,2016-05-16,0.1598,0.0,0.0,4779.0,0.1598,0.1598,0.1598,10000574,2016-09-28,2016-09-28,P,2.15,2016-02-23
18329,2016-05-16 11:00:00,2016-05-16,0.1598,0.0,0.0,4779.0,0.1598,0.1598,0.1598,10000574,2016-09-28,2016-09-28,P,2.15,2016-02-23
18330,2016-05-16 11:01:00,2016-05-16,0.1598,0.0,0.0,4779.0,0.1598,0.1598,0.1598,10000574,2016-09-28,2016-09-28,P,2.15,2016-02-23
18331,2016-05-16 11:02:00,2016-05-16,0.1598,0.0,0.0,4779.0,0.1598,0.1598,0.1598,10000574,2016-09-28,2016-09-28,P,2.15,2016-02-23
18332,2016-05-16 11:03:00,2016-05-16,0.1598,0.0,0.0,4779.0,0.1598,0.1598,0.1598,10000574,2016-09-28,2016-09-28,P,2.15,2016-02-23
18333,2016-05-16 11:04:00,2016-05-16,0.1598,0.0,0.0,4779.0,0.1598,0.1598,0.1598,10000574,2016-09-28,2016-09-28,P,2.15,2016-02-23
18334,2016-05-16 11:05:00,2016-05-16,0.1598,0.0,0.0,4779.0,0.1598,0.1598,0.1598,10000574,2016-09-28,2016-09-28,P,2.15,2016-02-23
18335,2016-05-16 11:06:00,2016-05-16,0.1598,0.0,0.0,4779.0,0.1598,0.1598,0.1598,10000574,2016-09-28,2016-09-28,P,2.15,2016-02-23
18336,2016-05-16 11:07:00,2016-05-16,0.1598,0.0,0.0,4779.0,0.1598,0.1598,0.1598,10000574,2016-09-28,2016-09-28,P,2.15,2016-02-23
18337,2016-05-16 11:08:00,2016-05-16,0.1598,0.0,0.0,4779.0,0.1598,0.1598,0.1598,10000574,2016-09-28,2016-09-28,P,2.15,2016-02-23
18338,2016-05-16 11:09:00,2016-05-16,0.1598,0.0,0.0,4779.0,0.1598,0.1598,0.1598,10000574,2016-09-28,2016-09-28,P,2.15,2016-02-23
18339,2016-05-16 11:10:00,2016-05-16,0.1598,0.0,0.0,4779.0,0.1598,0.1598,0.1598,10000574,2016-09-28,2016-09-28,P,2.15,2016-02-23
18340,2016-05-16 11:11:00,2016-05-16,0.1598,0.0,0.0,4779.0,0.1598,0.1598,0.1598,10000574,2016-09-28,2016-09-28,P,2.15,2016-02-23
18341,2016-05-16 11:12:00,2016-05-16,0.1598,0.0,0.0,4779.0,0.1598,0.1598,0.1598,10000574,2016-09-28,2016-09-28,P,2.15,2016-02-23
18342,2016-05-16 11:13:00,2016-05-16,0.1598,0.0,0.0,4779.0,0.1598,0.1598,0.1598,10000574,2016-09-28,2016-09-28,P,2.15,2016-02-23
18343,2016-05-16 11:14:00,2016-05-16,0.1598,0.0,0.0,4779.0,0.1598,0.1598,0.1598,10000574,2016-09-28,2016-09-28,P,2.15,2016-02-23
18344,2016-05-16 11:15:00,2016-05-16,0.1598,0.0,0.0,4779.0,0.1598,0.1598,0.1598,10000574,2016-09-28,2016-09-28,P,2.15,2016-02-23
18345,2016-05-16 11:16:00,2016-05-16,0.1598,0.0,0.0,4779.0,0.1598,0.1598,0.1598,10000574,2016-09-28,2016-09-28,P,2.15,2016-02-23
18346,2016-05-16 11:17:00,2016-05-16,0.1598,0.0,0.0,4779.0,0.1598,0.1598,0.1598,10000574,2016-09-28,2016-09-28,P,2.15,2016-02-23
18347,2016-05-16 11:18:00,2016-05-16,0.1598,0.0,0.0,4779.0,0.1598,0.1598,0.1598,10000574,2016-09-28,2016-09-28,P,2.15,2016-02-23
18348,2016-05-16 11:19:00,2016-05-16,0.1598,0.0,0.0,4779.0,0.1598,0.1598,0.1598,10000574,2016-09-28,2016-09-28,P,2.15,2016-02-23
18349,2016-05-16 11:20:00,2016-05-16,0.1598,0.0,0.0,4779.0,0.1598,0.1598,0.1598,10000574,2016-09-28,2016-09-28,P,2.15,2016-02-23
18350,2016-05-16 11:21:00,2016-05-16,0.1598,0.0,0.0,4779.0,0.1598,0.1598,0.1598,10000574,2016-09-28,2016-09-28,P,2.15,2016-02-23
18351,2016-05-16 11:22:00,2016-05-16,0.1598,0.0,0.0,4779.0,0.1598,0.1598,0.1598,10000574,2016-09-28,2016-09-28,P,2.15,2016-02-23
18352,2016-05-16 11:23:00,2016-05-16,0.1598,0.0,0.0,4779.0,0.1598,0.1598,0.1598,10000574,2016-09-28,2016-09-28,P,2.15,2016-02-23
18353,2016-05-16 11:24:00,2016-05-16,0.1598,0.0,0.0,4779.0,0.1598,0.1598,0.1598,10000574,2016-09-28,2016-09-28,P,2.15,2016-02-23
18354,2016-05-16 11:25:00,2016-05-16,0.1598,0.0,0.0,4779.0,0.1598,0.1598,0.1598,10000574,2016-09-28,2016-09-28,P,2.15,2016-02-23
18355,2016-05-16 11:26:00,2016-05-16,0.1598,0.0,0.0,4779.0,0.1598,0.1598,0.1598,10000574,2016-09-28,2016-09-28,P,2.15,2016-02-23
18356,2016-05-16 11:27:00,2016-05-16,0.1598,0.0,0.0,4779.0,0.1598,0.1598,0.1598,10000574,2016-09-28,2016-09-28,P,2.15,2016-02-23
18357,2016-05-16 11:28:00,2016-05-16,0.1598,0.0,0.0,4779.0,0.1598,0.1598,0.1598,10000574,2016-09-28,2016-09-28,P,2.15,2016-02-23
18358,2016-05-16 11:29:00,2016-05-16,0.1598,0.0,0.0,4779.0,0.1598,0.1598,0.1598,10000574,2016-09-28,2016-09-28,P,2.15,2016-02-23
18359,2016-05-16 11:30:00,2016-05-16,0.1598,0.0,0.0,4779.0,0.1598,0.1598,0.1598,10000574,2016-09-28,2016-09-28,P,2.15,2016-02-23
18360,2016-05-16 13:01:00,2016-05-16,0.1598,0.0,0.0,4779.0,0.1598,0.1598,0.1598,10000574,2016-09-28,2016-09-28,P,2.15,2016-02-23
18361,2016-05-16 13:02:00,2016-05-16,0.1598,0.0,0.0,4779.0,0.1598,0.1598,0.1598,10000574,2016-09-28,2016-09-28,P,2.15,2016-02-23
18362,2016-05-16 13:03:00,2016-05-16,0.1605,20784.0,13.0,4781.0,0.1605,0.1578,0.1578,10000574,2016-09-28,2016-09-28,P,2.15,2016-02-23
18363,2016-05-16 13:04:00,2016-05-16,0.1578,0.0,0.0,4781.0,0.1578,0.1578,0.1578,10000574,2016-09-28,2016-09-28,P,2.15,2016-02-23
18364,2016-05-16 13:05:00,2016-05-16,0.1578,0.0,0.0,4781.0,0.1578,0.1578,0.1578,10000574,2016-09-28,2016-09-28,P,2.15,2016-02-23
18365,2016-05-16 13:06:00,2016-05-16,0.1578,0.0,0.0,4781.0,0.1578,0.1578,0.1578,10000574,2016-09-28,2016-09-28,P,2.15,2016-02-23
18366,2016-05-16 13:07:00,2016-05-16,0.1578,0.0,0.0,4781.0,0.1578,0.1578,0.1578,10000574,2016-09-28,2016-09-28,P,2.15,2016-02-23
18367,2016-05-16 13:08:00,2016-05-16,0.1578,0.0,0.0,4781.0,0.1578,0.1578,0.1578,10000574,2016-09-28,2016-09-28,P,2.15,2016-02-23
18368,2016-05-16 13:09:00,2016-05-16,0.1578,0.0,0.0,4781.0,0.1578,0.1578,0.1578,10000574,2016-09-28,2016-09-28,P,2.15,2016-02-23
18369,2016-05-16 13:10:00,2016-05-16,0.1578,0.0,0.0,4781.0,0.1578,0.1578,0.1578,10000574,2016-09-28,2016-09-28,P,2.15,2016-02-23
18370,2016-05-16 13:11:00,2016-05-16,0.1578,0.0,0.0,4781.0,0.1578,0.1578,0.1578,10000574,2016-09-28,2016-09-28,P,2.15,2016-02-23
18371,2016-05-16 13:12:00,2016-05-16,0.1578,0.0,0.0,4781.0,0.1578,0.1578,0.1578,10000574,2016-09-28,2016-09-28,P,2.15,2016-02-23
18372,2016-05-16 13:13:00,2016-05-16,0.1578,0.0,0.0,4781.0,0.1578,0.1578,0.1578,10000574,2016-09-28,2016-09-28,P,2.15,2016-02-23
18373,2016-05-16 13:14:00,2016-05-16,0.1578,0.0,0.0,4781.0,0.1578,0.1578,0.1578,10000574,2016-09-28,2016-09-28,P,2.15,2016-02-23
18374,2016-05-16 13:15:00,2016-05-16,0.1578,0.0,0.0,4781.0,0.1578,0.1578,0.1578,10000574,2016-09-28,2016-09-28,P,2.15,2016-02-23
18375,2016-05-16 13:16:00,2016-05-16,0.1578,0.0,0.0,4781.0,0.1578,0.1578,0.1578,10000574,2016-09-28,2016-09-28,P,2.15,2016-02-23
18376,2016-05-16 13:17:00,2016-05-16,0.1578,0.0,0.0,4781.0,0.1578,0.1578,0.1578,10000574,2016-09-28,2016-09-28,P,2.15,2016-02-23
18377,2016-05-16 13:18:00,2016-05-16,0.1578,0.0,0.0,4781.0,0.1578,0.1578,0.1578,10000574,2016-09-28,2016-09-28,P,2.15,2016-02-23
18378,2016-05-16 13:19:00,2016-05-16,0.1578,0.0,0.0,4781.0,0.1578,0.1578,0.1578,10000574,2016-09-28,2016-09-28,P,2.15,2016-02-23
18379,2016-05-16 13:20:00,2016-05-16,0.1578,0.0,0.0,4781.0,0.1578,0.1578,0.1578,10000574,2016-09-28,2016-09-28,P,2.15,2016-02-23
18380,2016-05-16 13:21:00,2016-05-16,0.1578,0.0,0.0,4781.0,0.1578,0.1578,0.1578,10000574,2016-09-28,2016-09-28,P,2.15,2016-02-23
18381,2016-05-16 13:22:00,2016-05-16,0.1578,0.0,0.0,4781.0,0.1578,0.1578,0.1578,10000574,2016-09-28,2016-09-28,P,2.15,2016-02-23
18382,2016-05-16 13:23:00,2016-05-16,0.159,15900.0,10.0,4781.0,0.1578,0.159,0.1578,10000574,2016-09-28,2016-09-28,P,2.15,2016-02-23
18383,2016-05-16 13:24:00,2016-05-16,0.159,0.0,0.0,4781.0,0.159,0.159,0.159,10000574,2016-09-28,2016-09-28,P,2.15,2016-02-23
18384,2016-05-16 13:25:00,2016-05-16,0.159,0.0,0.0,4781.0,0.159,0.159,0.159,10000574,2016-09-28,2016-09-28,P,2.15,2016-02-23
18385,2016-05-16 13:26:00,2016-05-16,0.159,0.0,0.0,4781.0,0.159,0.159,0.159,10000574,2016-09-28,2016-09-28,P,2.15,2016-02-23
18386,2016-05-16 13:27:00,2016-05-16,0.159,0.0,0.0,4781.0,0.159,0.159,0.159,10000574,2016-09-28,2016-09-28,P,2.15,2016-02-23
18387,2016-05-16 13:28:00,2016-05-16,0.159,0.0,0.0,4781.0,0.159,0.159,0.159,10000574,2016-09-28,2016-09-28,P,2.15,2016-02-23
18388,2016-05-16 13:29:00,2016-05-16,0.159,0.0,0.0,4781.0,0.159,0.159,0.159,10000574,2016-09-28,2016-09-28,P,2.15,2016-02-23
18389,2016-05-16 13:30:00,2016-05-16,0.159,0.0,0.0,4781.0,0.159,0.159,0.159,10000574,2016-09-28,2016-09-28,P,2.15,2016-02-23
18390,2016-05-16 13:31:00,2016-05-16,0.159,0.0,0.0,4781.0,0.159,0.159,0.159,10000574,2016-09-28,2016-09-28,P,2.15,2016-02-23
18391,2016-05-16 13:32:00,2016-05-16,0.159,0.0,0.0,4781.0,0.159,0.159,0.159,10000574,2016-09-28,2016-09-28,P,2.15,2016-02-23
18392,2016-05-16 13:33:00,2016-05-16,0.159,0.0,0.0,4781.0,0.159,0.159,0.159,10000574,2016-09-28,2016-09-28,P,2.15,2016-02-23
18393,2016-05-16 13:34:00,2016-05-16,0.159,15850.0,10.0,4781.0,0.159,0.1585,0.1585,10000574,2016-09-28,2016-09-28,P,2.15,2016-02-23
18394,2016-05-16 13:35:00,2016-05-16,0.1585,0.0,0.0,4781.0,0.1585,0.1585,0.1585,10000574,2016-09-28,2016-09-28,P,2.15,2016-02-23
18395,2016-05-16 13:36:00,2016-05-16,0.1585,0.0,0.0,4781.0,0.1585,0.1585,0.1585,10000574,2016-09-28,2016-09-28,P,2.15,2016-02-23
18396,2016-05-16 13:37:00,2016-05-16,0.1585,0.0,0.0,4781.0,0.1585,0.1585,0.1585,10000574,2016-09-28,2016-09-28,P,2.15,2016-02-23
18397,2016-05-16 13:38:00,2016-05-16,0.1585,0.0,0.0,4781.0,0.1585,0.1585,0.1585,10000574,2016-09-28,2016-09-28,P,2.15,2016-02-23
18398,2016-05-16 13:39:00,2016-05-16,0.1585,0.0,0.0,4781.0,0.1585,0.1585,0.1585,10000574,2016-09-28,2016-09-28,P,2.15,2016-02-23
18399,2016-05-16 13:40:00,2016-05-16,0.1585,0.0,0.0,4781.0,0.1585,0.1585,0.1585,10000574,2016-09-28,2016-09-28,P,2.15,2016-02-23
18400,2016-05-16 13:41:00,2016-05-16,0.1603,8015.0,5.0,4781.0,0.1585,0.1603,0.1585,10000574,2016-09-28,2016-09-28,P,2.15,2016-02-23
18401,2016-05-16 13:42:00,2016-05-16,0.1603,0.0,0.0,4781.0,0.1603,0.1603,0.1603,10000574,2016-09-28,2016-09-28,P,2.15,2016-02-23
18402,2016-05-16 13:43:00,2016-05-16,0.1603,0.0,0.0,4781.0,0.1603,0.1603,0.1603,10000574,2016-09-28,2016-09-28,P,2.15,2016-02-23
18403,2016-05-16 13:44:00,2016-05-16,0.1603,0.0,0.0,4781.0,0.1603,0.1603,0.1603,10000574,2016-09-28,2016-09-28,P,2.15,2016-02-23
18404,2016-05-16 13:45:00,2016-05-16,0.1603,0.0,0.0,4781.0,0.1603,0.1603,0.1603,10000574,2016-09-28,2016-09-28,P,2.15,2016-02-23
18405,2016-05-16 13:46:00,2016-05-16,0.1603,0.0,0.0,4781.0,0.1603,0.1603,0.1603,10000574,2016-09-28,2016-09-28,P,2.15,2016-02-23
18406,2016-05-16 13:47:00,2016-05-16,0.1603,0.0,0.0,4781.0,0.1603,0.1603,0.1603,10000574,2016-09-28,2016-09-28,P,2.15,2016-02-23
18407,2016-05-16 13:48:00,2016-05-16,0.1603,0.0,0.0,4781.0,0.1603,0.1603,0.1603,10000574,2016-09-28,2016-09-28,P,2.15,2016-02-23
18408,2016-05-16 13:49:00,2016-05-16,0.1603,0.0,0.0,4781.0,0.1603,0.1603,0.1603,10000574,2016-09-28,2016-09-28,P,2.15,2016-02-23
18409,2016-05-16 13:50:00,2016-05-16,0.1603,0.0,0.0,4781.0,0.1603,0.1603,0.1603,10000574,2016-09-28,2016-09-28,P,2.15,2016-02-23
18410,2016-05-16 13:51:00,2016-05-16,0.1603,0.0,0.0,4781.0,0.1603,0.1603,0.1603,10000574,2016-09-28,2016-09-28,P,2.15,2016-02-23
18411,2016-05-16 13:52:00,2016-05-16,0.1603,0.0,0.0,4781.0,0.1603,0.1603,0.1603,10000574,2016-09-28,2016-09-28,P,2.15,2016-02-23
18412,2016-05-16 13:53:00,2016-05-16,0.1603,0.0,0.0,4781.0,0.1603,0.1603,0.1603,10000574,2016-09-28,2016-09-28,P,2.15,2016-02-23
18413,2016-05-16 13:54:00,2016-05-16,0.1603,0.0,0.0,4781.0,0.1603,0.1603,0.1603,10000574,2016-09-28,2016-09-28,P,2.15,2016-02-23
18414,2016-05-16 13:55:00,2016-05-16,0.1603,0.0,0.0,4781.0,0.1603,0.1603,0.1603,10000574,2016-09-28,2016-09-28,P,2.15,2016-02-23
18415,2016-05-16 13:56:00,2016-05-16,0.1603,6320.0,4.0,4785.0,0.1603,0.158,0.158,10000574,2016-09-28,2016-09-28,P,2.15,2016-02-23
18416,2016-05-16 13:57:00,2016-05-16,0.158,0.0,0.0,4785.0,0.158,0.158,0.158,10000574,2016-09-28,2016-09-28,P,2.15,2016-02-23
18417,2016-05-16 13:58:00,2016-05-16,0.158,0.0,0.0,4785.0,0.158,0.158,0.158,10000574,2016-09-28,2016-09-28,P,2.15,2016-02-23
18418,2016-05-16 13:59:00,2016-05-16,0.158,0.0,0.0,4785.0,0.158,0.158,0.158,10000574,2016-09-28,2016-09-28,P,2.15,2016-02-23
18419,2016-05-16 14:00:00,2016-05-16,0.158,0.0,0.0,4785.0,0.158,0.158,0.158,10000574,2016-09-28,2016-09-28,P,2.15,2016-02-23
18420,2016-05-16 14:01:00,2016-05-16,0.158,0.0,0.0,4785.0,0.158,0.158,0.158,10000574,2016-09-28,2016-09-28,P,2.15,2016-02-23
18421,2016-05-16 14:02:00,2016-05-16,0.158,0.0,0.0,4785.0,0.158,0.158,0.158,10000574,2016-09-28,2016-09-28,P,2.15,2016-02-23
18422,2016-05-16 14:03:00,2016-05-16,0.158,0.0,0.0,4785.0,0.158,0.158,0.158,10000574,2016-09-28,2016-09-28,P,2.15,2016-02-23
18423,2016-05-16 14:04:00,2016-05-16,0.158,0.0,0.0,4785.0,0.158,0.158,0.158,10000574,2016-09-28,2016-09-28,P,2.15,2016-02-23
18424,2016-05-16 14:05:00,2016-05-16,0.158,0.0,0.0,4785.0,0.158,0.158,0.158,10000574,2016-09-28,2016-09-28,P,2.15,2016-02-23
18425,2016-05-16 14:06:00,2016-05-16,0.158,0.0,0.0,4785.0,0.158,0.158,0.158,10000574,2016-09-28,2016-09-28,P,2.15,2016-02-23
18426,2016-05-16 14:07:00,2016-05-16,0.158,0.0,0.0,4785.0,0.158,0.158,0.158,10000574,2016-09-28,2016-09-28,P,2.15,2016-02-23
18427,2016-05-16 14:08:00,2016-05-16,0.158,0.0,0.0,4785.0,0.158,0.158,0.158,10000574,2016-09-28,2016-09-28,P,2.15,2016-02-23
18428,2016-05-16 14:09:00,2016-05-16,0.158,4740.0,3.0,4782.0,0.158,0.158,0.158,10000574,2016-09-28,2016-09-28,P,2.15,2016-02-23
18429,2016-05-16 14:10:00,2016-05-16,0.158,0.0,0.0,4782.0,0.158,0.158,0.158,10000574,2016-09-28,2016-09-28,P,2.15,2016-02-23
18430,2016-05-16 14:11:00,2016-05-16,0.158,0.0,0.0,4782.0,0.158,0.158,0.158,10000574,2016-09-28,2016-09-28,P,2.15,2016-02-23
18431,2016-05-16 14:12:00,2016-05-16,0.158,1580.0,1.0,4782.0,0.158,0.158,0.158,10000574,2016-09-28,2016-09-28,P,2.15,2016-02-23
18432,2016-05-16 14:13:00,2016-05-16,0.158,0.0,0.0,4782.0,0.158,0.158,0.158,10000574,2016-09-28,2016-09-28,P,2.15,2016-02-23
18433,2016-05-16 14:14:00,2016-05-16,0.158,0.0,0.0,4782.0,0.158,0.158,0.158,10000574,2016-09-28,2016-09-28,P,2.15,2016-02-23
18434,2016-05-16 14:15:00,2016-05-16,0.158,9480.0,6.0,4776.0,0.158,0.158,0.158,10000574,2016-09-28,2016-09-28,P,2.15,2016-02-23
18435,2016-05-16 14:16:00,2016-05-16,0.158,0.0,0.0,4776.0,0.158,0.158,0.158,10000574,2016-09-28,2016-09-28,P,2.15,2016-02-23
18436,2016-05-16 14:17:00,2016-05-16,0.158,0.0,0.0,4776.0,0.158,0.158,0.158,10000574,2016-09-28,2016-09-28,P,2.15,2016-02-23
18437,2016-05-16 14:18:00,2016-05-16,0.158,0.0,0.0,4776.0,0.158,0.158,0.158,10000574,2016-09-28,2016-09-28,P,2.15,2016-02-23
18438,2016-05-16 14:19:00,2016-05-16,0.158,0.0,0.0,4776.0,0.158,0.158,0.158,10000574,2016-09-28,2016-09-28,P,2.15,2016-02-23
18439,2016-05-16 14:20:00,2016-05-16,0.158,0.0,0.0,4776.0,0.158,0.158,0.158,10000574,2016-09-28,2016-09-28,P,2.15,2016-02-23
18440,2016-05-16 14:21:00,2016-05-16,0.158,0.0,0.0,4776.0,0.158,0.158,0.158,10000574,2016-09-28,2016-09-28,P,2.15,2016-02-23
18441,2016-05-16 14:22:00,2016-05-16,0.158,0.0,0.0,4776.0,0.158,0.158,0.158,10000574,2016-09-28,2016-09-28,P,2.15,2016-02-23
18442,2016-05-16 14:23:00,2016-05-16,0.158,0.0,0.0,4776.0,0.158,0.158,0.158,10000574,2016-09-28,2016-09-28,P,2.15,2016-02-23
18443,2016-05-16 14:24:00,2016-05-16,0.158,0.0,0.0,4776.0,0.158,0.158,0.158,10000574,2016-09-28,2016-09-28,P,2.15,2016-02-23
18444,2016-05-16 14:25:00,2016-05-16,0.158,0.0,0.0,4776.0,0.158,0.158,0.158,10000574,2016-09-28,2016-09-28,P,2.15,2016-02-23
18445,2016-05-16 14:26:00,2016-05-16,0.158,0.0,0.0,4776.0,0.158,0.158,0.158,10000574,2016-09-28,2016-09-28,P,2.15,2016-02-23
18446,2016-05-16 14:27:00,2016-05-16,0.158,0.0,0.0,4776.0,0.158,0.158,0.158,10000574,2016-09-28,2016-09-28,P,2.15,2016-02-23
18447,2016-05-16 14:28:00,2016-05-16,0.1592,1592.0,1.0,4776.0,0.158,0.1592,0.158,10000574,2016-09-28,2016-09-28,P,2.15,2016-02-23
18448,2016-05-16 14:29:00,2016-05-16,0.1592,0.0,0.0,4776.0,0.1592,0.1592,0.1592,10000574,2016-09-28,2016-09-28,P,2.15,2016-02-23
18449,2016-05-16 14:30:00,2016-05-16,0.1592,1591.0,1.0,4776.0,0.1592,0.1591,0.1591,10000574,2016-09-28,2016-09-28,P,2.15,2016-02-23
18450,2016-05-16 14:31:00,2016-05-16,0.1591,0.0,0.0,4776.0,0.1591,0.1591,0.1591,10000574,2016-09-28,2016-09-28,P,2.15,2016-02-23
18451,2016-05-16 14:32:00,2016-05-16,0.1591,0.0,0.0,4776.0,0.1591,0.1591,0.1591,10000574,2016-09-28,2016-09-28,P,2.15,2016-02-23
18452,2016-05-16 14:33:00,2016-05-16,0.1591,0.0,0.0,4776.0,0.1591,0.1591,0.1591,10000574,2016-09-28,2016-09-28,P,2.15,2016-02-23
18453,2016-05-16 14:34:00,2016-05-16,0.1591,3157.0,2.0,4776.0,0.1591,0.1571,0.1571,10000574,2016-09-28,2016-09-28,P,2.15,2016-02-23
18454,2016-05-16 14:35:00,2016-05-16,0.1571,0.0,0.0,4776.0,0.1571,0.1571,0.1571,10000574,2016-09-28,2016-09-28,P,2.15,2016-02-23
18455,2016-05-16 14:36:00,2016-05-16,0.1571,0.0,0.0,4776.0,0.1571,0.1571,0.1571,10000574,2016-09-28,2016-09-28,P,2.15,2016-02-23
18456,2016-05-16 14:37:00,2016-05-16,0.1571,0.0,0.0,4776.0,0.1571,0.1571,0.1571,10000574,2016-09-28,2016-09-28,P,2.15,2016-02-23
18457,2016-05-16 14:38:00,2016-05-16,0.1576,31367.0,20.0,4756.0,0.1571,0.1567,0.1567,10000574,2016-09-28,2016-09-28,P,2.15,2016-02-23
18458,2016-05-16 14:39:00,2016-05-16,0.1567,0.0,0.0,4756.0,0.1567,0.1567,0.1567,10000574,2016-09-28,2016-09-28,P,2.15,2016-02-23
18459,2016-05-16 14:40:00,2016-05-16,0.1567,0.0,0.0,4756.0,0.1567,0.1567,0.1567,10000574,2016-09-28,2016-09-28,P,2.15,2016-02-23
18460,2016-05-16 14:41:00,2016-05-16,0.1567,0.0,0.0,4756.0,0.1567,0.1567,0.1567,10000574,2016-09-28,2016-09-28,P,2.15,2016-02-23
18461,2016-05-16 14:42:00,2016-05-16,0.1576,3152.0,2.0,4754.0,0.1567,0.1576,0.1567,10000574,2016-09-28,2016-09-28,P,2.15,2016-02-23
18462,2016-05-16 14:43:00,2016-05-16,0.1576,4728.0,3.0,4751.0,0.1576,0.1576,0.1576,10000574,2016-09-28,2016-09-28,P,2.15,2016-02-23
18463,2016-05-16 14:44:00,2016-05-16,0.1576,6304.0,4.0,4747.0,0.1576,0.1576,0.1576,10000574,2016-09-28,2016-09-28,P,2.15,2016-02-23
18464,2016-05-16 14:45:00,2016-05-16,0.1576,12608.0,8.0,4747.0,0.1576,0.1576,0.1576,10000574,2016-09-28,2016-09-28,P,2.15,2016-02-23
18465,2016-05-16 14:46:00,2016-05-16,0.1576,0.0,0.0,4747.0,0.1576,0.1576,0.1576,10000574,2016-09-28,2016-09-28,P,2.15,2016-02-23
18466,2016-05-16 14:47:00,2016-05-16,0.1576,0.0,0.0,4747.0,0.1576,0.1576,0.1576,10000574,2016-09-28,2016-09-28,P,2.15,2016-02-23
18467,2016-05-16 14:48:00,2016-05-16,0.1576,0.0,0.0,4747.0,0.1576,0.1576,0.1576,10000574,2016-09-28,2016-09-28,P,2.15,2016-02-23
18468,2016-05-16 14:49:00,2016-05-16,0.1576,0.0,0.0,4747.0,0.1576,0.1576,0.1576,10000574,2016-09-28,2016-09-28,P,2.15,2016-02-23
18469,2016-05-16 14:50:00,2016-05-16,0.1576,20340.0,13.0,4742.0,0.1576,0.1563,0.1563,10000574,2016-09-28,2016-09-28,P,2.15,2016-02-23
18470,2016-05-16 14:51:00,2016-05-16,0.1563,0.0,0.0,4742.0,0.1563,0.1563,0.1563,10000574,2016-09-28,2016-09-28,P,2.15,2016-02-23
18471,2016-05-16 14:52:00,2016-05-16,0.1563,0.0,0.0,4742.0,0.1563,0.1563,0.1563,10000574,2016-09-28,2016-09-28,P,2.15,2016-02-23
18472,2016-05-16 14:53:00,2016-05-16,0.1563,0.0,0.0,4742.0,0.1563,0.1563,0.1563,10000574,2016-09-28,2016-09-28,P,2.15,2016-02-23
18473,2016-05-16 14:54:00,2016-05-16,0.1563,0.0,0.0,4742.0,0.1563,0.1563,0.1563,10000574,2016-09-28,2016-09-28,P,2.15,2016-02-23
18474,2016-05-16 14:55:00,2016-05-16,0.1563,0.0,0.0,4742.0,0.1563,0.1563,0.1563,10000574,2016-09-28,2016-09-28,P,2.15,2016-02-23
18475,2016-05-16 14:56:00,2016-05-16,0.1563,0.0,0.0,4742.0,0.1563,0.1563,0.1563,10000574,2016-09-28,2016-09-28,P,2.15,2016-02-23
18476,2016-05-16 14:57:00,2016-05-16,0.1563,0.0,0.0,4742.0,0.1563,0.1563,0.1563,10000574,2016-09-28,2016-09-28,P,2.15,2016-02-23
18477,2016-05-16 14:58:00,2016-05-16,0.1563,0.0,0.0,4742.0,0.1563,0.1563,0.1563,10000574,2016-09-28,2016-09-28,P,2.15,2016-02-23
18478,2016-05-16 14:59:00,2016-05-16,0.1563,0.0,0.0,4742.0,0.1563,0.1563,0.1563,10000574,2016-09-28,2016-09-28,P,2.15,2016-02-23
18479,2016-05-16 15:00:00,2016-05-16,0.1563,0.0,0.0,4742.0,0.1563,0.1563,0.1563,10000574,2016-09-28,2016-09-28,P,2.15,2016-02-23
18480,2016-05-16 09:31:00,2016-05-16,0.2659,0.0,0.0,1566.0,0.2659,0.2659,0.2659,10000624,2016-12-28,2016-12-28,P,2.202,2016-04-28
18481,2016-05-16 09:32:00,2016-05-16,0.2659,0.0,0.0,1566.0,0.2659,0.2659,0.2659,10000624,2016-12-28,2016-12-28,P,2.202,2016-04-28
18482,2016-05-16 09:33:00,2016-05-16,0.2659,0.0,0.0,1566.0,0.2659,0.2659,0.2659,10000624,2016-12-28,2016-12-28,P,2.202,2016-04-28
18483,2016-05-16 09:34:00,2016-05-16,0.2659,0.0,0.0,1566.0,0.2659,0.2659,0.2659,10000624,2016-12-28,2016-12-28,P,2.202,2016-04-28
18484,2016-05-16 09:35:00,2016-05-16,0.2659,0.0,0.0,1566.0,0.2659,0.2659,0.2659,10000624,2016-12-28,2016-12-28,P,2.202,2016-04-28
18485,2016-05-16 09:36:00,2016-05-16,0.2659,0.0,0.0,1566.0,0.2659,0.2659,0.2659,10000624,2016-12-28,2016-12-28,P,2.202,2016-04-28
18486,2016-05-16 09:37:00,2016-05-16,0.2659,0.0,0.0,1566.0,0.2659,0.2659,0.2659,10000624,2016-12-28,2016-12-28,P,2.202,2016-04-28
18487,2016-05-16 09:38:00,2016-05-16,0.2659,0.0,0.0,1566.0,0.2659,0.2659,0.2659,10000624,2016-12-28,2016-12-28,P,2.202,2016-04-28
18488,2016-05-16 09:39:00,2016-05-16,0.2659,0.0,0.0,1566.0,0.2659,0.2659,0.2659,10000624,2016-12-28,2016-12-28,P,2.202,2016-04-28
18489,2016-05-16 09:40:00,2016-05-16,0.2659,0.0,0.0,1566.0,0.2659,0.2659,0.2659,10000624,2016-12-28,2016-12-28,P,2.202,2016-04-28
18490,2016-05-16 09:41:00,2016-05-16,0.2659,0.0,0.0,1566.0,0.2659,0.2659,0.2659,10000624,2016-12-28,2016-12-28,P,2.202,2016-04-28
18491,2016-05-16 09:42:00,2016-05-16,0.2659,0.0,0.0,1566.0,0.2659,0.2659,0.2659,10000624,2016-12-28,2016-12-28,P,2.202,2016-04-28
18492,2016-05-16 09:43:00,2016-05-16,0.2659,0.0,0.0,1566.0,0.2659,0.2659,0.2659,10000624,2016-12-28,2016-12-28,P,2.202,2016-04-28
18493,2016-05-16 09:44:00,2016-05-16,0.2659,0.0,0.0,1566.0,0.2659,0.2659,0.2659,10000624,2016-12-28,2016-12-28,P,2.202,2016-04-28
18494,2016-05-16 09:45:00,2016-05-16,0.2659,0.0,0.0,1566.0,0.2659,0.2659,0.2659,10000624,2016-12-28,2016-12-28,P,2.202,2016-04-28
18495,2016-05-16 09:46:00,2016-05-16,0.2659,0.0,0.0,1566.0,0.2659,0.2659,0.2659,10000624,2016-12-28,2016-12-28,P,2.202,2016-04-28
18496,2016-05-16 09:47:00,2016-05-16,0.2659,0.0,0.0,1566.0,0.2659,0.2659,0.2659,10000624,2016-12-28,2016-12-28,P,2.202,2016-04-28
18497,2016-05-16 09:48:00,2016-05-16,0.2659,0.0,0.0,1566.0,0.2659,0.2659,0.2659,10000624,2016-12-28,2016-12-28,P,2.202,2016-04-28
18498,2016-05-16 09:49:00,2016-05-16,0.2659,0.0,0.0,1566.0,0.2659,0.2659,0.2659,10000624,2016-12-28,2016-12-28,P,2.202,2016-04-28
18499,2016-05-16 09:50:00,2016-05-16,0.2659,0.0,0.0,1566.0,0.2659,0.2659,0.2659,10000624,2016-12-28,2016-12-28,P,2.202,2016-04-28
18500,2016-05-16 09:51:00,2016-05-16,0.2659,0.0,0.0,1566.0,0.2659,0.2659,0.2659,10000624,2016-12-28,2016-12-28,P,2.202,2016-04-28
18501,2016-05-16 09:52:00,2016-05-16,0.2659,0.0,0.0,1566.0,0.2659,0.2659,0.2659,10000624,2016-12-28,2016-12-28,P,2.202,2016-04-28
18502,2016-05-16 09:53:00,2016-05-16,0.2659,0.0,0.0,1566.0,0.2659,0.2659,0.2659,10000624,2016-12-28,2016-12-28,P,2.202,2016-04-28
18503,2016-05-16 09:54:00,2016-05-16,0.2659,0.0,0.0,1566.0,0.2659,0.2659,0.2659,10000624,2016-12-28,2016-12-28,P,2.202,2016-04-28
18504,2016-05-16 09:55:00,2016-05-16,0.2659,0.0,0.0,1566.0,0.2659,0.2659,0.2659,10000624,2016-12-28,2016-12-28,P,2.202,2016-04-28
18505,2016-05-16 09:56:00,2016-05-16,0.2659,0.0,0.0,1566.0,0.2659,0.2659,0.2659,10000624,2016-12-28,2016-12-28,P,2.202,2016-04-28
18506,2016-05-16 09:57:00,2016-05-16,0.2659,0.0,0.0,1566.0,0.2659,0.2659,0.2659,10000624,2016-12-28,2016-12-28,P,2.202,2016-04-28
18507,2016-05-16 09:58:00,2016-05-16,0.2659,0.0,0.0,1566.0,0.2659,0.2659,0.2659,10000624,2016-12-28,2016-12-28,P,2.202,2016-04-28
18508,2016-05-16 09:59:00,2016-05-16,0.2659,0.0,0.0,1566.0,0.2659,0.2659,0.2659,10000624,2016-12-28,2016-12-28,P,2.202,2016-04-28
18509,2016-05-16 10:00:00,2016-05-16,0.2659,0.0,0.0,1566.0,0.2659,0.2659,0.2659,10000624,2016-12-28,2016-12-28,P,2.202,2016-04-28
18510,2016-05-16 10:01:00,2016-05-16,0.2659,0.0,0.0,1566.0,0.2659,0.2659,0.2659,10000624,2016-12-28,2016-12-28,P,2.202,2016-04-28
18511,2016-05-16 10:02:00,2016-05-16,0.2659,0.0,0.0,1566.0,0.2659,0.2659,0.2659,10000624,2016-12-28,2016-12-28,P,2.202,2016-04-28
18512,2016-05-16 10:03:00,2016-05-16,0.2659,0.0,0.0,1566.0,0.2659,0.2659,0.2659,10000624,2016-12-28,2016-12-28,P,2.202,2016-04-28
18513,2016-05-16 10:04:00,2016-05-16,0.2688,8064.0,3.0,1566.0,0.2659,0.2688,0.2659,10000624,2016-12-28,2016-12-28,P,2.202,2016-04-28
18514,2016-05-16 10:05:00,2016-05-16,0.2688,0.0,0.0,1566.0,0.2688,0.2688,0.2688,10000624,2016-12-28,2016-12-28,P,2.202,2016-04-28
18515,2016-05-16 10:06:00,2016-05-16,0.2688,0.0,0.0,1566.0,0.2688,0.2688,0.2688,10000624,2016-12-28,2016-12-28,P,2.202,2016-04-28
18516,2016-05-16 10:07:00,2016-05-16,0.2688,0.0,0.0,1566.0,0.2688,0.2688,0.2688,10000624,2016-12-28,2016-12-28,P,2.202,2016-04-28
18517,2016-05-16 10:08:00,2016-05-16,0.2688,0.0,0.0,1566.0,0.2688,0.2688,0.2688,10000624,2016-12-28,2016-12-28,P,2.202,2016-04-28
18518,2016-05-16 10:09:00,2016-05-16,0.2688,0.0,0.0,1566.0,0.2688,0.2688,0.2688,10000624,2016-12-28,2016-12-28,P,2.202,2016-04-28
18519,2016-05-16 10:10:00,2016-05-16,0.2688,0.0,0.0,1566.0,0.2688,0.2688,0.2688,10000624,2016-12-28,2016-12-28,P,2.202,2016-04-28
18520,2016-05-16 10:11:00,2016-05-16,0.2688,0.0,0.0,1566.0,0.2688,0.2688,0.2688,10000624,2016-12-28,2016-12-28,P,2.202,2016-04-28
18521,2016-05-16 10:12:00,2016-05-16,0.2688,0.0,0.0,1566.0,0.2688,0.2688,0.2688,10000624,2016-12-28,2016-12-28,P,2.202,2016-04-28
18522,2016-05-16 10:13:00,2016-05-16,0.2688,0.0,0.0,1566.0,0.2688,0.2688,0.2688,10000624,2016-12-28,2016-12-28,P,2.202,2016-04-28
18523,2016-05-16 10:14:00,2016-05-16,0.2688,0.0,0.0,1566.0,0.2688,0.2688,0.2688,10000624,2016-12-28,2016-12-28,P,2.202,2016-04-28
18524,2016-05-16 10:15:00,2016-05-16,0.2688,0.0,0.0,1566.0,0.2688,0.2688,0.2688,10000624,2016-12-28,2016-12-28,P,2.202,2016-04-28
18525,2016-05-16 10:16:00,2016-05-16,0.2688,0.0,0.0,1566.0,0.2688,0.2688,0.2688,10000624,2016-12-28,2016-12-28,P,2.202,2016-04-28
18526,2016-05-16 10:17:00,2016-05-16,0.2688,0.0,0.0,1566.0,0.2688,0.2688,0.2688,10000624,2016-12-28,2016-12-28,P,2.202,2016-04-28
18527,2016-05-16 10:18:00,2016-05-16,0.2688,0.0,0.0,1566.0,0.2688,0.2688,0.2688,10000624,2016-12-28,2016-12-28,P,2.202,2016-04-28
18528,2016-05-16 10:19:00,2016-05-16,0.2688,0.0,0.0,1566.0,0.2688,0.2688,0.2688,10000624,2016-12-28,2016-12-28,P,2.202,2016-04-28
18529,2016-05-16 10:20:00,2016-05-16,0.2688,0.0,0.0,1566.0,0.2688,0.2688,0.2688,10000624,2016-12-28,2016-12-28,P,2.202,2016-04-28
18530,2016-05-16 10:21:00,2016-05-16,0.2688,0.0,0.0,1566.0,0.2688,0.2688,0.2688,10000624,2016-12-28,2016-12-28,P,2.202,2016-04-28
18531,2016-05-16 10:22:00,2016-05-16,0.2688,13400.0,5.0,1571.0,0.2688,0.268,0.268,10000624,2016-12-28,2016-12-28,P,2.202,2016-04-28
18532,2016-05-16 10:23:00,2016-05-16,0.268,0.0,0.0,1571.0,0.268,0.268,0.268,10000624,2016-12-28,2016-12-28,P,2.202,2016-04-28
18533,2016-05-16 10:24:00,2016-05-16,0.268,0.0,0.0,1571.0,0.268,0.268,0.268,10000624,2016-12-28,2016-12-28,P,2.202,2016-04-28
18534,2016-05-16 10:25:00,2016-05-16,0.268,0.0,0.0,1571.0,0.268,0.268,0.268,10000624,2016-12-28,2016-12-28,P,2.202,2016-04-28
18535,2016-05-16 10:26:00,2016-05-16,0.268,0.0,0.0,1571.0,0.268,0.268,0.268,10000624,2016-12-28,2016-12-28,P,2.202,2016-04-28
18536,2016-05-16 10:27:00,2016-05-16,0.268,0.0,0.0,1571.0,0.268,0.268,0.268,10000624,2016-12-28,2016-12-28,P,2.202,2016-04-28
18537,2016-05-16 10:28:00,2016-05-16,0.2681,24124.0,9.0,1576.0,0.268,0.268,0.268,10000624,2016-12-28,2016-12-28,P,2.202,2016-04-28
18538,2016-05-16 10:29:00,2016-05-16,0.268,26790.0,10.0,1586.0,0.268,0.2679,0.2679,10000624,2016-12-28,2016-12-28,P,2.202,2016-04-28
18539,2016-05-16 10:30:00,2016-05-16,0.2679,0.0,0.0,1586.0,0.2679,0.2679,0.2679,10000624,2016-12-28,2016-12-28,P,2.202,2016-04-28
18540,2016-05-16 10:31:00,2016-05-16,0.2679,0.0,0.0,1586.0,0.2679,0.2679,0.2679,10000624,2016-12-28,2016-12-28,P,2.202,2016-04-28
18541,2016-05-16 10:32:00,2016-05-16,0.2679,0.0,0.0,1586.0,0.2679,0.2679,0.2679,10000624,2016-12-28,2016-12-28,P,2.202,2016-04-28
18542,2016-05-16 10:33:00,2016-05-16,0.2679,0.0,0.0,1586.0,0.2679,0.2679,0.2679,10000624,2016-12-28,2016-12-28,P,2.202,2016-04-28
18543,2016-05-16 10:34:00,2016-05-16,0.2679,0.0,0.0,1586.0,0.2679,0.2679,0.2679,10000624,2016-12-28,2016-12-28,P,2.202,2016-04-28
18544,2016-05-16 10:35:00,2016-05-16,0.2679,0.0,0.0,1586.0,0.2679,0.2679,0.2679,10000624,2016-12-28,2016-12-28,P,2.202,2016-04-28
18545,2016-05-16 10:36:00,2016-05-16,0.2679,0.0,0.0,1586.0,0.2679,0.2679,0.2679,10000624,2016-12-28,2016-12-28,P,2.202,2016-04-28
18546,2016-05-16 10:37:00,2016-05-16,0.2679,0.0,0.0,1586.0,0.2679,0.2679,0.2679,10000624,2016-12-28,2016-12-28,P,2.202,2016-04-28
18547,2016-05-16 10:38:00,2016-05-16,0.2679,0.0,0.0,1586.0,0.2679,0.2679,0.2679,10000624,2016-12-28,2016-12-28,P,2.202,2016-04-28
18548,2016-05-16 10:39:00,2016-05-16,0.2679,0.0,0.0,1586.0,0.2679,0.2679,0.2679,10000624,2016-12-28,2016-12-28,P,2.202,2016-04-28
18549,2016-05-16 10:40:00,2016-05-16,0.2679,0.0,0.0,1586.0,0.2679,0.2679,0.2679,10000624,2016-12-28,2016-12-28,P,2.202,2016-04-28
18550,2016-05-16 10:41:00,2016-05-16,0.2679,0.0,0.0,1586.0,0.2679,0.2679,0.2679,10000624,2016-12-28,2016-12-28,P,2.202,2016-04-28
18551,2016-05-16 10:42:00,2016-05-16,0.2679,0.0,0.0,1586.0,0.2679,0.2679,0.2679,10000624,2016-12-28,2016-12-28,P,2.202,2016-04-28
18552,2016-05-16 10:43:00,2016-05-16,0.2679,0.0,0.0,1586.0,0.2679,0.2679,0.2679,10000624,2016-12-28,2016-12-28,P,2.202,2016-04-28
18553,2016-05-16 10:44:00,2016-05-16,0.2679,0.0,0.0,1586.0,0.2679,0.2679,0.2679,10000624,2016-12-28,2016-12-28,P,2.202,2016-04-28
18554,2016-05-16 10:45:00,2016-05-16,0.2679,0.0,0.0,1586.0,0.2679,0.2679,0.2679,10000624,2016-12-28,2016-12-28,P,2.202,2016-04-28
18555,2016-05-16 10:46:00,2016-05-16,0.2679,0.0,0.0,1586.0,0.2679,0.2679,0.2679,10000624,2016-12-28,2016-12-28,P,2.202,2016-04-28
18556,2016-05-16 10:47:00,2016-05-16,0.2679,0.0,0.0,1586.0,0.2679,0.2679,0.2679,10000624,2016-12-28,2016-12-28,P,2.202,2016-04-28
18557,2016-05-16 10:48:00,2016-05-16,0.2679,0.0,0.0,1586.0,0.2679,0.2679,0.2679,10000624,2016-12-28,2016-12-28,P,2.202,2016-04-28
18558,2016-05-16 10:49:00,2016-05-16,0.2679,0.0,0.0,1586.0,0.2679,0.2679,0.2679,10000624,2016-12-28,2016-12-28,P,2.202,2016-04-28
18559,2016-05-16 10:50:00,2016-05-16,0.2679,0.0,0.0,1586.0,0.2679,0.2679,0.2679,10000624,2016-12-28,2016-12-28,P,2.202,2016-04-28
18560,2016-05-16 10:51:00,2016-05-16,0.2679,0.0,0.0,1586.0,0.2679,0.2679,0.2679,10000624,2016-12-28,2016-12-28,P,2.202,2016-04-28
18561,2016-05-16 10:52:00,2016-05-16,0.2679,0.0,0.0,1586.0,0.2679,0.2679,0.2679,10000624,2016-12-28,2016-12-28,P,2.202,2016-04-28
18562,2016-05-16 10:53:00,2016-05-16,0.2679,0.0,0.0,1586.0,0.2679,0.2679,0.2679,10000624,2016-12-28,2016-12-28,P,2.202,2016-04-28
18563,2016-05-16 10:54:00,2016-05-16,0.2679,0.0,0.0,1586.0,0.2679,0.2679,0.2679,10000624,2016-12-28,2016-12-28,P,2.202,2016-04-28
18564,2016-05-16 10:55:00,2016-05-16,0.2679,0.0,0.0,1586.0,0.2679,0.2679,0.2679,10000624,2016-12-28,2016-12-28,P,2.202,2016-04-28
18565,2016-05-16 10:56:00,2016-05-16,0.2679,26780.0,10.0,1596.0,0.2679,0.2678,0.2678,10000624,2016-12-28,2016-12-28,P,2.202,2016-04-28
18566,2016-05-16 10:57:00,2016-05-16,0.2678,0.0,0.0,1596.0,0.2678,0.2678,0.2678,10000624,2016-12-28,2016-12-28,P,2.202,2016-04-28
18567,2016-05-16 10:58:00,2016-05-16,0.2678,0.0,0.0,1596.0,0.2678,0.2678,0.2678,10000624,2016-12-28,2016-12-28,P,2.202,2016-04-28
18568,2016-05-16 10:59:00,2016-05-16,0.2678,0.0,0.0,1596.0,0.2678,0.2678,0.2678,10000624,2016-12-28,2016-12-28,P,2.202,2016-04-28
18569,2016-05-16 11:00:00,2016-05-16,0.2678,0.0,0.0,1596.0,0.2678,0.2678,0.2678,10000624,2016-12-28,2016-12-28,P,2.202,2016-04-28
18570,2016-05-16 11:01:00,2016-05-16,0.2678,0.0,0.0,1596.0,0.2678,0.2678,0.2678,10000624,2016-12-28,2016-12-28,P,2.202,2016-04-28
18571,2016-05-16 11:02:00,2016-05-16,0.2678,0.0,0.0,1596.0,0.2678,0.2678,0.2678,10000624,2016-12-28,2016-12-28,P,2.202,2016-04-28
18572,2016-05-16 11:03:00,2016-05-16,0.2678,0.0,0.0,1596.0,0.2678,0.2678,0.2678,10000624,2016-12-28,2016-12-28,P,2.202,2016-04-28
18573,2016-05-16 11:04:00,2016-05-16,0.2678,0.0,0.0,1596.0,0.2678,0.2678,0.2678,10000624,2016-12-28,2016-12-28,P,2.202,2016-04-28
18574,2016-05-16 11:05:00,2016-05-16,0.2678,0.0,0.0,1596.0,0.2678,0.2678,0.2678,10000624,2016-12-28,2016-12-28,P,2.202,2016-04-28
18575,2016-05-16 11:06:00,2016-05-16,0.2678,0.0,0.0,1596.0,0.2678,0.2678,0.2678,10000624,2016-12-28,2016-12-28,P,2.202,2016-04-28
18576,2016-05-16 11:07:00,2016-05-16,0.2678,0.0,0.0,1596.0,0.2678,0.2678,0.2678,10000624,2016-12-28,2016-12-28,P,2.202,2016-04-28
18577,2016-05-16 11:08:00,2016-05-16,0.2678,0.0,0.0,1596.0,0.2678,0.2678,0.2678,10000624,2016-12-28,2016-12-28,P,2.202,2016-04-28
18578,2016-05-16 11:09:00,2016-05-16,0.2678,0.0,0.0,1596.0,0.2678,0.2678,0.2678,10000624,2016-12-28,2016-12-28,P,2.202,2016-04-28
18579,2016-05-16 11:10:00,2016-05-16,0.2678,0.0,0.0,1596.0,0.2678,0.2678,0.2678,10000624,2016-12-28,2016-12-28,P,2.202,2016-04-28
18580,2016-05-16 11:11:00,2016-05-16,0.2678,0.0,0.0,1596.0,0.2678,0.2678,0.2678,10000624,2016-12-28,2016-12-28,P,2.202,2016-04-28
18581,2016-05-16 11:12:00,2016-05-16,0.2678,0.0,0.0,1596.0,0.2678,0.2678,0.2678,10000624,2016-12-28,2016-12-28,P,2.202,2016-04-28
18582,2016-05-16 11:13:00,2016-05-16,0.2678,0.0,0.0,1596.0,0.2678,0.2678,0.2678,10000624,2016-12-28,2016-12-28,P,2.202,2016-04-28
18583,2016-05-16 11:14:00,2016-05-16,0.2678,0.0,0.0,1596.0,0.2678,0.2678,0.2678,10000624,2016-12-28,2016-12-28,P,2.202,2016-04-28
18584,2016-05-16 11:15:00,2016-05-16,0.2678,0.0,0.0,1596.0,0.2678,0.2678,0.2678,10000624,2016-12-28,2016-12-28,P,2.202,2016-04-28
18585,2016-05-16 11:16:00,2016-05-16,0.2678,0.0,0.0,1596.0,0.2678,0.2678,0.2678,10000624,2016-12-28,2016-12-28,P,2.202,2016-04-28
18586,2016-05-16 11:17:00,2016-05-16,0.2678,0.0,0.0,1596.0,0.2678,0.2678,0.2678,10000624,2016-12-28,2016-12-28,P,2.202,2016-04-28
18587,2016-05-16 11:18:00,2016-05-16,0.2678,0.0,0.0,1596.0,0.2678,0.2678,0.2678,10000624,2016-12-28,2016-12-28,P,2.202,2016-04-28
18588,2016-05-16 11:19:00,2016-05-16,0.2678,0.0,0.0,1596.0,0.2678,0.2678,0.2678,10000624,2016-12-28,2016-12-28,P,2.202,2016-04-28
18589,2016-05-16 11:20:00,2016-05-16,0.2678,0.0,0.0,1596.0,0.2678,0.2678,0.2678,10000624,2016-12-28,2016-12-28,P,2.202,2016-04-28
18590,2016-05-16 11:21:00,2016-05-16,0.2678,0.0,0.0,1596.0,0.2678,0.2678,0.2678,10000624,2016-12-28,2016-12-28,P,2.202,2016-04-28
18591,2016-05-16 11:22:00,2016-05-16,0.2683,8049.0,3.0,1596.0,0.2678,0.2683,0.2678,10000624,2016-12-28,2016-12-28,P,2.202,2016-04-28
18592,2016-05-16 11:23:00,2016-05-16,0.2683,2683.0,1.0,1596.0,0.2683,0.2683,0.2683,10000624,2016-12-28,2016-12-28,P,2.202,2016-04-28
18593,2016-05-16 11:24:00,2016-05-16,0.2683,0.0,0.0,1596.0,0.2683,0.2683,0.2683,10000624,2016-12-28,2016-12-28,P,2.202,2016-04-28
18594,2016-05-16 11:25:00,2016-05-16,0.2683,0.0,0.0,1596.0,0.2683,0.2683,0.2683,10000624,2016-12-28,2016-12-28,P,2.202,2016-04-28
18595,2016-05-16 11:26:00,2016-05-16,0.2683,0.0,0.0,1596.0,0.2683,0.2683,0.2683,10000624,2016-12-28,2016-12-28,P,2.202,2016-04-28
18596,2016-05-16 11:27:00,2016-05-16,0.2683,0.0,0.0,1596.0,0.2683,0.2683,0.2683,10000624,2016-12-28,2016-12-28,P,2.202,2016-04-28
18597,2016-05-16 11:28:00,2016-05-16,0.2683,0.0,0.0,1596.0,0.2683,0.2683,0.2683,10000624,2016-12-28,2016-12-28,P,2.202,2016-04-28
18598,2016-05-16 11:29:00,2016-05-16,0.2683,0.0,0.0,1596.0,0.2683,0.2683,0.2683,10000624,2016-12-28,2016-12-28,P,2.202,2016-04-28
18599,2016-05-16 11:30:00,2016-05-16,0.2683,0.0,0.0,1596.0,0.2683,0.2683,0.2683,10000624,2016-12-28,2016-12-28,P,2.202,2016-04-28
18600,2016-05-16 13:01:00,2016-05-16,0.2683,0.0,0.0,1596.0,0.2683,0.2683,0.2683,10000624,2016-12-28,2016-12-28,P,2.202,2016-04-28
18601,2016-05-16 13:02:00,2016-05-16,0.2683,0.0,0.0,1596.0,0.2683,0.2683,0.2683,10000624,2016-12-28,2016-12-28,P,2.202,2016-04-28
18602,2016-05-16 13:03:00,2016-05-16,0.2683,0.0,0.0,1596.0,0.2683,0.2683,0.2683,10000624,2016-12-28,2016-12-28,P,2.202,2016-04-28
18603,2016-05-16 13:04:00,2016-05-16,0.2683,0.0,0.0,1596.0,0.2683,0.2683,0.2683,10000624,2016-12-28,2016-12-28,P,2.202,2016-04-28
18604,2016-05-16 13:05:00,2016-05-16,0.2683,0.0,0.0,1596.0,0.2683,0.2683,0.2683,10000624,2016-12-28,2016-12-28,P,2.202,2016-04-28
18605,2016-05-16 13:06:00,2016-05-16,0.2683,0.0,0.0,1596.0,0.2683,0.2683,0.2683,10000624,2016-12-28,2016-12-28,P,2.202,2016-04-28
18606,2016-05-16 13:07:00,2016-05-16,0.2683,0.0,0.0,1596.0,0.2683,0.2683,0.2683,10000624,2016-12-28,2016-12-28,P,2.202,2016-04-28
18607,2016-05-16 13:08:00,2016-05-16,0.2683,0.0,0.0,1596.0,0.2683,0.2683,0.2683,10000624,2016-12-28,2016-12-28,P,2.202,2016-04-28
18608,2016-05-16 13:09:00,2016-05-16,0.2683,0.0,0.0,1596.0,0.2683,0.2683,0.2683,10000624,2016-12-28,2016-12-28,P,2.202,2016-04-28
18609,2016-05-16 13:10:00,2016-05-16,0.2683,0.0,0.0,1596.0,0.2683,0.2683,0.2683,10000624,2016-12-28,2016-12-28,P,2.202,2016-04-28
18610,2016-05-16 13:11:00,2016-05-16,0.2683,0.0,0.0,1596.0,0.2683,0.2683,0.2683,10000624,2016-12-28,2016-12-28,P,2.202,2016-04-28
18611,2016-05-16 13:12:00,2016-05-16,0.2683,0.0,0.0,1596.0,0.2683,0.2683,0.2683,10000624,2016-12-28,2016-12-28,P,2.202,2016-04-28
18612,2016-05-16 13:13:00,2016-05-16,0.2683,0.0,0.0,1596.0,0.2683,0.2683,0.2683,10000624,2016-12-28,2016-12-28,P,2.202,2016-04-28
18613,2016-05-16 13:14:00,2016-05-16,0.2683,0.0,0.0,1596.0,0.2683,0.2683,0.2683,10000624,2016-12-28,2016-12-28,P,2.202,2016-04-28
18614,2016-05-16 13:15:00,2016-05-16,0.2683,0.0,0.0,1596.0,0.2683,0.2683,0.2683,10000624,2016-12-28,2016-12-28,P,2.202,2016-04-28
18615,2016-05-16 13:16:00,2016-05-16,0.2683,0.0,0.0,1596.0,0.2683,0.2683,0.2683,10000624,2016-12-28,2016-12-28,P,2.202,2016-04-28
18616,2016-05-16 13:17:00,2016-05-16,0.2683,0.0,0.0,1596.0,0.2683,0.2683,0.2683,10000624,2016-12-28,2016-12-28,P,2.202,2016-04-28
18617,2016-05-16 13:18:00,2016-05-16,0.2683,0.0,0.0,1596.0,0.2683,0.2683,0.2683,10000624,2016-12-28,2016-12-28,P,2.202,2016-04-28
18618,2016-05-16 13:19:00,2016-05-16,0.2683,0.0,0.0,1596.0,0.2683,0.2683,0.2683,10000624,2016-12-28,2016-12-28,P,2.202,2016-04-28
18619,2016-05-16 13:20:00,2016-05-16,0.2683,0.0,0.0,1596.0,0.2683,0.2683,0.2683,10000624,2016-12-28,2016-12-28,P,2.202,2016-04-28
18620,2016-05-16 13:21:00,2016-05-16,0.2683,0.0,0.0,1596.0,0.2683,0.2683,0.2683,10000624,2016-12-28,2016-12-28,P,2.202,2016-04-28
18621,2016-05-16 13:22:00,2016-05-16,0.2683,0.0,0.0,1596.0,0.2683,0.2683,0.2683,10000624,2016-12-28,2016-12-28,P,2.202,2016-04-28
18622,2016-05-16 13:23:00,2016-05-16,0.2683,0.0,0.0,1596.0,0.2683,0.2683,0.2683,10000624,2016-12-28,2016-12-28,P,2.202,2016-04-28
18623,2016-05-16 13:24:00,2016-05-16,0.2683,0.0,0.0,1596.0,0.2683,0.2683,0.2683,10000624,2016-12-28,2016-12-28,P,2.202,2016-04-28
18624,2016-05-16 13:25:00,2016-05-16,0.2683,0.0,0.0,1596.0,0.2683,0.2683,0.2683,10000624,2016-12-28,2016-12-28,P,2.202,2016-04-28
18625,2016-05-16 13:26:00,2016-05-16,0.2683,0.0,0.0,1596.0,0.2683,0.2683,0.2683,10000624,2016-12-28,2016-12-28,P,2.202,2016-04-28
18626,2016-05-16 13:27:00,2016-05-16,0.2683,0.0,0.0,1596.0,0.2683,0.2683,0.2683,10000624,2016-12-28,2016-12-28,P,2.202,2016-04-28
18627,2016-05-16 13:28:00,2016-05-16,0.2683,0.0,0.0,1596.0,0.2683,0.2683,0.2683,10000624,2016-12-28,2016-12-28,P,2.202,2016-04-28
18628,2016-05-16 13:29:00,2016-05-16,0.2683,0.0,0.0,1596.0,0.2683,0.2683,0.2683,10000624,2016-12-28,2016-12-28,P,2.202,2016-04-28
18629,2016-05-16 13:30:00,2016-05-16,0.2683,0.0,0.0,1596.0,0.2683,0.2683,0.2683,10000624,2016-12-28,2016-12-28,P,2.202,2016-04-28
18630,2016-05-16 13:31:00,2016-05-16,0.2683,0.0,0.0,1596.0,0.2683,0.2683,0.2683,10000624,2016-12-28,2016-12-28,P,2.202,2016-04-28
18631,2016-05-16 13:32:00,2016-05-16,0.2683,0.0,0.0,1596.0,0.2683,0.2683,0.2683,10000624,2016-12-28,2016-12-28,P,2.202,2016-04-28
18632,2016-05-16 13:33:00,2016-05-16,0.2683,0.0,0.0,1596.0,0.2683,0.2683,0.2683,10000624,2016-12-28,2016-12-28,P,2.202,2016-04-28
18633,2016-05-16 13:34:00,2016-05-16,0.2683,0.0,0.0,1596.0,0.2683,0.2683,0.2683,10000624,2016-12-28,2016-12-28,P,2.202,2016-04-28
18634,2016-05-16 13:35:00,2016-05-16,0.2683,0.0,0.0,1596.0,0.2683,0.2683,0.2683,10000624,2016-12-28,2016-12-28,P,2.202,2016-04-28
18635,2016-05-16 13:36:00,2016-05-16,0.2683,0.0,0.0,1596.0,0.2683,0.2683,0.2683,10000624,2016-12-28,2016-12-28,P,2.202,2016-04-28
18636,2016-05-16 13:37:00,2016-05-16,0.2683,0.0,0.0,1596.0,0.2683,0.2683,0.2683,10000624,2016-12-28,2016-12-28,P,2.202,2016-04-28
18637,2016-05-16 13:38:00,2016-05-16,0.2683,0.0,0.0,1596.0,0.2683,0.2683,0.2683,10000624,2016-12-28,2016-12-28,P,2.202,2016-04-28
18638,2016-05-16 13:39:00,2016-05-16,0.2683,0.0,0.0,1596.0,0.2683,0.2683,0.2683,10000624,2016-12-28,2016-12-28,P,2.202,2016-04-28
18639,2016-05-16 13:40:00,2016-05-16,0.2683,0.0,0.0,1596.0,0.2683,0.2683,0.2683,10000624,2016-12-28,2016-12-28,P,2.202,2016-04-28
18640,2016-05-16 13:41:00,2016-05-16,0.2683,0.0,0.0,1596.0,0.2683,0.2683,0.2683,10000624,2016-12-28,2016-12-28,P,2.202,2016-04-28
18641,2016-05-16 13:42:00,2016-05-16,0.2683,0.0,0.0,1596.0,0.2683,0.2683,0.2683,10000624,2016-12-28,2016-12-28,P,2.202,2016-04-28
18642,2016-05-16 13:43:00,2016-05-16,0.2683,0.0,0.0,1596.0,0.2683,0.2683,0.2683,10000624,2016-12-28,2016-12-28,P,2.202,2016-04-28
18643,2016-05-16 13:44:00,2016-05-16,0.2683,0.0,0.0,1596.0,0.2683,0.2683,0.2683,10000624,2016-12-28,2016-12-28,P,2.202,2016-04-28
18644,2016-05-16 13:45:00,2016-05-16,0.2683,0.0,0.0,1596.0,0.2683,0.2683,0.2683,10000624,2016-12-28,2016-12-28,P,2.202,2016-04-28
18645,2016-05-16 13:46:00,2016-05-16,0.2683,0.0,0.0,1596.0,0.2683,0.2683,0.2683,10000624,2016-12-28,2016-12-28,P,2.202,2016-04-28
18646,2016-05-16 13:47:00,2016-05-16,0.2683,0.0,0.0,1596.0,0.2683,0.2683,0.2683,10000624,2016-12-28,2016-12-28,P,2.202,2016-04-28
18647,2016-05-16 13:48:00,2016-05-16,0.2683,0.0,0.0,1596.0,0.2683,0.2683,0.2683,10000624,2016-12-28,2016-12-28,P,2.202,2016-04-28
18648,2016-05-16 13:49:00,2016-05-16,0.2683,0.0,0.0,1596.0,0.2683,0.2683,0.2683,10000624,2016-12-28,2016-12-28,P,2.202,2016-04-28
18649,2016-05-16 13:50:00,2016-05-16,0.2683,0.0,0.0,1596.0,0.2683,0.2683,0.2683,10000624,2016-12-28,2016-12-28,P,2.202,2016-04-28
18650,2016-05-16 13:51:00,2016-05-16,0.2683,0.0,0.0,1596.0,0.2683,0.2683,0.2683,10000624,2016-12-28,2016-12-28,P,2.202,2016-04-28
18651,2016-05-16 13:52:00,2016-05-16,0.2683,0.0,0.0,1596.0,0.2683,0.2683,0.2683,10000624,2016-12-28,2016-12-28,P,2.202,2016-04-28
18652,2016-05-16 13:53:00,2016-05-16,0.2683,0.0,0.0,1596.0,0.2683,0.2683,0.2683,10000624,2016-12-28,2016-12-28,P,2.202,2016-04-28
18653,2016-05-16 13:54:00,2016-05-16,0.2683,0.0,0.0,1596.0,0.2683,0.2683,0.2683,10000624,2016-12-28,2016-12-28,P,2.202,2016-04-28
18654,2016-05-16 13:55:00,2016-05-16,0.2683,0.0,0.0,1596.0,0.2683,0.2683,0.2683,10000624,2016-12-28,2016-12-28,P,2.202,2016-04-28
18655,2016-05-16 13:56:00,2016-05-16,0.2683,0.0,0.0,1596.0,0.2683,0.2683,0.2683,10000624,2016-12-28,2016-12-28,P,2.202,2016-04-28
18656,2016-05-16 13:57:00,2016-05-16,0.2683,0.0,0.0,1596.0,0.2683,0.2683,0.2683,10000624,2016-12-28,2016-12-28,P,2.202,2016-04-28
18657,2016-05-16 13:58:00,2016-05-16,0.2683,0.0,0.0,1596.0,0.2683,0.2683,0.2683,10000624,2016-12-28,2016-12-28,P,2.202,2016-04-28
18658,2016-05-16 13:59:00,2016-05-16,0.2683,0.0,0.0,1596.0,0.2683,0.2683,0.2683,10000624,2016-12-28,2016-12-28,P,2.202,2016-04-28
18659,2016-05-16 14:00:00,2016-05-16,0.2683,0.0,0.0,1596.0,0.2683,0.2683,0.2683,10000624,2016-12-28,2016-12-28,P,2.202,2016-04-28
18660,2016-05-16 14:01:00,2016-05-16,0.2683,0.0,0.0,1596.0,0.2683,0.2683,0.2683,10000624,2016-12-28,2016-12-28,P,2.202,2016-04-28
18661,2016-05-16 14:02:00,2016-05-16,0.2683,0.0,0.0,1596.0,0.2683,0.2683,0.2683,10000624,2016-12-28,2016-12-28,P,2.202,2016-04-28
18662,2016-05-16 14:03:00,2016-05-16,0.2683,0.0,0.0,1596.0,0.2683,0.2683,0.2683,10000624,2016-12-28,2016-12-28,P,2.202,2016-04-28
18663,2016-05-16 14:04:00,2016-05-16,0.2683,0.0,0.0,1596.0,0.2683,0.2683,0.2683,10000624,2016-12-28,2016-12-28,P,2.202,2016-04-28
18664,2016-05-16 14:05:00,2016-05-16,0.2683,0.0,0.0,1596.0,0.2683,0.2683,0.2683,10000624,2016-12-28,2016-12-28,P,2.202,2016-04-28
18665,2016-05-16 14:06:00,2016-05-16,0.2683,0.0,0.0,1596.0,0.2683,0.2683,0.2683,10000624,2016-12-28,2016-12-28,P,2.202,2016-04-28
18666,2016-05-16 14:07:00,2016-05-16,0.2683,0.0,0.0,1596.0,0.2683,0.2683,0.2683,10000624,2016-12-28,2016-12-28,P,2.202,2016-04-28
18667,2016-05-16 14:08:00,2016-05-16,0.2683,0.0,0.0,1596.0,0.2683,0.2683,0.2683,10000624,2016-12-28,2016-12-28,P,2.202,2016-04-28
18668,2016-05-16 14:09:00,2016-05-16,0.2683,0.0,0.0,1596.0,0.2683,0.2683,0.2683,10000624,2016-12-28,2016-12-28,P,2.202,2016-04-28
18669,2016-05-16 14:10:00,2016-05-16,0.2683,0.0,0.0,1596.0,0.2683,0.2683,0.2683,10000624,2016-12-28,2016-12-28,P,2.202,2016-04-28
18670,2016-05-16 14:11:00,2016-05-16,0.2683,0.0,0.0,1596.0,0.2683,0.2683,0.2683,10000624,2016-12-28,2016-12-28,P,2.202,2016-04-28
18671,2016-05-16 14:12:00,2016-05-16,0.2683,0.0,0.0,1596.0,0.2683,0.2683,0.2683,10000624,2016-12-28,2016-12-28,P,2.202,2016-04-28
18672,2016-05-16 14:13:00,2016-05-16,0.2683,0.0,0.0,1596.0,0.2683,0.2683,0.2683,10000624,2016-12-28,2016-12-28,P,2.202,2016-04-28
18673,2016-05-16 14:14:00,2016-05-16,0.2683,0.0,0.0,1596.0,0.2683,0.2683,0.2683,10000624,2016-12-28,2016-12-28,P,2.202,2016-04-28
18674,2016-05-16 14:15:00,2016-05-16,0.2683,0.0,0.0,1596.0,0.2683,0.2683,0.2683,10000624,2016-12-28,2016-12-28,P,2.202,2016-04-28
18675,2016-05-16 14:16:00,2016-05-16,0.2683,0.0,0.0,1596.0,0.2683,0.2683,0.2683,10000624,2016-12-28,2016-12-28,P,2.202,2016-04-28
18676,2016-05-16 14:17:00,2016-05-16,0.2683,0.0,0.0,1596.0,0.2683,0.2683,0.2683,10000624,2016-12-28,2016-12-28,P,2.202,2016-04-28
18677,2016-05-16 14:18:00,2016-05-16,0.2683,0.0,0.0,1596.0,0.2683,0.2683,0.2683,10000624,2016-12-28,2016-12-28,P,2.202,2016-04-28
18678,2016-05-16 14:19:00,2016-05-16,0.2683,0.0,0.0,1596.0,0.2683,0.2683,0.2683,10000624,2016-12-28,2016-12-28,P,2.202,2016-04-28
18679,2016-05-16 14:20:00,2016-05-16,0.2683,0.0,0.0,1596.0,0.2683,0.2683,0.2683,10000624,2016-12-28,2016-12-28,P,2.202,2016-04-28
18680,2016-05-16 14:21:00,2016-05-16,0.2683,0.0,0.0,1596.0,0.2683,0.2683,0.2683,10000624,2016-12-28,2016-12-28,P,2.202,2016-04-28
18681,2016-05-16 14:22:00,2016-05-16,0.2683,0.0,0.0,1596.0,0.2683,0.2683,0.2683,10000624,2016-12-28,2016-12-28,P,2.202,2016-04-28
18682,2016-05-16 14:23:00,2016-05-16,0.2683,0.0,0.0,1596.0,0.2683,0.2683,0.2683,10000624,2016-12-28,2016-12-28,P,2.202,2016-04-28
18683,2016-05-16 14:24:00,2016-05-16,0.2683,0.0,0.0,1596.0,0.2683,0.2683,0.2683,10000624,2016-12-28,2016-12-28,P,2.202,2016-04-28
18684,2016-05-16 14:25:00,2016-05-16,0.2683,0.0,0.0,1596.0,0.2683,0.2683,0.2683,10000624,2016-12-28,2016-12-28,P,2.202,2016-04-28
18685,2016-05-16 14:26:00,2016-05-16,0.2683,0.0,0.0,1596.0,0.2683,0.2683,0.2683,10000624,2016-12-28,2016-12-28,P,2.202,2016-04-28
18686,2016-05-16 14:27:00,2016-05-16,0.2683,0.0,0.0,1596.0,0.2683,0.2683,0.2683,10000624,2016-12-28,2016-12-28,P,2.202,2016-04-28
18687,2016-05-16 14:28:00,2016-05-16,0.2683,0.0,0.0,1596.0,0.2683,0.2683,0.2683,10000624,2016-12-28,2016-12-28,P,2.202,2016-04-28
18688,2016-05-16 14:29:00,2016-05-16,0.2683,0.0,0.0,1596.0,0.2683,0.2683,0.2683,10000624,2016-12-28,2016-12-28,P,2.202,2016-04-28
18689,2016-05-16 14:30:00,2016-05-16,0.2683,0.0,0.0,1596.0,0.2683,0.2683,0.2683,10000624,2016-12-28,2016-12-28,P,2.202,2016-04-28
18690,2016-05-16 14:31:00,2016-05-16,0.2683,0.0,0.0,1596.0,0.2683,0.2683,0.2683,10000624,2016-12-28,2016-12-28,P,2.202,2016-04-28
18691,2016-05-16 14:32:00,2016-05-16,0.2683,0.0,0.0,1596.0,0.2683,0.2683,0.2683,10000624,2016-12-28,2016-12-28,P,2.202,2016-04-28
18692,2016-05-16 14:33:00,2016-05-16,0.2683,0.0,0.0,1596.0,0.2683,0.2683,0.2683,10000624,2016-12-28,2016-12-28,P,2.202,2016-04-28
18693,2016-05-16 14:34:00,2016-05-16,0.2683,0.0,0.0,1596.0,0.2683,0.2683,0.2683,10000624,2016-12-28,2016-12-28,P,2.202,2016-04-28
18694,2016-05-16 14:35:00,2016-05-16,0.2683,0.0,0.0,1596.0,0.2683,0.2683,0.2683,10000624,2016-12-28,2016-12-28,P,2.202,2016-04-28
18695,2016-05-16 14:36:00,2016-05-16,0.2683,0.0,0.0,1596.0,0.2683,0.2683,0.2683,10000624,2016-12-28,2016-12-28,P,2.202,2016-04-28
18696,2016-05-16 14:37:00,2016-05-16,0.2683,0.0,0.0,1596.0,0.2683,0.2683,0.2683,10000624,2016-12-28,2016-12-28,P,2.202,2016-04-28
18697,2016-05-16 14:38:00,2016-05-16,0.2687,26870.0,10.0,1606.0,0.2683,0.2687,0.2683,10000624,2016-12-28,2016-12-28,P,2.202,2016-04-28
18698,2016-05-16 14:39:00,2016-05-16,0.272,10880.0,4.0,1606.0,0.2687,0.272,0.2687,10000624,2016-12-28,2016-12-28,P,2.202,2016-04-28
18699,2016-05-16 14:40:00,2016-05-16,0.272,2720.0,1.0,1606.0,0.272,0.272,0.272,10000624,2016-12-28,2016-12-28,P,2.202,2016-04-28
18700,2016-05-16 14:41:00,2016-05-16,0.272,0.0,0.0,1606.0,0.272,0.272,0.272,10000624,2016-12-28,2016-12-28,P,2.202,2016-04-28
18701,2016-05-16 14:42:00,2016-05-16,0.2728,2728.0,1.0,1606.0,0.272,0.2728,0.272,10000624,2016-12-28,2016-12-28,P,2.202,2016-04-28
18702,2016-05-16 14:43:00,2016-05-16,0.2729,32746.0,12.0,1617.0,0.2728,0.2729,0.2728,10000624,2016-12-28,2016-12-28,P,2.202,2016-04-28
18703,2016-05-16 14:44:00,2016-05-16,0.2729,0.0,0.0,1617.0,0.2729,0.2729,0.2729,10000624,2016-12-28,2016-12-28,P,2.202,2016-04-28
18704,2016-05-16 14:45:00,2016-05-16,0.2729,0.0,0.0,1617.0,0.2729,0.2729,0.2729,10000624,2016-12-28,2016-12-28,P,2.202,2016-04-28
18705,2016-05-16 14:46:00,2016-05-16,0.2729,0.0,0.0,1617.0,0.2729,0.2729,0.2729,10000624,2016-12-28,2016-12-28,P,2.202,2016-04-28
18706,2016-05-16 14:47:00,2016-05-16,0.2729,2697.0,1.0,1617.0,0.2729,0.2697,0.2697,10000624,2016-12-28,2016-12-28,P,2.202,2016-04-28
18707,2016-05-16 14:48:00,2016-05-16,0.2697,0.0,0.0,1617.0,0.2697,0.2697,0.2697,10000624,2016-12-28,2016-12-28,P,2.202,2016-04-28
18708,2016-05-16 14:49:00,2016-05-16,0.2697,0.0,0.0,1617.0,0.2697,0.2697,0.2697,10000624,2016-12-28,2016-12-28,P,2.202,2016-04-28
18709,2016-05-16 14:50:00,2016-05-16,0.2697,0.0,0.0,1617.0,0.2697,0.2697,0.2697,10000624,2016-12-28,2016-12-28,P,2.202,2016-04-28
18710,2016-05-16 14:51:00,2016-05-16,0.2697,0.0,0.0,1617.0,0.2697,0.2697,0.2697,10000624,2016-12-28,2016-12-28,P,2.202,2016-04-28
18711,2016-05-16 14:52:00,2016-05-16,0.2697,0.0,0.0,1617.0,0.2697,0.2697,0.2697,10000624,2016-12-28,2016-12-28,P,2.202,2016-04-28
18712,2016-05-16 14:53:00,2016-05-16,0.2697,0.0,0.0,1617.0,0.2697,0.2697,0.2697,10000624,2016-12-28,2016-12-28,P,2.202,2016-04-28
18713,2016-05-16 14:54:00,2016-05-16,0.2697,0.0,0.0,1617.0,0.2697,0.2697,0.2697,10000624,2016-12-28,2016-12-28,P,2.202,2016-04-28
18714,2016-05-16 14:55:00,2016-05-16,0.2697,0.0,0.0,1617.0,0.2697,0.2697,0.2697,10000624,2016-12-28,2016-12-28,P,2.202,2016-04-28
18715,2016-05-16 14:56:00,2016-05-16,0.2697,0.0,0.0,1617.0,0.2697,0.2697,0.2697,10000624,2016-12-28,2016-12-28,P,2.202,2016-04-28
18716,2016-05-16 14:57:00,2016-05-16,0.2702,2702.0,1.0,1617.0,0.2697,0.2702,0.2697,10000624,2016-12-28,2016-12-28,P,2.202,2016-04-28
18717,2016-05-16 14:58:00,2016-05-16,0.2702,0.0,0.0,1617.0,0.2702,0.2702,0.2702,10000624,2016-12-28,2016-12-28,P,2.202,2016-04-28
18718,2016-05-16 14:59:00,2016-05-16,0.2702,0.0,0.0,1617.0,0.2702,0.2702,0.2702,10000624,2016-12-28,2016-12-28,P,2.202,2016-04-28
18719,2016-05-16 15:00:00,2016-05-16,0.2702,0.0,0.0,1617.0,0.2702,0.2702,0.2702,10000624,2016-12-28,2016-12-28,P,2.202,2016-04-28
18720,2016-05-16 09:31:00,2016-05-16,0.0755,755.0,1.0,8335.0,0.0755,0.0755,0.0742,10000563,2016-09-28,2016-09-28,P,2.0,2016-01-28
18721,2016-05-16 09:32:00,2016-05-16,0.0755,0.0,0.0,8335.0,0.0755,0.0755,0.0755,10000563,2016-09-28,2016-09-28,P,2.0,2016-01-28
18722,2016-05-16 09:33:00,2016-05-16,0.076,760.0,1.0,8336.0,0.0755,0.076,0.0755,10000563,2016-09-28,2016-09-28,P,2.0,2016-01-28
18723,2016-05-16 09:34:00,2016-05-16,0.076,0.0,0.0,8336.0,0.076,0.076,0.076,10000563,2016-09-28,2016-09-28,P,2.0,2016-01-28
18724,2016-05-16 09:35:00,2016-05-16,0.076,758.0,1.0,8336.0,0.076,0.0758,0.0758,10000563,2016-09-28,2016-09-28,P,2.0,2016-01-28
18725,2016-05-16 09:36:00,2016-05-16,0.0758,4406.0,6.0,8336.0,0.0758,0.0748,0.073,10000563,2016-09-28,2016-09-28,P,2.0,2016-01-28
18726,2016-05-16 09:37:00,2016-05-16,0.0748,7320.0,10.0,8338.0,0.0748,0.0732,0.0732,10000563,2016-09-28,2016-09-28,P,2.0,2016-01-28
18727,2016-05-16 09:38:00,2016-05-16,0.0732,7310.0,10.0,8344.0,0.0732,0.0731,0.0731,10000563,2016-09-28,2016-09-28,P,2.0,2016-01-28
18728,2016-05-16 09:39:00,2016-05-16,0.0731,0.0,0.0,8344.0,0.0731,0.0731,0.0731,10000563,2016-09-28,2016-09-28,P,2.0,2016-01-28
18729,2016-05-16 09:40:00,2016-05-16,0.0741,3705.0,5.0,8344.0,0.0731,0.0741,0.0731,10000563,2016-09-28,2016-09-28,P,2.0,2016-01-28
18730,2016-05-16 09:41:00,2016-05-16,0.0741,0.0,0.0,8344.0,0.0741,0.0741,0.0741,10000563,2016-09-28,2016-09-28,P,2.0,2016-01-28
18731,2016-05-16 09:42:00,2016-05-16,0.0741,0.0,0.0,8344.0,0.0741,0.0741,0.0741,10000563,2016-09-28,2016-09-28,P,2.0,2016-01-28
18732,2016-05-16 09:43:00,2016-05-16,0.0741,0.0,0.0,8344.0,0.0741,0.0741,0.0741,10000563,2016-09-28,2016-09-28,P,2.0,2016-01-28
18733,2016-05-16 09:44:00,2016-05-16,0.0741,0.0,0.0,8344.0,0.0741,0.0741,0.0741,10000563,2016-09-28,2016-09-28,P,2.0,2016-01-28
18734,2016-05-16 09:45:00,2016-05-16,0.075,750.0,1.0,8344.0,0.0741,0.075,0.0741,10000563,2016-09-28,2016-09-28,P,2.0,2016-01-28
18735,2016-05-16 09:46:00,2016-05-16,0.075,3000.0,4.0,8344.0,0.075,0.075,0.075,10000563,2016-09-28,2016-09-28,P,2.0,2016-01-28
18736,2016-05-16 09:47:00,2016-05-16,0.075,0.0,0.0,8344.0,0.075,0.075,0.075,10000563,2016-09-28,2016-09-28,P,2.0,2016-01-28
18737,2016-05-16 09:48:00,2016-05-16,0.075,0.0,0.0,8344.0,0.075,0.075,0.075,10000563,2016-09-28,2016-09-28,P,2.0,2016-01-28
18738,2016-05-16 09:49:00,2016-05-16,0.075,0.0,0.0,8344.0,0.075,0.075,0.075,10000563,2016-09-28,2016-09-28,P,2.0,2016-01-28
18739,2016-05-16 09:50:00,2016-05-16,0.075,0.0,0.0,8344.0,0.075,0.075,0.075,10000563,2016-09-28,2016-09-28,P,2.0,2016-01-28
18740,2016-05-16 09:51:00,2016-05-16,0.0759,18183.0,24.0,8368.0,0.075,0.0759,0.075,10000563,2016-09-28,2016-09-28,P,2.0,2016-01-28
18741,2016-05-16 09:52:00,2016-05-16,0.0761,34194.0,45.0,8348.0,0.0759,0.0761,0.0759,10000563,2016-09-28,2016-09-28,P,2.0,2016-01-28
18742,2016-05-16 09:53:00,2016-05-16,0.0765,2295.0,3.0,8349.0,0.0761,0.0765,0.0761,10000563,2016-09-28,2016-09-28,P,2.0,2016-01-28
18743,2016-05-16 09:54:00,2016-05-16,0.0778,3104.0,4.0,8350.0,0.0765,0.0778,0.0765,10000563,2016-09-28,2016-09-28,P,2.0,2016-01-28
18744,2016-05-16 09:55:00,2016-05-16,0.0778,0.0,0.0,8350.0,0.0778,0.0778,0.0778,10000563,2016-09-28,2016-09-28,P,2.0,2016-01-28
18745,2016-05-16 09:56:00,2016-05-16,0.0785,1570.0,2.0,8350.0,0.0778,0.0785,0.0778,10000563,2016-09-28,2016-09-28,P,2.0,2016-01-28
18746,2016-05-16 09:57:00,2016-05-16,0.0785,0.0,0.0,8350.0,0.0785,0.0785,0.0785,10000563,2016-09-28,2016-09-28,P,2.0,2016-01-28
18747,2016-05-16 09:58:00,2016-05-16,0.0785,0.0,0.0,8350.0,0.0785,0.0785,0.0785,10000563,2016-09-28,2016-09-28,P,2.0,2016-01-28
18748,2016-05-16 09:59:00,2016-05-16,0.0785,0.0,0.0,8350.0,0.0785,0.0785,0.0785,10000563,2016-09-28,2016-09-28,P,2.0,2016-01-28
18749,2016-05-16 10:00:00,2016-05-16,0.0785,785.0,1.0,8350.0,0.0785,0.0785,0.0785,10000563,2016-09-28,2016-09-28,P,2.0,2016-01-28
18750,2016-05-16 10:01:00,2016-05-16,0.0789,14202.0,18.0,8342.0,0.0785,0.0789,0.0785,10000563,2016-09-28,2016-09-28,P,2.0,2016-01-28
18751,2016-05-16 10:02:00,2016-05-16,0.0789,0.0,0.0,8342.0,0.0789,0.0789,0.0789,10000563,2016-09-28,2016-09-28,P,2.0,2016-01-28
18752,2016-05-16 10:03:00,2016-05-16,0.0789,0.0,0.0,8342.0,0.0789,0.0789,0.0789,10000563,2016-09-28,2016-09-28,P,2.0,2016-01-28
18753,2016-05-16 10:04:00,2016-05-16,0.0789,0.0,0.0,8342.0,0.0789,0.0789,0.0789,10000563,2016-09-28,2016-09-28,P,2.0,2016-01-28
18754,2016-05-16 10:05:00,2016-05-16,0.0789,9404.0,12.0,8352.0,0.0789,0.0787,0.0783,10000563,2016-09-28,2016-09-28,P,2.0,2016-01-28
18755,2016-05-16 10:06:00,2016-05-16,0.0787,3140.0,4.0,8352.0,0.0787,0.0787,0.078,10000563,2016-09-28,2016-09-28,P,2.0,2016-01-28
18756,2016-05-16 10:07:00,2016-05-16,0.0787,0.0,0.0,8352.0,0.0787,0.0787,0.0787,10000563,2016-09-28,2016-09-28,P,2.0,2016-01-28
18757,2016-05-16 10:08:00,2016-05-16,0.0787,0.0,0.0,8352.0,0.0787,0.0787,0.0787,10000563,2016-09-28,2016-09-28,P,2.0,2016-01-28
18758,2016-05-16 10:09:00,2016-05-16,0.0787,0.0,0.0,8352.0,0.0787,0.0787,0.0787,10000563,2016-09-28,2016-09-28,P,2.0,2016-01-28
18759,2016-05-16 10:10:00,2016-05-16,0.0787,0.0,0.0,8352.0,0.0787,0.0787,0.0787,10000563,2016-09-28,2016-09-28,P,2.0,2016-01-28
18760,2016-05-16 10:11:00,2016-05-16,0.0787,7840.0,10.0,8342.0,0.0787,0.0784,0.0784,10000563,2016-09-28,2016-09-28,P,2.0,2016-01-28
18761,2016-05-16 10:12:00,2016-05-16,0.0784,0.0,0.0,8342.0,0.0784,0.0784,0.0784,10000563,2016-09-28,2016-09-28,P,2.0,2016-01-28
18762,2016-05-16 10:13:00,2016-05-16,0.0784,0.0,0.0,8342.0,0.0784,0.0784,0.0784,10000563,2016-09-28,2016-09-28,P,2.0,2016-01-28
18763,2016-05-16 10:14:00,2016-05-16,0.0784,0.0,0.0,8342.0,0.0784,0.0784,0.0784,10000563,2016-09-28,2016-09-28,P,2.0,2016-01-28
18764,2016-05-16 10:15:00,2016-05-16,0.0784,3900.0,5.0,8342.0,0.0784,0.078,0.078,10000563,2016-09-28,2016-09-28,P,2.0,2016-01-28
18765,2016-05-16 10:16:00,2016-05-16,0.078,19420.0,25.0,8342.0,0.078,0.0776,0.0776,10000563,2016-09-28,2016-09-28,P,2.0,2016-01-28
18766,2016-05-16 10:17:00,2016-05-16,0.0776,0.0,0.0,8342.0,0.0776,0.0776,0.0776,10000563,2016-09-28,2016-09-28,P,2.0,2016-01-28
18767,2016-05-16 10:18:00,2016-05-16,0.0776,0.0,0.0,8342.0,0.0776,0.0776,0.0776,10000563,2016-09-28,2016-09-28,P,2.0,2016-01-28
18768,2016-05-16 10:19:00,2016-05-16,0.0776,0.0,0.0,8342.0,0.0776,0.0776,0.0776,10000563,2016-09-28,2016-09-28,P,2.0,2016-01-28
18769,2016-05-16 10:20:00,2016-05-16,0.0776,0.0,0.0,8342.0,0.0776,0.0776,0.0776,10000563,2016-09-28,2016-09-28,P,2.0,2016-01-28
18770,2016-05-16 10:21:00,2016-05-16,0.0776,0.0,0.0,8342.0,0.0776,0.0776,0.0776,10000563,2016-09-28,2016-09-28,P,2.0,2016-01-28
18771,2016-05-16 10:22:00,2016-05-16,0.0776,3880.0,5.0,8338.0,0.0776,0.0776,0.0776,10000563,2016-09-28,2016-09-28,P,2.0,2016-01-28
18772,2016-05-16 10:23:00,2016-05-16,0.0776,0.0,0.0,8338.0,0.0776,0.0776,0.0776,10000563,2016-09-28,2016-09-28,P,2.0,2016-01-28
18773,2016-05-16 10:24:00,2016-05-16,0.078,3900.0,5.0,8338.0,0.0776,0.078,0.0776,10000563,2016-09-28,2016-09-28,P,2.0,2016-01-28
18774,2016-05-16 10:25:00,2016-05-16,0.078,1560.0,2.0,8338.0,0.078,0.078,0.078,10000563,2016-09-28,2016-09-28,P,2.0,2016-01-28
18775,2016-05-16 10:26:00,2016-05-16,0.078,3120.0,4.0,8338.0,0.078,0.078,0.078,10000563,2016-09-28,2016-09-28,P,2.0,2016-01-28
18776,2016-05-16 10:27:00,2016-05-16,0.078,0.0,0.0,8338.0,0.078,0.078,0.078,10000563,2016-09-28,2016-09-28,P,2.0,2016-01-28
18777,2016-05-16 10:28:00,2016-05-16,0.078,21840.0,28.0,8338.0,0.078,0.078,0.078,10000563,2016-09-28,2016-09-28,P,2.0,2016-01-28
18778,2016-05-16 10:29:00,2016-05-16,0.078,3884.0,5.0,8338.0,0.078,0.0776,0.0776,10000563,2016-09-28,2016-09-28,P,2.0,2016-01-28
18779,2016-05-16 10:30:00,2016-05-16,0.0776,7760.0,10.0,8338.0,0.0776,0.0776,0.0776,10000563,2016-09-28,2016-09-28,P,2.0,2016-01-28
18780,2016-05-16 10:31:00,2016-05-16,0.0776,0.0,0.0,8338.0,0.0776,0.0776,0.0776,10000563,2016-09-28,2016-09-28,P,2.0,2016-01-28
18781,2016-05-16 10:32:00,2016-05-16,0.0776,3104.0,4.0,8338.0,0.0776,0.0776,0.0776,10000563,2016-09-28,2016-09-28,P,2.0,2016-01-28
18782,2016-05-16 10:33:00,2016-05-16,0.0776,0.0,0.0,8338.0,0.0776,0.0776,0.0776,10000563,2016-09-28,2016-09-28,P,2.0,2016-01-28
18783,2016-05-16 10:34:00,2016-05-16,0.0776,5432.0,7.0,8338.0,0.0776,0.0776,0.0776,10000563,2016-09-28,2016-09-28,P,2.0,2016-01-28
18784,2016-05-16 10:35:00,2016-05-16,0.0776,13002.0,17.0,8321.0,0.0776,0.0762,0.0762,10000563,2016-09-28,2016-09-28,P,2.0,2016-01-28
18785,2016-05-16 10:36:00,2016-05-16,0.0762,0.0,0.0,8321.0,0.0762,0.0762,0.0762,10000563,2016-09-28,2016-09-28,P,2.0,2016-01-28
18786,2016-05-16 10:37:00,2016-05-16,0.0762,0.0,0.0,8321.0,0.0762,0.0762,0.0762,10000563,2016-09-28,2016-09-28,P,2.0,2016-01-28
18787,2016-05-16 10:38:00,2016-05-16,0.0762,0.0,0.0,8321.0,0.0762,0.0762,0.0762,10000563,2016-09-28,2016-09-28,P,2.0,2016-01-28
18788,2016-05-16 10:39:00,2016-05-16,0.0762,0.0,0.0,8321.0,0.0762,0.0762,0.0762,10000563,2016-09-28,2016-09-28,P,2.0,2016-01-28
18789,2016-05-16 10:40:00,2016-05-16,0.0762,0.0,0.0,8321.0,0.0762,0.0762,0.0762,10000563,2016-09-28,2016-09-28,P,2.0,2016-01-28
18790,2016-05-16 10:41:00,2016-05-16,0.0762,0.0,0.0,8321.0,0.0762,0.0762,0.0762,10000563,2016-09-28,2016-09-28,P,2.0,2016-01-28
18791,2016-05-16 10:42:00,2016-05-16,0.0762,0.0,0.0,8321.0,0.0762,0.0762,0.0762,10000563,2016-09-28,2016-09-28,P,2.0,2016-01-28
18792,2016-05-16 10:43:00,2016-05-16,0.0762,0.0,0.0,8321.0,0.0762,0.0762,0.0762,10000563,2016-09-28,2016-09-28,P,2.0,2016-01-28
18793,2016-05-16 10:44:00,2016-05-16,0.0762,0.0,0.0,8321.0,0.0762,0.0762,0.0762,10000563,2016-09-28,2016-09-28,P,2.0,2016-01-28
18794,2016-05-16 10:45:00,2016-05-16,0.0762,0.0,0.0,8321.0,0.0762,0.0762,0.0762,10000563,2016-09-28,2016-09-28,P,2.0,2016-01-28
18795,2016-05-16 10:46:00,2016-05-16,0.0762,0.0,0.0,8321.0,0.0762,0.0762,0.0762,10000563,2016-09-28,2016-09-28,P,2.0,2016-01-28
18796,2016-05-16 10:47:00,2016-05-16,0.0762,0.0,0.0,8321.0,0.0762,0.0762,0.0762,10000563,2016-09-28,2016-09-28,P,2.0,2016-01-28
18797,2016-05-16 10:48:00,2016-05-16,0.0762,0.0,0.0,8321.0,0.0762,0.0762,0.0762,10000563,2016-09-28,2016-09-28,P,2.0,2016-01-28
18798,2016-05-16 10:49:00,2016-05-16,0.0762,0.0,0.0,8321.0,0.0762,0.0762,0.0762,10000563,2016-09-28,2016-09-28,P,2.0,2016-01-28
18799,2016-05-16 10:50:00,2016-05-16,0.0763,5341.0,7.0,8321.0,0.0762,0.0763,0.0762,10000563,2016-09-28,2016-09-28,P,2.0,2016-01-28
18800,2016-05-16 10:51:00,2016-05-16,0.0763,18299.0,24.0,8331.0,0.0763,0.076,0.076,10000563,2016-09-28,2016-09-28,P,2.0,2016-01-28
18801,2016-05-16 10:52:00,2016-05-16,0.076,0.0,0.0,8331.0,0.076,0.076,0.076,10000563,2016-09-28,2016-09-28,P,2.0,2016-01-28
18802,2016-05-16 10:53:00,2016-05-16,0.076,0.0,0.0,8331.0,0.076,0.076,0.076,10000563,2016-09-28,2016-09-28,P,2.0,2016-01-28
18803,2016-05-16 10:54:00,2016-05-16,0.076,13608.0,18.0,8349.0,0.076,0.0756,0.0756,10000563,2016-09-28,2016-09-28,P,2.0,2016-01-28
18804,2016-05-16 10:55:00,2016-05-16,0.0756,6797.0,9.0,8358.0,0.0756,0.0755,0.0755,10000563,2016-09-28,2016-09-28,P,2.0,2016-01-28
18805,2016-05-16 10:56:00,2016-05-16,0.0755,24895.0,33.0,8391.0,0.0755,0.0754,0.0754,10000563,2016-09-28,2016-09-28,P,2.0,2016-01-28
18806,2016-05-16 10:57:00,2016-05-16,0.0754,0.0,0.0,8391.0,0.0754,0.0754,0.0754,10000563,2016-09-28,2016-09-28,P,2.0,2016-01-28
18807,2016-05-16 10:58:00,2016-05-16,0.0754,2244.0,3.0,8391.0,0.0754,0.0748,0.0748,10000563,2016-09-28,2016-09-28,P,2.0,2016-01-28
18808,2016-05-16 10:59:00,2016-05-16,0.0748,12716.0,17.0,8391.0,0.0748,0.0748,0.0748,10000563,2016-09-28,2016-09-28,P,2.0,2016-01-28
18809,2016-05-16 11:00:00,2016-05-16,0.0748,0.0,0.0,8391.0,0.0748,0.0748,0.0748,10000563,2016-09-28,2016-09-28,P,2.0,2016-01-28
18810,2016-05-16 11:01:00,2016-05-16,0.0748,7390.0,10.0,8391.0,0.0748,0.0739,0.0739,10000563,2016-09-28,2016-09-28,P,2.0,2016-01-28
18811,2016-05-16 11:02:00,2016-05-16,0.0739,0.0,0.0,8391.0,0.0739,0.0739,0.0739,10000563,2016-09-28,2016-09-28,P,2.0,2016-01-28
18812,2016-05-16 11:03:00,2016-05-16,0.0739,739.0,1.0,8390.0,0.0739,0.0739,0.0739,10000563,2016-09-28,2016-09-28,P,2.0,2016-01-28
18813,2016-05-16 11:04:00,2016-05-16,0.0739,0.0,0.0,8390.0,0.0739,0.0739,0.0739,10000563,2016-09-28,2016-09-28,P,2.0,2016-01-28
18814,2016-05-16 11:05:00,2016-05-16,0.0739,0.0,0.0,8390.0,0.0739,0.0739,0.0739,10000563,2016-09-28,2016-09-28,P,2.0,2016-01-28
18815,2016-05-16 11:06:00,2016-05-16,0.0739,0.0,0.0,8390.0,0.0739,0.0739,0.0739,10000563,2016-09-28,2016-09-28,P,2.0,2016-01-28
18816,2016-05-16 11:07:00,2016-05-16,0.0739,22170.0,30.0,8390.0,0.0739,0.0739,0.0739,10000563,2016-09-28,2016-09-28,P,2.0,2016-01-28
18817,2016-05-16 11:08:00,2016-05-16,0.0739,0.0,0.0,8390.0,0.0739,0.0739,0.0739,10000563,2016-09-28,2016-09-28,P,2.0,2016-01-28
18818,2016-05-16 11:09:00,2016-05-16,0.0739,14710.0,20.0,8390.0,0.0739,0.0739,0.0732,10000563,2016-09-28,2016-09-28,P,2.0,2016-01-28
18819,2016-05-16 11:10:00,2016-05-16,0.0739,0.0,0.0,8390.0,0.0739,0.0739,0.0739,10000563,2016-09-28,2016-09-28,P,2.0,2016-01-28
18820,2016-05-16 11:11:00,2016-05-16,0.0739,0.0,0.0,8390.0,0.0739,0.0739,0.0739,10000563,2016-09-28,2016-09-28,P,2.0,2016-01-28
18821,2016-05-16 11:12:00,2016-05-16,0.0739,1478.0,2.0,8389.0,0.0739,0.0739,0.0739,10000563,2016-09-28,2016-09-28,P,2.0,2016-01-28
18822,2016-05-16 11:13:00,2016-05-16,0.0739,6651.0,9.0,8380.0,0.0739,0.0739,0.0739,10000563,2016-09-28,2016-09-28,P,2.0,2016-01-28
18823,2016-05-16 11:14:00,2016-05-16,0.0739,0.0,0.0,8380.0,0.0739,0.0739,0.0739,10000563,2016-09-28,2016-09-28,P,2.0,2016-01-28
18824,2016-05-16 11:15:00,2016-05-16,0.0739,0.0,0.0,8380.0,0.0739,0.0739,0.0739,10000563,2016-09-28,2016-09-28,P,2.0,2016-01-28
18825,2016-05-16 11:16:00,2016-05-16,0.0739,3695.0,5.0,8375.0,0.0739,0.0739,0.0739,10000563,2016-09-28,2016-09-28,P,2.0,2016-01-28
18826,2016-05-16 11:17:00,2016-05-16,0.0739,2956.0,4.0,8371.0,0.0739,0.0739,0.0739,10000563,2016-09-28,2016-09-28,P,2.0,2016-01-28
18827,2016-05-16 11:18:00,2016-05-16,0.0739,0.0,0.0,8371.0,0.0739,0.0739,0.0739,10000563,2016-09-28,2016-09-28,P,2.0,2016-01-28
18828,2016-05-16 11:19:00,2016-05-16,0.0739,0.0,0.0,8371.0,0.0739,0.0739,0.0739,10000563,2016-09-28,2016-09-28,P,2.0,2016-01-28
18829,2016-05-16 11:20:00,2016-05-16,0.0739,0.0,0.0,8371.0,0.0739,0.0739,0.0739,10000563,2016-09-28,2016-09-28,P,2.0,2016-01-28
18830,2016-05-16 11:21:00,2016-05-16,0.0739,0.0,0.0,8371.0,0.0739,0.0739,0.0739,10000563,2016-09-28,2016-09-28,P,2.0,2016-01-28
18831,2016-05-16 11:22:00,2016-05-16,0.0739,0.0,0.0,8371.0,0.0739,0.0739,0.0739,10000563,2016-09-28,2016-09-28,P,2.0,2016-01-28
18832,2016-05-16 11:23:00,2016-05-16,0.0739,0.0,0.0,8371.0,0.0739,0.0739,0.0739,10000563,2016-09-28,2016-09-28,P,2.0,2016-01-28
18833,2016-05-16 11:24:00,2016-05-16,0.0739,0.0,0.0,8371.0,0.0739,0.0739,0.0739,10000563,2016-09-28,2016-09-28,P,2.0,2016-01-28
18834,2016-05-16 11:25:00,2016-05-16,0.0739,22010.0,30.0,8361.0,0.0739,0.0733,0.0733,10000563,2016-09-28,2016-09-28,P,2.0,2016-01-28
18835,2016-05-16 11:26:00,2016-05-16,0.0733,0.0,0.0,8361.0,0.0733,0.0733,0.0733,10000563,2016-09-28,2016-09-28,P,2.0,2016-01-28
18836,2016-05-16 11:27:00,2016-05-16,0.0733,0.0,0.0,8361.0,0.0733,0.0733,0.0733,10000563,2016-09-28,2016-09-28,P,2.0,2016-01-28
18837,2016-05-16 11:28:00,2016-05-16,0.0733,0.0,0.0,8361.0,0.0733,0.0733,0.0733,10000563,2016-09-28,2016-09-28,P,2.0,2016-01-28
18838,2016-05-16 11:29:00,2016-05-16,0.0733,0.0,0.0,8361.0,0.0733,0.0733,0.0733,10000563,2016-09-28,2016-09-28,P,2.0,2016-01-28
18839,2016-05-16 11:30:00,2016-05-16,0.0733,0.0,0.0,8361.0,0.0733,0.0733,0.0733,10000563,2016-09-28,2016-09-28,P,2.0,2016-01-28
18840,2016-05-16 13:01:00,2016-05-16,0.0733,0.0,0.0,8361.0,0.0733,0.0733,0.0733,10000563,2016-09-28,2016-09-28,P,2.0,2016-01-28
18841,2016-05-16 13:02:00,2016-05-16,0.0733,0.0,0.0,8361.0,0.0733,0.0733,0.0733,10000563,2016-09-28,2016-09-28,P,2.0,2016-01-28
18842,2016-05-16 13:03:00,2016-05-16,0.0733,0.0,0.0,8361.0,0.0733,0.0733,0.0733,10000563,2016-09-28,2016-09-28,P,2.0,2016-01-28
18843,2016-05-16 13:04:00,2016-05-16,0.0733,0.0,0.0,8361.0,0.0733,0.0733,0.0733,10000563,2016-09-28,2016-09-28,P,2.0,2016-01-28
18844,2016-05-16 13:05:00,2016-05-16,0.0733,0.0,0.0,8361.0,0.0733,0.0733,0.0733,10000563,2016-09-28,2016-09-28,P,2.0,2016-01-28
18845,2016-05-16 13:06:00,2016-05-16,0.0733,0.0,0.0,8361.0,0.0733,0.0733,0.0733,10000563,2016-09-28,2016-09-28,P,2.0,2016-01-28
18846,2016-05-16 13:07:00,2016-05-16,0.0733,0.0,0.0,8361.0,0.0733,0.0733,0.0733,10000563,2016-09-28,2016-09-28,P,2.0,2016-01-28
18847,2016-05-16 13:08:00,2016-05-16,0.0733,0.0,0.0,8361.0,0.0733,0.0733,0.0733,10000563,2016-09-28,2016-09-28,P,2.0,2016-01-28
18848,2016-05-16 13:09:00,2016-05-16,0.0733,0.0,0.0,8361.0,0.0733,0.0733,0.0733,10000563,2016-09-28,2016-09-28,P,2.0,2016-01-28
18849,2016-05-16 13:10:00,2016-05-16,0.0733,0.0,0.0,8361.0,0.0733,0.0733,0.0733,10000563,2016-09-28,2016-09-28,P,2.0,2016-01-28
18850,2016-05-16 13:11:00,2016-05-16,0.0733,0.0,0.0,8361.0,0.0733,0.0733,0.0733,10000563,2016-09-28,2016-09-28,P,2.0,2016-01-28
18851,2016-05-16 13:12:00,2016-05-16,0.0733,0.0,0.0,8361.0,0.0733,0.0733,0.0733,10000563,2016-09-28,2016-09-28,P,2.0,2016-01-28
18852,2016-05-16 13:13:00,2016-05-16,0.0733,0.0,0.0,8361.0,0.0733,0.0733,0.0733,10000563,2016-09-28,2016-09-28,P,2.0,2016-01-28
18853,2016-05-16 13:14:00,2016-05-16,0.0733,0.0,0.0,8361.0,0.0733,0.0733,0.0733,10000563,2016-09-28,2016-09-28,P,2.0,2016-01-28
18854,2016-05-16 13:15:00,2016-05-16,0.0733,0.0,0.0,8361.0,0.0733,0.0733,0.0733,10000563,2016-09-28,2016-09-28,P,2.0,2016-01-28
18855,2016-05-16 13:16:00,2016-05-16,0.0733,0.0,0.0,8361.0,0.0733,0.0733,0.0733,10000563,2016-09-28,2016-09-28,P,2.0,2016-01-28
18856,2016-05-16 13:17:00,2016-05-16,0.0733,0.0,0.0,8361.0,0.0733,0.0733,0.0733,10000563,2016-09-28,2016-09-28,P,2.0,2016-01-28
18857,2016-05-16 13:18:00,2016-05-16,0.0733,0.0,0.0,8361.0,0.0733,0.0733,0.0733,10000563,2016-09-28,2016-09-28,P,2.0,2016-01-28
18858,2016-05-16 13:19:00,2016-05-16,0.0733,0.0,0.0,8361.0,0.0733,0.0733,0.0733,10000563,2016-09-28,2016-09-28,P,2.0,2016-01-28
18859,2016-05-16 13:20:00,2016-05-16,0.0733,0.0,0.0,8361.0,0.0733,0.0733,0.0733,10000563,2016-09-28,2016-09-28,P,2.0,2016-01-28
18860,2016-05-16 13:21:00,2016-05-16,0.0733,0.0,0.0,8361.0,0.0733,0.0733,0.0733,10000563,2016-09-28,2016-09-28,P,2.0,2016-01-28
18861,2016-05-16 13:22:00,2016-05-16,0.0733,0.0,0.0,8361.0,0.0733,0.0733,0.0733,10000563,2016-09-28,2016-09-28,P,2.0,2016-01-28
18862,2016-05-16 13:23:00,2016-05-16,0.0733,0.0,0.0,8361.0,0.0733,0.0733,0.0733,10000563,2016-09-28,2016-09-28,P,2.0,2016-01-28
18863,2016-05-16 13:24:00,2016-05-16,0.0747,3735.0,5.0,8356.0,0.0747,0.0747,0.0747,10000563,2016-09-28,2016-09-28,P,2.0,2016-01-28
18864,2016-05-16 13:25:00,2016-05-16,0.0747,747.0,1.0,8355.0,0.0747,0.0747,0.0747,10000563,2016-09-28,2016-09-28,P,2.0,2016-01-28
18865,2016-05-16 13:26:00,2016-05-16,0.075,4492.0,6.0,8351.0,0.0747,0.075,0.0747,10000563,2016-09-28,2016-09-28,P,2.0,2016-01-28
18866,2016-05-16 13:27:00,2016-05-16,0.075,2250.0,3.0,8351.0,0.075,0.075,0.075,10000563,2016-09-28,2016-09-28,P,2.0,2016-01-28
18867,2016-05-16 13:28:00,2016-05-16,0.075,0.0,0.0,8351.0,0.075,0.075,0.075,10000563,2016-09-28,2016-09-28,P,2.0,2016-01-28
18868,2016-05-16 13:29:00,2016-05-16,0.075,0.0,0.0,8351.0,0.075,0.075,0.075,10000563,2016-09-28,2016-09-28,P,2.0,2016-01-28
18869,2016-05-16 13:30:00,2016-05-16,0.0748,7480.0,10.0,8341.0,0.0748,0.0748,0.0748,10000563,2016-09-28,2016-09-28,P,2.0,2016-01-28
18870,2016-05-16 13:31:00,2016-05-16,0.0748,0.0,0.0,8341.0,0.0748,0.0748,0.0748,10000563,2016-09-28,2016-09-28,P,2.0,2016-01-28
18871,2016-05-16 13:32:00,2016-05-16,0.0748,0.0,0.0,8341.0,0.0748,0.0748,0.0748,10000563,2016-09-28,2016-09-28,P,2.0,2016-01-28
18872,2016-05-16 13:33:00,2016-05-16,0.0749,749.0,1.0,8340.0,0.0749,0.0749,0.0749,10000563,2016-09-28,2016-09-28,P,2.0,2016-01-28
18873,2016-05-16 13:34:00,2016-05-16,0.0749,5985.0,8.0,8332.0,0.0749,0.0748,0.0748,10000563,2016-09-28,2016-09-28,P,2.0,2016-01-28
18874,2016-05-16 13:35:00,2016-05-16,0.0748,1496.0,2.0,8330.0,0.0748,0.0748,0.0748,10000563,2016-09-28,2016-09-28,P,2.0,2016-01-28
18875,2016-05-16 13:36:00,2016-05-16,0.0748,748.0,1.0,8329.0,0.0748,0.0748,0.0748,10000563,2016-09-28,2016-09-28,P,2.0,2016-01-28
18876,2016-05-16 13:37:00,2016-05-16,0.075,2245.0,3.0,8329.0,0.0748,0.0745,0.0745,10000563,2016-09-28,2016-09-28,P,2.0,2016-01-28
18877,2016-05-16 13:38:00,2016-05-16,0.0745,22270.0,30.0,8318.0,0.0745,0.0742,0.0742,10000563,2016-09-28,2016-09-28,P,2.0,2016-01-28
18878,2016-05-16 13:39:00,2016-05-16,0.075,2249.0,3.0,8318.0,0.0742,0.075,0.0742,10000563,2016-09-28,2016-09-28,P,2.0,2016-01-28
18879,2016-05-16 13:40:00,2016-05-16,0.075,750.0,1.0,8318.0,0.075,0.075,0.075,10000563,2016-09-28,2016-09-28,P,2.0,2016-01-28
18880,2016-05-16 13:41:00,2016-05-16,0.0752,752.0,1.0,8318.0,0.075,0.0752,0.075,10000563,2016-09-28,2016-09-28,P,2.0,2016-01-28
18881,2016-05-16 13:42:00,2016-05-16,0.0752,0.0,0.0,8318.0,0.0752,0.0752,0.0752,10000563,2016-09-28,2016-09-28,P,2.0,2016-01-28
18882,2016-05-16 13:43:00,2016-05-16,0.0752,4485.0,6.0,8316.0,0.0752,0.0746,0.0746,10000563,2016-09-28,2016-09-28,P,2.0,2016-01-28
18883,2016-05-16 13:44:00,2016-05-16,0.0745,8930.0,12.0,8314.0,0.0745,0.0744,0.0744,10000563,2016-09-28,2016-09-28,P,2.0,2016-01-28
18884,2016-05-16 13:45:00,2016-05-16,0.0744,0.0,0.0,8314.0,0.0744,0.0744,0.0744,10000563,2016-09-28,2016-09-28,P,2.0,2016-01-28
18885,2016-05-16 13:46:00,2016-05-16,0.0744,0.0,0.0,8314.0,0.0744,0.0744,0.0744,10000563,2016-09-28,2016-09-28,P,2.0,2016-01-28
18886,2016-05-16 13:47:00,2016-05-16,0.0744,0.0,0.0,8314.0,0.0744,0.0744,0.0744,10000563,2016-09-28,2016-09-28,P,2.0,2016-01-28
18887,2016-05-16 13:48:00,2016-05-16,0.0744,0.0,0.0,8314.0,0.0744,0.0744,0.0744,10000563,2016-09-28,2016-09-28,P,2.0,2016-01-28
18888,2016-05-16 13:49:00,2016-05-16,0.0747,747.0,1.0,8313.0,0.0744,0.0747,0.0744,10000563,2016-09-28,2016-09-28,P,2.0,2016-01-28
18889,2016-05-16 13:50:00,2016-05-16,0.0747,747.0,1.0,8313.0,0.0747,0.0747,0.0747,10000563,2016-09-28,2016-09-28,P,2.0,2016-01-28
18890,2016-05-16 13:51:00,2016-05-16,0.0747,5976.0,8.0,8305.0,0.0747,0.0747,0.0747,10000563,2016-09-28,2016-09-28,P,2.0,2016-01-28
18891,2016-05-16 13:52:00,2016-05-16,0.0747,0.0,0.0,8305.0,0.0747,0.0747,0.0747,10000563,2016-09-28,2016-09-28,P,2.0,2016-01-28
18892,2016-05-16 13:53:00,2016-05-16,0.0748,22430.0,30.0,8295.0,0.0748,0.0747,0.0747,10000563,2016-09-28,2016-09-28,P,2.0,2016-01-28
18893,2016-05-16 13:54:00,2016-05-16,0.0747,0.0,0.0,8295.0,0.0747,0.0747,0.0747,10000563,2016-09-28,2016-09-28,P,2.0,2016-01-28
18894,2016-05-16 13:55:00,2016-05-16,0.0747,9711.0,13.0,8295.0,0.0747,0.0747,0.0747,10000563,2016-09-28,2016-09-28,P,2.0,2016-01-28
18895,2016-05-16 13:56:00,2016-05-16,0.0747,15528.0,21.0,8315.0,0.0747,0.0738,0.0738,10000563,2016-09-28,2016-09-28,P,2.0,2016-01-28
18896,2016-05-16 13:57:00,2016-05-16,0.0738,0.0,0.0,8315.0,0.0738,0.0738,0.0738,10000563,2016-09-28,2016-09-28,P,2.0,2016-01-28
18897,2016-05-16 13:58:00,2016-05-16,0.0738,0.0,0.0,8315.0,0.0738,0.0738,0.0738,10000563,2016-09-28,2016-09-28,P,2.0,2016-01-28
18898,2016-05-16 13:59:00,2016-05-16,0.0738,0.0,0.0,8315.0,0.0738,0.0738,0.0738,10000563,2016-09-28,2016-09-28,P,2.0,2016-01-28
18899,2016-05-16 14:00:00,2016-05-16,0.0738,0.0,0.0,8315.0,0.0738,0.0738,0.0738,10000563,2016-09-28,2016-09-28,P,2.0,2016-01-28
18900,2016-05-16 14:01:00,2016-05-16,0.0738,737.0,1.0,8316.0,0.0738,0.0737,0.0737,10000563,2016-09-28,2016-09-28,P,2.0,2016-01-28
18901,2016-05-16 14:02:00,2016-05-16,0.0737,0.0,0.0,8316.0,0.0737,0.0737,0.0737,10000563,2016-09-28,2016-09-28,P,2.0,2016-01-28
18902,2016-05-16 14:03:00,2016-05-16,0.0737,0.0,0.0,8316.0,0.0737,0.0737,0.0737,10000563,2016-09-28,2016-09-28,P,2.0,2016-01-28
18903,2016-05-16 14:04:00,2016-05-16,0.0737,0.0,0.0,8316.0,0.0737,0.0737,0.0737,10000563,2016-09-28,2016-09-28,P,2.0,2016-01-28
18904,2016-05-16 14:05:00,2016-05-16,0.0737,0.0,0.0,8316.0,0.0737,0.0737,0.0737,10000563,2016-09-28,2016-09-28,P,2.0,2016-01-28
18905,2016-05-16 14:06:00,2016-05-16,0.0737,0.0,0.0,8316.0,0.0737,0.0737,0.0737,10000563,2016-09-28,2016-09-28,P,2.0,2016-01-28
18906,2016-05-16 14:07:00,2016-05-16,0.0741,7410.0,10.0,8316.0,0.0741,0.0741,0.0741,10000563,2016-09-28,2016-09-28,P,2.0,2016-01-28
18907,2016-05-16 14:08:00,2016-05-16,0.0748,7480.0,10.0,8316.0,0.0741,0.0748,0.0741,10000563,2016-09-28,2016-09-28,P,2.0,2016-01-28
18908,2016-05-16 14:09:00,2016-05-16,0.0749,14860.0,20.0,8326.0,0.0748,0.0737,0.0737,10000563,2016-09-28,2016-09-28,P,2.0,2016-01-28
18909,2016-05-16 14:10:00,2016-05-16,0.0737,0.0,0.0,8326.0,0.0737,0.0737,0.0737,10000563,2016-09-28,2016-09-28,P,2.0,2016-01-28
18910,2016-05-16 14:11:00,2016-05-16,0.0736,7360.0,10.0,8330.0,0.0736,0.0736,0.0736,10000563,2016-09-28,2016-09-28,P,2.0,2016-01-28
18911,2016-05-16 14:12:00,2016-05-16,0.0736,0.0,0.0,8330.0,0.0736,0.0736,0.0736,10000563,2016-09-28,2016-09-28,P,2.0,2016-01-28
18912,2016-05-16 14:13:00,2016-05-16,0.0736,0.0,0.0,8330.0,0.0736,0.0736,0.0736,10000563,2016-09-28,2016-09-28,P,2.0,2016-01-28
18913,2016-05-16 14:14:00,2016-05-16,0.0736,0.0,0.0,8330.0,0.0736,0.0736,0.0736,10000563,2016-09-28,2016-09-28,P,2.0,2016-01-28
18914,2016-05-16 14:15:00,2016-05-16,0.0736,0.0,0.0,8330.0,0.0736,0.0736,0.0736,10000563,2016-09-28,2016-09-28,P,2.0,2016-01-28
18915,2016-05-16 14:16:00,2016-05-16,0.076,8320.0,11.0,8330.0,0.0736,0.076,0.0736,10000563,2016-09-28,2016-09-28,P,2.0,2016-01-28
18916,2016-05-16 14:17:00,2016-05-16,0.076,0.0,0.0,8330.0,0.076,0.076,0.076,10000563,2016-09-28,2016-09-28,P,2.0,2016-01-28
18917,2016-05-16 14:18:00,2016-05-16,0.076,0.0,0.0,8330.0,0.076,0.076,0.076,10000563,2016-09-28,2016-09-28,P,2.0,2016-01-28
18918,2016-05-16 14:19:00,2016-05-16,0.076,0.0,0.0,8330.0,0.076,0.076,0.076,10000563,2016-09-28,2016-09-28,P,2.0,2016-01-28
18919,2016-05-16 14:20:00,2016-05-16,0.076,0.0,0.0,8330.0,0.076,0.076,0.076,10000563,2016-09-28,2016-09-28,P,2.0,2016-01-28
18920,2016-05-16 14:21:00,2016-05-16,0.0755,4530.0,6.0,8324.0,0.0755,0.0755,0.0755,10000563,2016-09-28,2016-09-28,P,2.0,2016-01-28
18921,2016-05-16 14:22:00,2016-05-16,0.0757,6048.0,8.0,8318.0,0.0755,0.0757,0.0755,10000563,2016-09-28,2016-09-28,P,2.0,2016-01-28
18922,2016-05-16 14:23:00,2016-05-16,0.0757,0.0,0.0,8318.0,0.0757,0.0757,0.0757,10000563,2016-09-28,2016-09-28,P,2.0,2016-01-28
18923,2016-05-16 14:24:00,2016-05-16,0.0757,0.0,0.0,8318.0,0.0757,0.0757,0.0757,10000563,2016-09-28,2016-09-28,P,2.0,2016-01-28
18924,2016-05-16 14:25:00,2016-05-16,0.0757,6802.0,9.0,8311.0,0.0757,0.0755,0.0755,10000563,2016-09-28,2016-09-28,P,2.0,2016-01-28
18925,2016-05-16 14:26:00,2016-05-16,0.0755,1510.0,2.0,8311.0,0.0755,0.0755,0.0755,10000563,2016-09-28,2016-09-28,P,2.0,2016-01-28
18926,2016-05-16 14:27:00,2016-05-16,0.0755,8950.0,12.0,8311.0,0.0755,0.0744,0.0744,10000563,2016-09-28,2016-09-28,P,2.0,2016-01-28
18927,2016-05-16 14:28:00,2016-05-16,0.0744,744.0,1.0,8311.0,0.0744,0.0744,0.0744,10000563,2016-09-28,2016-09-28,P,2.0,2016-01-28
18928,2016-05-16 14:29:00,2016-05-16,0.0744,0.0,0.0,8311.0,0.0744,0.0744,0.0744,10000563,2016-09-28,2016-09-28,P,2.0,2016-01-28
18929,2016-05-16 14:30:00,2016-05-16,0.0744,0.0,0.0,8311.0,0.0744,0.0744,0.0744,10000563,2016-09-28,2016-09-28,P,2.0,2016-01-28
18930,2016-05-16 14:31:00,2016-05-16,0.0744,0.0,0.0,8311.0,0.0744,0.0744,0.0744,10000563,2016-09-28,2016-09-28,P,2.0,2016-01-28
18931,2016-05-16 14:32:00,2016-05-16,0.0744,0.0,0.0,8311.0,0.0744,0.0744,0.0744,10000563,2016-09-28,2016-09-28,P,2.0,2016-01-28
18932,2016-05-16 14:33:00,2016-05-16,0.0744,0.0,0.0,8311.0,0.0744,0.0744,0.0744,10000563,2016-09-28,2016-09-28,P,2.0,2016-01-28
18933,2016-05-16 14:34:00,2016-05-16,0.0744,740.0,1.0,8311.0,0.0744,0.07400000000000001,0.07400000000000001,10000563,2016-09-28,2016-09-28,P,2.0,2016-01-28
18934,2016-05-16 14:35:00,2016-05-16,0.07400000000000001,0.0,0.0,8311.0,0.07400000000000001,0.07400000000000001,0.07400000000000001,10000563,2016-09-28,2016-09-28,P,2.0,2016-01-28
18935,2016-05-16 14:36:00,2016-05-16,0.07400000000000001,0.0,0.0,8311.0,0.07400000000000001,0.07400000000000001,0.07400000000000001,10000563,2016-09-28,2016-09-28,P,2.0,2016-01-28
18936,2016-05-16 14:37:00,2016-05-16,0.07400000000000001,0.0,0.0,8311.0,0.07400000000000001,0.07400000000000001,0.07400000000000001,10000563,2016-09-28,2016-09-28,P,2.0,2016-01-28
18937,2016-05-16 14:38:00,2016-05-16,0.07400000000000001,8045.0,11.0,8310.0,0.07400000000000001,0.0731,0.0731,10000563,2016-09-28,2016-09-28,P,2.0,2016-01-28
18938,2016-05-16 14:39:00,2016-05-16,0.0731,0.0,0.0,8310.0,0.0731,0.0731,0.0731,10000563,2016-09-28,2016-09-28,P,2.0,2016-01-28
18939,2016-05-16 14:40:00,2016-05-16,0.0731,0.0,0.0,8310.0,0.0731,0.0731,0.0731,10000563,2016-09-28,2016-09-28,P,2.0,2016-01-28
18940,2016-05-16 14:41:00,2016-05-16,0.0731,0.0,0.0,8310.0,0.0731,0.0731,0.0731,10000563,2016-09-28,2016-09-28,P,2.0,2016-01-28
18941,2016-05-16 14:42:00,2016-05-16,0.0731,0.0,0.0,8310.0,0.0731,0.0731,0.0731,10000563,2016-09-28,2016-09-28,P,2.0,2016-01-28
18942,2016-05-16 14:43:00,2016-05-16,0.0731,0.0,0.0,8310.0,0.0731,0.0731,0.0731,10000563,2016-09-28,2016-09-28,P,2.0,2016-01-28
18943,2016-05-16 14:44:00,2016-05-16,0.0731,0.0,0.0,8310.0,0.0731,0.0731,0.0731,10000563,2016-09-28,2016-09-28,P,2.0,2016-01-28
18944,2016-05-16 14:45:00,2016-05-16,0.0739,3675.0,5.0,8309.0,0.0731,0.0734,0.0731,10000563,2016-09-28,2016-09-28,P,2.0,2016-01-28
18945,2016-05-16 14:46:00,2016-05-16,0.0734,0.0,0.0,8309.0,0.0734,0.0734,0.0734,10000563,2016-09-28,2016-09-28,P,2.0,2016-01-28
18946,2016-05-16 14:47:00,2016-05-16,0.0734,0.0,0.0,8309.0,0.0734,0.0734,0.0734,10000563,2016-09-28,2016-09-28,P,2.0,2016-01-28
18947,2016-05-16 14:48:00,2016-05-16,0.0734,0.0,0.0,8309.0,0.0734,0.0734,0.0734,10000563,2016-09-28,2016-09-28,P,2.0,2016-01-28
18948,2016-05-16 14:49:00,2016-05-16,0.0734,0.0,0.0,8309.0,0.0734,0.0734,0.0734,10000563,2016-09-28,2016-09-28,P,2.0,2016-01-28
18949,2016-05-16 14:50:00,2016-05-16,0.0734,0.0,0.0,8309.0,0.0734,0.0734,0.0734,10000563,2016-09-28,2016-09-28,P,2.0,2016-01-28
18950,2016-05-16 14:51:00,2016-05-16,0.0734,0.0,0.0,8309.0,0.0734,0.0734,0.0734,10000563,2016-09-28,2016-09-28,P,2.0,2016-01-28
18951,2016-05-16 14:52:00,2016-05-16,0.0734,0.0,0.0,8309.0,0.0734,0.0734,0.0734,10000563,2016-09-28,2016-09-28,P,2.0,2016-01-28
18952,2016-05-16 14:53:00,2016-05-16,0.0734,0.0,0.0,8309.0,0.0734,0.0734,0.0734,10000563,2016-09-28,2016-09-28,P,2.0,2016-01-28
18953,2016-05-16 14:54:00,2016-05-16,0.0734,0.0,0.0,8309.0,0.0734,0.0734,0.0734,10000563,2016-09-28,2016-09-28,P,2.0,2016-01-28
18954,2016-05-16 14:55:00,2016-05-16,0.0734,0.0,0.0,8309.0,0.0734,0.0734,0.0734,10000563,2016-09-28,2016-09-28,P,2.0,2016-01-28
18955,2016-05-16 14:56:00,2016-05-16,0.0734,0.0,0.0,8309.0,0.0734,0.0734,0.0734,10000563,2016-09-28,2016-09-28,P,2.0,2016-01-28
18956,2016-05-16 14:57:00,2016-05-16,0.0734,0.0,0.0,8309.0,0.0734,0.0734,0.0734,10000563,2016-09-28,2016-09-28,P,2.0,2016-01-28
18957,2016-05-16 14:58:00,2016-05-16,0.0734,0.0,0.0,8309.0,0.0734,0.0734,0.0734,10000563,2016-09-28,2016-09-28,P,2.0,2016-01-28
18958,2016-05-16 14:59:00,2016-05-16,0.0734,0.0,0.0,8309.0,0.0734,0.0734,0.0734,10000563,2016-09-28,2016-09-28,P,2.0,2016-01-28
18959,2016-05-16 15:00:00,2016-05-16,0.0734,0.0,0.0,8309.0,0.0734,0.0734,0.0734,10000563,2016-09-28,2016-09-28,P,2.0,2016-01-28
18960,2016-05-16 09:31:00,2016-05-16,0.0012,0.0,0.0,10426.0,0.0012,0.0012,0.0012,10000464,2016-06-22,2016-06-22,C,2.5,2015-11-05
18961,2016-05-16 09:32:00,2016-05-16,0.0012,0.0,0.0,10426.0,0.0012,0.0012,0.0012,10000464,2016-06-22,2016-06-22,C,2.5,2015-11-05
18962,2016-05-16 09:33:00,2016-05-16,0.0012,0.0,0.0,10426.0,0.0012,0.0012,0.0012,10000464,2016-06-22,2016-06-22,C,2.5,2015-11-05
18963,2016-05-16 09:34:00,2016-05-16,0.0012,0.0,0.0,10426.0,0.0012,0.0012,0.0012,10000464,2016-06-22,2016-06-22,C,2.5,2015-11-05
18964,2016-05-16 09:35:00,2016-05-16,0.0012,0.0,0.0,10426.0,0.0012,0.0012,0.0012,10000464,2016-06-22,2016-06-22,C,2.5,2015-11-05
18965,2016-05-16 09:36:00,2016-05-16,0.0012,0.0,0.0,10426.0,0.0012,0.0012,0.0012,10000464,2016-06-22,2016-06-22,C,2.5,2015-11-05
18966,2016-05-16 09:37:00,2016-05-16,0.0012,24.0,2.0,10428.0,0.0012,0.0012,0.0012,10000464,2016-06-22,2016-06-22,C,2.5,2015-11-05
18967,2016-05-16 09:38:00,2016-05-16,0.0012,48.0,4.0,10428.0,0.0012,0.0012,0.0012,10000464,2016-06-22,2016-06-22,C,2.5,2015-11-05
18968,2016-05-16 09:39:00,2016-05-16,0.0012,0.0,0.0,10428.0,0.0012,0.0012,0.0012,10000464,2016-06-22,2016-06-22,C,2.5,2015-11-05
18969,2016-05-16 09:40:00,2016-05-16,0.0012,0.0,0.0,10428.0,0.0012,0.0012,0.0012,10000464,2016-06-22,2016-06-22,C,2.5,2015-11-05
18970,2016-05-16 09:41:00,2016-05-16,0.0012,0.0,0.0,10428.0,0.0012,0.0012,0.0012,10000464,2016-06-22,2016-06-22,C,2.5,2015-11-05
18971,2016-05-16 09:42:00,2016-05-16,0.0013,130.0,10.0,10428.0,0.0012,0.0013,0.0012,10000464,2016-06-22,2016-06-22,C,2.5,2015-11-05
18972,2016-05-16 09:43:00,2016-05-16,0.0013,0.0,0.0,10428.0,0.0013,0.0013,0.0013,10000464,2016-06-22,2016-06-22,C,2.5,2015-11-05
18973,2016-05-16 09:44:00,2016-05-16,0.0014,140.0,10.0,10423.0,0.0014,0.0014,0.0014,10000464,2016-06-22,2016-06-22,C,2.5,2015-11-05
18974,2016-05-16 09:45:00,2016-05-16,0.0014,130.0,10.0,10423.0,0.0014,0.0013,0.0013,10000464,2016-06-22,2016-06-22,C,2.5,2015-11-05
18975,2016-05-16 09:46:00,2016-05-16,0.0013,0.0,0.0,10423.0,0.0013,0.0013,0.0013,10000464,2016-06-22,2016-06-22,C,2.5,2015-11-05
18976,2016-05-16 09:47:00,2016-05-16,0.0013,0.0,0.0,10423.0,0.0013,0.0013,0.0013,10000464,2016-06-22,2016-06-22,C,2.5,2015-11-05
18977,2016-05-16 09:48:00,2016-05-16,0.0013,0.0,0.0,10423.0,0.0013,0.0013,0.0013,10000464,2016-06-22,2016-06-22,C,2.5,2015-11-05
18978,2016-05-16 09:49:00,2016-05-16,0.0013,0.0,0.0,10423.0,0.0013,0.0013,0.0013,10000464,2016-06-22,2016-06-22,C,2.5,2015-11-05
18979,2016-05-16 09:50:00,2016-05-16,0.0013,0.0,0.0,10423.0,0.0013,0.0013,0.0013,10000464,2016-06-22,2016-06-22,C,2.5,2015-11-05
18980,2016-05-16 09:51:00,2016-05-16,0.0013,0.0,0.0,10423.0,0.0013,0.0013,0.0013,10000464,2016-06-22,2016-06-22,C,2.5,2015-11-05
18981,2016-05-16 09:52:00,2016-05-16,0.0013,0.0,0.0,10423.0,0.0013,0.0013,0.0013,10000464,2016-06-22,2016-06-22,C,2.5,2015-11-05
18982,2016-05-16 09:53:00,2016-05-16,0.0013,0.0,0.0,10423.0,0.0013,0.0013,0.0013,10000464,2016-06-22,2016-06-22,C,2.5,2015-11-05
18983,2016-05-16 09:54:00,2016-05-16,0.0013,120.0,10.0,10433.0,0.0013,0.0012,0.0012,10000464,2016-06-22,2016-06-22,C,2.5,2015-11-05
18984,2016-05-16 09:55:00,2016-05-16,0.0012,0.0,0.0,10433.0,0.0012,0.0012,0.0012,10000464,2016-06-22,2016-06-22,C,2.5,2015-11-05
18985,2016-05-16 09:56:00,2016-05-16,0.0012,0.0,0.0,10433.0,0.0012,0.0012,0.0012,10000464,2016-06-22,2016-06-22,C,2.5,2015-11-05
18986,2016-05-16 09:57:00,2016-05-16,0.0012,0.0,0.0,10433.0,0.0012,0.0012,0.0012,10000464,2016-06-22,2016-06-22,C,2.5,2015-11-05
18987,2016-05-16 09:58:00,2016-05-16,0.0012,0.0,0.0,10433.0,0.0012,0.0012,0.0012,10000464,2016-06-22,2016-06-22,C,2.5,2015-11-05
18988,2016-05-16 09:59:00,2016-05-16,0.0012,0.0,0.0,10433.0,0.0012,0.0012,0.0012,10000464,2016-06-22,2016-06-22,C,2.5,2015-11-05
18989,2016-05-16 10:00:00,2016-05-16,0.0012,0.0,0.0,10433.0,0.0012,0.0012,0.0012,10000464,2016-06-22,2016-06-22,C,2.5,2015-11-05
18990,2016-05-16 10:01:00,2016-05-16,0.0012,0.0,0.0,10433.0,0.0012,0.0012,0.0012,10000464,2016-06-22,2016-06-22,C,2.5,2015-11-05
18991,2016-05-16 10:02:00,2016-05-16,0.0012,0.0,0.0,10433.0,0.0012,0.0012,0.0012,10000464,2016-06-22,2016-06-22,C,2.5,2015-11-05
18992,2016-05-16 10:03:00,2016-05-16,0.0012,0.0,0.0,10433.0,0.0012,0.0012,0.0012,10000464,2016-06-22,2016-06-22,C,2.5,2015-11-05
18993,2016-05-16 10:04:00,2016-05-16,0.0012,0.0,0.0,10433.0,0.0012,0.0012,0.0012,10000464,2016-06-22,2016-06-22,C,2.5,2015-11-05
18994,2016-05-16 10:05:00,2016-05-16,0.0012,0.0,0.0,10433.0,0.0012,0.0012,0.0012,10000464,2016-06-22,2016-06-22,C,2.5,2015-11-05
18995,2016-05-16 10:06:00,2016-05-16,0.0012,0.0,0.0,10433.0,0.0012,0.0012,0.0012,10000464,2016-06-22,2016-06-22,C,2.5,2015-11-05
18996,2016-05-16 10:07:00,2016-05-16,0.0012,0.0,0.0,10433.0,0.0012,0.0012,0.0012,10000464,2016-06-22,2016-06-22,C,2.5,2015-11-05
18997,2016-05-16 10:08:00,2016-05-16,0.0012,0.0,0.0,10433.0,0.0012,0.0012,0.0012,10000464,2016-06-22,2016-06-22,C,2.5,2015-11-05
18998,2016-05-16 10:09:00,2016-05-16,0.0012,0.0,0.0,10433.0,0.0012,0.0012,0.0012,10000464,2016-06-22,2016-06-22,C,2.5,2015-11-05
18999,2016-05-16 10:10:00,2016-05-16,0.0012,0.0,0.0,10433.0,0.0012,0.0012,0.0012,10000464,2016-06-22,2016-06-22,C,2.5,2015-11-05
19000,2016-05-16 10:11:00,2016-05-16,0.0012,0.0,0.0,10433.0,0.0012,0.0012,0.0012,10000464,2016-06-22,2016-06-22,C,2.5,2015-11-05
19001,2016-05-16 10:12:00,2016-05-16,0.0012,0.0,0.0,10433.0,0.0012,0.0012,0.0012,10000464,2016-06-22,2016-06-22,C,2.5,2015-11-05
19002,2016-05-16 10:13:00,2016-05-16,0.0012,0.0,0.0,10433.0,0.0012,0.0012,0.0012,10000464,2016-06-22,2016-06-22,C,2.5,2015-11-05
19003,2016-05-16 10:14:00,2016-05-16,0.0012,0.0,0.0,10433.0,0.0012,0.0012,0.0012,10000464,2016-06-22,2016-06-22,C,2.5,2015-11-05
19004,2016-05-16 10:15:00,2016-05-16,0.0012,0.0,0.0,10433.0,0.0012,0.0012,0.0012,10000464,2016-06-22,2016-06-22,C,2.5,2015-11-05
19005,2016-05-16 10:16:00,2016-05-16,0.0012,0.0,0.0,10433.0,0.0012,0.0012,0.0012,10000464,2016-06-22,2016-06-22,C,2.5,2015-11-05
19006,2016-05-16 10:17:00,2016-05-16,0.0012,0.0,0.0,10433.0,0.0012,0.0012,0.0012,10000464,2016-06-22,2016-06-22,C,2.5,2015-11-05
19007,2016-05-16 10:18:00,2016-05-16,0.0012,0.0,0.0,10433.0,0.0012,0.0012,0.0012,10000464,2016-06-22,2016-06-22,C,2.5,2015-11-05
19008,2016-05-16 10:19:00,2016-05-16,0.0012,0.0,0.0,10433.0,0.0012,0.0012,0.0012,10000464,2016-06-22,2016-06-22,C,2.5,2015-11-05
19009,2016-05-16 10:20:00,2016-05-16,0.0012,0.0,0.0,10433.0,0.0012,0.0012,0.0012,10000464,2016-06-22,2016-06-22,C,2.5,2015-11-05
19010,2016-05-16 10:21:00,2016-05-16,0.0012,0.0,0.0,10433.0,0.0012,0.0012,0.0012,10000464,2016-06-22,2016-06-22,C,2.5,2015-11-05
19011,2016-05-16 10:22:00,2016-05-16,0.0012,0.0,0.0,10433.0,0.0012,0.0012,0.0012,10000464,2016-06-22,2016-06-22,C,2.5,2015-11-05
19012,2016-05-16 10:23:00,2016-05-16,0.0012,0.0,0.0,10433.0,0.0012,0.0012,0.0012,10000464,2016-06-22,2016-06-22,C,2.5,2015-11-05
19013,2016-05-16 10:24:00,2016-05-16,0.0012,0.0,0.0,10433.0,0.0012,0.0012,0.0012,10000464,2016-06-22,2016-06-22,C,2.5,2015-11-05
19014,2016-05-16 10:25:00,2016-05-16,0.0012,0.0,0.0,10433.0,0.0012,0.0012,0.0012,10000464,2016-06-22,2016-06-22,C,2.5,2015-11-05
19015,2016-05-16 10:26:00,2016-05-16,0.0012,0.0,0.0,10433.0,0.0012,0.0012,0.0012,10000464,2016-06-22,2016-06-22,C,2.5,2015-11-05
19016,2016-05-16 10:27:00,2016-05-16,0.0012,0.0,0.0,10433.0,0.0012,0.0012,0.0012,10000464,2016-06-22,2016-06-22,C,2.5,2015-11-05
19017,2016-05-16 10:28:00,2016-05-16,0.0012,0.0,0.0,10433.0,0.0012,0.0012,0.0012,10000464,2016-06-22,2016-06-22,C,2.5,2015-11-05
19018,2016-05-16 10:29:00,2016-05-16,0.0012,0.0,0.0,10433.0,0.0012,0.0012,0.0012,10000464,2016-06-22,2016-06-22,C,2.5,2015-11-05
19019,2016-05-16 10:30:00,2016-05-16,0.0012,0.0,0.0,10433.0,0.0012,0.0012,0.0012,10000464,2016-06-22,2016-06-22,C,2.5,2015-11-05
19020,2016-05-16 10:31:00,2016-05-16,0.0012,0.0,0.0,10433.0,0.0012,0.0012,0.0012,10000464,2016-06-22,2016-06-22,C,2.5,2015-11-05
19021,2016-05-16 10:32:00,2016-05-16,0.0012,0.0,0.0,10433.0,0.0012,0.0012,0.0012,10000464,2016-06-22,2016-06-22,C,2.5,2015-11-05
19022,2016-05-16 10:33:00,2016-05-16,0.0012,0.0,0.0,10433.0,0.0012,0.0012,0.0012,10000464,2016-06-22,2016-06-22,C,2.5,2015-11-05
19023,2016-05-16 10:34:00,2016-05-16,0.0012,0.0,0.0,10433.0,0.0012,0.0012,0.0012,10000464,2016-06-22,2016-06-22,C,2.5,2015-11-05
19024,2016-05-16 10:35:00,2016-05-16,0.0012,0.0,0.0,10433.0,0.0012,0.0012,0.0012,10000464,2016-06-22,2016-06-22,C,2.5,2015-11-05
19025,2016-05-16 10:36:00,2016-05-16,0.0012,0.0,0.0,10433.0,0.0012,0.0012,0.0012,10000464,2016-06-22,2016-06-22,C,2.5,2015-11-05
19026,2016-05-16 10:37:00,2016-05-16,0.0012,0.0,0.0,10433.0,0.0012,0.0012,0.0012,10000464,2016-06-22,2016-06-22,C,2.5,2015-11-05
19027,2016-05-16 10:38:00,2016-05-16,0.0012,0.0,0.0,10433.0,0.0012,0.0012,0.0012,10000464,2016-06-22,2016-06-22,C,2.5,2015-11-05
19028,2016-05-16 10:39:00,2016-05-16,0.0012,0.0,0.0,10433.0,0.0012,0.0012,0.0012,10000464,2016-06-22,2016-06-22,C,2.5,2015-11-05
19029,2016-05-16 10:40:00,2016-05-16,0.0012,0.0,0.0,10433.0,0.0012,0.0012,0.0012,10000464,2016-06-22,2016-06-22,C,2.5,2015-11-05
19030,2016-05-16 10:41:00,2016-05-16,0.0012,0.0,0.0,10433.0,0.0012,0.0012,0.0012,10000464,2016-06-22,2016-06-22,C,2.5,2015-11-05
19031,2016-05-16 10:42:00,2016-05-16,0.0012,0.0,0.0,10433.0,0.0012,0.0012,0.0012,10000464,2016-06-22,2016-06-22,C,2.5,2015-11-05
19032,2016-05-16 10:43:00,2016-05-16,0.0012,0.0,0.0,10433.0,0.0012,0.0012,0.0012,10000464,2016-06-22,2016-06-22,C,2.5,2015-11-05
19033,2016-05-16 10:44:00,2016-05-16,0.0012,0.0,0.0,10433.0,0.0012,0.0012,0.0012,10000464,2016-06-22,2016-06-22,C,2.5,2015-11-05
19034,2016-05-16 10:45:00,2016-05-16,0.0012,0.0,0.0,10433.0,0.0012,0.0012,0.0012,10000464,2016-06-22,2016-06-22,C,2.5,2015-11-05
19035,2016-05-16 10:46:00,2016-05-16,0.0012,0.0,0.0,10433.0,0.0012,0.0012,0.0012,10000464,2016-06-22,2016-06-22,C,2.5,2015-11-05
19036,2016-05-16 10:47:00,2016-05-16,0.0012,0.0,0.0,10433.0,0.0012,0.0012,0.0012,10000464,2016-06-22,2016-06-22,C,2.5,2015-11-05
19037,2016-05-16 10:48:00,2016-05-16,0.0012,0.0,0.0,10433.0,0.0012,0.0012,0.0012,10000464,2016-06-22,2016-06-22,C,2.5,2015-11-05
19038,2016-05-16 10:49:00,2016-05-16,0.0012,0.0,0.0,10433.0,0.0012,0.0012,0.0012,10000464,2016-06-22,2016-06-22,C,2.5,2015-11-05
19039,2016-05-16 10:50:00,2016-05-16,0.0012,0.0,0.0,10433.0,0.0012,0.0012,0.0012,10000464,2016-06-22,2016-06-22,C,2.5,2015-11-05
19040,2016-05-16 10:51:00,2016-05-16,0.0012,0.0,0.0,10433.0,0.0012,0.0012,0.0012,10000464,2016-06-22,2016-06-22,C,2.5,2015-11-05
19041,2016-05-16 10:52:00,2016-05-16,0.0012,0.0,0.0,10433.0,0.0012,0.0012,0.0012,10000464,2016-06-22,2016-06-22,C,2.5,2015-11-05
19042,2016-05-16 10:53:00,2016-05-16,0.0012,0.0,0.0,10433.0,0.0012,0.0012,0.0012,10000464,2016-06-22,2016-06-22,C,2.5,2015-11-05
19043,2016-05-16 10:54:00,2016-05-16,0.0012,0.0,0.0,10433.0,0.0012,0.0012,0.0012,10000464,2016-06-22,2016-06-22,C,2.5,2015-11-05
19044,2016-05-16 10:55:00,2016-05-16,0.0012,0.0,0.0,10433.0,0.0012,0.0012,0.0012,10000464,2016-06-22,2016-06-22,C,2.5,2015-11-05
19045,2016-05-16 10:56:00,2016-05-16,0.0012,0.0,0.0,10433.0,0.0012,0.0012,0.0012,10000464,2016-06-22,2016-06-22,C,2.5,2015-11-05
19046,2016-05-16 10:57:00,2016-05-16,0.0012,0.0,0.0,10433.0,0.0012,0.0012,0.0012,10000464,2016-06-22,2016-06-22,C,2.5,2015-11-05
19047,2016-05-16 10:58:00,2016-05-16,0.0012,0.0,0.0,10433.0,0.0012,0.0012,0.0012,10000464,2016-06-22,2016-06-22,C,2.5,2015-11-05
19048,2016-05-16 10:59:00,2016-05-16,0.0012,0.0,0.0,10433.0,0.0012,0.0012,0.0012,10000464,2016-06-22,2016-06-22,C,2.5,2015-11-05
19049,2016-05-16 11:00:00,2016-05-16,0.0012,0.0,0.0,10433.0,0.0012,0.0012,0.0012,10000464,2016-06-22,2016-06-22,C,2.5,2015-11-05
19050,2016-05-16 11:01:00,2016-05-16,0.0012,0.0,0.0,10433.0,0.0012,0.0012,0.0012,10000464,2016-06-22,2016-06-22,C,2.5,2015-11-05
19051,2016-05-16 11:02:00,2016-05-16,0.0012,0.0,0.0,10433.0,0.0012,0.0012,0.0012,10000464,2016-06-22,2016-06-22,C,2.5,2015-11-05
19052,2016-05-16 11:03:00,2016-05-16,0.0012,0.0,0.0,10433.0,0.0012,0.0012,0.0012,10000464,2016-06-22,2016-06-22,C,2.5,2015-11-05
19053,2016-05-16 11:04:00,2016-05-16,0.0012,0.0,0.0,10433.0,0.0012,0.0012,0.0012,10000464,2016-06-22,2016-06-22,C,2.5,2015-11-05
19054,2016-05-16 11:05:00,2016-05-16,0.0012,0.0,0.0,10433.0,0.0012,0.0012,0.0012,10000464,2016-06-22,2016-06-22,C,2.5,2015-11-05
19055,2016-05-16 11:06:00,2016-05-16,0.0012,0.0,0.0,10433.0,0.0012,0.0012,0.0012,10000464,2016-06-22,2016-06-22,C,2.5,2015-11-05
19056,2016-05-16 11:07:00,2016-05-16,0.0012,0.0,0.0,10433.0,0.0012,0.0012,0.0012,10000464,2016-06-22,2016-06-22,C,2.5,2015-11-05
19057,2016-05-16 11:08:00,2016-05-16,0.0012,0.0,0.0,10433.0,0.0012,0.0012,0.0012,10000464,2016-06-22,2016-06-22,C,2.5,2015-11-05
19058,2016-05-16 11:09:00,2016-05-16,0.0012,0.0,0.0,10433.0,0.0012,0.0012,0.0012,10000464,2016-06-22,2016-06-22,C,2.5,2015-11-05
19059,2016-05-16 11:10:00,2016-05-16,0.0012,0.0,0.0,10433.0,0.0012,0.0012,0.0012,10000464,2016-06-22,2016-06-22,C,2.5,2015-11-05
19060,2016-05-16 11:11:00,2016-05-16,0.0012,0.0,0.0,10433.0,0.0012,0.0012,0.0012,10000464,2016-06-22,2016-06-22,C,2.5,2015-11-05
19061,2016-05-16 11:12:00,2016-05-16,0.0012,0.0,0.0,10433.0,0.0012,0.0012,0.0012,10000464,2016-06-22,2016-06-22,C,2.5,2015-11-05
19062,2016-05-16 11:13:00,2016-05-16,0.0012,0.0,0.0,10433.0,0.0012,0.0012,0.0012,10000464,2016-06-22,2016-06-22,C,2.5,2015-11-05
19063,2016-05-16 11:14:00,2016-05-16,0.0012,0.0,0.0,10433.0,0.0012,0.0012,0.0012,10000464,2016-06-22,2016-06-22,C,2.5,2015-11-05
19064,2016-05-16 11:15:00,2016-05-16,0.0012,0.0,0.0,10433.0,0.0012,0.0012,0.0012,10000464,2016-06-22,2016-06-22,C,2.5,2015-11-05
19065,2016-05-16 11:16:00,2016-05-16,0.0012,0.0,0.0,10433.0,0.0012,0.0012,0.0012,10000464,2016-06-22,2016-06-22,C,2.5,2015-11-05
19066,2016-05-16 11:17:00,2016-05-16,0.0012,0.0,0.0,10433.0,0.0012,0.0012,0.0012,10000464,2016-06-22,2016-06-22,C,2.5,2015-11-05
19067,2016-05-16 11:18:00,2016-05-16,0.0012,0.0,0.0,10433.0,0.0012,0.0012,0.0012,10000464,2016-06-22,2016-06-22,C,2.5,2015-11-05
19068,2016-05-16 11:19:00,2016-05-16,0.0012,0.0,0.0,10433.0,0.0012,0.0012,0.0012,10000464,2016-06-22,2016-06-22,C,2.5,2015-11-05
19069,2016-05-16 11:20:00,2016-05-16,0.0012,0.0,0.0,10433.0,0.0012,0.0012,0.0012,10000464,2016-06-22,2016-06-22,C,2.5,2015-11-05
19070,2016-05-16 11:21:00,2016-05-16,0.0012,0.0,0.0,10433.0,0.0012,0.0012,0.0012,10000464,2016-06-22,2016-06-22,C,2.5,2015-11-05
19071,2016-05-16 11:22:00,2016-05-16,0.0012,0.0,0.0,10433.0,0.0012,0.0012,0.0012,10000464,2016-06-22,2016-06-22,C,2.5,2015-11-05
19072,2016-05-16 11:23:00,2016-05-16,0.0012,0.0,0.0,10433.0,0.0012,0.0012,0.0012,10000464,2016-06-22,2016-06-22,C,2.5,2015-11-05
19073,2016-05-16 11:24:00,2016-05-16,0.0012,0.0,0.0,10433.0,0.0012,0.0012,0.0012,10000464,2016-06-22,2016-06-22,C,2.5,2015-11-05
19074,2016-05-16 11:25:00,2016-05-16,0.0012,0.0,0.0,10433.0,0.0012,0.0012,0.0012,10000464,2016-06-22,2016-06-22,C,2.5,2015-11-05
19075,2016-05-16 11:26:00,2016-05-16,0.0012,0.0,0.0,10433.0,0.0012,0.0012,0.0012,10000464,2016-06-22,2016-06-22,C,2.5,2015-11-05
19076,2016-05-16 11:27:00,2016-05-16,0.0012,0.0,0.0,10433.0,0.0012,0.0012,0.0012,10000464,2016-06-22,2016-06-22,C,2.5,2015-11-05
19077,2016-05-16 11:28:00,2016-05-16,0.0012,0.0,0.0,10433.0,0.0012,0.0012,0.0012,10000464,2016-06-22,2016-06-22,C,2.5,2015-11-05
19078,2016-05-16 11:29:00,2016-05-16,0.0012,0.0,0.0,10433.0,0.0012,0.0012,0.0012,10000464,2016-06-22,2016-06-22,C,2.5,2015-11-05
19079,2016-05-16 11:30:00,2016-05-16,0.0012,0.0,0.0,10433.0,0.0012,0.0012,0.0012,10000464,2016-06-22,2016-06-22,C,2.5,2015-11-05
19080,2016-05-16 13:01:00,2016-05-16,0.0012,0.0,0.0,10433.0,0.0012,0.0012,0.0012,10000464,2016-06-22,2016-06-22,C,2.5,2015-11-05
19081,2016-05-16 13:02:00,2016-05-16,0.0013,26.0,2.0,10433.0,0.0012,0.0013,0.0012,10000464,2016-06-22,2016-06-22,C,2.5,2015-11-05
19082,2016-05-16 13:03:00,2016-05-16,0.0013,260.0,20.0,10433.0,0.0013,0.0013,0.0013,10000464,2016-06-22,2016-06-22,C,2.5,2015-11-05
19083,2016-05-16 13:04:00,2016-05-16,0.0013,0.0,0.0,10433.0,0.0013,0.0013,0.0013,10000464,2016-06-22,2016-06-22,C,2.5,2015-11-05
19084,2016-05-16 13:05:00,2016-05-16,0.0013,0.0,0.0,10433.0,0.0013,0.0013,0.0013,10000464,2016-06-22,2016-06-22,C,2.5,2015-11-05
19085,2016-05-16 13:06:00,2016-05-16,0.0013,0.0,0.0,10433.0,0.0013,0.0013,0.0013,10000464,2016-06-22,2016-06-22,C,2.5,2015-11-05
19086,2016-05-16 13:07:00,2016-05-16,0.0013,0.0,0.0,10433.0,0.0013,0.0013,0.0013,10000464,2016-06-22,2016-06-22,C,2.5,2015-11-05
19087,2016-05-16 13:08:00,2016-05-16,0.0013,0.0,0.0,10433.0,0.0013,0.0013,0.0013,10000464,2016-06-22,2016-06-22,C,2.5,2015-11-05
19088,2016-05-16 13:09:00,2016-05-16,0.0013,0.0,0.0,10433.0,0.0013,0.0013,0.0013,10000464,2016-06-22,2016-06-22,C,2.5,2015-11-05
19089,2016-05-16 13:10:00,2016-05-16,0.0013,0.0,0.0,10433.0,0.0013,0.0013,0.0013,10000464,2016-06-22,2016-06-22,C,2.5,2015-11-05
19090,2016-05-16 13:11:00,2016-05-16,0.0013,0.0,0.0,10433.0,0.0013,0.0013,0.0013,10000464,2016-06-22,2016-06-22,C,2.5,2015-11-05
19091,2016-05-16 13:12:00,2016-05-16,0.0013,0.0,0.0,10433.0,0.0013,0.0013,0.0013,10000464,2016-06-22,2016-06-22,C,2.5,2015-11-05
19092,2016-05-16 13:13:00,2016-05-16,0.0013,0.0,0.0,10433.0,0.0013,0.0013,0.0013,10000464,2016-06-22,2016-06-22,C,2.5,2015-11-05
19093,2016-05-16 13:14:00,2016-05-16,0.0013,0.0,0.0,10433.0,0.0013,0.0013,0.0013,10000464,2016-06-22,2016-06-22,C,2.5,2015-11-05
19094,2016-05-16 13:15:00,2016-05-16,0.0013,0.0,0.0,10433.0,0.0013,0.0013,0.0013,10000464,2016-06-22,2016-06-22,C,2.5,2015-11-05
19095,2016-05-16 13:16:00,2016-05-16,0.0013,0.0,0.0,10433.0,0.0013,0.0013,0.0013,10000464,2016-06-22,2016-06-22,C,2.5,2015-11-05
19096,2016-05-16 13:17:00,2016-05-16,0.0013,0.0,0.0,10433.0,0.0013,0.0013,0.0013,10000464,2016-06-22,2016-06-22,C,2.5,2015-11-05
19097,2016-05-16 13:18:00,2016-05-16,0.0013,0.0,0.0,10433.0,0.0013,0.0013,0.0013,10000464,2016-06-22,2016-06-22,C,2.5,2015-11-05
19098,2016-05-16 13:19:00,2016-05-16,0.0013,0.0,0.0,10433.0,0.0013,0.0013,0.0013,10000464,2016-06-22,2016-06-22,C,2.5,2015-11-05
19099,2016-05-16 13:20:00,2016-05-16,0.0013,0.0,0.0,10433.0,0.0013,0.0013,0.0013,10000464,2016-06-22,2016-06-22,C,2.5,2015-11-05
19100,2016-05-16 13:21:00,2016-05-16,0.0013,0.0,0.0,10433.0,0.0013,0.0013,0.0013,10000464,2016-06-22,2016-06-22,C,2.5,2015-11-05
19101,2016-05-16 13:22:00,2016-05-16,0.0013,0.0,0.0,10433.0,0.0013,0.0013,0.0013,10000464,2016-06-22,2016-06-22,C,2.5,2015-11-05
19102,2016-05-16 13:23:00,2016-05-16,0.0013,0.0,0.0,10433.0,0.0013,0.0013,0.0013,10000464,2016-06-22,2016-06-22,C,2.5,2015-11-05
19103,2016-05-16 13:24:00,2016-05-16,0.0013,0.0,0.0,10433.0,0.0013,0.0013,0.0013,10000464,2016-06-22,2016-06-22,C,2.5,2015-11-05
19104,2016-05-16 13:25:00,2016-05-16,0.0013,0.0,0.0,10433.0,0.0013,0.0013,0.0013,10000464,2016-06-22,2016-06-22,C,2.5,2015-11-05
19105,2016-05-16 13:26:00,2016-05-16,0.0013,0.0,0.0,10433.0,0.0013,0.0013,0.0013,10000464,2016-06-22,2016-06-22,C,2.5,2015-11-05
19106,2016-05-16 13:27:00,2016-05-16,0.0013,0.0,0.0,10433.0,0.0013,0.0013,0.0013,10000464,2016-06-22,2016-06-22,C,2.5,2015-11-05
19107,2016-05-16 13:28:00,2016-05-16,0.0013,0.0,0.0,10433.0,0.0013,0.0013,0.0013,10000464,2016-06-22,2016-06-22,C,2.5,2015-11-05
19108,2016-05-16 13:29:00,2016-05-16,0.0013,0.0,0.0,10433.0,0.0013,0.0013,0.0013,10000464,2016-06-22,2016-06-22,C,2.5,2015-11-05
19109,2016-05-16 13:30:00,2016-05-16,0.0013,0.0,0.0,10433.0,0.0013,0.0013,0.0013,10000464,2016-06-22,2016-06-22,C,2.5,2015-11-05
19110,2016-05-16 13:31:00,2016-05-16,0.0013,0.0,0.0,10433.0,0.0013,0.0013,0.0013,10000464,2016-06-22,2016-06-22,C,2.5,2015-11-05
19111,2016-05-16 13:32:00,2016-05-16,0.0013,0.0,0.0,10433.0,0.0013,0.0013,0.0013,10000464,2016-06-22,2016-06-22,C,2.5,2015-11-05
19112,2016-05-16 13:33:00,2016-05-16,0.0013,0.0,0.0,10433.0,0.0013,0.0013,0.0013,10000464,2016-06-22,2016-06-22,C,2.5,2015-11-05
19113,2016-05-16 13:34:00,2016-05-16,0.0013,0.0,0.0,10433.0,0.0013,0.0013,0.0013,10000464,2016-06-22,2016-06-22,C,2.5,2015-11-05
19114,2016-05-16 13:35:00,2016-05-16,0.0013,0.0,0.0,10433.0,0.0013,0.0013,0.0013,10000464,2016-06-22,2016-06-22,C,2.5,2015-11-05
19115,2016-05-16 13:36:00,2016-05-16,0.0013,0.0,0.0,10433.0,0.0013,0.0013,0.0013,10000464,2016-06-22,2016-06-22,C,2.5,2015-11-05
19116,2016-05-16 13:37:00,2016-05-16,0.0013,0.0,0.0,10433.0,0.0013,0.0013,0.0013,10000464,2016-06-22,2016-06-22,C,2.5,2015-11-05
19117,2016-05-16 13:38:00,2016-05-16,0.0013,0.0,0.0,10433.0,0.0013,0.0013,0.0013,10000464,2016-06-22,2016-06-22,C,2.5,2015-11-05
19118,2016-05-16 13:39:00,2016-05-16,0.0013,0.0,0.0,10433.0,0.0013,0.0013,0.0013,10000464,2016-06-22,2016-06-22,C,2.5,2015-11-05
19119,2016-05-16 13:40:00,2016-05-16,0.0013,0.0,0.0,10433.0,0.0013,0.0013,0.0013,10000464,2016-06-22,2016-06-22,C,2.5,2015-11-05
19120,2016-05-16 13:41:00,2016-05-16,0.0013,0.0,0.0,10433.0,0.0013,0.0013,0.0013,10000464,2016-06-22,2016-06-22,C,2.5,2015-11-05
19121,2016-05-16 13:42:00,2016-05-16,0.0013,0.0,0.0,10433.0,0.0013,0.0013,0.0013,10000464,2016-06-22,2016-06-22,C,2.5,2015-11-05
19122,2016-05-16 13:43:00,2016-05-16,0.0013,0.0,0.0,10433.0,0.0013,0.0013,0.0013,10000464,2016-06-22,2016-06-22,C,2.5,2015-11-05
19123,2016-05-16 13:44:00,2016-05-16,0.0013,0.0,0.0,10433.0,0.0013,0.0013,0.0013,10000464,2016-06-22,2016-06-22,C,2.5,2015-11-05
19124,2016-05-16 13:45:00,2016-05-16,0.0013,0.0,0.0,10433.0,0.0013,0.0013,0.0013,10000464,2016-06-22,2016-06-22,C,2.5,2015-11-05
19125,2016-05-16 13:46:00,2016-05-16,0.0013,0.0,0.0,10433.0,0.0013,0.0013,0.0013,10000464,2016-06-22,2016-06-22,C,2.5,2015-11-05
19126,2016-05-16 13:47:00,2016-05-16,0.0013,0.0,0.0,10433.0,0.0013,0.0013,0.0013,10000464,2016-06-22,2016-06-22,C,2.5,2015-11-05
19127,2016-05-16 13:48:00,2016-05-16,0.0013,130.0,10.0,10443.0,0.0013,0.0013,0.0013,10000464,2016-06-22,2016-06-22,C,2.5,2015-11-05
19128,2016-05-16 13:49:00,2016-05-16,0.0013,0.0,0.0,10443.0,0.0013,0.0013,0.0013,10000464,2016-06-22,2016-06-22,C,2.5,2015-11-05
19129,2016-05-16 13:50:00,2016-05-16,0.0013,0.0,0.0,10443.0,0.0013,0.0013,0.0013,10000464,2016-06-22,2016-06-22,C,2.5,2015-11-05
19130,2016-05-16 13:51:00,2016-05-16,0.0013,0.0,0.0,10443.0,0.0013,0.0013,0.0013,10000464,2016-06-22,2016-06-22,C,2.5,2015-11-05
19131,2016-05-16 13:52:00,2016-05-16,0.0013,0.0,0.0,10443.0,0.0013,0.0013,0.0013,10000464,2016-06-22,2016-06-22,C,2.5,2015-11-05
19132,2016-05-16 13:53:00,2016-05-16,0.0013,0.0,0.0,10443.0,0.0013,0.0013,0.0013,10000464,2016-06-22,2016-06-22,C,2.5,2015-11-05
19133,2016-05-16 13:54:00,2016-05-16,0.0013,0.0,0.0,10443.0,0.0013,0.0013,0.0013,10000464,2016-06-22,2016-06-22,C,2.5,2015-11-05
19134,2016-05-16 13:55:00,2016-05-16,0.0013,0.0,0.0,10443.0,0.0013,0.0013,0.0013,10000464,2016-06-22,2016-06-22,C,2.5,2015-11-05
19135,2016-05-16 13:56:00,2016-05-16,0.0013,0.0,0.0,10443.0,0.0013,0.0013,0.0013,10000464,2016-06-22,2016-06-22,C,2.5,2015-11-05
19136,2016-05-16 13:57:00,2016-05-16,0.0013,0.0,0.0,10443.0,0.0013,0.0013,0.0013,10000464,2016-06-22,2016-06-22,C,2.5,2015-11-05
19137,2016-05-16 13:58:00,2016-05-16,0.0013,0.0,0.0,10443.0,0.0013,0.0013,0.0013,10000464,2016-06-22,2016-06-22,C,2.5,2015-11-05
19138,2016-05-16 13:59:00,2016-05-16,0.0013,0.0,0.0,10443.0,0.0013,0.0013,0.0013,10000464,2016-06-22,2016-06-22,C,2.5,2015-11-05
19139,2016-05-16 14:00:00,2016-05-16,0.0013,0.0,0.0,10443.0,0.0013,0.0013,0.0013,10000464,2016-06-22,2016-06-22,C,2.5,2015-11-05
19140,2016-05-16 14:01:00,2016-05-16,0.0013,0.0,0.0,10443.0,0.0013,0.0013,0.0013,10000464,2016-06-22,2016-06-22,C,2.5,2015-11-05
19141,2016-05-16 14:02:00,2016-05-16,0.0013,0.0,0.0,10443.0,0.0013,0.0013,0.0013,10000464,2016-06-22,2016-06-22,C,2.5,2015-11-05
19142,2016-05-16 14:03:00,2016-05-16,0.0013,0.0,0.0,10443.0,0.0013,0.0013,0.0013,10000464,2016-06-22,2016-06-22,C,2.5,2015-11-05
19143,2016-05-16 14:04:00,2016-05-16,0.0013,0.0,0.0,10443.0,0.0013,0.0013,0.0013,10000464,2016-06-22,2016-06-22,C,2.5,2015-11-05
19144,2016-05-16 14:05:00,2016-05-16,0.0013,0.0,0.0,10443.0,0.0013,0.0013,0.0013,10000464,2016-06-22,2016-06-22,C,2.5,2015-11-05
19145,2016-05-16 14:06:00,2016-05-16,0.0013,0.0,0.0,10443.0,0.0013,0.0013,0.0013,10000464,2016-06-22,2016-06-22,C,2.5,2015-11-05
19146,2016-05-16 14:07:00,2016-05-16,0.0014,14.0,1.0,10444.0,0.0013,0.0014,0.0013,10000464,2016-06-22,2016-06-22,C,2.5,2015-11-05
19147,2016-05-16 14:08:00,2016-05-16,0.0014,0.0,0.0,10444.0,0.0014,0.0014,0.0014,10000464,2016-06-22,2016-06-22,C,2.5,2015-11-05
19148,2016-05-16 14:09:00,2016-05-16,0.0014,0.0,0.0,10444.0,0.0014,0.0014,0.0014,10000464,2016-06-22,2016-06-22,C,2.5,2015-11-05
19149,2016-05-16 14:10:00,2016-05-16,0.0014,0.0,0.0,10444.0,0.0014,0.0014,0.0014,10000464,2016-06-22,2016-06-22,C,2.5,2015-11-05
19150,2016-05-16 14:11:00,2016-05-16,0.0014,0.0,0.0,10444.0,0.0014,0.0014,0.0014,10000464,2016-06-22,2016-06-22,C,2.5,2015-11-05
19151,2016-05-16 14:12:00,2016-05-16,0.0014,0.0,0.0,10444.0,0.0014,0.0014,0.0014,10000464,2016-06-22,2016-06-22,C,2.5,2015-11-05
19152,2016-05-16 14:13:00,2016-05-16,0.0014,0.0,0.0,10444.0,0.0014,0.0014,0.0014,10000464,2016-06-22,2016-06-22,C,2.5,2015-11-05
19153,2016-05-16 14:14:00,2016-05-16,0.0014,0.0,0.0,10444.0,0.0014,0.0014,0.0014,10000464,2016-06-22,2016-06-22,C,2.5,2015-11-05
19154,2016-05-16 14:15:00,2016-05-16,0.0014,0.0,0.0,10444.0,0.0014,0.0014,0.0014,10000464,2016-06-22,2016-06-22,C,2.5,2015-11-05
19155,2016-05-16 14:16:00,2016-05-16,0.0014,14.0,1.0,10444.0,0.0014,0.0014,0.0014,10000464,2016-06-22,2016-06-22,C,2.5,2015-11-05
19156,2016-05-16 14:17:00,2016-05-16,0.0014,0.0,0.0,10444.0,0.0014,0.0014,0.0014,10000464,2016-06-22,2016-06-22,C,2.5,2015-11-05
19157,2016-05-16 14:18:00,2016-05-16,0.0014,0.0,0.0,10444.0,0.0014,0.0014,0.0014,10000464,2016-06-22,2016-06-22,C,2.5,2015-11-05
19158,2016-05-16 14:19:00,2016-05-16,0.0014,0.0,0.0,10444.0,0.0014,0.0014,0.0014,10000464,2016-06-22,2016-06-22,C,2.5,2015-11-05
19159,2016-05-16 14:20:00,2016-05-16,0.0014,0.0,0.0,10444.0,0.0014,0.0014,0.0014,10000464,2016-06-22,2016-06-22,C,2.5,2015-11-05
19160,2016-05-16 14:21:00,2016-05-16,0.0014,0.0,0.0,10444.0,0.0014,0.0014,0.0014,10000464,2016-06-22,2016-06-22,C,2.5,2015-11-05
19161,2016-05-16 14:22:00,2016-05-16,0.0014,0.0,0.0,10444.0,0.0014,0.0014,0.0014,10000464,2016-06-22,2016-06-22,C,2.5,2015-11-05
19162,2016-05-16 14:23:00,2016-05-16,0.0014,0.0,0.0,10444.0,0.0014,0.0014,0.0014,10000464,2016-06-22,2016-06-22,C,2.5,2015-11-05
19163,2016-05-16 14:24:00,2016-05-16,0.0014,0.0,0.0,10444.0,0.0014,0.0014,0.0014,10000464,2016-06-22,2016-06-22,C,2.5,2015-11-05
19164,2016-05-16 14:25:00,2016-05-16,0.0014,0.0,0.0,10444.0,0.0014,0.0014,0.0014,10000464,2016-06-22,2016-06-22,C,2.5,2015-11-05
19165,2016-05-16 14:26:00,2016-05-16,0.0014,0.0,0.0,10444.0,0.0014,0.0014,0.0014,10000464,2016-06-22,2016-06-22,C,2.5,2015-11-05
19166,2016-05-16 14:27:00,2016-05-16,0.0014,0.0,0.0,10444.0,0.0014,0.0014,0.0014,10000464,2016-06-22,2016-06-22,C,2.5,2015-11-05
19167,2016-05-16 14:28:00,2016-05-16,0.0014,0.0,0.0,10444.0,0.0014,0.0014,0.0014,10000464,2016-06-22,2016-06-22,C,2.5,2015-11-05
19168,2016-05-16 14:29:00,2016-05-16,0.0014,0.0,0.0,10444.0,0.0014,0.0014,0.0014,10000464,2016-06-22,2016-06-22,C,2.5,2015-11-05
19169,2016-05-16 14:30:00,2016-05-16,0.0014,0.0,0.0,10444.0,0.0014,0.0014,0.0014,10000464,2016-06-22,2016-06-22,C,2.5,2015-11-05
19170,2016-05-16 14:31:00,2016-05-16,0.0014,0.0,0.0,10444.0,0.0014,0.0014,0.0014,10000464,2016-06-22,2016-06-22,C,2.5,2015-11-05
19171,2016-05-16 14:32:00,2016-05-16,0.0014,0.0,0.0,10444.0,0.0014,0.0014,0.0014,10000464,2016-06-22,2016-06-22,C,2.5,2015-11-05
19172,2016-05-16 14:33:00,2016-05-16,0.0014,0.0,0.0,10444.0,0.0014,0.0014,0.0014,10000464,2016-06-22,2016-06-22,C,2.5,2015-11-05
19173,2016-05-16 14:34:00,2016-05-16,0.0014,0.0,0.0,10444.0,0.0014,0.0014,0.0014,10000464,2016-06-22,2016-06-22,C,2.5,2015-11-05
19174,2016-05-16 14:35:00,2016-05-16,0.0014,0.0,0.0,10444.0,0.0014,0.0014,0.0014,10000464,2016-06-22,2016-06-22,C,2.5,2015-11-05
19175,2016-05-16 14:36:00,2016-05-16,0.0014,0.0,0.0,10444.0,0.0014,0.0014,0.0014,10000464,2016-06-22,2016-06-22,C,2.5,2015-11-05
19176,2016-05-16 14:37:00,2016-05-16,0.0014,0.0,0.0,10444.0,0.0014,0.0014,0.0014,10000464,2016-06-22,2016-06-22,C,2.5,2015-11-05
19177,2016-05-16 14:38:00,2016-05-16,0.0014,0.0,0.0,10444.0,0.0014,0.0014,0.0014,10000464,2016-06-22,2016-06-22,C,2.5,2015-11-05
19178,2016-05-16 14:39:00,2016-05-16,0.0014,0.0,0.0,10444.0,0.0014,0.0014,0.0014,10000464,2016-06-22,2016-06-22,C,2.5,2015-11-05
19179,2016-05-16 14:40:00,2016-05-16,0.0014,0.0,0.0,10444.0,0.0014,0.0014,0.0014,10000464,2016-06-22,2016-06-22,C,2.5,2015-11-05
19180,2016-05-16 14:41:00,2016-05-16,0.0014,0.0,0.0,10444.0,0.0014,0.0014,0.0014,10000464,2016-06-22,2016-06-22,C,2.5,2015-11-05
19181,2016-05-16 14:42:00,2016-05-16,0.0014,0.0,0.0,10444.0,0.0014,0.0014,0.0014,10000464,2016-06-22,2016-06-22,C,2.5,2015-11-05
19182,2016-05-16 14:43:00,2016-05-16,0.0014,0.0,0.0,10444.0,0.0014,0.0014,0.0014,10000464,2016-06-22,2016-06-22,C,2.5,2015-11-05
19183,2016-05-16 14:44:00,2016-05-16,0.0014,0.0,0.0,10444.0,0.0014,0.0014,0.0014,10000464,2016-06-22,2016-06-22,C,2.5,2015-11-05
19184,2016-05-16 14:45:00,2016-05-16,0.0014,0.0,0.0,10444.0,0.0014,0.0014,0.0014,10000464,2016-06-22,2016-06-22,C,2.5,2015-11-05
19185,2016-05-16 14:46:00,2016-05-16,0.0014,0.0,0.0,10444.0,0.0014,0.0014,0.0014,10000464,2016-06-22,2016-06-22,C,2.5,2015-11-05
19186,2016-05-16 14:47:00,2016-05-16,0.0014,0.0,0.0,10444.0,0.0014,0.0014,0.0014,10000464,2016-06-22,2016-06-22,C,2.5,2015-11-05
19187,2016-05-16 14:48:00,2016-05-16,0.0014,0.0,0.0,10444.0,0.0014,0.0014,0.0014,10000464,2016-06-22,2016-06-22,C,2.5,2015-11-05
19188,2016-05-16 14:49:00,2016-05-16,0.0014,0.0,0.0,10444.0,0.0014,0.0014,0.0014,10000464,2016-06-22,2016-06-22,C,2.5,2015-11-05
19189,2016-05-16 14:50:00,2016-05-16,0.0014,0.0,0.0,10444.0,0.0014,0.0014,0.0014,10000464,2016-06-22,2016-06-22,C,2.5,2015-11-05
19190,2016-05-16 14:51:00,2016-05-16,0.0014,0.0,0.0,10444.0,0.0014,0.0014,0.0014,10000464,2016-06-22,2016-06-22,C,2.5,2015-11-05
19191,2016-05-16 14:52:00,2016-05-16,0.0014,0.0,0.0,10444.0,0.0014,0.0014,0.0014,10000464,2016-06-22,2016-06-22,C,2.5,2015-11-05
19192,2016-05-16 14:53:00,2016-05-16,0.0014,0.0,0.0,10444.0,0.0014,0.0014,0.0014,10000464,2016-06-22,2016-06-22,C,2.5,2015-11-05
19193,2016-05-16 14:54:00,2016-05-16,0.0014,0.0,0.0,10444.0,0.0014,0.0014,0.0014,10000464,2016-06-22,2016-06-22,C,2.5,2015-11-05
19194,2016-05-16 14:55:00,2016-05-16,0.0014,0.0,0.0,10444.0,0.0014,0.0014,0.0014,10000464,2016-06-22,2016-06-22,C,2.5,2015-11-05
19195,2016-05-16 14:56:00,2016-05-16,0.0014,0.0,0.0,10444.0,0.0014,0.0014,0.0014,10000464,2016-06-22,2016-06-22,C,2.5,2015-11-05
19196,2016-05-16 14:57:00,2016-05-16,0.0014,0.0,0.0,10444.0,0.0014,0.0014,0.0014,10000464,2016-06-22,2016-06-22,C,2.5,2015-11-05
19197,2016-05-16 14:58:00,2016-05-16,0.0014,0.0,0.0,10444.0,0.0014,0.0014,0.0014,10000464,2016-06-22,2016-06-22,C,2.5,2015-11-05
19198,2016-05-16 14:59:00,2016-05-16,0.0014,0.0,0.0,10444.0,0.0014,0.0014,0.0014,10000464,2016-06-22,2016-06-22,C,2.5,2015-11-05
19199,2016-05-16 15:00:00,2016-05-16,0.0014,0.0,0.0,10444.0,0.0014,0.0014,0.0014,10000464,2016-06-22,2016-06-22,C,2.5,2015-11-05
19200,2016-05-16 09:31:00,2016-05-16,0.0439,123238.0,291.0,27267.0,0.042,0.0411,0.041,10000607,2016-05-25,2016-05-25,P,2.1,2016-03-24
19201,2016-05-16 09:32:00,2016-05-16,0.0426,46436.0,112.0,27284.0,0.0411,0.0414,0.041,10000607,2016-05-25,2016-05-25,P,2.1,2016-03-24
19202,2016-05-16 09:33:00,2016-05-16,0.0424,16682.0,40.0,27291.0,0.0424,0.0414,0.0414,10000607,2016-05-25,2016-05-25,P,2.1,2016-03-24
19203,2016-05-16 09:34:00,2016-05-16,0.0421,47938.0,115.0,27278.0,0.0414,0.0421,0.0414,10000607,2016-05-25,2016-05-25,P,2.1,2016-03-24
19204,2016-05-16 09:35:00,2016-05-16,0.0421,131987.0,316.0,27214.0,0.0421,0.0415,0.0415,10000607,2016-05-25,2016-05-25,P,2.1,2016-03-24
19205,2016-05-16 09:36:00,2016-05-16,0.0416,182479.0,454.0,27177.0,0.0415,0.0396,0.0391,10000607,2016-05-25,2016-05-25,P,2.1,2016-03-24
19206,2016-05-16 09:37:00,2016-05-16,0.0396,28990.0,74.0,27166.0,0.0395,0.0388,0.0388,10000607,2016-05-25,2016-05-25,P,2.1,2016-03-24
19207,2016-05-16 09:38:00,2016-05-16,0.0402,46504.0,118.0,27095.0,0.0391,0.0397,0.0391,10000607,2016-05-25,2016-05-25,P,2.1,2016-03-24
19208,2016-05-16 09:39:00,2016-05-16,0.0401,33897.0,85.0,27108.0,0.0398,0.0391,0.0391,10000607,2016-05-25,2016-05-25,P,2.1,2016-03-24
19209,2016-05-16 09:40:00,2016-05-16,0.0397,26273.0,67.0,27117.0,0.0391,0.0396,0.0391,10000607,2016-05-25,2016-05-25,P,2.1,2016-03-24
19210,2016-05-16 09:41:00,2016-05-16,0.0403,24442.0,61.0,27100.0,0.0396,0.0401,0.0396,10000607,2016-05-25,2016-05-25,P,2.1,2016-03-24
19211,2016-05-16 09:42:00,2016-05-16,0.0409,20703.0,51.0,27106.0,0.0401,0.0404,0.0401,10000607,2016-05-25,2016-05-25,P,2.1,2016-03-24
19212,2016-05-16 09:43:00,2016-05-16,0.0408,52975.0,132.0,27064.0,0.0404,0.04,0.0396,10000607,2016-05-25,2016-05-25,P,2.1,2016-03-24
19213,2016-05-16 09:44:00,2016-05-16,0.0403,14893.0,37.0,27050.0,0.04,0.0403,0.04,10000607,2016-05-25,2016-05-25,P,2.1,2016-03-24
19214,2016-05-16 09:45:00,2016-05-16,0.0411,44858.0,110.0,27005.0,0.0403,0.0411,0.0403,10000607,2016-05-25,2016-05-25,P,2.1,2016-03-24
19215,2016-05-16 09:46:00,2016-05-16,0.0417,18989.0,46.0,26979.0,0.0411,0.0417,0.0411,10000607,2016-05-25,2016-05-25,P,2.1,2016-03-24
19216,2016-05-16 09:47:00,2016-05-16,0.0419,8773.0,21.0,26991.0,0.0417,0.0417,0.0415,10000607,2016-05-25,2016-05-25,P,2.1,2016-03-24
19217,2016-05-16 09:48:00,2016-05-16,0.0419,18349.0,44.0,26994.0,0.0417,0.0418,0.0414,10000607,2016-05-25,2016-05-25,P,2.1,2016-03-24
19218,2016-05-16 09:49:00,2016-05-16,0.0418,17446.0,42.0,26991.0,0.0418,0.0416,0.0414,10000607,2016-05-25,2016-05-25,P,2.1,2016-03-24
19219,2016-05-16 09:50:00,2016-05-16,0.042,50583.0,121.0,26945.0,0.0415,0.0417,0.0415,10000607,2016-05-25,2016-05-25,P,2.1,2016-03-24
19220,2016-05-16 09:51:00,2016-05-16,0.042,6290.0,15.0,26934.0,0.0417,0.0418,0.0417,10000607,2016-05-25,2016-05-25,P,2.1,2016-03-24
19221,2016-05-16 09:52:00,2016-05-16,0.0425,52523.0,125.0,26943.0,0.0418,0.0425,0.0417,10000607,2016-05-25,2016-05-25,P,2.1,2016-03-24
19222,2016-05-16 09:53:00,2016-05-16,0.0468,168934.0,376.0,26848.0,0.0426,0.0467,0.0426,10000607,2016-05-25,2016-05-25,P,2.1,2016-03-24
19223,2016-05-16 09:54:00,2016-05-16,0.0478,175001.0,373.0,26847.0,0.0467,0.0461,0.0461,10000607,2016-05-25,2016-05-25,P,2.1,2016-03-24
19224,2016-05-16 09:55:00,2016-05-16,0.0476,78603.0,167.0,26817.0,0.0461,0.0465,0.0461,10000607,2016-05-25,2016-05-25,P,2.1,2016-03-24
19225,2016-05-16 09:56:00,2016-05-16,0.0465,93534.0,203.0,26851.0,0.0465,0.0459,0.0459,10000607,2016-05-25,2016-05-25,P,2.1,2016-03-24
19226,2016-05-16 09:57:00,2016-05-16,0.0466,57013.0,124.0,26875.0,0.0459,0.0458,0.0456,10000607,2016-05-25,2016-05-25,P,2.1,2016-03-24
19227,2016-05-16 09:58:00,2016-05-16,0.0459,29180.0,64.0,26847.0,0.0458,0.0457,0.0454,10000607,2016-05-25,2016-05-25,P,2.1,2016-03-24
19228,2016-05-16 09:59:00,2016-05-16,0.0469,66591.0,143.0,26828.0,0.0464,0.0469,0.0457,10000607,2016-05-25,2016-05-25,P,2.1,2016-03-24
19229,2016-05-16 10:00:00,2016-05-16,0.0469,7845.0,17.0,26825.0,0.0469,0.046,0.046,10000607,2016-05-25,2016-05-25,P,2.1,2016-03-24
19230,2016-05-16 10:01:00,2016-05-16,0.0479,106277.0,224.0,26852.0,0.046,0.0475,0.046,10000607,2016-05-25,2016-05-25,P,2.1,2016-03-24
19231,2016-05-16 10:02:00,2016-05-16,0.0481,93036.0,198.0,26866.0,0.0475,0.046,0.046,10000607,2016-05-25,2016-05-25,P,2.1,2016-03-24
19232,2016-05-16 10:03:00,2016-05-16,0.0461,19788.0,43.0,26875.0,0.046,0.0458,0.0458,10000607,2016-05-25,2016-05-25,P,2.1,2016-03-24
19233,2016-05-16 10:04:00,2016-05-16,0.046,23730.0,52.0,26887.0,0.0458,0.0454,0.0454,10000607,2016-05-25,2016-05-25,P,2.1,2016-03-24
19234,2016-05-16 10:05:00,2016-05-16,0.0457,47699.0,105.0,26842.0,0.0454,0.0451,0.0451,10000607,2016-05-25,2016-05-25,P,2.1,2016-03-24
19235,2016-05-16 10:06:00,2016-05-16,0.0455,14978.0,33.0,26823.0,0.0451,0.0455,0.0451,10000607,2016-05-25,2016-05-25,P,2.1,2016-03-24
19236,2016-05-16 10:07:00,2016-05-16,0.0455,58827.0,132.0,26799.0,0.0455,0.0432,0.0432,10000607,2016-05-25,2016-05-25,P,2.1,2016-03-24
19237,2016-05-16 10:08:00,2016-05-16,0.044,8790.0,20.0,26795.0,0.0432,0.0439,0.0432,10000607,2016-05-25,2016-05-25,P,2.1,2016-03-24
19238,2016-05-16 10:09:00,2016-05-16,0.0442,27281.0,62.0,26766.0,0.0438,0.0439,0.0438,10000607,2016-05-25,2016-05-25,P,2.1,2016-03-24
19239,2016-05-16 10:10:00,2016-05-16,0.0446,20711.0,47.0,26756.0,0.0439,0.0442,0.0438,10000607,2016-05-25,2016-05-25,P,2.1,2016-03-24
19240,2016-05-16 10:11:00,2016-05-16,0.0451,893.0,2.0,26756.0,0.0442,0.0451,0.0442,10000607,2016-05-25,2016-05-25,P,2.1,2016-03-24
19241,2016-05-16 10:12:00,2016-05-16,0.045,41661.0,93.0,26708.0,0.0449,0.0446,0.0439,10000607,2016-05-25,2016-05-25,P,2.1,2016-03-24
19242,2016-05-16 10:13:00,2016-05-16,0.0446,70117.0,160.0,26752.0,0.0446,0.0435,0.0435,10000607,2016-05-25,2016-05-25,P,2.1,2016-03-24
19243,2016-05-16 10:14:00,2016-05-16,0.0438,16587.0,38.0,26737.0,0.0435,0.0437,0.0435,10000607,2016-05-25,2016-05-25,P,2.1,2016-03-24
19244,2016-05-16 10:15:00,2016-05-16,0.044,6585.0,15.0,26742.0,0.0437,0.0437,0.0437,10000607,2016-05-25,2016-05-25,P,2.1,2016-03-24
19245,2016-05-16 10:16:00,2016-05-16,0.0437,19113.0,44.0,26747.0,0.0437,0.0433,0.0433,10000607,2016-05-25,2016-05-25,P,2.1,2016-03-24
19246,2016-05-16 10:17:00,2016-05-16,0.0435,11681.0,27.0,26740.0,0.0433,0.0435,0.0431,10000607,2016-05-25,2016-05-25,P,2.1,2016-03-24
19247,2016-05-16 10:18:00,2016-05-16,0.0436,10428.0,24.0,26751.0,0.0435,0.0433,0.0433,10000607,2016-05-25,2016-05-25,P,2.1,2016-03-24
19248,2016-05-16 10:19:00,2016-05-16,0.0434,434.0,1.0,26751.0,0.0433,0.0434,0.0433,10000607,2016-05-25,2016-05-25,P,2.1,2016-03-24
19249,2016-05-16 10:20:00,2016-05-16,0.0442,17580.0,40.0,26756.0,0.0434,0.0442,0.0434,10000607,2016-05-25,2016-05-25,P,2.1,2016-03-24
19250,2016-05-16 10:21:00,2016-05-16,0.0442,7473.0,17.0,26757.0,0.0442,0.044,0.0434,10000607,2016-05-25,2016-05-25,P,2.1,2016-03-24
19251,2016-05-16 10:22:00,2016-05-16,0.044,6077.0,14.0,26753.0,0.044,0.0432,0.0432,10000607,2016-05-25,2016-05-25,P,2.1,2016-03-24
19252,2016-05-16 10:23:00,2016-05-16,0.0443,22354.0,51.0,26750.0,0.0432,0.0443,0.0432,10000607,2016-05-25,2016-05-25,P,2.1,2016-03-24
19253,2016-05-16 10:24:00,2016-05-16,0.0445,9760.0,22.0,26755.0,0.0444,0.0441,0.0441,10000607,2016-05-25,2016-05-25,P,2.1,2016-03-24
19254,2016-05-16 10:25:00,2016-05-16,0.0449,41595.0,93.0,26761.0,0.0441,0.0448,0.0441,10000607,2016-05-25,2016-05-25,P,2.1,2016-03-24
19255,2016-05-16 10:26:00,2016-05-16,0.0448,29996.0,68.0,26822.0,0.0448,0.0437,0.0437,10000607,2016-05-25,2016-05-25,P,2.1,2016-03-24
19256,2016-05-16 10:27:00,2016-05-16,0.0439,10504.0,24.0,26818.0,0.0437,0.0437,0.0436,10000607,2016-05-25,2016-05-25,P,2.1,2016-03-24
19257,2016-05-16 10:28:00,2016-05-16,0.0437,12589.0,29.0,26817.0,0.0437,0.0433,0.0432,10000607,2016-05-25,2016-05-25,P,2.1,2016-03-24
19258,2016-05-16 10:29:00,2016-05-16,0.0432,38935.0,91.0,26809.0,0.0432,0.0426,0.0425,10000607,2016-05-25,2016-05-25,P,2.1,2016-03-24
19259,2016-05-16 10:30:00,2016-05-16,0.0429,8571.0,20.0,26790.0,0.0426,0.0427,0.0425,10000607,2016-05-25,2016-05-25,P,2.1,2016-03-24
19260,2016-05-16 10:31:00,2016-05-16,0.0429,23044.0,54.0,26781.0,0.0427,0.0429,0.0425,10000607,2016-05-25,2016-05-25,P,2.1,2016-03-24
19261,2016-05-16 10:32:00,2016-05-16,0.0424,6784.0,16.0,26770.0,0.0424,0.0424,0.0424,10000607,2016-05-25,2016-05-25,P,2.1,2016-03-24
19262,2016-05-16 10:33:00,2016-05-16,0.0425,19525.0,46.0,26749.0,0.0424,0.0425,0.0423,10000607,2016-05-25,2016-05-25,P,2.1,2016-03-24
19263,2016-05-16 10:34:00,2016-05-16,0.0426,46527.0,110.0,26765.0,0.0425,0.0419,0.0419,10000607,2016-05-25,2016-05-25,P,2.1,2016-03-24
19264,2016-05-16 10:35:00,2016-05-16,0.0425,5509.0,13.0,26775.0,0.0419,0.0424,0.0419,10000607,2016-05-25,2016-05-25,P,2.1,2016-03-24
19265,2016-05-16 10:36:00,2016-05-16,0.0424,24267.0,58.0,26798.0,0.0424,0.0423,0.0414,10000607,2016-05-25,2016-05-25,P,2.1,2016-03-24
19266,2016-05-16 10:37:00,2016-05-16,0.0425,25759.0,61.0,26798.0,0.0423,0.042,0.042,10000607,2016-05-25,2016-05-25,P,2.1,2016-03-24
19267,2016-05-16 10:38:00,2016-05-16,0.0433,19760.0,46.0,26771.0,0.042,0.043,0.042,10000607,2016-05-25,2016-05-25,P,2.1,2016-03-24
19268,2016-05-16 10:39:00,2016-05-16,0.043,17440.0,41.0,26770.0,0.043,0.0422,0.0422,10000607,2016-05-25,2016-05-25,P,2.1,2016-03-24
19269,2016-05-16 10:40:00,2016-05-16,0.0426,9343.0,22.0,26766.0,0.0422,0.0425,0.0422,10000607,2016-05-25,2016-05-25,P,2.1,2016-03-24
19270,2016-05-16 10:41:00,2016-05-16,0.0425,12304.0,29.0,26761.0,0.0425,0.0425,0.0422,10000607,2016-05-25,2016-05-25,P,2.1,2016-03-24
19271,2016-05-16 10:42:00,2016-05-16,0.0425,8500.0,20.0,26741.0,0.0425,0.0425,0.0425,10000607,2016-05-25,2016-05-25,P,2.1,2016-03-24
19272,2016-05-16 10:43:00,2016-05-16,0.0425,8075.0,19.0,26723.0,0.0425,0.0425,0.0425,10000607,2016-05-25,2016-05-25,P,2.1,2016-03-24
19273,2016-05-16 10:44:00,2016-05-16,0.0425,3394.0,8.0,26724.0,0.0425,0.0425,0.0423,10000607,2016-05-25,2016-05-25,P,2.1,2016-03-24
19274,2016-05-16 10:45:00,2016-05-16,0.043,11593.0,27.0,26717.0,0.0429,0.043,0.0429,10000607,2016-05-25,2016-05-25,P,2.1,2016-03-24
19275,2016-05-16 10:46:00,2016-05-16,0.0431,23995.0,56.0,26731.0,0.0431,0.0423,0.0423,10000607,2016-05-25,2016-05-25,P,2.1,2016-03-24
19276,2016-05-16 10:47:00,2016-05-16,0.0423,41197.0,98.0,26768.0,0.0423,0.0415,0.0415,10000607,2016-05-25,2016-05-25,P,2.1,2016-03-24
19277,2016-05-16 10:48:00,2016-05-16,0.0417,32320.0,78.0,26802.0,0.0415,0.041,0.041,10000607,2016-05-25,2016-05-25,P,2.1,2016-03-24
19278,2016-05-16 10:49:00,2016-05-16,0.041,25830.0,64.0,26820.0,0.041,0.0403,0.0401,10000607,2016-05-25,2016-05-25,P,2.1,2016-03-24
19279,2016-05-16 10:50:00,2016-05-16,0.0406,6842.0,17.0,26815.0,0.0403,0.0406,0.0401,10000607,2016-05-25,2016-05-25,P,2.1,2016-03-24
19280,2016-05-16 10:51:00,2016-05-16,0.0406,43575.0,112.0,26793.0,0.0406,0.0385,0.0382,10000607,2016-05-25,2016-05-25,P,2.1,2016-03-24
19281,2016-05-16 10:52:00,2016-05-16,0.0388,38911.0,101.0,26726.0,0.0385,0.0381,0.0381,10000607,2016-05-25,2016-05-25,P,2.1,2016-03-24
19282,2016-05-16 10:53:00,2016-05-16,0.0386,18498.0,48.0,26741.0,0.0381,0.0385,0.0381,10000607,2016-05-25,2016-05-25,P,2.1,2016-03-24
19283,2016-05-16 10:54:00,2016-05-16,0.0388,8096.0,21.0,26752.0,0.0385,0.0385,0.0385,10000607,2016-05-25,2016-05-25,P,2.1,2016-03-24
19284,2016-05-16 10:55:00,2016-05-16,0.0385,30619.0,80.0,26766.0,0.0385,0.0381,0.0381,10000607,2016-05-25,2016-05-25,P,2.1,2016-03-24
19285,2016-05-16 10:56:00,2016-05-16,0.0381,39014.0,105.0,26774.0,0.0381,0.037000000000000005,0.0365,10000607,2016-05-25,2016-05-25,P,2.1,2016-03-24
19286,2016-05-16 10:57:00,2016-05-16,0.0374,18292.0,49.0,26778.0,0.037000000000000005,0.0374,0.037000000000000005,10000607,2016-05-25,2016-05-25,P,2.1,2016-03-24
19287,2016-05-16 10:58:00,2016-05-16,0.0379,58757.0,160.0,26837.0,0.0374,0.0362,0.0361,10000607,2016-05-25,2016-05-25,P,2.1,2016-03-24
19288,2016-05-16 10:59:00,2016-05-16,0.0361,71195.0,203.0,26961.0,0.0361,0.035,0.0345,10000607,2016-05-25,2016-05-25,P,2.1,2016-03-24
19289,2016-05-16 11:00:00,2016-05-16,0.035,30290.0,88.0,26982.0,0.035,0.0345,0.0341,10000607,2016-05-25,2016-05-25,P,2.1,2016-03-24
19290,2016-05-16 11:01:00,2016-05-16,0.0345,49200.0,145.0,26981.0,0.0345,0.034,0.0336,10000607,2016-05-25,2016-05-25,P,2.1,2016-03-24
19291,2016-05-16 11:02:00,2016-05-16,0.0348,62441.0,184.0,26993.0,0.034,0.0343,0.0336,10000607,2016-05-25,2016-05-25,P,2.1,2016-03-24
19292,2016-05-16 11:03:00,2016-05-16,0.0348,37320.0,108.0,26985.0,0.0343,0.0348,0.0343,10000607,2016-05-25,2016-05-25,P,2.1,2016-03-24
19293,2016-05-16 11:04:00,2016-05-16,0.0351,9738.0,28.0,26990.0,0.0349,0.0346,0.0344,10000607,2016-05-25,2016-05-25,P,2.1,2016-03-24
19294,2016-05-16 11:05:00,2016-05-16,0.0351,10760.0,31.0,27003.0,0.0346,0.0348,0.0345,10000607,2016-05-25,2016-05-25,P,2.1,2016-03-24
19295,2016-05-16 11:06:00,2016-05-16,0.0351,12597.0,36.0,26987.0,0.0348,0.0347,0.0347,10000607,2016-05-25,2016-05-25,P,2.1,2016-03-24
19296,2016-05-16 11:07:00,2016-05-16,0.0355,11239.0,32.0,26996.0,0.0347,0.0355,0.0347,10000607,2016-05-25,2016-05-25,P,2.1,2016-03-24
19297,2016-05-16 11:08:00,2016-05-16,0.0355,18305.0,52.0,26977.0,0.0355,0.035,0.035,10000607,2016-05-25,2016-05-25,P,2.1,2016-03-24
19298,2016-05-16 11:09:00,2016-05-16,0.035,40775.0,118.0,26958.0,0.035,0.0343,0.0343,10000607,2016-05-25,2016-05-25,P,2.1,2016-03-24
19299,2016-05-16 11:10:00,2016-05-16,0.0347,8970.0,26.0,26952.0,0.0343,0.0347,0.0343,10000607,2016-05-25,2016-05-25,P,2.1,2016-03-24
19300,2016-05-16 11:11:00,2016-05-16,0.0352,29370.0,85.0,26925.0,0.0346,0.0352,0.0342,10000607,2016-05-25,2016-05-25,P,2.1,2016-03-24
19301,2016-05-16 11:12:00,2016-05-16,0.0359,3575.0,10.0,26918.0,0.0352,0.0353,0.0352,10000607,2016-05-25,2016-05-25,P,2.1,2016-03-24
19302,2016-05-16 11:13:00,2016-05-16,0.0359,25315.0,71.0,26913.0,0.0353,0.0354,0.0353,10000607,2016-05-25,2016-05-25,P,2.1,2016-03-24
19303,2016-05-16 11:14:00,2016-05-16,0.0359,45194.0,130.0,26945.0,0.0354,0.0342,0.0342,10000607,2016-05-25,2016-05-25,P,2.1,2016-03-24
19304,2016-05-16 11:15:00,2016-05-16,0.0344,48746.0,143.0,27041.0,0.0342,0.034,0.0339,10000607,2016-05-25,2016-05-25,P,2.1,2016-03-24
19305,2016-05-16 11:16:00,2016-05-16,0.0347,11423.0,33.0,27065.0,0.034,0.0347,0.034,10000607,2016-05-25,2016-05-25,P,2.1,2016-03-24
19306,2016-05-16 11:17:00,2016-05-16,0.035,1050.0,3.0,27065.0,0.0347,0.035,0.0347,10000607,2016-05-25,2016-05-25,P,2.1,2016-03-24
19307,2016-05-16 11:18:00,2016-05-16,0.035,7693.0,22.0,27085.0,0.035,0.035,0.0347,10000607,2016-05-25,2016-05-25,P,2.1,2016-03-24
19308,2016-05-16 11:19:00,2016-05-16,0.0354,4211.0,12.0,27084.0,0.035,0.035,0.035,10000607,2016-05-25,2016-05-25,P,2.1,2016-03-24
19309,2016-05-16 11:20:00,2016-05-16,0.035,27366.0,80.0,27103.0,0.035,0.0338,0.0338,10000607,2016-05-25,2016-05-25,P,2.1,2016-03-24
19310,2016-05-16 11:21:00,2016-05-16,0.0342,33921.0,100.0,27126.0,0.0338,0.0338,0.0337,10000607,2016-05-25,2016-05-25,P,2.1,2016-03-24
19311,2016-05-16 11:22:00,2016-05-16,0.0349,21877.0,63.0,27139.0,0.0338,0.0348,0.0338,10000607,2016-05-25,2016-05-25,P,2.1,2016-03-24
19312,2016-05-16 11:23:00,2016-05-16,0.0348,692.0,2.0,27141.0,0.0348,0.0346,0.0346,10000607,2016-05-25,2016-05-25,P,2.1,2016-03-24
19313,2016-05-16 11:24:00,2016-05-16,0.0346,0.0,0.0,27141.0,0.0346,0.0346,0.0346,10000607,2016-05-25,2016-05-25,P,2.1,2016-03-24
19314,2016-05-16 11:25:00,2016-05-16,0.035,350.0,1.0,27142.0,0.0346,0.035,0.0346,10000607,2016-05-25,2016-05-25,P,2.1,2016-03-24
19315,2016-05-16 11:26:00,2016-05-16,0.0352,16376.0,47.0,27165.0,0.0348,0.0352,0.0345,10000607,2016-05-25,2016-05-25,P,2.1,2016-03-24
19316,2016-05-16 11:27:00,2016-05-16,0.0353,19911.0,57.0,27158.0,0.0352,0.0346,0.0346,10000607,2016-05-25,2016-05-25,P,2.1,2016-03-24
19317,2016-05-16 11:28:00,2016-05-16,0.0352,4908.0,14.0,27162.0,0.0346,0.0348,0.0346,10000607,2016-05-25,2016-05-25,P,2.1,2016-03-24
19318,2016-05-16 11:29:00,2016-05-16,0.0351,10477.0,30.0,27165.0,0.0348,0.0351,0.0347,10000607,2016-05-25,2016-05-25,P,2.1,2016-03-24
19319,2016-05-16 11:30:00,2016-05-16,0.0352,15360.0,44.0,27139.0,0.0351,0.0346,0.0346,10000607,2016-05-25,2016-05-25,P,2.1,2016-03-24
19320,2016-05-16 13:01:00,2016-05-16,0.0353,10192.0,29.0,27117.0,0.0346,0.0348,0.0346,10000607,2016-05-25,2016-05-25,P,2.1,2016-03-24
19321,2016-05-16 13:02:00,2016-05-16,0.0374,26192.0,72.0,27082.0,0.0355,0.0371,0.0355,10000607,2016-05-25,2016-05-25,P,2.1,2016-03-24
19322,2016-05-16 13:03:00,2016-05-16,0.0372,29630.0,80.0,27079.0,0.0371,0.037000000000000005,0.0366,10000607,2016-05-25,2016-05-25,P,2.1,2016-03-24
19323,2016-05-16 13:04:00,2016-05-16,0.037000000000000005,4026.0,11.0,27079.0,0.037000000000000005,0.0366,0.0366,10000607,2016-05-25,2016-05-25,P,2.1,2016-03-24
19324,2016-05-16 13:05:00,2016-05-16,0.0365,1825.0,5.0,27075.0,0.0365,0.0365,0.0365,10000607,2016-05-25,2016-05-25,P,2.1,2016-03-24
19325,2016-05-16 13:06:00,2016-05-16,0.0365,19126.0,53.0,27116.0,0.0365,0.0365,0.0356,10000607,2016-05-25,2016-05-25,P,2.1,2016-03-24
19326,2016-05-16 13:07:00,2016-05-16,0.0365,10950.0,30.0,27116.0,0.0365,0.0365,0.0365,10000607,2016-05-25,2016-05-25,P,2.1,2016-03-24
19327,2016-05-16 13:08:00,2016-05-16,0.0366,2196.0,6.0,27122.0,0.0365,0.0366,0.0365,10000607,2016-05-25,2016-05-25,P,2.1,2016-03-24
19328,2016-05-16 13:09:00,2016-05-16,0.0366,7300.0,20.0,27132.0,0.0366,0.0365,0.0365,10000607,2016-05-25,2016-05-25,P,2.1,2016-03-24
19329,2016-05-16 13:10:00,2016-05-16,0.0365,18547.0,51.0,27165.0,0.0365,0.0363,0.0363,10000607,2016-05-25,2016-05-25,P,2.1,2016-03-24
19330,2016-05-16 13:11:00,2016-05-16,0.0363,4322.0,12.0,27167.0,0.0363,0.036000000000000004,0.036000000000000004,10000607,2016-05-25,2016-05-25,P,2.1,2016-03-24
19331,2016-05-16 13:12:00,2016-05-16,0.036000000000000004,20343.0,57.0,27168.0,0.036000000000000004,0.0356,0.0355,10000607,2016-05-25,2016-05-25,P,2.1,2016-03-24
19332,2016-05-16 13:13:00,2016-05-16,0.036000000000000004,5369.0,15.0,27157.0,0.0356,0.0358,0.0356,10000607,2016-05-25,2016-05-25,P,2.1,2016-03-24
19333,2016-05-16 13:14:00,2016-05-16,0.0361,3246.0,9.0,27157.0,0.0358,0.0361,0.0358,10000607,2016-05-25,2016-05-25,P,2.1,2016-03-24
19334,2016-05-16 13:15:00,2016-05-16,0.0361,0.0,0.0,27157.0,0.0361,0.0361,0.0361,10000607,2016-05-25,2016-05-25,P,2.1,2016-03-24
19335,2016-05-16 13:16:00,2016-05-16,0.0361,0.0,0.0,27157.0,0.0361,0.0361,0.0361,10000607,2016-05-25,2016-05-25,P,2.1,2016-03-24
19336,2016-05-16 13:17:00,2016-05-16,0.0363,29504.0,82.0,27154.0,0.0361,0.0363,0.0358,10000607,2016-05-25,2016-05-25,P,2.1,2016-03-24
19337,2016-05-16 13:18:00,2016-05-16,0.0363,7260.0,20.0,27134.0,0.0363,0.0363,0.0363,10000607,2016-05-25,2016-05-25,P,2.1,2016-03-24
19338,2016-05-16 13:19:00,2016-05-16,0.0364,3276.0,9.0,27132.0,0.0363,0.0364,0.0363,10000607,2016-05-25,2016-05-25,P,2.1,2016-03-24
19339,2016-05-16 13:20:00,2016-05-16,0.0369,16871.0,46.0,27131.0,0.0364,0.0364,0.0364,10000607,2016-05-25,2016-05-25,P,2.1,2016-03-24
19340,2016-05-16 13:21:00,2016-05-16,0.0377,17053.0,46.0,27152.0,0.0364,0.0376,0.0364,10000607,2016-05-25,2016-05-25,P,2.1,2016-03-24
19341,2016-05-16 13:22:00,2016-05-16,0.0376,0.0,0.0,27152.0,0.0376,0.0376,0.0376,10000607,2016-05-25,2016-05-25,P,2.1,2016-03-24
19342,2016-05-16 13:23:00,2016-05-16,0.0372,21479.0,58.0,27161.0,0.037000000000000005,0.0371,0.0369,10000607,2016-05-25,2016-05-25,P,2.1,2016-03-24
19343,2016-05-16 13:24:00,2016-05-16,0.0373,7070.0,19.0,27180.0,0.0371,0.0373,0.0371,10000607,2016-05-25,2016-05-25,P,2.1,2016-03-24
19344,2016-05-16 13:25:00,2016-05-16,0.0375,3750.0,10.0,27170.0,0.0373,0.0375,0.0373,10000607,2016-05-25,2016-05-25,P,2.1,2016-03-24
19345,2016-05-16 13:26:00,2016-05-16,0.038,18520.0,49.0,27188.0,0.0375,0.038,0.0374,10000607,2016-05-25,2016-05-25,P,2.1,2016-03-24
19346,2016-05-16 13:27:00,2016-05-16,0.0384,8042.0,21.0,27199.0,0.038,0.0382,0.038,10000607,2016-05-25,2016-05-25,P,2.1,2016-03-24
19347,2016-05-16 13:28:00,2016-05-16,0.0386,37363.0,98.0,27220.0,0.0382,0.0374,0.0374,10000607,2016-05-25,2016-05-25,P,2.1,2016-03-24
19348,2016-05-16 13:29:00,2016-05-16,0.0377,13838.0,37.0,27221.0,0.0374,0.0374,0.0373,10000607,2016-05-25,2016-05-25,P,2.1,2016-03-24
19349,2016-05-16 13:30:00,2016-05-16,0.038,15454.0,41.0,27243.0,0.0374,0.0373,0.0373,10000607,2016-05-25,2016-05-25,P,2.1,2016-03-24
19350,2016-05-16 13:31:00,2016-05-16,0.0373,10051.0,27.0,27254.0,0.0373,0.0371,0.0368,10000607,2016-05-25,2016-05-25,P,2.1,2016-03-24
19351,2016-05-16 13:32:00,2016-05-16,0.0373,12204.0,33.0,27253.0,0.0371,0.0371,0.0367,10000607,2016-05-25,2016-05-25,P,2.1,2016-03-24
19352,2016-05-16 13:33:00,2016-05-16,0.0371,17730.0,48.0,27256.0,0.0371,0.0368,0.0365,10000607,2016-05-25,2016-05-25,P,2.1,2016-03-24
19353,2016-05-16 13:34:00,2016-05-16,0.0368,0.0,0.0,27256.0,0.0368,0.0368,0.0368,10000607,2016-05-25,2016-05-25,P,2.1,2016-03-24
19354,2016-05-16 13:35:00,2016-05-16,0.037000000000000005,3700.0,10.0,27246.0,0.0368,0.037000000000000005,0.0368,10000607,2016-05-25,2016-05-25,P,2.1,2016-03-24
19355,2016-05-16 13:36:00,2016-05-16,0.0375,26551.0,71.0,27245.0,0.037000000000000005,0.0375,0.037000000000000005,10000607,2016-05-25,2016-05-25,P,2.1,2016-03-24
19356,2016-05-16 13:37:00,2016-05-16,0.0375,375.0,1.0,27245.0,0.0375,0.0375,0.0375,10000607,2016-05-25,2016-05-25,P,2.1,2016-03-24
19357,2016-05-16 13:38:00,2016-05-16,0.0376,54100.0,146.0,27200.0,0.0376,0.0365,0.0364,10000607,2016-05-25,2016-05-25,P,2.1,2016-03-24
19358,2016-05-16 13:39:00,2016-05-16,0.0374,59047.0,161.0,27173.0,0.0365,0.0367,0.0364,10000607,2016-05-25,2016-05-25,P,2.1,2016-03-24
19359,2016-05-16 13:40:00,2016-05-16,0.0372,53023.0,145.0,27171.0,0.0367,0.0371,0.0362,10000607,2016-05-25,2016-05-25,P,2.1,2016-03-24
19360,2016-05-16 13:41:00,2016-05-16,0.0371,7400.0,20.0,27191.0,0.0371,0.037000000000000005,0.037000000000000005,10000607,2016-05-25,2016-05-25,P,2.1,2016-03-24
19361,2016-05-16 13:42:00,2016-05-16,0.0371,21015.0,57.0,27201.0,0.0371,0.0368,0.0367,10000607,2016-05-25,2016-05-25,P,2.1,2016-03-24
19362,2016-05-16 13:43:00,2016-05-16,0.037000000000000005,31441.0,86.0,27208.0,0.0368,0.036000000000000004,0.036000000000000004,10000607,2016-05-25,2016-05-25,P,2.1,2016-03-24
19363,2016-05-16 13:44:00,2016-05-16,0.0361,17243.0,48.0,27214.0,0.036000000000000004,0.0355,0.0354,10000607,2016-05-25,2016-05-25,P,2.1,2016-03-24
19364,2016-05-16 13:45:00,2016-05-16,0.0358,51954.0,147.0,27150.0,0.0355,0.035,0.0347,10000607,2016-05-25,2016-05-25,P,2.1,2016-03-24
19365,2016-05-16 13:46:00,2016-05-16,0.0356,27198.0,77.0,27191.0,0.035,0.0356,0.0349,10000607,2016-05-25,2016-05-25,P,2.1,2016-03-24
19366,2016-05-16 13:47:00,2016-05-16,0.0356,8544.0,24.0,27210.0,0.0356,0.0356,0.0356,10000607,2016-05-25,2016-05-25,P,2.1,2016-03-24
19367,2016-05-16 13:48:00,2016-05-16,0.036000000000000004,7526.0,21.0,27212.0,0.0356,0.0356,0.0356,10000607,2016-05-25,2016-05-25,P,2.1,2016-03-24
19368,2016-05-16 13:49:00,2016-05-16,0.0362,17944.0,50.0,27195.0,0.0356,0.0362,0.0354,10000607,2016-05-25,2016-05-25,P,2.1,2016-03-24
19369,2016-05-16 13:50:00,2016-05-16,0.0369,8753.0,24.0,27203.0,0.0362,0.0362,0.036000000000000004,10000607,2016-05-25,2016-05-25,P,2.1,2016-03-24
19370,2016-05-16 13:51:00,2016-05-16,0.037000000000000005,4410.0,12.0,27205.0,0.0362,0.037000000000000005,0.0362,10000607,2016-05-25,2016-05-25,P,2.1,2016-03-24
19371,2016-05-16 13:52:00,2016-05-16,0.037000000000000005,5508.0,15.0,27218.0,0.037000000000000005,0.0369,0.0364,10000607,2016-05-25,2016-05-25,P,2.1,2016-03-24
19372,2016-05-16 13:53:00,2016-05-16,0.0369,6636.0,18.0,27217.0,0.0369,0.0366,0.0366,10000607,2016-05-25,2016-05-25,P,2.1,2016-03-24
19373,2016-05-16 13:54:00,2016-05-16,0.0366,3960.0,11.0,27226.0,0.0366,0.036000000000000004,0.036000000000000004,10000607,2016-05-25,2016-05-25,P,2.1,2016-03-24
19374,2016-05-16 13:55:00,2016-05-16,0.036000000000000004,66161.0,190.0,27310.0,0.036000000000000004,0.0341,0.0339,10000607,2016-05-25,2016-05-25,P,2.1,2016-03-24
19375,2016-05-16 13:56:00,2016-05-16,0.0343,25844.0,76.0,27310.0,0.0341,0.0338,0.0336,10000607,2016-05-25,2016-05-25,P,2.1,2016-03-24
19376,2016-05-16 13:57:00,2016-05-16,0.0338,28294.0,84.0,27290.0,0.0338,0.0338,0.0335,10000607,2016-05-25,2016-05-25,P,2.1,2016-03-24
19377,2016-05-16 13:58:00,2016-05-16,0.0349,32255.0,94.0,27295.0,0.0338,0.0349,0.0337,10000607,2016-05-25,2016-05-25,P,2.1,2016-03-24
19378,2016-05-16 13:59:00,2016-05-16,0.0349,16291.0,47.0,27282.0,0.0349,0.0347,0.0344,10000607,2016-05-25,2016-05-25,P,2.1,2016-03-24
19379,2016-05-16 14:00:00,2016-05-16,0.0352,18557.0,53.0,27287.0,0.0347,0.0352,0.0347,10000607,2016-05-25,2016-05-25,P,2.1,2016-03-24
19380,2016-05-16 14:01:00,2016-05-16,0.0352,25826.0,74.0,27318.0,0.0352,0.0339,0.0339,10000607,2016-05-25,2016-05-25,P,2.1,2016-03-24
19381,2016-05-16 14:02:00,2016-05-16,0.0354,11611.0,33.0,27299.0,0.0339,0.0352,0.0339,10000607,2016-05-25,2016-05-25,P,2.1,2016-03-24
19382,2016-05-16 14:03:00,2016-05-16,0.0356,5675.0,16.0,27289.0,0.0352,0.0352,0.0352,10000607,2016-05-25,2016-05-25,P,2.1,2016-03-24
19383,2016-05-16 14:04:00,2016-05-16,0.0358,9236.0,26.0,27267.0,0.0352,0.0358,0.0352,10000607,2016-05-25,2016-05-25,P,2.1,2016-03-24
19384,2016-05-16 14:05:00,2016-05-16,0.0365,29614.0,82.0,27259.0,0.0359,0.0361,0.0359,10000607,2016-05-25,2016-05-25,P,2.1,2016-03-24
19385,2016-05-16 14:06:00,2016-05-16,0.0366,4728.0,13.0,27256.0,0.0361,0.0366,0.0361,10000607,2016-05-25,2016-05-25,P,2.1,2016-03-24
19386,2016-05-16 14:07:00,2016-05-16,0.0366,17318.0,48.0,27268.0,0.0366,0.0359,0.0359,10000607,2016-05-25,2016-05-25,P,2.1,2016-03-24
19387,2016-05-16 14:08:00,2016-05-16,0.0361,31298.0,87.0,27241.0,0.0359,0.036000000000000004,0.0358,10000607,2016-05-25,2016-05-25,P,2.1,2016-03-24
19388,2016-05-16 14:09:00,2016-05-16,0.0365,2896.0,8.0,27239.0,0.036000000000000004,0.0361,0.036000000000000004,10000607,2016-05-25,2016-05-25,P,2.1,2016-03-24
19389,2016-05-16 14:10:00,2016-05-16,0.0365,18791.0,52.0,27238.0,0.0361,0.036000000000000004,0.036000000000000004,10000607,2016-05-25,2016-05-25,P,2.1,2016-03-24
19390,2016-05-16 14:11:00,2016-05-16,0.0364,8690.0,24.0,27226.0,0.036000000000000004,0.0364,0.036000000000000004,10000607,2016-05-25,2016-05-25,P,2.1,2016-03-24
19391,2016-05-16 14:12:00,2016-05-16,0.0364,13618.0,38.0,27252.0,0.0362,0.0354,0.0352,10000607,2016-05-25,2016-05-25,P,2.1,2016-03-24
19392,2016-05-16 14:13:00,2016-05-16,0.036000000000000004,3906.0,11.0,27260.0,0.0354,0.036000000000000004,0.0354,10000607,2016-05-25,2016-05-25,P,2.1,2016-03-24
19393,2016-05-16 14:14:00,2016-05-16,0.036000000000000004,7560.0,21.0,27266.0,0.036000000000000004,0.036000000000000004,0.036000000000000004,10000607,2016-05-25,2016-05-25,P,2.1,2016-03-24
19394,2016-05-16 14:15:00,2016-05-16,0.0376,49211.0,134.0,27226.0,0.036000000000000004,0.0376,0.036000000000000004,10000607,2016-05-25,2016-05-25,P,2.1,2016-03-24
19395,2016-05-16 14:16:00,2016-05-16,0.0398,120388.0,309.0,27115.0,0.0376,0.0395,0.0376,10000607,2016-05-25,2016-05-25,P,2.1,2016-03-24
19396,2016-05-16 14:17:00,2016-05-16,0.0398,47378.0,121.0,27108.0,0.0395,0.0385,0.038,10000607,2016-05-25,2016-05-25,P,2.1,2016-03-24
19397,2016-05-16 14:18:00,2016-05-16,0.0389,52230.0,136.0,27122.0,0.0385,0.0383,0.0381,10000607,2016-05-25,2016-05-25,P,2.1,2016-03-24
19398,2016-05-16 14:19:00,2016-05-16,0.0385,33789.0,88.0,27127.0,0.0383,0.0383,0.0383,10000607,2016-05-25,2016-05-25,P,2.1,2016-03-24
19399,2016-05-16 14:20:00,2016-05-16,0.0385,20371.0,53.0,27126.0,0.0384,0.0383,0.0383,10000607,2016-05-25,2016-05-25,P,2.1,2016-03-24
19400,2016-05-16 14:21:00,2016-05-16,0.0389,34239.0,89.0,27120.0,0.0383,0.0388,0.038,10000607,2016-05-25,2016-05-25,P,2.1,2016-03-24
19401,2016-05-16 14:22:00,2016-05-16,0.0393,64716.0,166.0,27140.0,0.0388,0.0389,0.0388,10000607,2016-05-25,2016-05-25,P,2.1,2016-03-24
19402,2016-05-16 14:23:00,2016-05-16,0.0394,53488.0,137.0,27145.0,0.0389,0.039,0.0389,10000607,2016-05-25,2016-05-25,P,2.1,2016-03-24
19403,2016-05-16 14:24:00,2016-05-16,0.039,33586.0,87.0,27184.0,0.0389,0.038,0.038,10000607,2016-05-25,2016-05-25,P,2.1,2016-03-24
19404,2016-05-16 14:25:00,2016-05-16,0.0383,19461.0,51.0,27193.0,0.038,0.0383,0.038,10000607,2016-05-25,2016-05-25,P,2.1,2016-03-24
19405,2016-05-16 14:26:00,2016-05-16,0.0384,24127.0,63.0,27220.0,0.0383,0.0384,0.0382,10000607,2016-05-25,2016-05-25,P,2.1,2016-03-24
19406,2016-05-16 14:27:00,2016-05-16,0.0387,18861.0,49.0,27216.0,0.0384,0.0385,0.0384,10000607,2016-05-25,2016-05-25,P,2.1,2016-03-24
19407,2016-05-16 14:28:00,2016-05-16,0.0387,15406.0,40.0,27222.0,0.0385,0.0387,0.0384,10000607,2016-05-25,2016-05-25,P,2.1,2016-03-24
19408,2016-05-16 14:29:00,2016-05-16,0.039,57772.0,150.0,27200.0,0.0387,0.0381,0.0376,10000607,2016-05-25,2016-05-25,P,2.1,2016-03-24
19409,2016-05-16 14:30:00,2016-05-16,0.0381,40274.0,107.0,27196.0,0.0381,0.0371,0.0371,10000607,2016-05-25,2016-05-25,P,2.1,2016-03-24
19410,2016-05-16 14:31:00,2016-05-16,0.037000000000000005,49657.0,135.0,27181.0,0.0367,0.0366,0.0365,10000607,2016-05-25,2016-05-25,P,2.1,2016-03-24
19411,2016-05-16 14:32:00,2016-05-16,0.037000000000000005,28391.0,78.0,27171.0,0.0366,0.0364,0.0363,10000607,2016-05-25,2016-05-25,P,2.1,2016-03-24
19412,2016-05-16 14:33:00,2016-05-16,0.0365,58370.0,163.0,27129.0,0.0364,0.0354,0.0354,10000607,2016-05-25,2016-05-25,P,2.1,2016-03-24
19413,2016-05-16 14:34:00,2016-05-16,0.036000000000000004,46855.0,132.0,27072.0,0.0355,0.0355,0.0351,10000607,2016-05-25,2016-05-25,P,2.1,2016-03-24
19414,2016-05-16 14:35:00,2016-05-16,0.036000000000000004,18618.0,52.0,27047.0,0.0355,0.0356,0.0355,10000607,2016-05-25,2016-05-25,P,2.1,2016-03-24
19415,2016-05-16 14:36:00,2016-05-16,0.0358,28863.0,81.0,27018.0,0.0358,0.0352,0.0352,10000607,2016-05-25,2016-05-25,P,2.1,2016-03-24
19416,2016-05-16 14:37:00,2016-05-16,0.0352,52676.0,154.0,27132.0,0.0352,0.0338,0.0338,10000607,2016-05-25,2016-05-25,P,2.1,2016-03-24
19417,2016-05-16 14:38:00,2016-05-16,0.0346,103284.0,305.0,27018.0,0.0338,0.0337,0.0333,10000607,2016-05-25,2016-05-25,P,2.1,2016-03-24
19418,2016-05-16 14:39:00,2016-05-16,0.035,37246.0,108.0,26974.0,0.0337,0.0348,0.0337,10000607,2016-05-25,2016-05-25,P,2.1,2016-03-24
19419,2016-05-16 14:40:00,2016-05-16,0.0348,35005.0,101.0,26922.0,0.0348,0.0348,0.0342,10000607,2016-05-25,2016-05-25,P,2.1,2016-03-24
19420,2016-05-16 14:41:00,2016-05-16,0.0348,32451.0,94.0,26925.0,0.0347,0.0342,0.0342,10000607,2016-05-25,2016-05-25,P,2.1,2016-03-24
19421,2016-05-16 14:42:00,2016-05-16,0.035,39694.0,114.0,26935.0,0.0342,0.0349,0.0342,10000607,2016-05-25,2016-05-25,P,2.1,2016-03-24
19422,2016-05-16 14:43:00,2016-05-16,0.035,22728.0,65.0,26922.0,0.0349,0.035,0.0347,10000607,2016-05-25,2016-05-25,P,2.1,2016-03-24
19423,2016-05-16 14:44:00,2016-05-16,0.0355,18660.0,53.0,26913.0,0.035,0.0355,0.035,10000607,2016-05-25,2016-05-25,P,2.1,2016-03-24
19424,2016-05-16 14:45:00,2016-05-16,0.0356,41748.0,119.0,26933.0,0.0355,0.0343,0.0343,10000607,2016-05-25,2016-05-25,P,2.1,2016-03-24
19425,2016-05-16 14:46:00,2016-05-16,0.035,27988.0,81.0,26899.0,0.0342,0.035,0.0342,10000607,2016-05-25,2016-05-25,P,2.1,2016-03-24
19426,2016-05-16 14:47:00,2016-05-16,0.0352,12266.0,35.0,26897.0,0.035,0.0351,0.0347,10000607,2016-05-25,2016-05-25,P,2.1,2016-03-24
19427,2016-05-16 14:48:00,2016-05-16,0.0356,18604.0,53.0,26924.0,0.0351,0.0346,0.0346,10000607,2016-05-25,2016-05-25,P,2.1,2016-03-24
19428,2016-05-16 14:49:00,2016-05-16,0.0352,44087.0,128.0,26904.0,0.0346,0.0344,0.0339,10000607,2016-05-25,2016-05-25,P,2.1,2016-03-24
19429,2016-05-16 14:50:00,2016-05-16,0.0344,73770.0,217.0,26990.0,0.0344,0.034,0.0338,10000607,2016-05-25,2016-05-25,P,2.1,2016-03-24
19430,2016-05-16 14:51:00,2016-05-16,0.0346,30974.0,91.0,26992.0,0.034,0.0338,0.0338,10000607,2016-05-25,2016-05-25,P,2.1,2016-03-24
19431,2016-05-16 14:52:00,2016-05-16,0.0339,7742.0,23.0,27007.0,0.0338,0.0339,0.0335,10000607,2016-05-25,2016-05-25,P,2.1,2016-03-24
19432,2016-05-16 14:53:00,2016-05-16,0.0345,21979.0,64.0,27023.0,0.0339,0.0345,0.0339,10000607,2016-05-25,2016-05-25,P,2.1,2016-03-24
19433,2016-05-16 14:54:00,2016-05-16,0.0345,9149.0,27.0,27018.0,0.0345,0.0339,0.0336,10000607,2016-05-25,2016-05-25,P,2.1,2016-03-24
19434,2016-05-16 14:55:00,2016-05-16,0.0344,39701.0,116.0,26967.0,0.0339,0.0344,0.0339,10000607,2016-05-25,2016-05-25,P,2.1,2016-03-24
19435,2016-05-16 14:56:00,2016-05-16,0.0346,40403.0,118.0,26907.0,0.0344,0.0341,0.034,10000607,2016-05-25,2016-05-25,P,2.1,2016-03-24
19436,2016-05-16 14:57:00,2016-05-16,0.0344,11992.0,35.0,26896.0,0.0341,0.0341,0.0341,10000607,2016-05-25,2016-05-25,P,2.1,2016-03-24
19437,2016-05-16 14:58:00,2016-05-16,0.0341,0.0,0.0,26896.0,0.0341,0.0341,0.0341,10000607,2016-05-25,2016-05-25,P,2.1,2016-03-24
19438,2016-05-16 14:59:00,2016-05-16,0.0341,0.0,0.0,26896.0,0.0341,0.0341,0.0341,10000607,2016-05-25,2016-05-25,P,2.1,2016-03-24
19439,2016-05-16 15:00:00,2016-05-16,0.0341,0.0,0.0,26896.0,0.0341,0.0341,0.0341,10000607,2016-05-25,2016-05-25,P,2.1,2016-03-24
19440,2016-05-16 09:31:00,2016-05-16,0.0376,376.0,1.0,8845.0,0.0376,0.0376,0.0371,10000561,2016-09-28,2016-09-28,P,1.9,2016-01-28
19441,2016-05-16 09:32:00,2016-05-16,0.0376,0.0,0.0,8845.0,0.0376,0.0376,0.0376,10000561,2016-09-28,2016-09-28,P,1.9,2016-01-28
19442,2016-05-16 09:33:00,2016-05-16,0.0376,0.0,0.0,8845.0,0.0376,0.0376,0.0376,10000561,2016-09-28,2016-09-28,P,1.9,2016-01-28
19443,2016-05-16 09:34:00,2016-05-16,0.0376,0.0,0.0,8845.0,0.0376,0.0376,0.0376,10000561,2016-09-28,2016-09-28,P,1.9,2016-01-28
19444,2016-05-16 09:35:00,2016-05-16,0.0376,0.0,0.0,8845.0,0.0376,0.0376,0.0376,10000561,2016-09-28,2016-09-28,P,1.9,2016-01-28
19445,2016-05-16 09:36:00,2016-05-16,0.0376,0.0,0.0,8845.0,0.0376,0.0376,0.0376,10000561,2016-09-28,2016-09-28,P,1.9,2016-01-28
19446,2016-05-16 09:37:00,2016-05-16,0.0376,0.0,0.0,8845.0,0.0376,0.0376,0.0376,10000561,2016-09-28,2016-09-28,P,1.9,2016-01-28
19447,2016-05-16 09:38:00,2016-05-16,0.0376,0.0,0.0,8845.0,0.0376,0.0376,0.0376,10000561,2016-09-28,2016-09-28,P,1.9,2016-01-28
19448,2016-05-16 09:39:00,2016-05-16,0.0376,0.0,0.0,8845.0,0.0376,0.0376,0.0376,10000561,2016-09-28,2016-09-28,P,1.9,2016-01-28
19449,2016-05-16 09:40:00,2016-05-16,0.0376,0.0,0.0,8845.0,0.0376,0.0376,0.0376,10000561,2016-09-28,2016-09-28,P,1.9,2016-01-28
19450,2016-05-16 09:41:00,2016-05-16,0.0376,0.0,0.0,8845.0,0.0376,0.0376,0.0376,10000561,2016-09-28,2016-09-28,P,1.9,2016-01-28
19451,2016-05-16 09:42:00,2016-05-16,0.0376,0.0,0.0,8845.0,0.0376,0.0376,0.0376,10000561,2016-09-28,2016-09-28,P,1.9,2016-01-28
19452,2016-05-16 09:43:00,2016-05-16,0.0376,0.0,0.0,8845.0,0.0376,0.0376,0.0376,10000561,2016-09-28,2016-09-28,P,1.9,2016-01-28
19453,2016-05-16 09:44:00,2016-05-16,0.0376,0.0,0.0,8845.0,0.0376,0.0376,0.0376,10000561,2016-09-28,2016-09-28,P,1.9,2016-01-28
19454,2016-05-16 09:45:00,2016-05-16,0.0376,0.0,0.0,8845.0,0.0376,0.0376,0.0376,10000561,2016-09-28,2016-09-28,P,1.9,2016-01-28
19455,2016-05-16 09:46:00,2016-05-16,0.0376,0.0,0.0,8845.0,0.0376,0.0376,0.0376,10000561,2016-09-28,2016-09-28,P,1.9,2016-01-28
19456,2016-05-16 09:47:00,2016-05-16,0.0381,381.0,1.0,8846.0,0.0376,0.0381,0.0376,10000561,2016-09-28,2016-09-28,P,1.9,2016-01-28
19457,2016-05-16 09:48:00,2016-05-16,0.0381,0.0,0.0,8846.0,0.0381,0.0381,0.0381,10000561,2016-09-28,2016-09-28,P,1.9,2016-01-28
19458,2016-05-16 09:49:00,2016-05-16,0.0381,0.0,0.0,8846.0,0.0381,0.0381,0.0381,10000561,2016-09-28,2016-09-28,P,1.9,2016-01-28
19459,2016-05-16 09:50:00,2016-05-16,0.0385,1534.0,4.0,8850.0,0.0381,0.0382,0.0381,10000561,2016-09-28,2016-09-28,P,1.9,2016-01-28
19460,2016-05-16 09:51:00,2016-05-16,0.0388,2328.0,6.0,8856.0,0.0382,0.0388,0.0382,10000561,2016-09-28,2016-09-28,P,1.9,2016-01-28
19461,2016-05-16 09:52:00,2016-05-16,0.0388,9312.0,24.0,8875.0,0.0388,0.0388,0.0388,10000561,2016-09-28,2016-09-28,P,1.9,2016-01-28
19462,2016-05-16 09:53:00,2016-05-16,0.0391,27974.0,72.0,8943.0,0.0388,0.0391,0.0388,10000561,2016-09-28,2016-09-28,P,1.9,2016-01-28
19463,2016-05-16 09:54:00,2016-05-16,0.0391,0.0,0.0,8943.0,0.0391,0.0391,0.0391,10000561,2016-09-28,2016-09-28,P,1.9,2016-01-28
19464,2016-05-16 09:55:00,2016-05-16,0.0391,0.0,0.0,8943.0,0.0391,0.0391,0.0391,10000561,2016-09-28,2016-09-28,P,1.9,2016-01-28
19465,2016-05-16 09:56:00,2016-05-16,0.0391,0.0,0.0,8943.0,0.0391,0.0391,0.0391,10000561,2016-09-28,2016-09-28,P,1.9,2016-01-28
19466,2016-05-16 09:57:00,2016-05-16,0.0391,0.0,0.0,8943.0,0.0391,0.0391,0.0391,10000561,2016-09-28,2016-09-28,P,1.9,2016-01-28
19467,2016-05-16 09:58:00,2016-05-16,0.0391,0.0,0.0,8943.0,0.0391,0.0391,0.0391,10000561,2016-09-28,2016-09-28,P,1.9,2016-01-28
19468,2016-05-16 09:59:00,2016-05-16,0.0391,0.0,0.0,8943.0,0.0391,0.0391,0.0391,10000561,2016-09-28,2016-09-28,P,1.9,2016-01-28
19469,2016-05-16 10:00:00,2016-05-16,0.0391,0.0,0.0,8943.0,0.0391,0.0391,0.0391,10000561,2016-09-28,2016-09-28,P,1.9,2016-01-28
19470,2016-05-16 10:01:00,2016-05-16,0.0408,2856.0,7.0,8950.0,0.0391,0.0408,0.0391,10000561,2016-09-28,2016-09-28,P,1.9,2016-01-28
19471,2016-05-16 10:02:00,2016-05-16,0.0416,416.0,1.0,8951.0,0.0408,0.0416,0.0408,10000561,2016-09-28,2016-09-28,P,1.9,2016-01-28
19472,2016-05-16 10:03:00,2016-05-16,0.0416,0.0,0.0,8951.0,0.0416,0.0416,0.0416,10000561,2016-09-28,2016-09-28,P,1.9,2016-01-28
19473,2016-05-16 10:04:00,2016-05-16,0.0416,0.0,0.0,8951.0,0.0416,0.0416,0.0416,10000561,2016-09-28,2016-09-28,P,1.9,2016-01-28
19474,2016-05-16 10:05:00,2016-05-16,0.0416,0.0,0.0,8951.0,0.0416,0.0416,0.0416,10000561,2016-09-28,2016-09-28,P,1.9,2016-01-28
19475,2016-05-16 10:06:00,2016-05-16,0.0416,0.0,0.0,8951.0,0.0416,0.0416,0.0416,10000561,2016-09-28,2016-09-28,P,1.9,2016-01-28
19476,2016-05-16 10:07:00,2016-05-16,0.0416,0.0,0.0,8951.0,0.0416,0.0416,0.0416,10000561,2016-09-28,2016-09-28,P,1.9,2016-01-28
19477,2016-05-16 10:08:00,2016-05-16,0.0416,0.0,0.0,8951.0,0.0416,0.0416,0.0416,10000561,2016-09-28,2016-09-28,P,1.9,2016-01-28
19478,2016-05-16 10:09:00,2016-05-16,0.0416,0.0,0.0,8951.0,0.0416,0.0416,0.0416,10000561,2016-09-28,2016-09-28,P,1.9,2016-01-28
19479,2016-05-16 10:10:00,2016-05-16,0.0416,0.0,0.0,8951.0,0.0416,0.0416,0.0416,10000561,2016-09-28,2016-09-28,P,1.9,2016-01-28
19480,2016-05-16 10:11:00,2016-05-16,0.0416,0.0,0.0,8951.0,0.0416,0.0416,0.0416,10000561,2016-09-28,2016-09-28,P,1.9,2016-01-28
19481,2016-05-16 10:12:00,2016-05-16,0.0416,0.0,0.0,8951.0,0.0416,0.0416,0.0416,10000561,2016-09-28,2016-09-28,P,1.9,2016-01-28
19482,2016-05-16 10:13:00,2016-05-16,0.0416,0.0,0.0,8951.0,0.0416,0.0416,0.0416,10000561,2016-09-28,2016-09-28,P,1.9,2016-01-28
19483,2016-05-16 10:14:00,2016-05-16,0.0416,0.0,0.0,8951.0,0.0416,0.0416,0.0416,10000561,2016-09-28,2016-09-28,P,1.9,2016-01-28
19484,2016-05-16 10:15:00,2016-05-16,0.0416,404.0,1.0,8952.0,0.0416,0.0404,0.0404,10000561,2016-09-28,2016-09-28,P,1.9,2016-01-28
19485,2016-05-16 10:16:00,2016-05-16,0.0404,0.0,0.0,8952.0,0.0404,0.0404,0.0404,10000561,2016-09-28,2016-09-28,P,1.9,2016-01-28
19486,2016-05-16 10:17:00,2016-05-16,0.0404,0.0,0.0,8952.0,0.0404,0.0404,0.0404,10000561,2016-09-28,2016-09-28,P,1.9,2016-01-28
19487,2016-05-16 10:18:00,2016-05-16,0.0404,0.0,0.0,8952.0,0.0404,0.0404,0.0404,10000561,2016-09-28,2016-09-28,P,1.9,2016-01-28
19488,2016-05-16 10:19:00,2016-05-16,0.0404,0.0,0.0,8952.0,0.0404,0.0404,0.0404,10000561,2016-09-28,2016-09-28,P,1.9,2016-01-28
19489,2016-05-16 10:20:00,2016-05-16,0.0404,2010.0,5.0,8957.0,0.0404,0.0402,0.0402,10000561,2016-09-28,2016-09-28,P,1.9,2016-01-28
19490,2016-05-16 10:21:00,2016-05-16,0.0402,0.0,0.0,8957.0,0.0402,0.0402,0.0402,10000561,2016-09-28,2016-09-28,P,1.9,2016-01-28
19491,2016-05-16 10:22:00,2016-05-16,0.0402,0.0,0.0,8957.0,0.0402,0.0402,0.0402,10000561,2016-09-28,2016-09-28,P,1.9,2016-01-28
19492,2016-05-16 10:23:00,2016-05-16,0.0402,0.0,0.0,8957.0,0.0402,0.0402,0.0402,10000561,2016-09-28,2016-09-28,P,1.9,2016-01-28
19493,2016-05-16 10:24:00,2016-05-16,0.0402,0.0,0.0,8957.0,0.0402,0.0402,0.0402,10000561,2016-09-28,2016-09-28,P,1.9,2016-01-28
19494,2016-05-16 10:25:00,2016-05-16,0.0403,1209.0,3.0,8960.0,0.0402,0.0403,0.0402,10000561,2016-09-28,2016-09-28,P,1.9,2016-01-28
19495,2016-05-16 10:26:00,2016-05-16,0.0403,2000.0,5.0,8965.0,0.0403,0.04,0.04,10000561,2016-09-28,2016-09-28,P,1.9,2016-01-28
19496,2016-05-16 10:27:00,2016-05-16,0.04,0.0,0.0,8965.0,0.04,0.04,0.04,10000561,2016-09-28,2016-09-28,P,1.9,2016-01-28
19497,2016-05-16 10:28:00,2016-05-16,0.04,794.0,2.0,8967.0,0.04,0.0397,0.0397,10000561,2016-09-28,2016-09-28,P,1.9,2016-01-28
19498,2016-05-16 10:29:00,2016-05-16,0.0397,0.0,0.0,8967.0,0.0397,0.0397,0.0397,10000561,2016-09-28,2016-09-28,P,1.9,2016-01-28
19499,2016-05-16 10:30:00,2016-05-16,0.0397,0.0,0.0,8967.0,0.0397,0.0397,0.0397,10000561,2016-09-28,2016-09-28,P,1.9,2016-01-28
19500,2016-05-16 10:31:00,2016-05-16,0.0397,0.0,0.0,8967.0,0.0397,0.0397,0.0397,10000561,2016-09-28,2016-09-28,P,1.9,2016-01-28
19501,2016-05-16 10:32:00,2016-05-16,0.0397,0.0,0.0,8967.0,0.0397,0.0397,0.0397,10000561,2016-09-28,2016-09-28,P,1.9,2016-01-28
19502,2016-05-16 10:33:00,2016-05-16,0.0397,0.0,0.0,8967.0,0.0397,0.0397,0.0397,10000561,2016-09-28,2016-09-28,P,1.9,2016-01-28
19503,2016-05-16 10:34:00,2016-05-16,0.0397,0.0,0.0,8967.0,0.0397,0.0397,0.0397,10000561,2016-09-28,2016-09-28,P,1.9,2016-01-28
19504,2016-05-16 10:35:00,2016-05-16,0.0399,4389.0,11.0,8969.0,0.0397,0.0399,0.0397,10000561,2016-09-28,2016-09-28,P,1.9,2016-01-28
19505,2016-05-16 10:36:00,2016-05-16,0.0399,0.0,0.0,8969.0,0.0399,0.0399,0.0399,10000561,2016-09-28,2016-09-28,P,1.9,2016-01-28
19506,2016-05-16 10:37:00,2016-05-16,0.0399,0.0,0.0,8969.0,0.0399,0.0399,0.0399,10000561,2016-09-28,2016-09-28,P,1.9,2016-01-28
19507,2016-05-16 10:38:00,2016-05-16,0.0399,0.0,0.0,8969.0,0.0399,0.0399,0.0399,10000561,2016-09-28,2016-09-28,P,1.9,2016-01-28
19508,2016-05-16 10:39:00,2016-05-16,0.0399,0.0,0.0,8969.0,0.0399,0.0399,0.0399,10000561,2016-09-28,2016-09-28,P,1.9,2016-01-28
19509,2016-05-16 10:40:00,2016-05-16,0.0399,0.0,0.0,8969.0,0.0399,0.0399,0.0399,10000561,2016-09-28,2016-09-28,P,1.9,2016-01-28
19510,2016-05-16 10:41:00,2016-05-16,0.0399,0.0,0.0,8969.0,0.0399,0.0399,0.0399,10000561,2016-09-28,2016-09-28,P,1.9,2016-01-28
19511,2016-05-16 10:42:00,2016-05-16,0.0399,0.0,0.0,8969.0,0.0399,0.0399,0.0399,10000561,2016-09-28,2016-09-28,P,1.9,2016-01-28
19512,2016-05-16 10:43:00,2016-05-16,0.0399,0.0,0.0,8969.0,0.0399,0.0399,0.0399,10000561,2016-09-28,2016-09-28,P,1.9,2016-01-28
19513,2016-05-16 10:44:00,2016-05-16,0.0399,0.0,0.0,8969.0,0.0399,0.0399,0.0399,10000561,2016-09-28,2016-09-28,P,1.9,2016-01-28
19514,2016-05-16 10:45:00,2016-05-16,0.0399,0.0,0.0,8969.0,0.0399,0.0399,0.0399,10000561,2016-09-28,2016-09-28,P,1.9,2016-01-28
19515,2016-05-16 10:46:00,2016-05-16,0.0403,23372.0,58.0,9027.0,0.0399,0.0403,0.0399,10000561,2016-09-28,2016-09-28,P,1.9,2016-01-28
19516,2016-05-16 10:47:00,2016-05-16,0.0403,0.0,0.0,9027.0,0.0403,0.0403,0.0403,10000561,2016-09-28,2016-09-28,P,1.9,2016-01-28
19517,2016-05-16 10:48:00,2016-05-16,0.0403,4000.0,10.0,9027.0,0.0403,0.04,0.04,10000561,2016-09-28,2016-09-28,P,1.9,2016-01-28
19518,2016-05-16 10:49:00,2016-05-16,0.04,0.0,0.0,9027.0,0.04,0.04,0.04,10000561,2016-09-28,2016-09-28,P,1.9,2016-01-28
19519,2016-05-16 10:50:00,2016-05-16,0.04,395.0,1.0,9027.0,0.04,0.0395,0.0395,10000561,2016-09-28,2016-09-28,P,1.9,2016-01-28
19520,2016-05-16 10:51:00,2016-05-16,0.0395,394.0,1.0,9027.0,0.0395,0.0394,0.0394,10000561,2016-09-28,2016-09-28,P,1.9,2016-01-28
19521,2016-05-16 10:52:00,2016-05-16,0.0394,391.0,1.0,9027.0,0.0394,0.0391,0.0391,10000561,2016-09-28,2016-09-28,P,1.9,2016-01-28
19522,2016-05-16 10:53:00,2016-05-16,0.0391,0.0,0.0,9027.0,0.0391,0.0391,0.0391,10000561,2016-09-28,2016-09-28,P,1.9,2016-01-28
19523,2016-05-16 10:54:00,2016-05-16,0.0391,0.0,0.0,9027.0,0.0391,0.0391,0.0391,10000561,2016-09-28,2016-09-28,P,1.9,2016-01-28
19524,2016-05-16 10:55:00,2016-05-16,0.0391,0.0,0.0,9027.0,0.0391,0.0391,0.0391,10000561,2016-09-28,2016-09-28,P,1.9,2016-01-28
19525,2016-05-16 10:56:00,2016-05-16,0.0388,3880.0,10.0,9027.0,0.0388,0.0388,0.0388,10000561,2016-09-28,2016-09-28,P,1.9,2016-01-28
19526,2016-05-16 10:57:00,2016-05-16,0.0388,3870.0,10.0,9032.0,0.0388,0.0387,0.0387,10000561,2016-09-28,2016-09-28,P,1.9,2016-01-28
19527,2016-05-16 10:58:00,2016-05-16,0.0387,0.0,0.0,9032.0,0.0387,0.0387,0.0387,10000561,2016-09-28,2016-09-28,P,1.9,2016-01-28
19528,2016-05-16 10:59:00,2016-05-16,0.0387,4171.0,11.0,9032.0,0.0387,0.0376,0.0376,10000561,2016-09-28,2016-09-28,P,1.9,2016-01-28
19529,2016-05-16 11:00:00,2016-05-16,0.0376,0.0,0.0,9032.0,0.0376,0.0376,0.0376,10000561,2016-09-28,2016-09-28,P,1.9,2016-01-28
19530,2016-05-16 11:01:00,2016-05-16,0.0376,1128.0,3.0,9032.0,0.0376,0.0376,0.0376,10000561,2016-09-28,2016-09-28,P,1.9,2016-01-28
19531,2016-05-16 11:02:00,2016-05-16,0.0376,752.0,2.0,9034.0,0.0376,0.0376,0.0376,10000561,2016-09-28,2016-09-28,P,1.9,2016-01-28
19532,2016-05-16 11:03:00,2016-05-16,0.0376,0.0,0.0,9034.0,0.0376,0.0376,0.0376,10000561,2016-09-28,2016-09-28,P,1.9,2016-01-28
19533,2016-05-16 11:04:00,2016-05-16,0.0376,3730.0,10.0,9033.0,0.0376,0.0373,0.0373,10000561,2016-09-28,2016-09-28,P,1.9,2016-01-28
19534,2016-05-16 11:05:00,2016-05-16,0.0373,0.0,0.0,9033.0,0.0373,0.0373,0.0373,10000561,2016-09-28,2016-09-28,P,1.9,2016-01-28
19535,2016-05-16 11:06:00,2016-05-16,0.0373,0.0,0.0,9033.0,0.0373,0.0373,0.0373,10000561,2016-09-28,2016-09-28,P,1.9,2016-01-28
19536,2016-05-16 11:07:00,2016-05-16,0.0373,0.0,0.0,9033.0,0.0373,0.0373,0.0373,10000561,2016-09-28,2016-09-28,P,1.9,2016-01-28
19537,2016-05-16 11:08:00,2016-05-16,0.0373,0.0,0.0,9033.0,0.0373,0.0373,0.0373,10000561,2016-09-28,2016-09-28,P,1.9,2016-01-28
19538,2016-05-16 11:09:00,2016-05-16,0.0373,0.0,0.0,9033.0,0.0373,0.0373,0.0373,10000561,2016-09-28,2016-09-28,P,1.9,2016-01-28
19539,2016-05-16 11:10:00,2016-05-16,0.0373,0.0,0.0,9033.0,0.0373,0.0373,0.0373,10000561,2016-09-28,2016-09-28,P,1.9,2016-01-28
19540,2016-05-16 11:11:00,2016-05-16,0.0373,3730.0,10.0,9033.0,0.0373,0.0373,0.0373,10000561,2016-09-28,2016-09-28,P,1.9,2016-01-28
19541,2016-05-16 11:12:00,2016-05-16,0.0373,4082.0,11.0,9034.0,0.0373,0.0372,0.0371,10000561,2016-09-28,2016-09-28,P,1.9,2016-01-28
19542,2016-05-16 11:13:00,2016-05-16,0.0372,0.0,0.0,9034.0,0.0372,0.0372,0.0372,10000561,2016-09-28,2016-09-28,P,1.9,2016-01-28
19543,2016-05-16 11:14:00,2016-05-16,0.0372,0.0,0.0,9034.0,0.0372,0.0372,0.0372,10000561,2016-09-28,2016-09-28,P,1.9,2016-01-28
19544,2016-05-16 11:15:00,2016-05-16,0.0372,0.0,0.0,9034.0,0.0372,0.0372,0.0372,10000561,2016-09-28,2016-09-28,P,1.9,2016-01-28
19545,2016-05-16 11:16:00,2016-05-16,0.0372,0.0,0.0,9034.0,0.0372,0.0372,0.0372,10000561,2016-09-28,2016-09-28,P,1.9,2016-01-28
19546,2016-05-16 11:17:00,2016-05-16,0.0372,0.0,0.0,9034.0,0.0372,0.0372,0.0372,10000561,2016-09-28,2016-09-28,P,1.9,2016-01-28
19547,2016-05-16 11:18:00,2016-05-16,0.0372,0.0,0.0,9034.0,0.0372,0.0372,0.0372,10000561,2016-09-28,2016-09-28,P,1.9,2016-01-28
19548,2016-05-16 11:19:00,2016-05-16,0.0372,0.0,0.0,9034.0,0.0372,0.0372,0.0372,10000561,2016-09-28,2016-09-28,P,1.9,2016-01-28
19549,2016-05-16 11:20:00,2016-05-16,0.0372,0.0,0.0,9034.0,0.0372,0.0372,0.0372,10000561,2016-09-28,2016-09-28,P,1.9,2016-01-28
19550,2016-05-16 11:21:00,2016-05-16,0.0372,0.0,0.0,9034.0,0.0372,0.0372,0.0372,10000561,2016-09-28,2016-09-28,P,1.9,2016-01-28
19551,2016-05-16 11:22:00,2016-05-16,0.0378,755.0,2.0,9036.0,0.0372,0.0377,0.0372,10000561,2016-09-28,2016-09-28,P,1.9,2016-01-28
19552,2016-05-16 11:23:00,2016-05-16,0.0377,377.0,1.0,9037.0,0.0377,0.0377,0.0377,10000561,2016-09-28,2016-09-28,P,1.9,2016-01-28
19553,2016-05-16 11:24:00,2016-05-16,0.0377,1879.0,5.0,9042.0,0.0377,0.0375,0.0375,10000561,2016-09-28,2016-09-28,P,1.9,2016-01-28
19554,2016-05-16 11:25:00,2016-05-16,0.0381,2276.0,6.0,9048.0,0.0375,0.0381,0.0375,10000561,2016-09-28,2016-09-28,P,1.9,2016-01-28
19555,2016-05-16 11:26:00,2016-05-16,0.0381,0.0,0.0,9048.0,0.0381,0.0381,0.0381,10000561,2016-09-28,2016-09-28,P,1.9,2016-01-28
19556,2016-05-16 11:27:00,2016-05-16,0.0381,0.0,0.0,9048.0,0.0381,0.0381,0.0381,10000561,2016-09-28,2016-09-28,P,1.9,2016-01-28
19557,2016-05-16 11:28:00,2016-05-16,0.0381,0.0,0.0,9048.0,0.0381,0.0381,0.0381,10000561,2016-09-28,2016-09-28,P,1.9,2016-01-28
19558,2016-05-16 11:29:00,2016-05-16,0.0381,0.0,0.0,9048.0,0.0381,0.0381,0.0381,10000561,2016-09-28,2016-09-28,P,1.9,2016-01-28
19559,2016-05-16 11:30:00,2016-05-16,0.0381,0.0,0.0,9048.0,0.0381,0.0381,0.0381,10000561,2016-09-28,2016-09-28,P,1.9,2016-01-28
19560,2016-05-16 13:01:00,2016-05-16,0.0384,1533.0,4.0,9052.0,0.0381,0.0384,0.0381,10000561,2016-09-28,2016-09-28,P,1.9,2016-01-28
19561,2016-05-16 13:02:00,2016-05-16,0.0387,3870.0,10.0,9053.0,0.0387,0.0387,0.0387,10000561,2016-09-28,2016-09-28,P,1.9,2016-01-28
19562,2016-05-16 13:03:00,2016-05-16,0.0387,0.0,0.0,9053.0,0.0387,0.0387,0.0387,10000561,2016-09-28,2016-09-28,P,1.9,2016-01-28
19563,2016-05-16 13:04:00,2016-05-16,0.0387,0.0,0.0,9053.0,0.0387,0.0387,0.0387,10000561,2016-09-28,2016-09-28,P,1.9,2016-01-28
19564,2016-05-16 13:05:00,2016-05-16,0.0387,0.0,0.0,9053.0,0.0387,0.0387,0.0387,10000561,2016-09-28,2016-09-28,P,1.9,2016-01-28
19565,2016-05-16 13:06:00,2016-05-16,0.0387,0.0,0.0,9053.0,0.0387,0.0387,0.0387,10000561,2016-09-28,2016-09-28,P,1.9,2016-01-28
19566,2016-05-16 13:07:00,2016-05-16,0.0387,0.0,0.0,9053.0,0.0387,0.0387,0.0387,10000561,2016-09-28,2016-09-28,P,1.9,2016-01-28
19567,2016-05-16 13:08:00,2016-05-16,0.0387,0.0,0.0,9053.0,0.0387,0.0387,0.0387,10000561,2016-09-28,2016-09-28,P,1.9,2016-01-28
19568,2016-05-16 13:09:00,2016-05-16,0.0387,0.0,0.0,9053.0,0.0387,0.0387,0.0387,10000561,2016-09-28,2016-09-28,P,1.9,2016-01-28
19569,2016-05-16 13:10:00,2016-05-16,0.0387,0.0,0.0,9053.0,0.0387,0.0387,0.0387,10000561,2016-09-28,2016-09-28,P,1.9,2016-01-28
19570,2016-05-16 13:11:00,2016-05-16,0.0387,0.0,0.0,9053.0,0.0387,0.0387,0.0387,10000561,2016-09-28,2016-09-28,P,1.9,2016-01-28
19571,2016-05-16 13:12:00,2016-05-16,0.0387,0.0,0.0,9053.0,0.0387,0.0387,0.0387,10000561,2016-09-28,2016-09-28,P,1.9,2016-01-28
19572,2016-05-16 13:13:00,2016-05-16,0.0387,0.0,0.0,9053.0,0.0387,0.0387,0.0387,10000561,2016-09-28,2016-09-28,P,1.9,2016-01-28
19573,2016-05-16 13:14:00,2016-05-16,0.0387,0.0,0.0,9053.0,0.0387,0.0387,0.0387,10000561,2016-09-28,2016-09-28,P,1.9,2016-01-28
19574,2016-05-16 13:15:00,2016-05-16,0.0387,0.0,0.0,9053.0,0.0387,0.0387,0.0387,10000561,2016-09-28,2016-09-28,P,1.9,2016-01-28
19575,2016-05-16 13:16:00,2016-05-16,0.0387,0.0,0.0,9053.0,0.0387,0.0387,0.0387,10000561,2016-09-28,2016-09-28,P,1.9,2016-01-28
19576,2016-05-16 13:17:00,2016-05-16,0.0387,0.0,0.0,9053.0,0.0387,0.0387,0.0387,10000561,2016-09-28,2016-09-28,P,1.9,2016-01-28
19577,2016-05-16 13:18:00,2016-05-16,0.0387,0.0,0.0,9053.0,0.0387,0.0387,0.0387,10000561,2016-09-28,2016-09-28,P,1.9,2016-01-28
19578,2016-05-16 13:19:00,2016-05-16,0.0387,0.0,0.0,9053.0,0.0387,0.0387,0.0387,10000561,2016-09-28,2016-09-28,P,1.9,2016-01-28
19579,2016-05-16 13:20:00,2016-05-16,0.0387,0.0,0.0,9053.0,0.0387,0.0387,0.0387,10000561,2016-09-28,2016-09-28,P,1.9,2016-01-28
19580,2016-05-16 13:21:00,2016-05-16,0.0387,0.0,0.0,9053.0,0.0387,0.0387,0.0387,10000561,2016-09-28,2016-09-28,P,1.9,2016-01-28
19581,2016-05-16 13:22:00,2016-05-16,0.0387,0.0,0.0,9053.0,0.0387,0.0387,0.0387,10000561,2016-09-28,2016-09-28,P,1.9,2016-01-28
19582,2016-05-16 13:23:00,2016-05-16,0.0387,0.0,0.0,9053.0,0.0387,0.0387,0.0387,10000561,2016-09-28,2016-09-28,P,1.9,2016-01-28
19583,2016-05-16 13:24:00,2016-05-16,0.0387,0.0,0.0,9053.0,0.0387,0.0387,0.0387,10000561,2016-09-28,2016-09-28,P,1.9,2016-01-28
19584,2016-05-16 13:25:00,2016-05-16,0.0387,0.0,0.0,9053.0,0.0387,0.0387,0.0387,10000561,2016-09-28,2016-09-28,P,1.9,2016-01-28
19585,2016-05-16 13:26:00,2016-05-16,0.0387,0.0,0.0,9053.0,0.0387,0.0387,0.0387,10000561,2016-09-28,2016-09-28,P,1.9,2016-01-28
19586,2016-05-16 13:27:00,2016-05-16,0.0387,1161.0,3.0,9056.0,0.0387,0.0387,0.0387,10000561,2016-09-28,2016-09-28,P,1.9,2016-01-28
19587,2016-05-16 13:28:00,2016-05-16,0.0387,774.0,2.0,9058.0,0.0387,0.0387,0.0387,10000561,2016-09-28,2016-09-28,P,1.9,2016-01-28
19588,2016-05-16 13:29:00,2016-05-16,0.0387,1548.0,4.0,9062.0,0.0387,0.0387,0.0387,10000561,2016-09-28,2016-09-28,P,1.9,2016-01-28
19589,2016-05-16 13:30:00,2016-05-16,0.0387,0.0,0.0,9062.0,0.0387,0.0387,0.0387,10000561,2016-09-28,2016-09-28,P,1.9,2016-01-28
19590,2016-05-16 13:31:00,2016-05-16,0.0387,3096.0,8.0,9070.0,0.0387,0.0387,0.0387,10000561,2016-09-28,2016-09-28,P,1.9,2016-01-28
19591,2016-05-16 13:32:00,2016-05-16,0.0387,1161.0,3.0,9073.0,0.0387,0.0387,0.0387,10000561,2016-09-28,2016-09-28,P,1.9,2016-01-28
19592,2016-05-16 13:33:00,2016-05-16,0.0389,3890.0,10.0,9073.0,0.0387,0.0389,0.0387,10000561,2016-09-28,2016-09-28,P,1.9,2016-01-28
19593,2016-05-16 13:34:00,2016-05-16,0.0389,0.0,0.0,9073.0,0.0389,0.0389,0.0389,10000561,2016-09-28,2016-09-28,P,1.9,2016-01-28
19594,2016-05-16 13:35:00,2016-05-16,0.0389,0.0,0.0,9073.0,0.0389,0.0389,0.0389,10000561,2016-09-28,2016-09-28,P,1.9,2016-01-28
19595,2016-05-16 13:36:00,2016-05-16,0.0392,3920.0,10.0,9073.0,0.0389,0.0392,0.0389,10000561,2016-09-28,2016-09-28,P,1.9,2016-01-28
19596,2016-05-16 13:37:00,2016-05-16,0.0392,0.0,0.0,9073.0,0.0392,0.0392,0.0392,10000561,2016-09-28,2016-09-28,P,1.9,2016-01-28
19597,2016-05-16 13:38:00,2016-05-16,0.0392,0.0,0.0,9073.0,0.0392,0.0392,0.0392,10000561,2016-09-28,2016-09-28,P,1.9,2016-01-28
19598,2016-05-16 13:39:00,2016-05-16,0.0392,0.0,0.0,9073.0,0.0392,0.0392,0.0392,10000561,2016-09-28,2016-09-28,P,1.9,2016-01-28
19599,2016-05-16 13:40:00,2016-05-16,0.0392,0.0,0.0,9073.0,0.0392,0.0392,0.0392,10000561,2016-09-28,2016-09-28,P,1.9,2016-01-28
19600,2016-05-16 13:41:00,2016-05-16,0.0392,0.0,0.0,9073.0,0.0392,0.0392,0.0392,10000561,2016-09-28,2016-09-28,P,1.9,2016-01-28
19601,2016-05-16 13:42:00,2016-05-16,0.0392,0.0,0.0,9073.0,0.0392,0.0392,0.0392,10000561,2016-09-28,2016-09-28,P,1.9,2016-01-28
19602,2016-05-16 13:43:00,2016-05-16,0.0392,0.0,0.0,9073.0,0.0392,0.0392,0.0392,10000561,2016-09-28,2016-09-28,P,1.9,2016-01-28
19603,2016-05-16 13:44:00,2016-05-16,0.0392,3850.0,10.0,9083.0,0.0392,0.0385,0.0385,10000561,2016-09-28,2016-09-28,P,1.9,2016-01-28
19604,2016-05-16 13:45:00,2016-05-16,0.0385,0.0,0.0,9083.0,0.0385,0.0385,0.0385,10000561,2016-09-28,2016-09-28,P,1.9,2016-01-28
19605,2016-05-16 13:46:00,2016-05-16,0.0385,0.0,0.0,9083.0,0.0385,0.0385,0.0385,10000561,2016-09-28,2016-09-28,P,1.9,2016-01-28
19606,2016-05-16 13:47:00,2016-05-16,0.0385,0.0,0.0,9083.0,0.0385,0.0385,0.0385,10000561,2016-09-28,2016-09-28,P,1.9,2016-01-28
19607,2016-05-16 13:48:00,2016-05-16,0.0385,0.0,0.0,9083.0,0.0385,0.0385,0.0385,10000561,2016-09-28,2016-09-28,P,1.9,2016-01-28
19608,2016-05-16 13:49:00,2016-05-16,0.0388,1164.0,3.0,9080.0,0.0388,0.0388,0.0388,10000561,2016-09-28,2016-09-28,P,1.9,2016-01-28
19609,2016-05-16 13:50:00,2016-05-16,0.0388,0.0,0.0,9080.0,0.0388,0.0388,0.0388,10000561,2016-09-28,2016-09-28,P,1.9,2016-01-28
19610,2016-05-16 13:51:00,2016-05-16,0.0388,0.0,0.0,9080.0,0.0388,0.0388,0.0388,10000561,2016-09-28,2016-09-28,P,1.9,2016-01-28
19611,2016-05-16 13:52:00,2016-05-16,0.0388,0.0,0.0,9080.0,0.0388,0.0388,0.0388,10000561,2016-09-28,2016-09-28,P,1.9,2016-01-28
19612,2016-05-16 13:53:00,2016-05-16,0.0388,0.0,0.0,9080.0,0.0388,0.0388,0.0388,10000561,2016-09-28,2016-09-28,P,1.9,2016-01-28
19613,2016-05-16 13:54:00,2016-05-16,0.0388,0.0,0.0,9080.0,0.0388,0.0388,0.0388,10000561,2016-09-28,2016-09-28,P,1.9,2016-01-28
19614,2016-05-16 13:55:00,2016-05-16,0.0388,0.0,0.0,9080.0,0.0388,0.0388,0.0388,10000561,2016-09-28,2016-09-28,P,1.9,2016-01-28
19615,2016-05-16 13:56:00,2016-05-16,0.0388,6445.0,17.0,9097.0,0.0388,0.038,0.0378,10000561,2016-09-28,2016-09-28,P,1.9,2016-01-28
19616,2016-05-16 13:57:00,2016-05-16,0.038,380.0,1.0,9098.0,0.038,0.038,0.038,10000561,2016-09-28,2016-09-28,P,1.9,2016-01-28
19617,2016-05-16 13:58:00,2016-05-16,0.038,380.0,1.0,9099.0,0.038,0.038,0.038,10000561,2016-09-28,2016-09-28,P,1.9,2016-01-28
19618,2016-05-16 13:59:00,2016-05-16,0.038,379.0,1.0,9100.0,0.038,0.0379,0.0379,10000561,2016-09-28,2016-09-28,P,1.9,2016-01-28
19619,2016-05-16 14:00:00,2016-05-16,0.0379,0.0,0.0,9100.0,0.0379,0.0379,0.0379,10000561,2016-09-28,2016-09-28,P,1.9,2016-01-28
19620,2016-05-16 14:01:00,2016-05-16,0.0379,0.0,0.0,9100.0,0.0379,0.0379,0.0379,10000561,2016-09-28,2016-09-28,P,1.9,2016-01-28
19621,2016-05-16 14:02:00,2016-05-16,0.038,2280.0,6.0,9106.0,0.038,0.038,0.038,10000561,2016-09-28,2016-09-28,P,1.9,2016-01-28
19622,2016-05-16 14:03:00,2016-05-16,0.038,0.0,0.0,9106.0,0.038,0.038,0.038,10000561,2016-09-28,2016-09-28,P,1.9,2016-01-28
19623,2016-05-16 14:04:00,2016-05-16,0.038,0.0,0.0,9106.0,0.038,0.038,0.038,10000561,2016-09-28,2016-09-28,P,1.9,2016-01-28
19624,2016-05-16 14:05:00,2016-05-16,0.038,0.0,0.0,9106.0,0.038,0.038,0.038,10000561,2016-09-28,2016-09-28,P,1.9,2016-01-28
19625,2016-05-16 14:06:00,2016-05-16,0.038,0.0,0.0,9106.0,0.038,0.038,0.038,10000561,2016-09-28,2016-09-28,P,1.9,2016-01-28
19626,2016-05-16 14:07:00,2016-05-16,0.038,0.0,0.0,9106.0,0.038,0.038,0.038,10000561,2016-09-28,2016-09-28,P,1.9,2016-01-28
19627,2016-05-16 14:08:00,2016-05-16,0.038,760.0,2.0,9108.0,0.038,0.038,0.038,10000561,2016-09-28,2016-09-28,P,1.9,2016-01-28
19628,2016-05-16 14:09:00,2016-05-16,0.0385,770.0,2.0,9110.0,0.038,0.0385,0.038,10000561,2016-09-28,2016-09-28,P,1.9,2016-01-28
19629,2016-05-16 14:10:00,2016-05-16,0.0385,0.0,0.0,9110.0,0.0385,0.0385,0.0385,10000561,2016-09-28,2016-09-28,P,1.9,2016-01-28
19630,2016-05-16 14:11:00,2016-05-16,0.0385,0.0,0.0,9110.0,0.0385,0.0385,0.0385,10000561,2016-09-28,2016-09-28,P,1.9,2016-01-28
19631,2016-05-16 14:12:00,2016-05-16,0.0385,0.0,0.0,9110.0,0.0385,0.0385,0.0385,10000561,2016-09-28,2016-09-28,P,1.9,2016-01-28
19632,2016-05-16 14:13:00,2016-05-16,0.0385,0.0,0.0,9110.0,0.0385,0.0385,0.0385,10000561,2016-09-28,2016-09-28,P,1.9,2016-01-28
19633,2016-05-16 14:14:00,2016-05-16,0.0385,0.0,0.0,9110.0,0.0385,0.0385,0.0385,10000561,2016-09-28,2016-09-28,P,1.9,2016-01-28
19634,2016-05-16 14:15:00,2016-05-16,0.0385,0.0,0.0,9110.0,0.0385,0.0385,0.0385,10000561,2016-09-28,2016-09-28,P,1.9,2016-01-28
19635,2016-05-16 14:16:00,2016-05-16,0.0385,0.0,0.0,9110.0,0.0385,0.0385,0.0385,10000561,2016-09-28,2016-09-28,P,1.9,2016-01-28
19636,2016-05-16 14:17:00,2016-05-16,0.0385,0.0,0.0,9110.0,0.0385,0.0385,0.0385,10000561,2016-09-28,2016-09-28,P,1.9,2016-01-28
19637,2016-05-16 14:18:00,2016-05-16,0.0385,0.0,0.0,9110.0,0.0385,0.0385,0.0385,10000561,2016-09-28,2016-09-28,P,1.9,2016-01-28
19638,2016-05-16 14:19:00,2016-05-16,0.0395,1185.0,3.0,9113.0,0.0385,0.0395,0.0385,10000561,2016-09-28,2016-09-28,P,1.9,2016-01-28
19639,2016-05-16 14:20:00,2016-05-16,0.0395,788.0,2.0,9113.0,0.0395,0.0394,0.0394,10000561,2016-09-28,2016-09-28,P,1.9,2016-01-28
19640,2016-05-16 14:21:00,2016-05-16,0.0394,0.0,0.0,9113.0,0.0394,0.0394,0.0394,10000561,2016-09-28,2016-09-28,P,1.9,2016-01-28
19641,2016-05-16 14:22:00,2016-05-16,0.0394,0.0,0.0,9113.0,0.0394,0.0394,0.0394,10000561,2016-09-28,2016-09-28,P,1.9,2016-01-28
19642,2016-05-16 14:23:00,2016-05-16,0.0394,0.0,0.0,9113.0,0.0394,0.0394,0.0394,10000561,2016-09-28,2016-09-28,P,1.9,2016-01-28
19643,2016-05-16 14:24:00,2016-05-16,0.0394,0.0,0.0,9113.0,0.0394,0.0394,0.0394,10000561,2016-09-28,2016-09-28,P,1.9,2016-01-28
19644,2016-05-16 14:25:00,2016-05-16,0.0394,1935.0,5.0,9118.0,0.0394,0.0387,0.0387,10000561,2016-09-28,2016-09-28,P,1.9,2016-01-28
19645,2016-05-16 14:26:00,2016-05-16,0.0387,387.0,1.0,9119.0,0.0387,0.0387,0.0387,10000561,2016-09-28,2016-09-28,P,1.9,2016-01-28
19646,2016-05-16 14:27:00,2016-05-16,0.0387,0.0,0.0,9119.0,0.0387,0.0387,0.0387,10000561,2016-09-28,2016-09-28,P,1.9,2016-01-28
19647,2016-05-16 14:28:00,2016-05-16,0.0387,0.0,0.0,9119.0,0.0387,0.0387,0.0387,10000561,2016-09-28,2016-09-28,P,1.9,2016-01-28
19648,2016-05-16 14:29:00,2016-05-16,0.0387,0.0,0.0,9119.0,0.0387,0.0387,0.0387,10000561,2016-09-28,2016-09-28,P,1.9,2016-01-28
19649,2016-05-16 14:30:00,2016-05-16,0.0387,0.0,0.0,9119.0,0.0387,0.0387,0.0387,10000561,2016-09-28,2016-09-28,P,1.9,2016-01-28
19650,2016-05-16 14:31:00,2016-05-16,0.0387,766.0,2.0,9120.0,0.0387,0.0381,0.0381,10000561,2016-09-28,2016-09-28,P,1.9,2016-01-28
19651,2016-05-16 14:32:00,2016-05-16,0.0381,762.0,2.0,9120.0,0.0381,0.0381,0.0381,10000561,2016-09-28,2016-09-28,P,1.9,2016-01-28
19652,2016-05-16 14:33:00,2016-05-16,0.0381,4572.0,12.0,9115.0,0.0381,0.0381,0.0381,10000561,2016-09-28,2016-09-28,P,1.9,2016-01-28
19653,2016-05-16 14:34:00,2016-05-16,0.0381,1524.0,4.0,9119.0,0.0381,0.0381,0.0381,10000561,2016-09-28,2016-09-28,P,1.9,2016-01-28
19654,2016-05-16 14:35:00,2016-05-16,0.0381,762.0,2.0,9121.0,0.0381,0.0381,0.0381,10000561,2016-09-28,2016-09-28,P,1.9,2016-01-28
19655,2016-05-16 14:36:00,2016-05-16,0.0381,4556.0,12.0,9130.0,0.0381,0.038,0.0379,10000561,2016-09-28,2016-09-28,P,1.9,2016-01-28
19656,2016-05-16 14:37:00,2016-05-16,0.0379,4915.0,13.0,9142.0,0.0379,0.0376,0.0376,10000561,2016-09-28,2016-09-28,P,1.9,2016-01-28
19657,2016-05-16 14:38:00,2016-05-16,0.0379,5284.0,14.0,9150.0,0.0376,0.0377,0.0376,10000561,2016-09-28,2016-09-28,P,1.9,2016-01-28
19658,2016-05-16 14:39:00,2016-05-16,0.0377,0.0,0.0,9150.0,0.0377,0.0377,0.0377,10000561,2016-09-28,2016-09-28,P,1.9,2016-01-28
19659,2016-05-16 14:40:00,2016-05-16,0.0378,756.0,2.0,9152.0,0.0377,0.0378,0.0377,10000561,2016-09-28,2016-09-28,P,1.9,2016-01-28
19660,2016-05-16 14:41:00,2016-05-16,0.0378,0.0,0.0,9152.0,0.0378,0.0378,0.0378,10000561,2016-09-28,2016-09-28,P,1.9,2016-01-28
19661,2016-05-16 14:42:00,2016-05-16,0.0378,0.0,0.0,9152.0,0.0378,0.0378,0.0378,10000561,2016-09-28,2016-09-28,P,1.9,2016-01-28
19662,2016-05-16 14:43:00,2016-05-16,0.0378,0.0,0.0,9152.0,0.0378,0.0378,0.0378,10000561,2016-09-28,2016-09-28,P,1.9,2016-01-28
19663,2016-05-16 14:44:00,2016-05-16,0.0383,1532.0,4.0,9156.0,0.0378,0.0383,0.0378,10000561,2016-09-28,2016-09-28,P,1.9,2016-01-28
19664,2016-05-16 14:45:00,2016-05-16,0.0387,7329.0,19.0,9175.0,0.0383,0.0387,0.0383,10000561,2016-09-28,2016-09-28,P,1.9,2016-01-28
19665,2016-05-16 14:46:00,2016-05-16,0.0387,379.0,1.0,9176.0,0.0387,0.0379,0.0379,10000561,2016-09-28,2016-09-28,P,1.9,2016-01-28
19666,2016-05-16 14:47:00,2016-05-16,0.0386,3860.0,10.0,9186.0,0.0379,0.0386,0.0379,10000561,2016-09-28,2016-09-28,P,1.9,2016-01-28
19667,2016-05-16 14:48:00,2016-05-16,0.0386,0.0,0.0,9186.0,0.0386,0.0386,0.0386,10000561,2016-09-28,2016-09-28,P,1.9,2016-01-28
19668,2016-05-16 14:49:00,2016-05-16,0.0386,0.0,0.0,9186.0,0.0386,0.0386,0.0386,10000561,2016-09-28,2016-09-28,P,1.9,2016-01-28
19669,2016-05-16 14:50:00,2016-05-16,0.0386,0.0,0.0,9186.0,0.0386,0.0386,0.0386,10000561,2016-09-28,2016-09-28,P,1.9,2016-01-28
19670,2016-05-16 14:51:00,2016-05-16,0.0386,0.0,0.0,9186.0,0.0386,0.0386,0.0386,10000561,2016-09-28,2016-09-28,P,1.9,2016-01-28
19671,2016-05-16 14:52:00,2016-05-16,0.0386,0.0,0.0,9186.0,0.0386,0.0386,0.0386,10000561,2016-09-28,2016-09-28,P,1.9,2016-01-28
19672,2016-05-16 14:53:00,2016-05-16,0.0391,3910.0,10.0,9196.0,0.0391,0.0391,0.0391,10000561,2016-09-28,2016-09-28,P,1.9,2016-01-28
19673,2016-05-16 14:54:00,2016-05-16,0.0391,0.0,0.0,9196.0,0.0391,0.0391,0.0391,10000561,2016-09-28,2016-09-28,P,1.9,2016-01-28
19674,2016-05-16 14:55:00,2016-05-16,0.0391,1149.0,3.0,9199.0,0.0391,0.0383,0.0383,10000561,2016-09-28,2016-09-28,P,1.9,2016-01-28
19675,2016-05-16 14:56:00,2016-05-16,0.0383,1532.0,4.0,9203.0,0.0383,0.0383,0.0383,10000561,2016-09-28,2016-09-28,P,1.9,2016-01-28
19676,2016-05-16 14:57:00,2016-05-16,0.0383,1915.0,5.0,9208.0,0.0383,0.0383,0.0383,10000561,2016-09-28,2016-09-28,P,1.9,2016-01-28
19677,2016-05-16 14:58:00,2016-05-16,0.0383,0.0,0.0,9208.0,0.0383,0.0383,0.0383,10000561,2016-09-28,2016-09-28,P,1.9,2016-01-28
19678,2016-05-16 14:59:00,2016-05-16,0.0383,0.0,0.0,9208.0,0.0383,0.0383,0.0383,10000561,2016-09-28,2016-09-28,P,1.9,2016-01-28
19679,2016-05-16 15:00:00,2016-05-16,0.0383,0.0,0.0,9208.0,0.0383,0.0383,0.0383,10000561,2016-09-28,2016-09-28,P,1.9,2016-01-28
19680,2016-05-16 09:31:00,2016-05-16,0.0083,1931.0,24.0,14738.0,0.0083,0.008,0.008,10000449,2016-06-22,2016-06-22,C,2.2,2015-10-29
19681,2016-05-16 09:32:00,2016-05-16,0.0087,2055.0,25.0,14753.0,0.008,0.0081,0.008,10000449,2016-06-22,2016-06-22,C,2.2,2015-10-29
19682,2016-05-16 09:33:00,2016-05-16,0.0085,970.0,12.0,14761.0,0.0081,0.008,0.008,10000449,2016-06-22,2016-06-22,C,2.2,2015-10-29
19683,2016-05-16 09:34:00,2016-05-16,0.008,0.0,0.0,14761.0,0.008,0.008,0.008,10000449,2016-06-22,2016-06-22,C,2.2,2015-10-29
19684,2016-05-16 09:35:00,2016-05-16,0.0084,1655.0,20.0,14767.0,0.008,0.0084,0.008,10000449,2016-06-22,2016-06-22,C,2.2,2015-10-29
19685,2016-05-16 09:36:00,2016-05-16,0.0088,1226.0,14.0,14757.0,0.0084,0.0088,0.0084,10000449,2016-06-22,2016-06-22,C,2.2,2015-10-29
19686,2016-05-16 09:37:00,2016-05-16,0.0089,2150.0,25.0,14767.0,0.0088,0.0089,0.0084,10000449,2016-06-22,2016-06-22,C,2.2,2015-10-29
19687,2016-05-16 09:38:00,2016-05-16,0.0089,2640.0,30.0,14776.0,0.0089,0.0088,0.0088,10000449,2016-06-22,2016-06-22,C,2.2,2015-10-29
19688,2016-05-16 09:39:00,2016-05-16,0.0088,174.0,2.0,14776.0,0.0088,0.0087,0.0087,10000449,2016-06-22,2016-06-22,C,2.2,2015-10-29
19689,2016-05-16 09:40:00,2016-05-16,0.0087,2485.0,29.0,14776.0,0.0087,0.0085,0.0085,10000449,2016-06-22,2016-06-22,C,2.2,2015-10-29
19690,2016-05-16 09:41:00,2016-05-16,0.0087,5056.0,59.0,14797.0,0.0085,0.0085,0.0085,10000449,2016-06-22,2016-06-22,C,2.2,2015-10-29
19691,2016-05-16 09:42:00,2016-05-16,0.0085,4455.0,53.0,14800.0,0.0085,0.0083,0.0083,10000449,2016-06-22,2016-06-22,C,2.2,2015-10-29
19692,2016-05-16 09:43:00,2016-05-16,0.0086,1954.0,23.0,14821.0,0.0083,0.0085,0.0082,10000449,2016-06-22,2016-06-22,C,2.2,2015-10-29
19693,2016-05-16 09:44:00,2016-05-16,0.0085,1190.0,14.0,14821.0,0.0085,0.0085,0.0085,10000449,2016-06-22,2016-06-22,C,2.2,2015-10-29
19694,2016-05-16 09:45:00,2016-05-16,0.0085,2439.0,29.0,14841.0,0.0085,0.0083,0.0083,10000449,2016-06-22,2016-06-22,C,2.2,2015-10-29
19695,2016-05-16 09:46:00,2016-05-16,0.0083,4447.0,54.0,14881.0,0.0083,0.0082,0.0082,10000449,2016-06-22,2016-06-22,C,2.2,2015-10-29
19696,2016-05-16 09:47:00,2016-05-16,0.0083,4597.0,56.0,14902.0,0.0082,0.0083,0.0082,10000449,2016-06-22,2016-06-22,C,2.2,2015-10-29
19697,2016-05-16 09:48:00,2016-05-16,0.0083,5986.0,73.0,14920.0,0.0083,0.0082,0.0082,10000449,2016-06-22,2016-06-22,C,2.2,2015-10-29
19698,2016-05-16 09:49:00,2016-05-16,0.0083,10574.0,129.0,14990.0,0.0082,0.0081,0.0081,10000449,2016-06-22,2016-06-22,C,2.2,2015-10-29
19699,2016-05-16 09:50:00,2016-05-16,0.0083,7370.0,90.0,15035.0,0.0082,0.0081,0.0081,10000449,2016-06-22,2016-06-22,C,2.2,2015-10-29
19700,2016-05-16 09:51:00,2016-05-16,0.0082,5386.0,66.0,15081.0,0.0081,0.0081,0.0081,10000449,2016-06-22,2016-06-22,C,2.2,2015-10-29
19701,2016-05-16 09:52:00,2016-05-16,0.0081,810.0,10.0,15081.0,0.0081,0.0081,0.0081,10000449,2016-06-22,2016-06-22,C,2.2,2015-10-29
19702,2016-05-16 09:53:00,2016-05-16,0.0081,7481.0,94.0,15100.0,0.0081,0.0076,0.0076,10000449,2016-06-22,2016-06-22,C,2.2,2015-10-29
19703,2016-05-16 09:54:00,2016-05-16,0.0076,6533.0,87.0,15125.0,0.0076,0.0074,0.0074,10000449,2016-06-22,2016-06-22,C,2.2,2015-10-29
19704,2016-05-16 09:55:00,2016-05-16,0.0076,5511.0,74.0,15149.0,0.0074,0.0076,0.0074,10000449,2016-06-22,2016-06-22,C,2.2,2015-10-29
19705,2016-05-16 09:56:00,2016-05-16,0.0075,5135.0,71.0,15194.0,0.0075,0.006999999999999999,0.006999999999999999,10000449,2016-06-22,2016-06-22,C,2.2,2015-10-29
19706,2016-05-16 09:57:00,2016-05-16,0.0077,2317.0,32.0,15214.0,0.006999999999999999,0.0077,0.006999999999999999,10000449,2016-06-22,2016-06-22,C,2.2,2015-10-29
19707,2016-05-16 09:58:00,2016-05-16,0.0077,365.0,5.0,15214.0,0.0077,0.0072,0.0072,10000449,2016-06-22,2016-06-22,C,2.2,2015-10-29
19708,2016-05-16 09:59:00,2016-05-16,0.0076,1644.0,22.0,15225.0,0.0072,0.0076,0.0072,10000449,2016-06-22,2016-06-22,C,2.2,2015-10-29
19709,2016-05-16 10:00:00,2016-05-16,0.0076,0.0,0.0,15225.0,0.0076,0.0076,0.0076,10000449,2016-06-22,2016-06-22,C,2.2,2015-10-29
19710,2016-05-16 10:01:00,2016-05-16,0.0076,2346.0,32.0,15248.0,0.0076,0.0073,0.0073,10000449,2016-06-22,2016-06-22,C,2.2,2015-10-29
19711,2016-05-16 10:02:00,2016-05-16,0.0074,444.0,6.0,15251.0,0.0073,0.0074,0.0073,10000449,2016-06-22,2016-06-22,C,2.2,2015-10-29
19712,2016-05-16 10:03:00,2016-05-16,0.0074,74.0,1.0,15251.0,0.0074,0.0074,0.0074,10000449,2016-06-22,2016-06-22,C,2.2,2015-10-29
19713,2016-05-16 10:04:00,2016-05-16,0.0074,222.0,3.0,15254.0,0.0074,0.0074,0.0074,10000449,2016-06-22,2016-06-22,C,2.2,2015-10-29
19714,2016-05-16 10:05:00,2016-05-16,0.0074,0.0,0.0,15254.0,0.0074,0.0074,0.0074,10000449,2016-06-22,2016-06-22,C,2.2,2015-10-29
19715,2016-05-16 10:06:00,2016-05-16,0.0075,3730.0,50.0,15304.0,0.0074,0.0074,0.0074,10000449,2016-06-22,2016-06-22,C,2.2,2015-10-29
19716,2016-05-16 10:07:00,2016-05-16,0.0075,2940.0,40.0,15328.0,0.0074,0.0075,0.0072,10000449,2016-06-22,2016-06-22,C,2.2,2015-10-29
19717,2016-05-16 10:08:00,2016-05-16,0.0075,0.0,0.0,15328.0,0.0075,0.0075,0.0075,10000449,2016-06-22,2016-06-22,C,2.2,2015-10-29
19718,2016-05-16 10:09:00,2016-05-16,0.0078,390.0,5.0,15333.0,0.0075,0.0078,0.0075,10000449,2016-06-22,2016-06-22,C,2.2,2015-10-29
19719,2016-05-16 10:10:00,2016-05-16,0.0078,1006.0,13.0,15333.0,0.0078,0.0077,0.0077,10000449,2016-06-22,2016-06-22,C,2.2,2015-10-29
19720,2016-05-16 10:11:00,2016-05-16,0.0077,385.0,5.0,15333.0,0.0077,0.0077,0.0077,10000449,2016-06-22,2016-06-22,C,2.2,2015-10-29
19721,2016-05-16 10:12:00,2016-05-16,0.0077,0.0,0.0,15333.0,0.0077,0.0077,0.0077,10000449,2016-06-22,2016-06-22,C,2.2,2015-10-29
19722,2016-05-16 10:13:00,2016-05-16,0.0077,0.0,0.0,15333.0,0.0077,0.0077,0.0077,10000449,2016-06-22,2016-06-22,C,2.2,2015-10-29
19723,2016-05-16 10:14:00,2016-05-16,0.008,800.0,10.0,15343.0,0.0077,0.008,0.0077,10000449,2016-06-22,2016-06-22,C,2.2,2015-10-29
19724,2016-05-16 10:15:00,2016-05-16,0.008,800.0,10.0,15345.0,0.008,0.008,0.008,10000449,2016-06-22,2016-06-22,C,2.2,2015-10-29
19725,2016-05-16 10:16:00,2016-05-16,0.008,395.0,5.0,15340.0,0.008,0.0079,0.0079,10000449,2016-06-22,2016-06-22,C,2.2,2015-10-29
19726,2016-05-16 10:17:00,2016-05-16,0.0079,385.0,5.0,15340.0,0.0079,0.0077,0.0077,10000449,2016-06-22,2016-06-22,C,2.2,2015-10-29
19727,2016-05-16 10:18:00,2016-05-16,0.008,240.0,3.0,15340.0,0.0077,0.008,0.0077,10000449,2016-06-22,2016-06-22,C,2.2,2015-10-29
19728,2016-05-16 10:19:00,2016-05-16,0.008,400.0,5.0,15335.0,0.008,0.008,0.008,10000449,2016-06-22,2016-06-22,C,2.2,2015-10-29
19729,2016-05-16 10:20:00,2016-05-16,0.008,957.0,12.0,15323.0,0.008,0.0078,0.0078,10000449,2016-06-22,2016-06-22,C,2.2,2015-10-29
19730,2016-05-16 10:21:00,2016-05-16,0.0078,0.0,0.0,15323.0,0.0078,0.0078,0.0078,10000449,2016-06-22,2016-06-22,C,2.2,2015-10-29
19731,2016-05-16 10:22:00,2016-05-16,0.0078,0.0,0.0,15323.0,0.0078,0.0078,0.0078,10000449,2016-06-22,2016-06-22,C,2.2,2015-10-29
19732,2016-05-16 10:23:00,2016-05-16,0.0079,395.0,5.0,15322.0,0.0078,0.0079,0.0078,10000449,2016-06-22,2016-06-22,C,2.2,2015-10-29
19733,2016-05-16 10:24:00,2016-05-16,0.0079,1975.0,25.0,15300.0,0.0079,0.0079,0.0079,10000449,2016-06-22,2016-06-22,C,2.2,2015-10-29
19734,2016-05-16 10:25:00,2016-05-16,0.0079,790.0,10.0,15290.0,0.0079,0.0079,0.0079,10000449,2016-06-22,2016-06-22,C,2.2,2015-10-29
19735,2016-05-16 10:26:00,2016-05-16,0.0079,0.0,0.0,15290.0,0.0079,0.0079,0.0079,10000449,2016-06-22,2016-06-22,C,2.2,2015-10-29
19736,2016-05-16 10:27:00,2016-05-16,0.008,400.0,5.0,15295.0,0.0079,0.008,0.0079,10000449,2016-06-22,2016-06-22,C,2.2,2015-10-29
19737,2016-05-16 10:28:00,2016-05-16,0.0081,1531.0,19.0,15278.0,0.008,0.0081,0.0079,10000449,2016-06-22,2016-06-22,C,2.2,2015-10-29
19738,2016-05-16 10:29:00,2016-05-16,0.0081,81.0,1.0,15278.0,0.0081,0.0081,0.0081,10000449,2016-06-22,2016-06-22,C,2.2,2015-10-29
19739,2016-05-16 10:30:00,2016-05-16,0.0082,3271.0,40.0,15279.0,0.0081,0.0082,0.0081,10000449,2016-06-22,2016-06-22,C,2.2,2015-10-29
19740,2016-05-16 10:31:00,2016-05-16,0.0083,983.0,12.0,15280.0,0.0082,0.0083,0.008,10000449,2016-06-22,2016-06-22,C,2.2,2015-10-29
19741,2016-05-16 10:32:00,2016-05-16,0.0083,0.0,0.0,15280.0,0.0083,0.0083,0.0083,10000449,2016-06-22,2016-06-22,C,2.2,2015-10-29
19742,2016-05-16 10:33:00,2016-05-16,0.0083,3160.0,40.0,15320.0,0.0083,0.0079,0.0079,10000449,2016-06-22,2016-06-22,C,2.2,2015-10-29
19743,2016-05-16 10:34:00,2016-05-16,0.0079,3409.0,43.0,15360.0,0.0079,0.0079,0.0079,10000449,2016-06-22,2016-06-22,C,2.2,2015-10-29
19744,2016-05-16 10:35:00,2016-05-16,0.0079,3160.0,40.0,15400.0,0.0079,0.0079,0.0079,10000449,2016-06-22,2016-06-22,C,2.2,2015-10-29
19745,2016-05-16 10:36:00,2016-05-16,0.0079,1580.0,20.0,15420.0,0.0079,0.0079,0.0079,10000449,2016-06-22,2016-06-22,C,2.2,2015-10-29
19746,2016-05-16 10:37:00,2016-05-16,0.0079,1580.0,20.0,15440.0,0.0079,0.0079,0.0079,10000449,2016-06-22,2016-06-22,C,2.2,2015-10-29
19747,2016-05-16 10:38:00,2016-05-16,0.0082,2400.0,30.0,15455.0,0.0079,0.0082,0.0079,10000449,2016-06-22,2016-06-22,C,2.2,2015-10-29
19748,2016-05-16 10:39:00,2016-05-16,0.0082,780.0,10.0,15455.0,0.0082,0.0078,0.0078,10000449,2016-06-22,2016-06-22,C,2.2,2015-10-29
19749,2016-05-16 10:40:00,2016-05-16,0.0078,0.0,0.0,15455.0,0.0078,0.0078,0.0078,10000449,2016-06-22,2016-06-22,C,2.2,2015-10-29
19750,2016-05-16 10:41:00,2016-05-16,0.0078,780.0,10.0,15465.0,0.0078,0.0078,0.0078,10000449,2016-06-22,2016-06-22,C,2.2,2015-10-29
19751,2016-05-16 10:42:00,2016-05-16,0.0078,0.0,0.0,15465.0,0.0078,0.0078,0.0078,10000449,2016-06-22,2016-06-22,C,2.2,2015-10-29
19752,2016-05-16 10:43:00,2016-05-16,0.0078,0.0,0.0,15465.0,0.0078,0.0078,0.0078,10000449,2016-06-22,2016-06-22,C,2.2,2015-10-29
19753,2016-05-16 10:44:00,2016-05-16,0.0078,0.0,0.0,15465.0,0.0078,0.0078,0.0078,10000449,2016-06-22,2016-06-22,C,2.2,2015-10-29
19754,2016-05-16 10:45:00,2016-05-16,0.0082,164.0,2.0,15463.0,0.0078,0.0082,0.0078,10000449,2016-06-22,2016-06-22,C,2.2,2015-10-29
19755,2016-05-16 10:46:00,2016-05-16,0.0082,0.0,0.0,15463.0,0.0082,0.0082,0.0082,10000449,2016-06-22,2016-06-22,C,2.2,2015-10-29
19756,2016-05-16 10:47:00,2016-05-16,0.0082,0.0,0.0,15463.0,0.0082,0.0082,0.0082,10000449,2016-06-22,2016-06-22,C,2.2,2015-10-29
19757,2016-05-16 10:48:00,2016-05-16,0.008,1679.0,21.0,15484.0,0.0079,0.008,0.0079,10000449,2016-06-22,2016-06-22,C,2.2,2015-10-29
19758,2016-05-16 10:49:00,2016-05-16,0.008,1580.0,20.0,15504.0,0.008,0.0079,0.0079,10000449,2016-06-22,2016-06-22,C,2.2,2015-10-29
19759,2016-05-16 10:50:00,2016-05-16,0.0083,83.0,1.0,15504.0,0.0079,0.0083,0.0079,10000449,2016-06-22,2016-06-22,C,2.2,2015-10-29
19760,2016-05-16 10:51:00,2016-05-16,0.0085,929.0,11.0,15505.0,0.0084,0.0085,0.0084,10000449,2016-06-22,2016-06-22,C,2.2,2015-10-29
19761,2016-05-16 10:52:00,2016-05-16,0.0085,761.0,9.0,15506.0,0.0085,0.0085,0.0083,10000449,2016-06-22,2016-06-22,C,2.2,2015-10-29
19762,2016-05-16 10:53:00,2016-05-16,0.0086,1098.0,13.0,15511.0,0.0085,0.0086,0.0084,10000449,2016-06-22,2016-06-22,C,2.2,2015-10-29
19763,2016-05-16 10:54:00,2016-05-16,0.0086,1275.0,15.0,15516.0,0.0086,0.0085,0.0085,10000449,2016-06-22,2016-06-22,C,2.2,2015-10-29
19764,2016-05-16 10:55:00,2016-05-16,0.0085,0.0,0.0,15516.0,0.0085,0.0085,0.0085,10000449,2016-06-22,2016-06-22,C,2.2,2015-10-29
19765,2016-05-16 10:56:00,2016-05-16,0.0086,688.0,8.0,15524.0,0.0085,0.0086,0.0085,10000449,2016-06-22,2016-06-22,C,2.2,2015-10-29
19766,2016-05-16 10:57:00,2016-05-16,0.0086,0.0,0.0,15524.0,0.0086,0.0086,0.0086,10000449,2016-06-22,2016-06-22,C,2.2,2015-10-29
19767,2016-05-16 10:58:00,2016-05-16,0.0086,0.0,0.0,15524.0,0.0086,0.0086,0.0086,10000449,2016-06-22,2016-06-22,C,2.2,2015-10-29
19768,2016-05-16 10:59:00,2016-05-16,0.0088,1925.0,22.0,15534.0,0.0086,0.0088,0.0086,10000449,2016-06-22,2016-06-22,C,2.2,2015-10-29
19769,2016-05-16 11:00:00,2016-05-16,0.0089,978.0,11.0,15533.0,0.0088,0.0089,0.0088,10000449,2016-06-22,2016-06-22,C,2.2,2015-10-29
19770,2016-05-16 11:01:00,2016-05-16,0.0089,89.0,1.0,15534.0,0.0089,0.0089,0.0089,10000449,2016-06-22,2016-06-22,C,2.2,2015-10-29
19771,2016-05-16 11:02:00,2016-05-16,0.009000000000000001,3110.0,35.0,15549.0,0.0089,0.009000000000000001,0.0088,10000449,2016-06-22,2016-06-22,C,2.2,2015-10-29
19772,2016-05-16 11:03:00,2016-05-16,0.0091,9070.0,100.0,15480.0,0.009000000000000001,0.0091,0.009000000000000001,10000449,2016-06-22,2016-06-22,C,2.2,2015-10-29
19773,2016-05-16 11:04:00,2016-05-16,0.0091,1270.0,14.0,15478.0,0.0091,0.009000000000000001,0.009000000000000001,10000449,2016-06-22,2016-06-22,C,2.2,2015-10-29
19774,2016-05-16 11:05:00,2016-05-16,0.009000000000000001,3240.0,36.0,15452.0,0.009000000000000001,0.009000000000000001,0.009000000000000001,10000449,2016-06-22,2016-06-22,C,2.2,2015-10-29
19775,2016-05-16 11:06:00,2016-05-16,0.009000000000000001,445.0,5.0,15452.0,0.009000000000000001,0.0089,0.0089,10000449,2016-06-22,2016-06-22,C,2.2,2015-10-29
19776,2016-05-16 11:07:00,2016-05-16,0.0089,0.0,0.0,15452.0,0.0089,0.0089,0.0089,10000449,2016-06-22,2016-06-22,C,2.2,2015-10-29
19777,2016-05-16 11:08:00,2016-05-16,0.009000000000000001,1800.0,20.0,15462.0,0.009000000000000001,0.009000000000000001,0.009000000000000001,10000449,2016-06-22,2016-06-22,C,2.2,2015-10-29
19778,2016-05-16 11:09:00,2016-05-16,0.009000000000000001,0.0,0.0,15462.0,0.009000000000000001,0.009000000000000001,0.009000000000000001,10000449,2016-06-22,2016-06-22,C,2.2,2015-10-29
19779,2016-05-16 11:10:00,2016-05-16,0.009000000000000001,90.0,1.0,15461.0,0.009000000000000001,0.009000000000000001,0.009000000000000001,10000449,2016-06-22,2016-06-22,C,2.2,2015-10-29
19780,2016-05-16 11:11:00,2016-05-16,0.009000000000000001,0.0,0.0,15461.0,0.009000000000000001,0.009000000000000001,0.009000000000000001,10000449,2016-06-22,2016-06-22,C,2.2,2015-10-29
19781,2016-05-16 11:12:00,2016-05-16,0.009000000000000001,3115.0,35.0,15426.0,0.009000000000000001,0.0089,0.0089,10000449,2016-06-22,2016-06-22,C,2.2,2015-10-29
19782,2016-05-16 11:13:00,2016-05-16,0.0089,885.0,10.0,15421.0,0.0089,0.0089,0.0088,10000449,2016-06-22,2016-06-22,C,2.2,2015-10-29
19783,2016-05-16 11:14:00,2016-05-16,0.009000000000000001,620.0,7.0,15419.0,0.0089,0.009000000000000001,0.0088,10000449,2016-06-22,2016-06-22,C,2.2,2015-10-29
19784,2016-05-16 11:15:00,2016-05-16,0.009000000000000001,707.0,8.0,15419.0,0.009000000000000001,0.0089,0.0088,10000449,2016-06-22,2016-06-22,C,2.2,2015-10-29
19785,2016-05-16 11:16:00,2016-05-16,0.009000000000000001,2700.0,30.0,15429.0,0.0089,0.009000000000000001,0.0089,10000449,2016-06-22,2016-06-22,C,2.2,2015-10-29
19786,2016-05-16 11:17:00,2016-05-16,0.009000000000000001,0.0,0.0,15429.0,0.009000000000000001,0.009000000000000001,0.009000000000000001,10000449,2016-06-22,2016-06-22,C,2.2,2015-10-29
19787,2016-05-16 11:18:00,2016-05-16,0.009000000000000001,0.0,0.0,15429.0,0.009000000000000001,0.009000000000000001,0.009000000000000001,10000449,2016-06-22,2016-06-22,C,2.2,2015-10-29
19788,2016-05-16 11:19:00,2016-05-16,0.009000000000000001,0.0,0.0,15429.0,0.009000000000000001,0.009000000000000001,0.009000000000000001,10000449,2016-06-22,2016-06-22,C,2.2,2015-10-29
19789,2016-05-16 11:20:00,2016-05-16,0.0089,1591.0,18.0,15419.0,0.0088,0.0089,0.0088,10000449,2016-06-22,2016-06-22,C,2.2,2015-10-29
19790,2016-05-16 11:21:00,2016-05-16,0.0089,712.0,8.0,15419.0,0.0089,0.0089,0.0089,10000449,2016-06-22,2016-06-22,C,2.2,2015-10-29
19791,2016-05-16 11:22:00,2016-05-16,0.0089,354.0,4.0,15419.0,0.0089,0.0088,0.0088,10000449,2016-06-22,2016-06-22,C,2.2,2015-10-29
19792,2016-05-16 11:23:00,2016-05-16,0.0088,0.0,0.0,15419.0,0.0088,0.0088,0.0088,10000449,2016-06-22,2016-06-22,C,2.2,2015-10-29
19793,2016-05-16 11:24:00,2016-05-16,0.0088,616.0,7.0,15424.0,0.0088,0.0088,0.0088,10000449,2016-06-22,2016-06-22,C,2.2,2015-10-29
19794,2016-05-16 11:25:00,2016-05-16,0.0089,1770.0,20.0,15412.0,0.0088,0.0089,0.0088,10000449,2016-06-22,2016-06-22,C,2.2,2015-10-29
19795,2016-05-16 11:26:00,2016-05-16,0.0089,0.0,0.0,15412.0,0.0089,0.0089,0.0089,10000449,2016-06-22,2016-06-22,C,2.2,2015-10-29
19796,2016-05-16 11:27:00,2016-05-16,0.0089,958.0,11.0,15411.0,0.0089,0.0088,0.0087,10000449,2016-06-22,2016-06-22,C,2.2,2015-10-29
19797,2016-05-16 11:28:00,2016-05-16,0.0088,0.0,0.0,15411.0,0.0088,0.0088,0.0088,10000449,2016-06-22,2016-06-22,C,2.2,2015-10-29
19798,2016-05-16 11:29:00,2016-05-16,0.0088,0.0,0.0,15411.0,0.0088,0.0088,0.0088,10000449,2016-06-22,2016-06-22,C,2.2,2015-10-29
19799,2016-05-16 11:30:00,2016-05-16,0.0088,88.0,1.0,15410.0,0.0088,0.0088,0.0088,10000449,2016-06-22,2016-06-22,C,2.2,2015-10-29
19800,2016-05-16 13:01:00,2016-05-16,0.0087,1740.0,20.0,15400.0,0.0087,0.0087,0.0087,10000449,2016-06-22,2016-06-22,C,2.2,2015-10-29
19801,2016-05-16 13:02:00,2016-05-16,0.0087,962.0,12.0,15412.0,0.0087,0.008,0.008,10000449,2016-06-22,2016-06-22,C,2.2,2015-10-29
19802,2016-05-16 13:03:00,2016-05-16,0.008,0.0,0.0,15412.0,0.008,0.008,0.008,10000449,2016-06-22,2016-06-22,C,2.2,2015-10-29
19803,2016-05-16 13:04:00,2016-05-16,0.008,0.0,0.0,15412.0,0.008,0.008,0.008,10000449,2016-06-22,2016-06-22,C,2.2,2015-10-29
19804,2016-05-16 13:05:00,2016-05-16,0.008,0.0,0.0,15412.0,0.008,0.008,0.008,10000449,2016-06-22,2016-06-22,C,2.2,2015-10-29
19805,2016-05-16 13:06:00,2016-05-16,0.008,0.0,0.0,15412.0,0.008,0.008,0.008,10000449,2016-06-22,2016-06-22,C,2.2,2015-10-29
19806,2016-05-16 13:07:00,2016-05-16,0.008,0.0,0.0,15412.0,0.008,0.008,0.008,10000449,2016-06-22,2016-06-22,C,2.2,2015-10-29
19807,2016-05-16 13:08:00,2016-05-16,0.008,0.0,0.0,15412.0,0.008,0.008,0.008,10000449,2016-06-22,2016-06-22,C,2.2,2015-10-29
19808,2016-05-16 13:09:00,2016-05-16,0.008,0.0,0.0,15412.0,0.008,0.008,0.008,10000449,2016-06-22,2016-06-22,C,2.2,2015-10-29
19809,2016-05-16 13:10:00,2016-05-16,0.0081,1620.0,20.0,15432.0,0.008,0.0081,0.008,10000449,2016-06-22,2016-06-22,C,2.2,2015-10-29
19810,2016-05-16 13:11:00,2016-05-16,0.0081,0.0,0.0,15432.0,0.0081,0.0081,0.0081,10000449,2016-06-22,2016-06-22,C,2.2,2015-10-29
19811,2016-05-16 13:12:00,2016-05-16,0.0081,0.0,0.0,15432.0,0.0081,0.0081,0.0081,10000449,2016-06-22,2016-06-22,C,2.2,2015-10-29
19812,2016-05-16 13:13:00,2016-05-16,0.0081,810.0,10.0,15437.0,0.0081,0.0081,0.0081,10000449,2016-06-22,2016-06-22,C,2.2,2015-10-29
19813,2016-05-16 13:14:00,2016-05-16,0.0081,800.0,10.0,15447.0,0.0081,0.008,0.008,10000449,2016-06-22,2016-06-22,C,2.2,2015-10-29
19814,2016-05-16 13:15:00,2016-05-16,0.008,0.0,0.0,15447.0,0.008,0.008,0.008,10000449,2016-06-22,2016-06-22,C,2.2,2015-10-29
19815,2016-05-16 13:16:00,2016-05-16,0.008,800.0,10.0,15457.0,0.008,0.008,0.008,10000449,2016-06-22,2016-06-22,C,2.2,2015-10-29
19816,2016-05-16 13:17:00,2016-05-16,0.008,800.0,10.0,15467.0,0.008,0.008,0.008,10000449,2016-06-22,2016-06-22,C,2.2,2015-10-29
19817,2016-05-16 13:18:00,2016-05-16,0.008,0.0,0.0,15467.0,0.008,0.008,0.008,10000449,2016-06-22,2016-06-22,C,2.2,2015-10-29
19818,2016-05-16 13:19:00,2016-05-16,0.008,0.0,0.0,15467.0,0.008,0.008,0.008,10000449,2016-06-22,2016-06-22,C,2.2,2015-10-29
19819,2016-05-16 13:20:00,2016-05-16,0.008,0.0,0.0,15467.0,0.008,0.008,0.008,10000449,2016-06-22,2016-06-22,C,2.2,2015-10-29
19820,2016-05-16 13:21:00,2016-05-16,0.008,1658.0,21.0,15488.0,0.008,0.0078,0.0078,10000449,2016-06-22,2016-06-22,C,2.2,2015-10-29
19821,2016-05-16 13:22:00,2016-05-16,0.0078,0.0,0.0,15488.0,0.0078,0.0078,0.0078,10000449,2016-06-22,2016-06-22,C,2.2,2015-10-29
19822,2016-05-16 13:23:00,2016-05-16,0.0082,4090.0,50.0,15498.0,0.0078,0.0082,0.0078,10000449,2016-06-22,2016-06-22,C,2.2,2015-10-29
19823,2016-05-16 13:24:00,2016-05-16,0.0082,0.0,0.0,15498.0,0.0082,0.0082,0.0082,10000449,2016-06-22,2016-06-22,C,2.2,2015-10-29
19824,2016-05-16 13:25:00,2016-05-16,0.0082,395.0,5.0,15503.0,0.0082,0.0079,0.0079,10000449,2016-06-22,2016-06-22,C,2.2,2015-10-29
19825,2016-05-16 13:26:00,2016-05-16,0.0079,0.0,0.0,15503.0,0.0079,0.0079,0.0079,10000449,2016-06-22,2016-06-22,C,2.2,2015-10-29
19826,2016-05-16 13:27:00,2016-05-16,0.0079,785.0,10.0,15513.0,0.0079,0.0078,0.0078,10000449,2016-06-22,2016-06-22,C,2.2,2015-10-29
19827,2016-05-16 13:28:00,2016-05-16,0.0082,1230.0,15.0,15513.0,0.0078,0.0082,0.0078,10000449,2016-06-22,2016-06-22,C,2.2,2015-10-29
19828,2016-05-16 13:29:00,2016-05-16,0.0082,0.0,0.0,15513.0,0.0082,0.0082,0.0082,10000449,2016-06-22,2016-06-22,C,2.2,2015-10-29
19829,2016-05-16 13:30:00,2016-05-16,0.0082,395.0,5.0,15513.0,0.0082,0.0079,0.0079,10000449,2016-06-22,2016-06-22,C,2.2,2015-10-29
19830,2016-05-16 13:31:00,2016-05-16,0.0083,1660.0,20.0,15513.0,0.0079,0.0083,0.0079,10000449,2016-06-22,2016-06-22,C,2.2,2015-10-29
19831,2016-05-16 13:32:00,2016-05-16,0.0086,2626.0,31.0,15533.0,0.0083,0.0086,0.0083,10000449,2016-06-22,2016-06-22,C,2.2,2015-10-29
19832,2016-05-16 13:33:00,2016-05-16,0.0086,1295.0,16.0,15544.0,0.0086,0.0081,0.0081,10000449,2016-06-22,2016-06-22,C,2.2,2015-10-29
19833,2016-05-16 13:34:00,2016-05-16,0.008,800.0,10.0,15553.0,0.008,0.008,0.008,10000449,2016-06-22,2016-06-22,C,2.2,2015-10-29
19834,2016-05-16 13:35:00,2016-05-16,0.008,790.0,10.0,15563.0,0.008,0.0079,0.0079,10000449,2016-06-22,2016-06-22,C,2.2,2015-10-29
19835,2016-05-16 13:36:00,2016-05-16,0.0079,790.0,10.0,15573.0,0.0079,0.0079,0.0079,10000449,2016-06-22,2016-06-22,C,2.2,2015-10-29
19836,2016-05-16 13:37:00,2016-05-16,0.0079,0.0,0.0,15573.0,0.0079,0.0079,0.0079,10000449,2016-06-22,2016-06-22,C,2.2,2015-10-29
19837,2016-05-16 13:38:00,2016-05-16,0.0079,0.0,0.0,15573.0,0.0079,0.0079,0.0079,10000449,2016-06-22,2016-06-22,C,2.2,2015-10-29
19838,2016-05-16 13:39:00,2016-05-16,0.0082,820.0,10.0,15583.0,0.0079,0.0082,0.0079,10000449,2016-06-22,2016-06-22,C,2.2,2015-10-29
19839,2016-05-16 13:40:00,2016-05-16,0.0082,0.0,0.0,15583.0,0.0082,0.0082,0.0082,10000449,2016-06-22,2016-06-22,C,2.2,2015-10-29
19840,2016-05-16 13:41:00,2016-05-16,0.0082,0.0,0.0,15583.0,0.0082,0.0082,0.0082,10000449,2016-06-22,2016-06-22,C,2.2,2015-10-29
19841,2016-05-16 13:42:00,2016-05-16,0.0082,0.0,0.0,15583.0,0.0082,0.0082,0.0082,10000449,2016-06-22,2016-06-22,C,2.2,2015-10-29
19842,2016-05-16 13:43:00,2016-05-16,0.0083,83.0,1.0,15583.0,0.0082,0.0083,0.0082,10000449,2016-06-22,2016-06-22,C,2.2,2015-10-29
19843,2016-05-16 13:44:00,2016-05-16,0.0083,0.0,0.0,15583.0,0.0083,0.0083,0.0083,10000449,2016-06-22,2016-06-22,C,2.2,2015-10-29
19844,2016-05-16 13:45:00,2016-05-16,0.0083,0.0,0.0,15583.0,0.0083,0.0083,0.0083,10000449,2016-06-22,2016-06-22,C,2.2,2015-10-29
19845,2016-05-16 13:46:00,2016-05-16,0.0084,167.0,2.0,15583.0,0.0083,0.0084,0.0083,10000449,2016-06-22,2016-06-22,C,2.2,2015-10-29
19846,2016-05-16 13:47:00,2016-05-16,0.0084,0.0,0.0,15583.0,0.0084,0.0084,0.0084,10000449,2016-06-22,2016-06-22,C,2.2,2015-10-29
19847,2016-05-16 13:48:00,2016-05-16,0.0084,0.0,0.0,15583.0,0.0084,0.0084,0.0084,10000449,2016-06-22,2016-06-22,C,2.2,2015-10-29
19848,2016-05-16 13:49:00,2016-05-16,0.0084,2490.0,30.0,15594.0,0.0084,0.0083,0.0083,10000449,2016-06-22,2016-06-22,C,2.2,2015-10-29
19849,2016-05-16 13:50:00,2016-05-16,0.0083,1162.0,14.0,15608.0,0.0083,0.0083,0.0083,10000449,2016-06-22,2016-06-22,C,2.2,2015-10-29
19850,2016-05-16 13:51:00,2016-05-16,0.0083,810.0,10.0,15618.0,0.0083,0.0081,0.0081,10000449,2016-06-22,2016-06-22,C,2.2,2015-10-29
19851,2016-05-16 13:52:00,2016-05-16,0.0081,0.0,0.0,15618.0,0.0081,0.0081,0.0081,10000449,2016-06-22,2016-06-22,C,2.2,2015-10-29
19852,2016-05-16 13:53:00,2016-05-16,0.0081,0.0,0.0,15618.0,0.0081,0.0081,0.0081,10000449,2016-06-22,2016-06-22,C,2.2,2015-10-29
19853,2016-05-16 13:54:00,2016-05-16,0.0081,0.0,0.0,15618.0,0.0081,0.0081,0.0081,10000449,2016-06-22,2016-06-22,C,2.2,2015-10-29
19854,2016-05-16 13:55:00,2016-05-16,0.0085,169.0,2.0,15620.0,0.0081,0.0085,0.0081,10000449,2016-06-22,2016-06-22,C,2.2,2015-10-29
19855,2016-05-16 13:56:00,2016-05-16,0.0086,86.0,1.0,15621.0,0.0085,0.0086,0.0085,10000449,2016-06-22,2016-06-22,C,2.2,2015-10-29
19856,2016-05-16 13:57:00,2016-05-16,0.0086,0.0,0.0,15621.0,0.0086,0.0086,0.0086,10000449,2016-06-22,2016-06-22,C,2.2,2015-10-29
19857,2016-05-16 13:58:00,2016-05-16,0.0086,0.0,0.0,15621.0,0.0086,0.0086,0.0086,10000449,2016-06-22,2016-06-22,C,2.2,2015-10-29
19858,2016-05-16 13:59:00,2016-05-16,0.0086,860.0,10.0,15611.0,0.0086,0.0086,0.0086,10000449,2016-06-22,2016-06-22,C,2.2,2015-10-29
19859,2016-05-16 14:00:00,2016-05-16,0.0087,3992.0,46.0,15617.0,0.0086,0.0087,0.0086,10000449,2016-06-22,2016-06-22,C,2.2,2015-10-29
19860,2016-05-16 14:01:00,2016-05-16,0.0087,1740.0,20.0,15617.0,0.0087,0.0087,0.0087,10000449,2016-06-22,2016-06-22,C,2.2,2015-10-29
19861,2016-05-16 14:02:00,2016-05-16,0.0087,1563.0,18.0,15628.0,0.0087,0.0087,0.0086,10000449,2016-06-22,2016-06-22,C,2.2,2015-10-29
19862,2016-05-16 14:03:00,2016-05-16,0.0086,602.0,7.0,15621.0,0.0086,0.0086,0.0086,10000449,2016-06-22,2016-06-22,C,2.2,2015-10-29
19863,2016-05-16 14:04:00,2016-05-16,0.0086,0.0,0.0,15621.0,0.0086,0.0086,0.0086,10000449,2016-06-22,2016-06-22,C,2.2,2015-10-29
19864,2016-05-16 14:05:00,2016-05-16,0.0083,245.0,3.0,15620.0,0.0083,0.0081,0.0081,10000449,2016-06-22,2016-06-22,C,2.2,2015-10-29
19865,2016-05-16 14:06:00,2016-05-16,0.0083,415.0,5.0,15625.0,0.0081,0.0083,0.0081,10000449,2016-06-22,2016-06-22,C,2.2,2015-10-29
19866,2016-05-16 14:07:00,2016-05-16,0.0083,332.0,4.0,15629.0,0.0083,0.0083,0.0083,10000449,2016-06-22,2016-06-22,C,2.2,2015-10-29
19867,2016-05-16 14:08:00,2016-05-16,0.0083,0.0,0.0,15629.0,0.0083,0.0083,0.0083,10000449,2016-06-22,2016-06-22,C,2.2,2015-10-29
19868,2016-05-16 14:09:00,2016-05-16,0.0083,0.0,0.0,15629.0,0.0083,0.0083,0.0083,10000449,2016-06-22,2016-06-22,C,2.2,2015-10-29
19869,2016-05-16 14:10:00,2016-05-16,0.0083,0.0,0.0,15629.0,0.0083,0.0083,0.0083,10000449,2016-06-22,2016-06-22,C,2.2,2015-10-29
19870,2016-05-16 14:11:00,2016-05-16,0.0083,830.0,10.0,15639.0,0.0083,0.0083,0.0083,10000449,2016-06-22,2016-06-22,C,2.2,2015-10-29
19871,2016-05-16 14:12:00,2016-05-16,0.0083,0.0,0.0,15639.0,0.0083,0.0083,0.0083,10000449,2016-06-22,2016-06-22,C,2.2,2015-10-29
19872,2016-05-16 14:13:00,2016-05-16,0.0083,0.0,0.0,15639.0,0.0083,0.0083,0.0083,10000449,2016-06-22,2016-06-22,C,2.2,2015-10-29
19873,2016-05-16 14:14:00,2016-05-16,0.0083,0.0,0.0,15639.0,0.0083,0.0083,0.0083,10000449,2016-06-22,2016-06-22,C,2.2,2015-10-29
19874,2016-05-16 14:15:00,2016-05-16,0.0083,820.0,10.0,15641.0,0.0083,0.0082,0.0082,10000449,2016-06-22,2016-06-22,C,2.2,2015-10-29
19875,2016-05-16 14:16:00,2016-05-16,0.0082,800.0,10.0,15651.0,0.0082,0.008,0.008,10000449,2016-06-22,2016-06-22,C,2.2,2015-10-29
19876,2016-05-16 14:17:00,2016-05-16,0.008,780.0,10.0,15661.0,0.008,0.0078,0.0078,10000449,2016-06-22,2016-06-22,C,2.2,2015-10-29
19877,2016-05-16 14:18:00,2016-05-16,0.0078,462.0,6.0,15662.0,0.0078,0.0077,0.0077,10000449,2016-06-22,2016-06-22,C,2.2,2015-10-29
19878,2016-05-16 14:19:00,2016-05-16,0.0079,395.0,5.0,15667.0,0.0077,0.0079,0.0077,10000449,2016-06-22,2016-06-22,C,2.2,2015-10-29
19879,2016-05-16 14:20:00,2016-05-16,0.0081,2574.0,32.0,15688.0,0.0081,0.008,0.0078,10000449,2016-06-22,2016-06-22,C,2.2,2015-10-29
19880,2016-05-16 14:21:00,2016-05-16,0.0081,324.0,4.0,15688.0,0.008,0.0081,0.008,10000449,2016-06-22,2016-06-22,C,2.2,2015-10-29
19881,2016-05-16 14:22:00,2016-05-16,0.0081,80.0,1.0,15689.0,0.0081,0.008,0.008,10000449,2016-06-22,2016-06-22,C,2.2,2015-10-29
19882,2016-05-16 14:23:00,2016-05-16,0.008,80.0,1.0,15690.0,0.008,0.008,0.008,10000449,2016-06-22,2016-06-22,C,2.2,2015-10-29
19883,2016-05-16 14:24:00,2016-05-16,0.008,1600.0,20.0,15680.0,0.008,0.008,0.008,10000449,2016-06-22,2016-06-22,C,2.2,2015-10-29
19884,2016-05-16 14:25:00,2016-05-16,0.008,0.0,0.0,15680.0,0.008,0.008,0.008,10000449,2016-06-22,2016-06-22,C,2.2,2015-10-29
19885,2016-05-16 14:26:00,2016-05-16,0.008,790.0,10.0,15690.0,0.008,0.0079,0.0079,10000449,2016-06-22,2016-06-22,C,2.2,2015-10-29
19886,2016-05-16 14:27:00,2016-05-16,0.0079,0.0,0.0,15690.0,0.0079,0.0079,0.0079,10000449,2016-06-22,2016-06-22,C,2.2,2015-10-29
19887,2016-05-16 14:28:00,2016-05-16,0.008,800.0,10.0,15690.0,0.0079,0.008,0.0079,10000449,2016-06-22,2016-06-22,C,2.2,2015-10-29
19888,2016-05-16 14:29:00,2016-05-16,0.008,0.0,0.0,15690.0,0.008,0.008,0.008,10000449,2016-06-22,2016-06-22,C,2.2,2015-10-29
19889,2016-05-16 14:30:00,2016-05-16,0.0082,327.0,4.0,15690.0,0.008,0.0082,0.008,10000449,2016-06-22,2016-06-22,C,2.2,2015-10-29
19890,2016-05-16 14:31:00,2016-05-16,0.0082,0.0,0.0,15690.0,0.0082,0.0082,0.0082,10000449,2016-06-22,2016-06-22,C,2.2,2015-10-29
19891,2016-05-16 14:32:00,2016-05-16,0.0082,164.0,2.0,15692.0,0.0082,0.0082,0.0082,10000449,2016-06-22,2016-06-22,C,2.2,2015-10-29
19892,2016-05-16 14:33:00,2016-05-16,0.0082,328.0,4.0,15696.0,0.0082,0.0082,0.0082,10000449,2016-06-22,2016-06-22,C,2.2,2015-10-29
19893,2016-05-16 14:34:00,2016-05-16,0.0083,996.0,12.0,15696.0,0.0082,0.0083,0.0082,10000449,2016-06-22,2016-06-22,C,2.2,2015-10-29
19894,2016-05-16 14:35:00,2016-05-16,0.0083,0.0,0.0,15696.0,0.0083,0.0083,0.0083,10000449,2016-06-22,2016-06-22,C,2.2,2015-10-29
19895,2016-05-16 14:36:00,2016-05-16,0.0083,572.0,7.0,15703.0,0.0083,0.008,0.008,10000449,2016-06-22,2016-06-22,C,2.2,2015-10-29
19896,2016-05-16 14:37:00,2016-05-16,0.0083,412.0,5.0,15708.0,0.008,0.0083,0.008,10000449,2016-06-22,2016-06-22,C,2.2,2015-10-29
19897,2016-05-16 14:38:00,2016-05-16,0.0084,1342.0,16.0,15701.0,0.0083,0.0084,0.0082,10000449,2016-06-22,2016-06-22,C,2.2,2015-10-29
19898,2016-05-16 14:39:00,2016-05-16,0.0084,0.0,0.0,15701.0,0.0084,0.0084,0.0084,10000449,2016-06-22,2016-06-22,C,2.2,2015-10-29
19899,2016-05-16 14:40:00,2016-05-16,0.0084,84.0,1.0,15702.0,0.0084,0.0084,0.0084,10000449,2016-06-22,2016-06-22,C,2.2,2015-10-29
19900,2016-05-16 14:41:00,2016-05-16,0.0084,0.0,0.0,15702.0,0.0084,0.0084,0.0084,10000449,2016-06-22,2016-06-22,C,2.2,2015-10-29
19901,2016-05-16 14:42:00,2016-05-16,0.0084,0.0,0.0,15702.0,0.0084,0.0084,0.0084,10000449,2016-06-22,2016-06-22,C,2.2,2015-10-29
19902,2016-05-16 14:43:00,2016-05-16,0.0084,0.0,0.0,15702.0,0.0084,0.0084,0.0084,10000449,2016-06-22,2016-06-22,C,2.2,2015-10-29
19903,2016-05-16 14:44:00,2016-05-16,0.0084,82.0,1.0,15703.0,0.0084,0.0082,0.0082,10000449,2016-06-22,2016-06-22,C,2.2,2015-10-29
19904,2016-05-16 14:45:00,2016-05-16,0.0082,0.0,0.0,15703.0,0.0082,0.0082,0.0082,10000449,2016-06-22,2016-06-22,C,2.2,2015-10-29
19905,2016-05-16 14:46:00,2016-05-16,0.0083,581.0,7.0,15710.0,0.0082,0.0083,0.0082,10000449,2016-06-22,2016-06-22,C,2.2,2015-10-29
19906,2016-05-16 14:47:00,2016-05-16,0.0083,830.0,10.0,15720.0,0.0083,0.0083,0.0083,10000449,2016-06-22,2016-06-22,C,2.2,2015-10-29
19907,2016-05-16 14:48:00,2016-05-16,0.0083,0.0,0.0,15720.0,0.0083,0.0083,0.0083,10000449,2016-06-22,2016-06-22,C,2.2,2015-10-29
19908,2016-05-16 14:49:00,2016-05-16,0.0083,0.0,0.0,15720.0,0.0083,0.0083,0.0083,10000449,2016-06-22,2016-06-22,C,2.2,2015-10-29
19909,2016-05-16 14:50:00,2016-05-16,0.0083,166.0,2.0,15722.0,0.0083,0.0083,0.0083,10000449,2016-06-22,2016-06-22,C,2.2,2015-10-29
19910,2016-05-16 14:51:00,2016-05-16,0.0084,2666.0,32.0,15743.0,0.0083,0.0084,0.0082,10000449,2016-06-22,2016-06-22,C,2.2,2015-10-29
19911,2016-05-16 14:52:00,2016-05-16,0.0082,1230.0,15.0,15758.0,0.0082,0.0082,0.0082,10000449,2016-06-22,2016-06-22,C,2.2,2015-10-29
19912,2016-05-16 14:53:00,2016-05-16,0.0082,492.0,6.0,15764.0,0.0082,0.0082,0.0082,10000449,2016-06-22,2016-06-22,C,2.2,2015-10-29
19913,2016-05-16 14:54:00,2016-05-16,0.0082,0.0,0.0,15764.0,0.0082,0.0082,0.0082,10000449,2016-06-22,2016-06-22,C,2.2,2015-10-29
19914,2016-05-16 14:55:00,2016-05-16,0.0083,2216.0,27.0,15789.0,0.0082,0.0083,0.0082,10000449,2016-06-22,2016-06-22,C,2.2,2015-10-29
19915,2016-05-16 14:56:00,2016-05-16,0.0083,1492.0,18.0,15807.0,0.0083,0.0081,0.0081,10000449,2016-06-22,2016-06-22,C,2.2,2015-10-29
19916,2016-05-16 14:57:00,2016-05-16,0.0081,405.0,5.0,15812.0,0.0081,0.0081,0.0081,10000449,2016-06-22,2016-06-22,C,2.2,2015-10-29
19917,2016-05-16 14:58:00,2016-05-16,0.0081,0.0,0.0,15812.0,0.0081,0.0081,0.0081,10000449,2016-06-22,2016-06-22,C,2.2,2015-10-29
19918,2016-05-16 14:59:00,2016-05-16,0.0081,0.0,0.0,15812.0,0.0081,0.0081,0.0081,10000449,2016-06-22,2016-06-22,C,2.2,2015-10-29
19919,2016-05-16 15:00:00,2016-05-16,0.0081,0.0,0.0,15812.0,0.0081,0.0081,0.0081,10000449,2016-06-22,2016-06-22,C,2.2,2015-10-29
19920,2016-05-16 09:31:00,2016-05-16,0.1575,0.0,0.0,1542.0,0.1575,0.1575,0.1575,10000621,2016-12-28,2016-12-28,P,2.055,2016-04-28
19921,2016-05-16 09:32:00,2016-05-16,0.1575,0.0,0.0,1542.0,0.1575,0.1575,0.1575,10000621,2016-12-28,2016-12-28,P,2.055,2016-04-28
19922,2016-05-16 09:33:00,2016-05-16,0.1575,0.0,0.0,1542.0,0.1575,0.1575,0.1575,10000621,2016-12-28,2016-12-28,P,2.055,2016-04-28
19923,2016-05-16 09:34:00,2016-05-16,0.1575,0.0,0.0,1542.0,0.1575,0.1575,0.1575,10000621,2016-12-28,2016-12-28,P,2.055,2016-04-28
19924,2016-05-16 09:35:00,2016-05-16,0.1575,0.0,0.0,1542.0,0.1575,0.1575,0.1575,10000621,2016-12-28,2016-12-28,P,2.055,2016-04-28
19925,2016-05-16 09:36:00,2016-05-16,0.1574,4722.0,3.0,1545.0,0.1575,0.1574,0.1574,10000621,2016-12-28,2016-12-28,P,2.055,2016-04-28
19926,2016-05-16 09:37:00,2016-05-16,0.1576,12608.0,8.0,1553.0,0.1576,0.1576,0.1576,10000621,2016-12-28,2016-12-28,P,2.055,2016-04-28
19927,2016-05-16 09:38:00,2016-05-16,0.1576,0.0,0.0,1553.0,0.1576,0.1576,0.1576,10000621,2016-12-28,2016-12-28,P,2.055,2016-04-28
19928,2016-05-16 09:39:00,2016-05-16,0.1576,0.0,0.0,1553.0,0.1576,0.1576,0.1576,10000621,2016-12-28,2016-12-28,P,2.055,2016-04-28
19929,2016-05-16 09:40:00,2016-05-16,0.1576,0.0,0.0,1553.0,0.1576,0.1576,0.1576,10000621,2016-12-28,2016-12-28,P,2.055,2016-04-28
19930,2016-05-16 09:41:00,2016-05-16,0.1578,15780.0,10.0,1553.0,0.1576,0.1578,0.1576,10000621,2016-12-28,2016-12-28,P,2.055,2016-04-28
19931,2016-05-16 09:42:00,2016-05-16,0.1578,0.0,0.0,1553.0,0.1578,0.1578,0.1578,10000621,2016-12-28,2016-12-28,P,2.055,2016-04-28
19932,2016-05-16 09:43:00,2016-05-16,0.1578,0.0,0.0,1553.0,0.1578,0.1578,0.1578,10000621,2016-12-28,2016-12-28,P,2.055,2016-04-28
19933,2016-05-16 09:44:00,2016-05-16,0.1578,0.0,0.0,1553.0,0.1578,0.1578,0.1578,10000621,2016-12-28,2016-12-28,P,2.055,2016-04-28
19934,2016-05-16 09:45:00,2016-05-16,0.1578,0.0,0.0,1553.0,0.1578,0.1578,0.1578,10000621,2016-12-28,2016-12-28,P,2.055,2016-04-28
19935,2016-05-16 09:46:00,2016-05-16,0.1591,7955.0,5.0,1555.0,0.1578,0.1591,0.1578,10000621,2016-12-28,2016-12-28,P,2.055,2016-04-28
19936,2016-05-16 09:47:00,2016-05-16,0.1591,0.0,0.0,1555.0,0.1591,0.1591,0.1591,10000621,2016-12-28,2016-12-28,P,2.055,2016-04-28
19937,2016-05-16 09:48:00,2016-05-16,0.1591,0.0,0.0,1555.0,0.1591,0.1591,0.1591,10000621,2016-12-28,2016-12-28,P,2.055,2016-04-28
19938,2016-05-16 09:49:00,2016-05-16,0.1591,0.0,0.0,1555.0,0.1591,0.1591,0.1591,10000621,2016-12-28,2016-12-28,P,2.055,2016-04-28
19939,2016-05-16 09:50:00,2016-05-16,0.1592,3184.0,2.0,1557.0,0.1591,0.1592,0.1591,10000621,2016-12-28,2016-12-28,P,2.055,2016-04-28
19940,2016-05-16 09:51:00,2016-05-16,0.1592,0.0,0.0,1557.0,0.1592,0.1592,0.1592,10000621,2016-12-28,2016-12-28,P,2.055,2016-04-28
19941,2016-05-16 09:52:00,2016-05-16,0.1594,3188.0,2.0,1559.0,0.1592,0.1594,0.1592,10000621,2016-12-28,2016-12-28,P,2.055,2016-04-28
19942,2016-05-16 09:53:00,2016-05-16,0.1627,46986.0,29.0,1570.0,0.1594,0.1627,0.1594,10000621,2016-12-28,2016-12-28,P,2.055,2016-04-28
19943,2016-05-16 09:54:00,2016-05-16,0.1627,17826.0,11.0,1578.0,0.1627,0.162,0.162,10000621,2016-12-28,2016-12-28,P,2.055,2016-04-28
19944,2016-05-16 09:55:00,2016-05-16,0.162,0.0,0.0,1578.0,0.162,0.162,0.162,10000621,2016-12-28,2016-12-28,P,2.055,2016-04-28
19945,2016-05-16 09:56:00,2016-05-16,0.162,0.0,0.0,1578.0,0.162,0.162,0.162,10000621,2016-12-28,2016-12-28,P,2.055,2016-04-28
19946,2016-05-16 09:57:00,2016-05-16,0.162,0.0,0.0,1578.0,0.162,0.162,0.162,10000621,2016-12-28,2016-12-28,P,2.055,2016-04-28
19947,2016-05-16 09:58:00,2016-05-16,0.162,0.0,0.0,1578.0,0.162,0.162,0.162,10000621,2016-12-28,2016-12-28,P,2.055,2016-04-28
19948,2016-05-16 09:59:00,2016-05-16,0.162,0.0,0.0,1578.0,0.162,0.162,0.162,10000621,2016-12-28,2016-12-28,P,2.055,2016-04-28
19949,2016-05-16 10:00:00,2016-05-16,0.162,0.0,0.0,1578.0,0.162,0.162,0.162,10000621,2016-12-28,2016-12-28,P,2.055,2016-04-28
19950,2016-05-16 10:01:00,2016-05-16,0.162,0.0,0.0,1578.0,0.162,0.162,0.162,10000621,2016-12-28,2016-12-28,P,2.055,2016-04-28
19951,2016-05-16 10:02:00,2016-05-16,0.162,0.0,0.0,1578.0,0.162,0.162,0.162,10000621,2016-12-28,2016-12-28,P,2.055,2016-04-28
19952,2016-05-16 10:03:00,2016-05-16,0.162,0.0,0.0,1578.0,0.162,0.162,0.162,10000621,2016-12-28,2016-12-28,P,2.055,2016-04-28
19953,2016-05-16 10:04:00,2016-05-16,0.162,0.0,0.0,1578.0,0.162,0.162,0.162,10000621,2016-12-28,2016-12-28,P,2.055,2016-04-28
19954,2016-05-16 10:05:00,2016-05-16,0.162,0.0,0.0,1578.0,0.162,0.162,0.162,10000621,2016-12-28,2016-12-28,P,2.055,2016-04-28
19955,2016-05-16 10:06:00,2016-05-16,0.162,0.0,0.0,1578.0,0.162,0.162,0.162,10000621,2016-12-28,2016-12-28,P,2.055,2016-04-28
19956,2016-05-16 10:07:00,2016-05-16,0.162,0.0,0.0,1578.0,0.162,0.162,0.162,10000621,2016-12-28,2016-12-28,P,2.055,2016-04-28
19957,2016-05-16 10:08:00,2016-05-16,0.162,0.0,0.0,1578.0,0.162,0.162,0.162,10000621,2016-12-28,2016-12-28,P,2.055,2016-04-28
19958,2016-05-16 10:09:00,2016-05-16,0.162,0.0,0.0,1578.0,0.162,0.162,0.162,10000621,2016-12-28,2016-12-28,P,2.055,2016-04-28
19959,2016-05-16 10:10:00,2016-05-16,0.162,0.0,0.0,1578.0,0.162,0.162,0.162,10000621,2016-12-28,2016-12-28,P,2.055,2016-04-28
19960,2016-05-16 10:11:00,2016-05-16,0.162,0.0,0.0,1578.0,0.162,0.162,0.162,10000621,2016-12-28,2016-12-28,P,2.055,2016-04-28
19961,2016-05-16 10:12:00,2016-05-16,0.162,0.0,0.0,1578.0,0.162,0.162,0.162,10000621,2016-12-28,2016-12-28,P,2.055,2016-04-28
19962,2016-05-16 10:13:00,2016-05-16,0.162,0.0,0.0,1578.0,0.162,0.162,0.162,10000621,2016-12-28,2016-12-28,P,2.055,2016-04-28
19963,2016-05-16 10:14:00,2016-05-16,0.162,0.0,0.0,1578.0,0.162,0.162,0.162,10000621,2016-12-28,2016-12-28,P,2.055,2016-04-28
19964,2016-05-16 10:15:00,2016-05-16,0.162,0.0,0.0,1578.0,0.162,0.162,0.162,10000621,2016-12-28,2016-12-28,P,2.055,2016-04-28
19965,2016-05-16 10:16:00,2016-05-16,0.162,0.0,0.0,1578.0,0.162,0.162,0.162,10000621,2016-12-28,2016-12-28,P,2.055,2016-04-28
19966,2016-05-16 10:17:00,2016-05-16,0.162,0.0,0.0,1578.0,0.162,0.162,0.162,10000621,2016-12-28,2016-12-28,P,2.055,2016-04-28
19967,2016-05-16 10:18:00,2016-05-16,0.162,0.0,0.0,1578.0,0.162,0.162,0.162,10000621,2016-12-28,2016-12-28,P,2.055,2016-04-28
19968,2016-05-16 10:19:00,2016-05-16,0.162,0.0,0.0,1578.0,0.162,0.162,0.162,10000621,2016-12-28,2016-12-28,P,2.055,2016-04-28
19969,2016-05-16 10:20:00,2016-05-16,0.162,0.0,0.0,1578.0,0.162,0.162,0.162,10000621,2016-12-28,2016-12-28,P,2.055,2016-04-28
19970,2016-05-16 10:21:00,2016-05-16,0.162,0.0,0.0,1578.0,0.162,0.162,0.162,10000621,2016-12-28,2016-12-28,P,2.055,2016-04-28
19971,2016-05-16 10:22:00,2016-05-16,0.162,0.0,0.0,1578.0,0.162,0.162,0.162,10000621,2016-12-28,2016-12-28,P,2.055,2016-04-28
19972,2016-05-16 10:23:00,2016-05-16,0.162,0.0,0.0,1578.0,0.162,0.162,0.162,10000621,2016-12-28,2016-12-28,P,2.055,2016-04-28
19973,2016-05-16 10:24:00,2016-05-16,0.162,0.0,0.0,1578.0,0.162,0.162,0.162,10000621,2016-12-28,2016-12-28,P,2.055,2016-04-28
19974,2016-05-16 10:25:00,2016-05-16,0.162,0.0,0.0,1578.0,0.162,0.162,0.162,10000621,2016-12-28,2016-12-28,P,2.055,2016-04-28
19975,2016-05-16 10:26:00,2016-05-16,0.1638,22900.0,14.0,1582.0,0.162,0.163,0.162,10000621,2016-12-28,2016-12-28,P,2.055,2016-04-28
19976,2016-05-16 10:27:00,2016-05-16,0.163,0.0,0.0,1582.0,0.163,0.163,0.163,10000621,2016-12-28,2016-12-28,P,2.055,2016-04-28
19977,2016-05-16 10:28:00,2016-05-16,0.1658,23212.0,14.0,1572.0,0.1658,0.1658,0.1658,10000621,2016-12-28,2016-12-28,P,2.055,2016-04-28
19978,2016-05-16 10:29:00,2016-05-16,0.1658,16300.0,10.0,1582.0,0.1658,0.163,0.163,10000621,2016-12-28,2016-12-28,P,2.055,2016-04-28
19979,2016-05-16 10:30:00,2016-05-16,0.1652,18150.0,11.0,1593.0,0.1652,0.163,0.163,10000621,2016-12-28,2016-12-28,P,2.055,2016-04-28
19980,2016-05-16 10:31:00,2016-05-16,0.165,26120.0,16.0,1603.0,0.163,0.163,0.163,10000621,2016-12-28,2016-12-28,P,2.055,2016-04-28
19981,2016-05-16 10:32:00,2016-05-16,0.1649,16490.0,10.0,1603.0,0.163,0.1649,0.163,10000621,2016-12-28,2016-12-28,P,2.055,2016-04-28
19982,2016-05-16 10:33:00,2016-05-16,0.1649,0.0,0.0,1603.0,0.1649,0.1649,0.1649,10000621,2016-12-28,2016-12-28,P,2.055,2016-04-28
19983,2016-05-16 10:34:00,2016-05-16,0.1649,1630.0,1.0,1604.0,0.1649,0.163,0.163,10000621,2016-12-28,2016-12-28,P,2.055,2016-04-28
19984,2016-05-16 10:35:00,2016-05-16,0.163,0.0,0.0,1604.0,0.163,0.163,0.163,10000621,2016-12-28,2016-12-28,P,2.055,2016-04-28
19985,2016-05-16 10:36:00,2016-05-16,0.163,1630.0,1.0,1605.0,0.163,0.163,0.163,10000621,2016-12-28,2016-12-28,P,2.055,2016-04-28
19986,2016-05-16 10:37:00,2016-05-16,0.163,0.0,0.0,1605.0,0.163,0.163,0.163,10000621,2016-12-28,2016-12-28,P,2.055,2016-04-28
19987,2016-05-16 10:38:00,2016-05-16,0.163,0.0,0.0,1605.0,0.163,0.163,0.163,10000621,2016-12-28,2016-12-28,P,2.055,2016-04-28
19988,2016-05-16 10:39:00,2016-05-16,0.1633,3266.0,2.0,1607.0,0.163,0.1633,0.163,10000621,2016-12-28,2016-12-28,P,2.055,2016-04-28
19989,2016-05-16 10:40:00,2016-05-16,0.1657,65680.0,40.0,1647.0,0.1657,0.1633,0.1633,10000621,2016-12-28,2016-12-28,P,2.055,2016-04-28
19990,2016-05-16 10:41:00,2016-05-16,0.1633,0.0,0.0,1647.0,0.1633,0.1633,0.1633,10000621,2016-12-28,2016-12-28,P,2.055,2016-04-28
19991,2016-05-16 10:42:00,2016-05-16,0.1633,0.0,0.0,1647.0,0.1633,0.1633,0.1633,10000621,2016-12-28,2016-12-28,P,2.055,2016-04-28
19992,2016-05-16 10:43:00,2016-05-16,0.16399999999999998,16400.0,10.0,1657.0,0.1633,0.16399999999999998,0.1633,10000621,2016-12-28,2016-12-28,P,2.055,2016-04-28
19993,2016-05-16 10:44:00,2016-05-16,0.1643,65660.0,40.0,1697.0,0.16399999999999998,0.16399999999999998,0.16399999999999998,10000621,2016-12-28,2016-12-28,P,2.055,2016-04-28
19994,2016-05-16 10:45:00,2016-05-16,0.16399999999999998,0.0,0.0,1697.0,0.16399999999999998,0.16399999999999998,0.16399999999999998,10000621,2016-12-28,2016-12-28,P,2.055,2016-04-28
19995,2016-05-16 10:46:00,2016-05-16,0.16399999999999998,0.0,0.0,1697.0,0.16399999999999998,0.16399999999999998,0.16399999999999998,10000621,2016-12-28,2016-12-28,P,2.055,2016-04-28
19996,2016-05-16 10:47:00,2016-05-16,0.1657,49690.0,30.0,1707.0,0.16399999999999998,0.1656,0.16399999999999998,10000621,2016-12-28,2016-12-28,P,2.055,2016-04-28
19997,2016-05-16 10:48:00,2016-05-16,0.1656,4950.0,3.0,1710.0,0.1656,0.165,0.165,10000621,2016-12-28,2016-12-28,P,2.055,2016-04-28
19998,2016-05-16 10:49:00,2016-05-16,0.165,1650.0,1.0,1711.0,0.165,0.165,0.165,10000621,2016-12-28,2016-12-28,P,2.055,2016-04-28
19999,2016-05-16 10:50:00,2016-05-16,0.1667,33310.0,20.0,1722.0,0.165,0.1664,0.165,10000621,2016-12-28,2016-12-28,P,2.055,2016-04-28
20000,2016-05-16 10:51:00,2016-05-16,0.1664,92360.0,56.0,1751.0,0.1664,0.1653,0.1645,10000621,2016-12-28,2016-12-28,P,2.055,2016-04-28
20001,2016-05-16 10:52:00,2016-05-16,0.16399999999999998,11480.0,7.0,1758.0,0.16399999999999998,0.16399999999999998,0.16399999999999998,10000621,2016-12-28,2016-12-28,P,2.055,2016-04-28
20002,2016-05-16 10:53:00,2016-05-16,0.1641,22961.0,14.0,1771.0,0.16399999999999998,0.16399999999999998,0.16399999999999998,10000621,2016-12-28,2016-12-28,P,2.055,2016-04-28
20003,2016-05-16 10:54:00,2016-05-16,0.1649,6596.0,4.0,1775.0,0.16399999999999998,0.1649,0.16399999999999998,10000621,2016-12-28,2016-12-28,P,2.055,2016-04-28
20004,2016-05-16 10:55:00,2016-05-16,0.1649,21374.0,13.0,1788.0,0.1649,0.16399999999999998,0.16399999999999998,10000621,2016-12-28,2016-12-28,P,2.055,2016-04-28
20005,2016-05-16 10:56:00,2016-05-16,0.16399999999999998,21270.0,13.0,1801.0,0.16399999999999998,0.1635,0.1635,10000621,2016-12-28,2016-12-28,P,2.055,2016-04-28
20006,2016-05-16 10:57:00,2016-05-16,0.1635,0.0,0.0,1801.0,0.1635,0.1635,0.1635,10000621,2016-12-28,2016-12-28,P,2.055,2016-04-28
20007,2016-05-16 10:58:00,2016-05-16,0.1635,8165.0,5.0,1806.0,0.1635,0.1633,0.1633,10000621,2016-12-28,2016-12-28,P,2.055,2016-04-28
20008,2016-05-16 10:59:00,2016-05-16,0.1633,89723.0,55.0,1810.0,0.1633,0.163,0.163,10000621,2016-12-28,2016-12-28,P,2.055,2016-04-28
20009,2016-05-16 11:00:00,2016-05-16,0.163,17846.0,11.0,1817.0,0.163,0.1622,0.1622,10000621,2016-12-28,2016-12-28,P,2.055,2016-04-28
20010,2016-05-16 11:01:00,2016-05-16,0.1622,11342.0,7.0,1823.0,0.1622,0.162,0.162,10000621,2016-12-28,2016-12-28,P,2.055,2016-04-28
20011,2016-05-16 11:02:00,2016-05-16,0.162,6480.0,4.0,1827.0,0.162,0.162,0.162,10000621,2016-12-28,2016-12-28,P,2.055,2016-04-28
20012,2016-05-16 11:03:00,2016-05-16,0.162,0.0,0.0,1827.0,0.162,0.162,0.162,10000621,2016-12-28,2016-12-28,P,2.055,2016-04-28
20013,2016-05-16 11:04:00,2016-05-16,0.162,0.0,0.0,1827.0,0.162,0.162,0.162,10000621,2016-12-28,2016-12-28,P,2.055,2016-04-28
20014,2016-05-16 11:05:00,2016-05-16,0.162,0.0,0.0,1827.0,0.162,0.162,0.162,10000621,2016-12-28,2016-12-28,P,2.055,2016-04-28
20015,2016-05-16 11:06:00,2016-05-16,0.162,0.0,0.0,1827.0,0.162,0.162,0.162,10000621,2016-12-28,2016-12-28,P,2.055,2016-04-28
20016,2016-05-16 11:07:00,2016-05-16,0.1629,3258.0,2.0,1827.0,0.162,0.1629,0.162,10000621,2016-12-28,2016-12-28,P,2.055,2016-04-28
20017,2016-05-16 11:08:00,2016-05-16,0.1629,1615.0,1.0,1828.0,0.1629,0.1615,0.1615,10000621,2016-12-28,2016-12-28,P,2.055,2016-04-28
20018,2016-05-16 11:09:00,2016-05-16,0.1615,0.0,0.0,1828.0,0.1615,0.1615,0.1615,10000621,2016-12-28,2016-12-28,P,2.055,2016-04-28
20019,2016-05-16 11:10:00,2016-05-16,0.162,1620.0,1.0,1829.0,0.1615,0.162,0.1615,10000621,2016-12-28,2016-12-28,P,2.055,2016-04-28
20020,2016-05-16 11:11:00,2016-05-16,0.162,0.0,0.0,1829.0,0.162,0.162,0.162,10000621,2016-12-28,2016-12-28,P,2.055,2016-04-28
20021,2016-05-16 11:12:00,2016-05-16,0.162,0.0,0.0,1829.0,0.162,0.162,0.162,10000621,2016-12-28,2016-12-28,P,2.055,2016-04-28
20022,2016-05-16 11:13:00,2016-05-16,0.1641,55670.0,34.0,1843.0,0.1636,0.1635,0.1635,10000621,2016-12-28,2016-12-28,P,2.055,2016-04-28
20023,2016-05-16 11:14:00,2016-05-16,0.1635,26160.0,16.0,1859.0,0.1635,0.1635,0.1635,10000621,2016-12-28,2016-12-28,P,2.055,2016-04-28
20024,2016-05-16 11:15:00,2016-05-16,0.1635,1631.0,1.0,1858.0,0.1635,0.1631,0.1631,10000621,2016-12-28,2016-12-28,P,2.055,2016-04-28
20025,2016-05-16 11:16:00,2016-05-16,0.1631,17940.0,11.0,1868.0,0.1631,0.1631,0.163,10000621,2016-12-28,2016-12-28,P,2.055,2016-04-28
20026,2016-05-16 11:17:00,2016-05-16,0.1631,0.0,0.0,1868.0,0.1631,0.1631,0.1631,10000621,2016-12-28,2016-12-28,P,2.055,2016-04-28
20027,2016-05-16 11:18:00,2016-05-16,0.1631,0.0,0.0,1868.0,0.1631,0.1631,0.1631,10000621,2016-12-28,2016-12-28,P,2.055,2016-04-28
20028,2016-05-16 11:19:00,2016-05-16,0.1635,32660.0,20.0,1888.0,0.1631,0.1631,0.1631,10000621,2016-12-28,2016-12-28,P,2.055,2016-04-28
20029,2016-05-16 11:20:00,2016-05-16,0.1631,0.0,0.0,1888.0,0.1631,0.1631,0.1631,10000621,2016-12-28,2016-12-28,P,2.055,2016-04-28
20030,2016-05-16 11:21:00,2016-05-16,0.1631,16310.0,10.0,1898.0,0.1631,0.1631,0.1631,10000621,2016-12-28,2016-12-28,P,2.055,2016-04-28
20031,2016-05-16 11:22:00,2016-05-16,0.1631,16310.0,10.0,1908.0,0.1631,0.1631,0.1631,10000621,2016-12-28,2016-12-28,P,2.055,2016-04-28
20032,2016-05-16 11:23:00,2016-05-16,0.1631,16310.0,10.0,1918.0,0.1631,0.1631,0.1631,10000621,2016-12-28,2016-12-28,P,2.055,2016-04-28
20033,2016-05-16 11:24:00,2016-05-16,0.1631,16310.0,10.0,1928.0,0.1631,0.1631,0.1631,10000621,2016-12-28,2016-12-28,P,2.055,2016-04-28
20034,2016-05-16 11:25:00,2016-05-16,0.1631,0.0,0.0,1928.0,0.1631,0.1631,0.1631,10000621,2016-12-28,2016-12-28,P,2.055,2016-04-28
20035,2016-05-16 11:26:00,2016-05-16,0.1652,16520.0,10.0,1938.0,0.1631,0.1652,0.1631,10000621,2016-12-28,2016-12-28,P,2.055,2016-04-28
20036,2016-05-16 11:27:00,2016-05-16,0.1663,16630.0,10.0,1948.0,0.1652,0.1663,0.1652,10000621,2016-12-28,2016-12-28,P,2.055,2016-04-28
20037,2016-05-16 11:28:00,2016-05-16,0.1665,18255.0,11.0,1958.0,0.1663,0.1665,0.1659,10000621,2016-12-28,2016-12-28,P,2.055,2016-04-28
20038,2016-05-16 11:29:00,2016-05-16,0.1665,16620.0,10.0,1968.0,0.1665,0.1662,0.1662,10000621,2016-12-28,2016-12-28,P,2.055,2016-04-28
20039,2016-05-16 11:30:00,2016-05-16,0.1664,16640.0,10.0,1978.0,0.1662,0.1664,0.1662,10000621,2016-12-28,2016-12-28,P,2.055,2016-04-28
20040,2016-05-16 13:01:00,2016-05-16,0.1664,0.0,0.0,1978.0,0.1664,0.1664,0.1664,10000621,2016-12-28,2016-12-28,P,2.055,2016-04-28
20041,2016-05-16 13:02:00,2016-05-16,0.1664,0.0,0.0,1978.0,0.1664,0.1664,0.1664,10000621,2016-12-28,2016-12-28,P,2.055,2016-04-28
20042,2016-05-16 13:03:00,2016-05-16,0.1664,0.0,0.0,1978.0,0.1664,0.1664,0.1664,10000621,2016-12-28,2016-12-28,P,2.055,2016-04-28
20043,2016-05-16 13:04:00,2016-05-16,0.1664,16440.0,10.0,1988.0,0.1664,0.1644,0.1644,10000621,2016-12-28,2016-12-28,P,2.055,2016-04-28
20044,2016-05-16 13:05:00,2016-05-16,0.1644,0.0,0.0,1988.0,0.1644,0.1644,0.1644,10000621,2016-12-28,2016-12-28,P,2.055,2016-04-28
20045,2016-05-16 13:06:00,2016-05-16,0.1644,0.0,0.0,1988.0,0.1644,0.1644,0.1644,10000621,2016-12-28,2016-12-28,P,2.055,2016-04-28
20046,2016-05-16 13:07:00,2016-05-16,0.1644,0.0,0.0,1988.0,0.1644,0.1644,0.1644,10000621,2016-12-28,2016-12-28,P,2.055,2016-04-28
20047,2016-05-16 13:08:00,2016-05-16,0.1644,0.0,0.0,1988.0,0.1644,0.1644,0.1644,10000621,2016-12-28,2016-12-28,P,2.055,2016-04-28
20048,2016-05-16 13:09:00,2016-05-16,0.1651,16509.0,10.0,1993.0,0.1644,0.1651,0.1644,10000621,2016-12-28,2016-12-28,P,2.055,2016-04-28
20049,2016-05-16 13:10:00,2016-05-16,0.1651,0.0,0.0,1993.0,0.1651,0.1651,0.1651,10000621,2016-12-28,2016-12-28,P,2.055,2016-04-28
20050,2016-05-16 13:11:00,2016-05-16,0.1653,16528.0,10.0,2003.0,0.1651,0.1653,0.1651,10000621,2016-12-28,2016-12-28,P,2.055,2016-04-28
20051,2016-05-16 13:12:00,2016-05-16,0.1653,0.0,0.0,2003.0,0.1653,0.1653,0.1653,10000621,2016-12-28,2016-12-28,P,2.055,2016-04-28
20052,2016-05-16 13:13:00,2016-05-16,0.1657,14913.0,9.0,2012.0,0.1657,0.1657,0.1657,10000621,2016-12-28,2016-12-28,P,2.055,2016-04-28
20053,2016-05-16 13:14:00,2016-05-16,0.1657,0.0,0.0,2012.0,0.1657,0.1657,0.1657,10000621,2016-12-28,2016-12-28,P,2.055,2016-04-28
20054,2016-05-16 13:15:00,2016-05-16,0.1657,49510.0,30.0,2042.0,0.1657,0.1651,0.165,10000621,2016-12-28,2016-12-28,P,2.055,2016-04-28
20055,2016-05-16 13:16:00,2016-05-16,0.1669,49990.0,30.0,2062.0,0.1651,0.1669,0.1651,10000621,2016-12-28,2016-12-28,P,2.055,2016-04-28
20056,2016-05-16 13:17:00,2016-05-16,0.1672,16720.0,10.0,2072.0,0.1669,0.1672,0.1669,10000621,2016-12-28,2016-12-28,P,2.055,2016-04-28
20057,2016-05-16 13:18:00,2016-05-16,0.1672,0.0,0.0,2072.0,0.1672,0.1672,0.1672,10000621,2016-12-28,2016-12-28,P,2.055,2016-04-28
20058,2016-05-16 13:19:00,2016-05-16,0.1672,0.0,0.0,2072.0,0.1672,0.1672,0.1672,10000621,2016-12-28,2016-12-28,P,2.055,2016-04-28
20059,2016-05-16 13:20:00,2016-05-16,0.1672,0.0,0.0,2072.0,0.1672,0.1672,0.1672,10000621,2016-12-28,2016-12-28,P,2.055,2016-04-28
20060,2016-05-16 13:21:00,2016-05-16,0.1672,49950.0,30.0,2092.0,0.1672,0.1665,0.1665,10000621,2016-12-28,2016-12-28,P,2.055,2016-04-28
20061,2016-05-16 13:22:00,2016-05-16,0.1665,0.0,0.0,2092.0,0.1665,0.1665,0.1665,10000621,2016-12-28,2016-12-28,P,2.055,2016-04-28
20062,2016-05-16 13:23:00,2016-05-16,0.1665,0.0,0.0,2092.0,0.1665,0.1665,0.1665,10000621,2016-12-28,2016-12-28,P,2.055,2016-04-28
20063,2016-05-16 13:24:00,2016-05-16,0.1685,40349.0,24.0,2111.0,0.1665,0.1684,0.1665,10000621,2016-12-28,2016-12-28,P,2.055,2016-04-28
20064,2016-05-16 13:25:00,2016-05-16,0.1687,16870.0,10.0,2121.0,0.1684,0.1687,0.1684,10000621,2016-12-28,2016-12-28,P,2.055,2016-04-28
20065,2016-05-16 13:26:00,2016-05-16,0.1689,16890.0,10.0,2131.0,0.1689,0.1689,0.1689,10000621,2016-12-28,2016-12-28,P,2.055,2016-04-28
20066,2016-05-16 13:27:00,2016-05-16,0.1691,16910.0,10.0,2141.0,0.1689,0.1691,0.1689,10000621,2016-12-28,2016-12-28,P,2.055,2016-04-28
20067,2016-05-16 13:28:00,2016-05-16,0.1691,0.0,0.0,2141.0,0.1691,0.1691,0.1691,10000621,2016-12-28,2016-12-28,P,2.055,2016-04-28
20068,2016-05-16 13:29:00,2016-05-16,0.1691,16740.0,10.0,2151.0,0.1691,0.1674,0.1674,10000621,2016-12-28,2016-12-28,P,2.055,2016-04-28
20069,2016-05-16 13:30:00,2016-05-16,0.1674,16740.0,10.0,2161.0,0.1674,0.1674,0.1674,10000621,2016-12-28,2016-12-28,P,2.055,2016-04-28
20070,2016-05-16 13:31:00,2016-05-16,0.1687,16870.0,10.0,2171.0,0.1674,0.1687,0.1674,10000621,2016-12-28,2016-12-28,P,2.055,2016-04-28
20071,2016-05-16 13:32:00,2016-05-16,0.1687,0.0,0.0,2171.0,0.1687,0.1687,0.1687,10000621,2016-12-28,2016-12-28,P,2.055,2016-04-28
20072,2016-05-16 13:33:00,2016-05-16,0.1687,0.0,0.0,2171.0,0.1687,0.1687,0.1687,10000621,2016-12-28,2016-12-28,P,2.055,2016-04-28
20073,2016-05-16 13:34:00,2016-05-16,0.1687,16720.0,10.0,2181.0,0.1687,0.1672,0.1672,10000621,2016-12-28,2016-12-28,P,2.055,2016-04-28
20074,2016-05-16 13:35:00,2016-05-16,0.1672,16700.0,10.0,2191.0,0.1672,0.16699999999999998,0.16699999999999998,10000621,2016-12-28,2016-12-28,P,2.055,2016-04-28
20075,2016-05-16 13:36:00,2016-05-16,0.1662,33230.0,20.0,2201.0,0.1662,0.1661,0.1661,10000621,2016-12-28,2016-12-28,P,2.055,2016-04-28
20076,2016-05-16 13:37:00,2016-05-16,0.1661,0.0,0.0,2201.0,0.1661,0.1661,0.1661,10000621,2016-12-28,2016-12-28,P,2.055,2016-04-28
20077,2016-05-16 13:38:00,2016-05-16,0.1661,0.0,0.0,2201.0,0.1661,0.1661,0.1661,10000621,2016-12-28,2016-12-28,P,2.055,2016-04-28
20078,2016-05-16 13:39:00,2016-05-16,0.1661,0.0,0.0,2201.0,0.1661,0.1661,0.1661,10000621,2016-12-28,2016-12-28,P,2.055,2016-04-28
20079,2016-05-16 13:40:00,2016-05-16,0.1661,0.0,0.0,2201.0,0.1661,0.1661,0.1661,10000621,2016-12-28,2016-12-28,P,2.055,2016-04-28
20080,2016-05-16 13:41:00,2016-05-16,0.1661,0.0,0.0,2201.0,0.1661,0.1661,0.1661,10000621,2016-12-28,2016-12-28,P,2.055,2016-04-28
20081,2016-05-16 13:42:00,2016-05-16,0.1661,0.0,0.0,2201.0,0.1661,0.1661,0.1661,10000621,2016-12-28,2016-12-28,P,2.055,2016-04-28
20082,2016-05-16 13:43:00,2016-05-16,0.1684,16840.0,10.0,2211.0,0.1684,0.1684,0.1684,10000621,2016-12-28,2016-12-28,P,2.055,2016-04-28
20083,2016-05-16 13:44:00,2016-05-16,0.1661,3322.0,2.0,2213.0,0.1661,0.1661,0.1661,10000621,2016-12-28,2016-12-28,P,2.055,2016-04-28
20084,2016-05-16 13:45:00,2016-05-16,0.1661,0.0,0.0,2213.0,0.1661,0.1661,0.1661,10000621,2016-12-28,2016-12-28,P,2.055,2016-04-28
20085,2016-05-16 13:46:00,2016-05-16,0.1661,0.0,0.0,2213.0,0.1661,0.1661,0.1661,10000621,2016-12-28,2016-12-28,P,2.055,2016-04-28
20086,2016-05-16 13:47:00,2016-05-16,0.1661,0.0,0.0,2213.0,0.1661,0.1661,0.1661,10000621,2016-12-28,2016-12-28,P,2.055,2016-04-28
20087,2016-05-16 13:48:00,2016-05-16,0.1661,13288.0,8.0,2221.0,0.1661,0.1661,0.1661,10000621,2016-12-28,2016-12-28,P,2.055,2016-04-28
20088,2016-05-16 13:49:00,2016-05-16,0.1661,0.0,0.0,2221.0,0.1661,0.1661,0.1661,10000621,2016-12-28,2016-12-28,P,2.055,2016-04-28
20089,2016-05-16 13:50:00,2016-05-16,0.1661,1655.0,1.0,2222.0,0.1661,0.1655,0.1655,10000621,2016-12-28,2016-12-28,P,2.055,2016-04-28
20090,2016-05-16 13:51:00,2016-05-16,0.1655,47875.0,29.0,2231.0,0.1655,0.1648,0.1648,10000621,2016-12-28,2016-12-28,P,2.055,2016-04-28
20091,2016-05-16 13:52:00,2016-05-16,0.1648,0.0,0.0,2231.0,0.1648,0.1648,0.1648,10000621,2016-12-28,2016-12-28,P,2.055,2016-04-28
20092,2016-05-16 13:53:00,2016-05-16,0.1648,0.0,0.0,2231.0,0.1648,0.1648,0.1648,10000621,2016-12-28,2016-12-28,P,2.055,2016-04-28
20093,2016-05-16 13:54:00,2016-05-16,0.1648,0.0,0.0,2231.0,0.1648,0.1648,0.1648,10000621,2016-12-28,2016-12-28,P,2.055,2016-04-28
20094,2016-05-16 13:55:00,2016-05-16,0.1648,0.0,0.0,2231.0,0.1648,0.1648,0.1648,10000621,2016-12-28,2016-12-28,P,2.055,2016-04-28
20095,2016-05-16 13:56:00,2016-05-16,0.1648,0.0,0.0,2231.0,0.1648,0.1648,0.1648,10000621,2016-12-28,2016-12-28,P,2.055,2016-04-28
20096,2016-05-16 13:57:00,2016-05-16,0.1648,0.0,0.0,2231.0,0.1648,0.1648,0.1648,10000621,2016-12-28,2016-12-28,P,2.055,2016-04-28
20097,2016-05-16 13:58:00,2016-05-16,0.1648,0.0,0.0,2231.0,0.1648,0.1648,0.1648,10000621,2016-12-28,2016-12-28,P,2.055,2016-04-28
20098,2016-05-16 13:59:00,2016-05-16,0.1648,0.0,0.0,2231.0,0.1648,0.1648,0.1648,10000621,2016-12-28,2016-12-28,P,2.055,2016-04-28
20099,2016-05-16 14:00:00,2016-05-16,0.1648,0.0,0.0,2231.0,0.1648,0.1648,0.1648,10000621,2016-12-28,2016-12-28,P,2.055,2016-04-28
20100,2016-05-16 14:01:00,2016-05-16,0.1648,0.0,0.0,2231.0,0.1648,0.1648,0.1648,10000621,2016-12-28,2016-12-28,P,2.055,2016-04-28
20101,2016-05-16 14:02:00,2016-05-16,0.1648,0.0,0.0,2231.0,0.1648,0.1648,0.1648,10000621,2016-12-28,2016-12-28,P,2.055,2016-04-28
20102,2016-05-16 14:03:00,2016-05-16,0.1648,0.0,0.0,2231.0,0.1648,0.1648,0.1648,10000621,2016-12-28,2016-12-28,P,2.055,2016-04-28
20103,2016-05-16 14:04:00,2016-05-16,0.1648,0.0,0.0,2231.0,0.1648,0.1648,0.1648,10000621,2016-12-28,2016-12-28,P,2.055,2016-04-28
20104,2016-05-16 14:05:00,2016-05-16,0.1648,0.0,0.0,2231.0,0.1648,0.1648,0.1648,10000621,2016-12-28,2016-12-28,P,2.055,2016-04-28
20105,2016-05-16 14:06:00,2016-05-16,0.1648,0.0,0.0,2231.0,0.1648,0.1648,0.1648,10000621,2016-12-28,2016-12-28,P,2.055,2016-04-28
20106,2016-05-16 14:07:00,2016-05-16,0.1648,1640.0,1.0,2232.0,0.1648,0.16399999999999998,0.16399999999999998,10000621,2016-12-28,2016-12-28,P,2.055,2016-04-28
20107,2016-05-16 14:08:00,2016-05-16,0.16399999999999998,0.0,0.0,2232.0,0.16399999999999998,0.16399999999999998,0.16399999999999998,10000621,2016-12-28,2016-12-28,P,2.055,2016-04-28
20108,2016-05-16 14:09:00,2016-05-16,0.16399999999999998,0.0,0.0,2232.0,0.16399999999999998,0.16399999999999998,0.16399999999999998,10000621,2016-12-28,2016-12-28,P,2.055,2016-04-28
20109,2016-05-16 14:10:00,2016-05-16,0.16399999999999998,0.0,0.0,2232.0,0.16399999999999998,0.16399999999999998,0.16399999999999998,10000621,2016-12-28,2016-12-28,P,2.055,2016-04-28
20110,2016-05-16 14:11:00,2016-05-16,0.16399999999999998,0.0,0.0,2232.0,0.16399999999999998,0.16399999999999998,0.16399999999999998,10000621,2016-12-28,2016-12-28,P,2.055,2016-04-28
20111,2016-05-16 14:12:00,2016-05-16,0.16399999999999998,1627.0,1.0,2232.0,0.16399999999999998,0.1627,0.1627,10000621,2016-12-28,2016-12-28,P,2.055,2016-04-28
20112,2016-05-16 14:13:00,2016-05-16,0.1627,0.0,0.0,2232.0,0.1627,0.1627,0.1627,10000621,2016-12-28,2016-12-28,P,2.055,2016-04-28
20113,2016-05-16 14:14:00,2016-05-16,0.1627,0.0,0.0,2232.0,0.1627,0.1627,0.1627,10000621,2016-12-28,2016-12-28,P,2.055,2016-04-28
20114,2016-05-16 14:15:00,2016-05-16,0.1627,0.0,0.0,2232.0,0.1627,0.1627,0.1627,10000621,2016-12-28,2016-12-28,P,2.055,2016-04-28
20115,2016-05-16 14:16:00,2016-05-16,0.1627,0.0,0.0,2232.0,0.1627,0.1627,0.1627,10000621,2016-12-28,2016-12-28,P,2.055,2016-04-28
20116,2016-05-16 14:17:00,2016-05-16,0.1627,0.0,0.0,2232.0,0.1627,0.1627,0.1627,10000621,2016-12-28,2016-12-28,P,2.055,2016-04-28
20117,2016-05-16 14:18:00,2016-05-16,0.1666,16645.0,10.0,2242.0,0.1627,0.1666,0.1627,10000621,2016-12-28,2016-12-28,P,2.055,2016-04-28
20118,2016-05-16 14:19:00,2016-05-16,0.1666,8330.0,5.0,2243.0,0.1666,0.1666,0.1666,10000621,2016-12-28,2016-12-28,P,2.055,2016-04-28
20119,2016-05-16 14:20:00,2016-05-16,0.1676,76486.0,46.0,2279.0,0.1666,0.165,0.165,10000621,2016-12-28,2016-12-28,P,2.055,2016-04-28
20120,2016-05-16 14:21:00,2016-05-16,0.165,0.0,0.0,2279.0,0.165,0.165,0.165,10000621,2016-12-28,2016-12-28,P,2.055,2016-04-28
20121,2016-05-16 14:22:00,2016-05-16,0.165,0.0,0.0,2279.0,0.165,0.165,0.165,10000621,2016-12-28,2016-12-28,P,2.055,2016-04-28
20122,2016-05-16 14:23:00,2016-05-16,0.165,0.0,0.0,2279.0,0.165,0.165,0.165,10000621,2016-12-28,2016-12-28,P,2.055,2016-04-28
20123,2016-05-16 14:24:00,2016-05-16,0.1674,16740.0,10.0,2289.0,0.165,0.1674,0.165,10000621,2016-12-28,2016-12-28,P,2.055,2016-04-28
20124,2016-05-16 14:25:00,2016-05-16,0.1675,33490.0,20.0,2309.0,0.1674,0.1675,0.1674,10000621,2016-12-28,2016-12-28,P,2.055,2016-04-28
20125,2016-05-16 14:26:00,2016-05-16,0.168,16800.0,10.0,2319.0,0.1675,0.168,0.1675,10000621,2016-12-28,2016-12-28,P,2.055,2016-04-28
20126,2016-05-16 14:27:00,2016-05-16,0.168,0.0,0.0,2319.0,0.168,0.168,0.168,10000621,2016-12-28,2016-12-28,P,2.055,2016-04-28
20127,2016-05-16 14:28:00,2016-05-16,0.1682,33620.0,20.0,2329.0,0.168,0.1682,0.168,10000621,2016-12-28,2016-12-28,P,2.055,2016-04-28
20128,2016-05-16 14:29:00,2016-05-16,0.1683,16830.0,10.0,2339.0,0.1683,0.1683,0.1683,10000621,2016-12-28,2016-12-28,P,2.055,2016-04-28
20129,2016-05-16 14:30:00,2016-05-16,0.1683,0.0,0.0,2339.0,0.1683,0.1683,0.1683,10000621,2016-12-28,2016-12-28,P,2.055,2016-04-28
20130,2016-05-16 14:31:00,2016-05-16,0.168,33580.0,20.0,2347.0,0.1678,0.168,0.1678,10000621,2016-12-28,2016-12-28,P,2.055,2016-04-28
20131,2016-05-16 14:32:00,2016-05-16,0.168,33450.0,20.0,2357.0,0.168,0.1665,0.1665,10000621,2016-12-28,2016-12-28,P,2.055,2016-04-28
20132,2016-05-16 14:33:00,2016-05-16,0.1665,0.0,0.0,2357.0,0.1665,0.1665,0.1665,10000621,2016-12-28,2016-12-28,P,2.055,2016-04-28
20133,2016-05-16 14:34:00,2016-05-16,0.1665,16650.0,10.0,2367.0,0.1665,0.1665,0.1665,10000621,2016-12-28,2016-12-28,P,2.055,2016-04-28
20134,2016-05-16 14:35:00,2016-05-16,0.1665,0.0,0.0,2367.0,0.1665,0.1665,0.1665,10000621,2016-12-28,2016-12-28,P,2.055,2016-04-28
20135,2016-05-16 14:36:00,2016-05-16,0.1665,0.0,0.0,2367.0,0.1665,0.1665,0.1665,10000621,2016-12-28,2016-12-28,P,2.055,2016-04-28
20136,2016-05-16 14:37:00,2016-05-16,0.1675,31707.0,19.0,2365.0,0.1665,0.1661,0.1661,10000621,2016-12-28,2016-12-28,P,2.055,2016-04-28
20137,2016-05-16 14:38:00,2016-05-16,0.1674,33470.0,20.0,2375.0,0.1661,0.1674,0.1661,10000621,2016-12-28,2016-12-28,P,2.055,2016-04-28
20138,2016-05-16 14:39:00,2016-05-16,0.1674,0.0,0.0,2375.0,0.1674,0.1674,0.1674,10000621,2016-12-28,2016-12-28,P,2.055,2016-04-28
20139,2016-05-16 14:40:00,2016-05-16,0.1679,40256.0,24.0,2399.0,0.1678,0.1679,0.1676,10000621,2016-12-28,2016-12-28,P,2.055,2016-04-28
20140,2016-05-16 14:41:00,2016-05-16,0.1681,26884.0,16.0,2402.0,0.1679,0.1681,0.1679,10000621,2016-12-28,2016-12-28,P,2.055,2016-04-28
20141,2016-05-16 14:42:00,2016-05-16,0.1681,0.0,0.0,2402.0,0.1681,0.1681,0.1681,10000621,2016-12-28,2016-12-28,P,2.055,2016-04-28
20142,2016-05-16 14:43:00,2016-05-16,0.1681,16810.0,10.0,2412.0,0.1681,0.1681,0.1681,10000621,2016-12-28,2016-12-28,P,2.055,2016-04-28
20143,2016-05-16 14:44:00,2016-05-16,0.1681,0.0,0.0,2412.0,0.1681,0.1681,0.1681,10000621,2016-12-28,2016-12-28,P,2.055,2016-04-28
20144,2016-05-16 14:45:00,2016-05-16,0.1681,0.0,0.0,2412.0,0.1681,0.1681,0.1681,10000621,2016-12-28,2016-12-28,P,2.055,2016-04-28
20145,2016-05-16 14:46:00,2016-05-16,0.1689,50610.0,30.0,2432.0,0.1686,0.1689,0.1686,10000621,2016-12-28,2016-12-28,P,2.055,2016-04-28
20146,2016-05-16 14:47:00,2016-05-16,0.1689,16890.0,10.0,2440.0,0.1689,0.1689,0.1689,10000621,2016-12-28,2016-12-28,P,2.055,2016-04-28
20147,2016-05-16 14:48:00,2016-05-16,0.16899999999999998,16900.0,10.0,2450.0,0.16899999999999998,0.16899999999999998,0.16899999999999998,10000621,2016-12-28,2016-12-28,P,2.055,2016-04-28
20148,2016-05-16 14:49:00,2016-05-16,0.1693,33830.0,20.0,2470.0,0.16899999999999998,0.16899999999999998,0.16899999999999998,10000621,2016-12-28,2016-12-28,P,2.055,2016-04-28
20149,2016-05-16 14:50:00,2016-05-16,0.16899999999999998,36988.0,22.0,2490.0,0.16899999999999998,0.1689,0.1664,10000621,2016-12-28,2016-12-28,P,2.055,2016-04-28
20150,2016-05-16 14:51:00,2016-05-16,0.16899999999999998,16900.0,10.0,2500.0,0.1689,0.16899999999999998,0.1689,10000621,2016-12-28,2016-12-28,P,2.055,2016-04-28
20151,2016-05-16 14:52:00,2016-05-16,0.1691,16910.0,10.0,2510.0,0.16899999999999998,0.1691,0.16899999999999998,10000621,2016-12-28,2016-12-28,P,2.055,2016-04-28
20152,2016-05-16 14:53:00,2016-05-16,0.1693,16930.0,10.0,2520.0,0.1691,0.1693,0.1691,10000621,2016-12-28,2016-12-28,P,2.055,2016-04-28
20153,2016-05-16 14:54:00,2016-05-16,0.1696,55838.0,33.0,2549.0,0.1693,0.1696,0.1668,10000621,2016-12-28,2016-12-28,P,2.055,2016-04-28
20154,2016-05-16 14:55:00,2016-05-16,0.1696,8480.0,5.0,2549.0,0.1696,0.1696,0.1696,10000621,2016-12-28,2016-12-28,P,2.055,2016-04-28
20155,2016-05-16 14:56:00,2016-05-16,0.1696,0.0,0.0,2549.0,0.1696,0.1696,0.1696,10000621,2016-12-28,2016-12-28,P,2.055,2016-04-28
20156,2016-05-16 14:57:00,2016-05-16,0.1696,0.0,0.0,2549.0,0.1696,0.1696,0.1696,10000621,2016-12-28,2016-12-28,P,2.055,2016-04-28
20157,2016-05-16 14:58:00,2016-05-16,0.1696,0.0,0.0,2549.0,0.1696,0.1696,0.1696,10000621,2016-12-28,2016-12-28,P,2.055,2016-04-28
20158,2016-05-16 14:59:00,2016-05-16,0.1696,0.0,0.0,2549.0,0.1696,0.1696,0.1696,10000621,2016-12-28,2016-12-28,P,2.055,2016-04-28
20159,2016-05-16 15:00:00,2016-05-16,0.1696,0.0,0.0,2549.0,0.1696,0.1696,0.1696,10000621,2016-12-28,2016-12-28,P,2.055,2016-04-28
20160,2016-05-16 09:31:00,2016-05-16,0.0017,0.0,0.0,8153.0,0.0017,0.0017,0.0017,10000463,2016-06-22,2016-06-22,C,2.45,2015-11-05
20161,2016-05-16 09:32:00,2016-05-16,0.0017,0.0,0.0,8153.0,0.0017,0.0017,0.0017,10000463,2016-06-22,2016-06-22,C,2.45,2015-11-05
20162,2016-05-16 09:33:00,2016-05-16,0.0017,0.0,0.0,8153.0,0.0017,0.0017,0.0017,10000463,2016-06-22,2016-06-22,C,2.45,2015-11-05
20163,2016-05-16 09:34:00,2016-05-16,0.0017,0.0,0.0,8153.0,0.0017,0.0017,0.0017,10000463,2016-06-22,2016-06-22,C,2.45,2015-11-05
20164,2016-05-16 09:35:00,2016-05-16,0.0017,0.0,0.0,8153.0,0.0017,0.0017,0.0017,10000463,2016-06-22,2016-06-22,C,2.45,2015-11-05
20165,2016-05-16 09:36:00,2016-05-16,0.0012,288.0,24.0,8147.0,0.0012,0.0012,0.0012,10000463,2016-06-22,2016-06-22,C,2.45,2015-11-05
20166,2016-05-16 09:37:00,2016-05-16,0.0012,0.0,0.0,8147.0,0.0012,0.0012,0.0012,10000463,2016-06-22,2016-06-22,C,2.45,2015-11-05
20167,2016-05-16 09:38:00,2016-05-16,0.0012,0.0,0.0,8147.0,0.0012,0.0012,0.0012,10000463,2016-06-22,2016-06-22,C,2.45,2015-11-05
20168,2016-05-16 09:39:00,2016-05-16,0.0012,0.0,0.0,8147.0,0.0012,0.0012,0.0012,10000463,2016-06-22,2016-06-22,C,2.45,2015-11-05
20169,2016-05-16 09:40:00,2016-05-16,0.0012,0.0,0.0,8147.0,0.0012,0.0012,0.0012,10000463,2016-06-22,2016-06-22,C,2.45,2015-11-05
20170,2016-05-16 09:41:00,2016-05-16,0.0012,0.0,0.0,8147.0,0.0012,0.0012,0.0012,10000463,2016-06-22,2016-06-22,C,2.45,2015-11-05
20171,2016-05-16 09:42:00,2016-05-16,0.0012,0.0,0.0,8147.0,0.0012,0.0012,0.0012,10000463,2016-06-22,2016-06-22,C,2.45,2015-11-05
20172,2016-05-16 09:43:00,2016-05-16,0.0012,0.0,0.0,8147.0,0.0012,0.0012,0.0012,10000463,2016-06-22,2016-06-22,C,2.45,2015-11-05
20173,2016-05-16 09:44:00,2016-05-16,0.0014,140.0,10.0,8147.0,0.0012,0.0014,0.0012,10000463,2016-06-22,2016-06-22,C,2.45,2015-11-05
20174,2016-05-16 09:45:00,2016-05-16,0.0014,0.0,0.0,8147.0,0.0014,0.0014,0.0014,10000463,2016-06-22,2016-06-22,C,2.45,2015-11-05
20175,2016-05-16 09:46:00,2016-05-16,0.0014,0.0,0.0,8147.0,0.0014,0.0014,0.0014,10000463,2016-06-22,2016-06-22,C,2.45,2015-11-05
20176,2016-05-16 09:47:00,2016-05-16,0.0014,0.0,0.0,8147.0,0.0014,0.0014,0.0014,10000463,2016-06-22,2016-06-22,C,2.45,2015-11-05
20177,2016-05-16 09:48:00,2016-05-16,0.0014,0.0,0.0,8147.0,0.0014,0.0014,0.0014,10000463,2016-06-22,2016-06-22,C,2.45,2015-11-05
20178,2016-05-16 09:49:00,2016-05-16,0.0014,0.0,0.0,8147.0,0.0014,0.0014,0.0014,10000463,2016-06-22,2016-06-22,C,2.45,2015-11-05
20179,2016-05-16 09:50:00,2016-05-16,0.0014,0.0,0.0,8147.0,0.0014,0.0014,0.0014,10000463,2016-06-22,2016-06-22,C,2.45,2015-11-05
20180,2016-05-16 09:51:00,2016-05-16,0.0014,0.0,0.0,8147.0,0.0014,0.0014,0.0014,10000463,2016-06-22,2016-06-22,C,2.45,2015-11-05
20181,2016-05-16 09:52:00,2016-05-16,0.0014,0.0,0.0,8147.0,0.0014,0.0014,0.0014,10000463,2016-06-22,2016-06-22,C,2.45,2015-11-05
20182,2016-05-16 09:53:00,2016-05-16,0.0014,53.0,4.0,8144.0,0.0014,0.0014,0.0013,10000463,2016-06-22,2016-06-22,C,2.45,2015-11-05
20183,2016-05-16 09:54:00,2016-05-16,0.0014,91.0,7.0,8144.0,0.0014,0.0013,0.0013,10000463,2016-06-22,2016-06-22,C,2.45,2015-11-05
20184,2016-05-16 09:55:00,2016-05-16,0.0013,0.0,0.0,8144.0,0.0013,0.0013,0.0013,10000463,2016-06-22,2016-06-22,C,2.45,2015-11-05
20185,2016-05-16 09:56:00,2016-05-16,0.0013,0.0,0.0,8144.0,0.0013,0.0013,0.0013,10000463,2016-06-22,2016-06-22,C,2.45,2015-11-05
20186,2016-05-16 09:57:00,2016-05-16,0.0013,0.0,0.0,8144.0,0.0013,0.0013,0.0013,10000463,2016-06-22,2016-06-22,C,2.45,2015-11-05
20187,2016-05-16 09:58:00,2016-05-16,0.0014,420.0,30.0,8154.0,0.0013,0.0014,0.0013,10000463,2016-06-22,2016-06-22,C,2.45,2015-11-05
20188,2016-05-16 09:59:00,2016-05-16,0.0014,0.0,0.0,8154.0,0.0014,0.0014,0.0014,10000463,2016-06-22,2016-06-22,C,2.45,2015-11-05
20189,2016-05-16 10:00:00,2016-05-16,0.0013,13.0,1.0,8153.0,0.0013,0.0013,0.0013,10000463,2016-06-22,2016-06-22,C,2.45,2015-11-05
20190,2016-05-16 10:01:00,2016-05-16,0.0013,0.0,0.0,8153.0,0.0013,0.0013,0.0013,10000463,2016-06-22,2016-06-22,C,2.45,2015-11-05
20191,2016-05-16 10:02:00,2016-05-16,0.0013,0.0,0.0,8153.0,0.0013,0.0013,0.0013,10000463,2016-06-22,2016-06-22,C,2.45,2015-11-05
20192,2016-05-16 10:03:00,2016-05-16,0.0013,0.0,0.0,8153.0,0.0013,0.0013,0.0013,10000463,2016-06-22,2016-06-22,C,2.45,2015-11-05
20193,2016-05-16 10:04:00,2016-05-16,0.0013,0.0,0.0,8153.0,0.0013,0.0013,0.0013,10000463,2016-06-22,2016-06-22,C,2.45,2015-11-05
20194,2016-05-16 10:05:00,2016-05-16,0.0013,0.0,0.0,8153.0,0.0013,0.0013,0.0013,10000463,2016-06-22,2016-06-22,C,2.45,2015-11-05
20195,2016-05-16 10:06:00,2016-05-16,0.0013,0.0,0.0,8153.0,0.0013,0.0013,0.0013,10000463,2016-06-22,2016-06-22,C,2.45,2015-11-05
20196,2016-05-16 10:07:00,2016-05-16,0.0013,0.0,0.0,8153.0,0.0013,0.0013,0.0013,10000463,2016-06-22,2016-06-22,C,2.45,2015-11-05
20197,2016-05-16 10:08:00,2016-05-16,0.0013,0.0,0.0,8153.0,0.0013,0.0013,0.0013,10000463,2016-06-22,2016-06-22,C,2.45,2015-11-05
20198,2016-05-16 10:09:00,2016-05-16,0.0013,0.0,0.0,8153.0,0.0013,0.0013,0.0013,10000463,2016-06-22,2016-06-22,C,2.45,2015-11-05
20199,2016-05-16 10:10:00,2016-05-16,0.0013,0.0,0.0,8153.0,0.0013,0.0013,0.0013,10000463,2016-06-22,2016-06-22,C,2.45,2015-11-05
20200,2016-05-16 10:11:00,2016-05-16,0.0013,0.0,0.0,8153.0,0.0013,0.0013,0.0013,10000463,2016-06-22,2016-06-22,C,2.45,2015-11-05
20201,2016-05-16 10:12:00,2016-05-16,0.0013,0.0,0.0,8153.0,0.0013,0.0013,0.0013,10000463,2016-06-22,2016-06-22,C,2.45,2015-11-05
20202,2016-05-16 10:13:00,2016-05-16,0.0013,0.0,0.0,8153.0,0.0013,0.0013,0.0013,10000463,2016-06-22,2016-06-22,C,2.45,2015-11-05
20203,2016-05-16 10:14:00,2016-05-16,0.0013,0.0,0.0,8153.0,0.0013,0.0013,0.0013,10000463,2016-06-22,2016-06-22,C,2.45,2015-11-05
20204,2016-05-16 10:15:00,2016-05-16,0.0013,0.0,0.0,8153.0,0.0013,0.0013,0.0013,10000463,2016-06-22,2016-06-22,C,2.45,2015-11-05
20205,2016-05-16 10:16:00,2016-05-16,0.0013,0.0,0.0,8153.0,0.0013,0.0013,0.0013,10000463,2016-06-22,2016-06-22,C,2.45,2015-11-05
20206,2016-05-16 10:17:00,2016-05-16,0.0013,0.0,0.0,8153.0,0.0013,0.0013,0.0013,10000463,2016-06-22,2016-06-22,C,2.45,2015-11-05
20207,2016-05-16 10:18:00,2016-05-16,0.0013,0.0,0.0,8153.0,0.0013,0.0013,0.0013,10000463,2016-06-22,2016-06-22,C,2.45,2015-11-05
20208,2016-05-16 10:19:00,2016-05-16,0.0013,0.0,0.0,8153.0,0.0013,0.0013,0.0013,10000463,2016-06-22,2016-06-22,C,2.45,2015-11-05
20209,2016-05-16 10:20:00,2016-05-16,0.0013,0.0,0.0,8153.0,0.0013,0.0013,0.0013,10000463,2016-06-22,2016-06-22,C,2.45,2015-11-05
20210,2016-05-16 10:21:00,2016-05-16,0.0013,0.0,0.0,8153.0,0.0013,0.0013,0.0013,10000463,2016-06-22,2016-06-22,C,2.45,2015-11-05
20211,2016-05-16 10:22:00,2016-05-16,0.0013,0.0,0.0,8153.0,0.0013,0.0013,0.0013,10000463,2016-06-22,2016-06-22,C,2.45,2015-11-05
20212,2016-05-16 10:23:00,2016-05-16,0.0013,0.0,0.0,8153.0,0.0013,0.0013,0.0013,10000463,2016-06-22,2016-06-22,C,2.45,2015-11-05
20213,2016-05-16 10:24:00,2016-05-16,0.0013,0.0,0.0,8153.0,0.0013,0.0013,0.0013,10000463,2016-06-22,2016-06-22,C,2.45,2015-11-05
20214,2016-05-16 10:25:00,2016-05-16,0.0013,0.0,0.0,8153.0,0.0013,0.0013,0.0013,10000463,2016-06-22,2016-06-22,C,2.45,2015-11-05
20215,2016-05-16 10:26:00,2016-05-16,0.0013,0.0,0.0,8153.0,0.0013,0.0013,0.0013,10000463,2016-06-22,2016-06-22,C,2.45,2015-11-05
20216,2016-05-16 10:27:00,2016-05-16,0.0013,0.0,0.0,8153.0,0.0013,0.0013,0.0013,10000463,2016-06-22,2016-06-22,C,2.45,2015-11-05
20217,2016-05-16 10:28:00,2016-05-16,0.0013,0.0,0.0,8153.0,0.0013,0.0013,0.0013,10000463,2016-06-22,2016-06-22,C,2.45,2015-11-05
20218,2016-05-16 10:29:00,2016-05-16,0.0013,0.0,0.0,8153.0,0.0013,0.0013,0.0013,10000463,2016-06-22,2016-06-22,C,2.45,2015-11-05
20219,2016-05-16 10:30:00,2016-05-16,0.0015,150.0,10.0,8163.0,0.0013,0.0015,0.0013,10000463,2016-06-22,2016-06-22,C,2.45,2015-11-05
20220,2016-05-16 10:31:00,2016-05-16,0.0015,0.0,0.0,8163.0,0.0015,0.0015,0.0015,10000463,2016-06-22,2016-06-22,C,2.45,2015-11-05
20221,2016-05-16 10:32:00,2016-05-16,0.0015,0.0,0.0,8163.0,0.0015,0.0015,0.0015,10000463,2016-06-22,2016-06-22,C,2.45,2015-11-05
20222,2016-05-16 10:33:00,2016-05-16,0.0015,0.0,0.0,8163.0,0.0015,0.0015,0.0015,10000463,2016-06-22,2016-06-22,C,2.45,2015-11-05
20223,2016-05-16 10:34:00,2016-05-16,0.0015,0.0,0.0,8163.0,0.0015,0.0015,0.0015,10000463,2016-06-22,2016-06-22,C,2.45,2015-11-05
20224,2016-05-16 10:35:00,2016-05-16,0.0015,0.0,0.0,8163.0,0.0015,0.0015,0.0015,10000463,2016-06-22,2016-06-22,C,2.45,2015-11-05
20225,2016-05-16 10:36:00,2016-05-16,0.0015,0.0,0.0,8163.0,0.0015,0.0015,0.0015,10000463,2016-06-22,2016-06-22,C,2.45,2015-11-05
20226,2016-05-16 10:37:00,2016-05-16,0.0015,0.0,0.0,8163.0,0.0015,0.0015,0.0015,10000463,2016-06-22,2016-06-22,C,2.45,2015-11-05
20227,2016-05-16 10:38:00,2016-05-16,0.0015,0.0,0.0,8163.0,0.0015,0.0015,0.0015,10000463,2016-06-22,2016-06-22,C,2.45,2015-11-05
20228,2016-05-16 10:39:00,2016-05-16,0.0015,0.0,0.0,8163.0,0.0015,0.0015,0.0015,10000463,2016-06-22,2016-06-22,C,2.45,2015-11-05
20229,2016-05-16 10:40:00,2016-05-16,0.0015,0.0,0.0,8163.0,0.0015,0.0015,0.0015,10000463,2016-06-22,2016-06-22,C,2.45,2015-11-05
20230,2016-05-16 10:41:00,2016-05-16,0.0015,0.0,0.0,8163.0,0.0015,0.0015,0.0015,10000463,2016-06-22,2016-06-22,C,2.45,2015-11-05
20231,2016-05-16 10:42:00,2016-05-16,0.0015,0.0,0.0,8163.0,0.0015,0.0015,0.0015,10000463,2016-06-22,2016-06-22,C,2.45,2015-11-05
20232,2016-05-16 10:43:00,2016-05-16,0.0015,0.0,0.0,8163.0,0.0015,0.0015,0.0015,10000463,2016-06-22,2016-06-22,C,2.45,2015-11-05
20233,2016-05-16 10:44:00,2016-05-16,0.0015,0.0,0.0,8163.0,0.0015,0.0015,0.0015,10000463,2016-06-22,2016-06-22,C,2.45,2015-11-05
20234,2016-05-16 10:45:00,2016-05-16,0.0015,0.0,0.0,8163.0,0.0015,0.0015,0.0015,10000463,2016-06-22,2016-06-22,C,2.45,2015-11-05
20235,2016-05-16 10:46:00,2016-05-16,0.0015,150.0,10.0,8173.0,0.0015,0.0015,0.0015,10000463,2016-06-22,2016-06-22,C,2.45,2015-11-05
20236,2016-05-16 10:47:00,2016-05-16,0.0015,0.0,0.0,8173.0,0.0015,0.0015,0.0015,10000463,2016-06-22,2016-06-22,C,2.45,2015-11-05
20237,2016-05-16 10:48:00,2016-05-16,0.0015,0.0,0.0,8173.0,0.0015,0.0015,0.0015,10000463,2016-06-22,2016-06-22,C,2.45,2015-11-05
20238,2016-05-16 10:49:00,2016-05-16,0.0015,0.0,0.0,8173.0,0.0015,0.0015,0.0015,10000463,2016-06-22,2016-06-22,C,2.45,2015-11-05
20239,2016-05-16 10:50:00,2016-05-16,0.0015,0.0,0.0,8173.0,0.0015,0.0015,0.0015,10000463,2016-06-22,2016-06-22,C,2.45,2015-11-05
20240,2016-05-16 10:51:00,2016-05-16,0.0015,0.0,0.0,8173.0,0.0015,0.0015,0.0015,10000463,2016-06-22,2016-06-22,C,2.45,2015-11-05
20241,2016-05-16 10:52:00,2016-05-16,0.0015,0.0,0.0,8173.0,0.0015,0.0015,0.0015,10000463,2016-06-22,2016-06-22,C,2.45,2015-11-05
20242,2016-05-16 10:53:00,2016-05-16,0.0015,0.0,0.0,8173.0,0.0015,0.0015,0.0015,10000463,2016-06-22,2016-06-22,C,2.45,2015-11-05
20243,2016-05-16 10:54:00,2016-05-16,0.0015,0.0,0.0,8173.0,0.0015,0.0015,0.0015,10000463,2016-06-22,2016-06-22,C,2.45,2015-11-05
20244,2016-05-16 10:55:00,2016-05-16,0.0015,0.0,0.0,8173.0,0.0015,0.0015,0.0015,10000463,2016-06-22,2016-06-22,C,2.45,2015-11-05
20245,2016-05-16 10:56:00,2016-05-16,0.0015,0.0,0.0,8173.0,0.0015,0.0015,0.0015,10000463,2016-06-22,2016-06-22,C,2.45,2015-11-05
20246,2016-05-16 10:57:00,2016-05-16,0.0015,0.0,0.0,8173.0,0.0015,0.0015,0.0015,10000463,2016-06-22,2016-06-22,C,2.45,2015-11-05
20247,2016-05-16 10:58:00,2016-05-16,0.0015,0.0,0.0,8173.0,0.0015,0.0015,0.0015,10000463,2016-06-22,2016-06-22,C,2.45,2015-11-05
20248,2016-05-16 10:59:00,2016-05-16,0.0016,32.0,2.0,8175.0,0.0015,0.0016,0.0015,10000463,2016-06-22,2016-06-22,C,2.45,2015-11-05
20249,2016-05-16 11:00:00,2016-05-16,0.0016,0.0,0.0,8175.0,0.0016,0.0016,0.0016,10000463,2016-06-22,2016-06-22,C,2.45,2015-11-05
20250,2016-05-16 11:01:00,2016-05-16,0.0016,0.0,0.0,8175.0,0.0016,0.0016,0.0016,10000463,2016-06-22,2016-06-22,C,2.45,2015-11-05
20251,2016-05-16 11:02:00,2016-05-16,0.0016,0.0,0.0,8175.0,0.0016,0.0016,0.0016,10000463,2016-06-22,2016-06-22,C,2.45,2015-11-05
20252,2016-05-16 11:03:00,2016-05-16,0.0016,0.0,0.0,8175.0,0.0016,0.0016,0.0016,10000463,2016-06-22,2016-06-22,C,2.45,2015-11-05
20253,2016-05-16 11:04:00,2016-05-16,0.0016,0.0,0.0,8175.0,0.0016,0.0016,0.0016,10000463,2016-06-22,2016-06-22,C,2.45,2015-11-05
20254,2016-05-16 11:05:00,2016-05-16,0.0016,0.0,0.0,8175.0,0.0016,0.0016,0.0016,10000463,2016-06-22,2016-06-22,C,2.45,2015-11-05
20255,2016-05-16 11:06:00,2016-05-16,0.0016,0.0,0.0,8175.0,0.0016,0.0016,0.0016,10000463,2016-06-22,2016-06-22,C,2.45,2015-11-05
20256,2016-05-16 11:07:00,2016-05-16,0.0016,0.0,0.0,8175.0,0.0016,0.0016,0.0016,10000463,2016-06-22,2016-06-22,C,2.45,2015-11-05
20257,2016-05-16 11:08:00,2016-05-16,0.0016,0.0,0.0,8175.0,0.0016,0.0016,0.0016,10000463,2016-06-22,2016-06-22,C,2.45,2015-11-05
20258,2016-05-16 11:09:00,2016-05-16,0.0016,0.0,0.0,8175.0,0.0016,0.0016,0.0016,10000463,2016-06-22,2016-06-22,C,2.45,2015-11-05
20259,2016-05-16 11:10:00,2016-05-16,0.0016,0.0,0.0,8175.0,0.0016,0.0016,0.0016,10000463,2016-06-22,2016-06-22,C,2.45,2015-11-05
20260,2016-05-16 11:11:00,2016-05-16,0.0016,0.0,0.0,8175.0,0.0016,0.0016,0.0016,10000463,2016-06-22,2016-06-22,C,2.45,2015-11-05
20261,2016-05-16 11:12:00,2016-05-16,0.0016,150.0,10.0,8185.0,0.0016,0.0015,0.0015,10000463,2016-06-22,2016-06-22,C,2.45,2015-11-05
20262,2016-05-16 11:13:00,2016-05-16,0.0015,0.0,0.0,8185.0,0.0015,0.0015,0.0015,10000463,2016-06-22,2016-06-22,C,2.45,2015-11-05
20263,2016-05-16 11:14:00,2016-05-16,0.0015,0.0,0.0,8185.0,0.0015,0.0015,0.0015,10000463,2016-06-22,2016-06-22,C,2.45,2015-11-05
20264,2016-05-16 11:15:00,2016-05-16,0.0015,0.0,0.0,8185.0,0.0015,0.0015,0.0015,10000463,2016-06-22,2016-06-22,C,2.45,2015-11-05
20265,2016-05-16 11:16:00,2016-05-16,0.0015,0.0,0.0,8185.0,0.0015,0.0015,0.0015,10000463,2016-06-22,2016-06-22,C,2.45,2015-11-05
20266,2016-05-16 11:17:00,2016-05-16,0.0015,0.0,0.0,8185.0,0.0015,0.0015,0.0015,10000463,2016-06-22,2016-06-22,C,2.45,2015-11-05
20267,2016-05-16 11:18:00,2016-05-16,0.0015,0.0,0.0,8185.0,0.0015,0.0015,0.0015,10000463,2016-06-22,2016-06-22,C,2.45,2015-11-05
20268,2016-05-16 11:19:00,2016-05-16,0.0015,0.0,0.0,8185.0,0.0015,0.0015,0.0015,10000463,2016-06-22,2016-06-22,C,2.45,2015-11-05
20269,2016-05-16 11:20:00,2016-05-16,0.0015,0.0,0.0,8185.0,0.0015,0.0015,0.0015,10000463,2016-06-22,2016-06-22,C,2.45,2015-11-05
20270,2016-05-16 11:21:00,2016-05-16,0.0015,0.0,0.0,8185.0,0.0015,0.0015,0.0015,10000463,2016-06-22,2016-06-22,C,2.45,2015-11-05
20271,2016-05-16 11:22:00,2016-05-16,0.0015,0.0,0.0,8185.0,0.0015,0.0015,0.0015,10000463,2016-06-22,2016-06-22,C,2.45,2015-11-05
20272,2016-05-16 11:23:00,2016-05-16,0.0015,0.0,0.0,8185.0,0.0015,0.0015,0.0015,10000463,2016-06-22,2016-06-22,C,2.45,2015-11-05
20273,2016-05-16 11:24:00,2016-05-16,0.0015,0.0,0.0,8185.0,0.0015,0.0015,0.0015,10000463,2016-06-22,2016-06-22,C,2.45,2015-11-05
20274,2016-05-16 11:25:00,2016-05-16,0.0015,0.0,0.0,8185.0,0.0015,0.0015,0.0015,10000463,2016-06-22,2016-06-22,C,2.45,2015-11-05
20275,2016-05-16 11:26:00,2016-05-16,0.0015,0.0,0.0,8185.0,0.0015,0.0015,0.0015,10000463,2016-06-22,2016-06-22,C,2.45,2015-11-05
20276,2016-05-16 11:27:00,2016-05-16,0.0015,0.0,0.0,8185.0,0.0015,0.0015,0.0015,10000463,2016-06-22,2016-06-22,C,2.45,2015-11-05
20277,2016-05-16 11:28:00,2016-05-16,0.0015,0.0,0.0,8185.0,0.0015,0.0015,0.0015,10000463,2016-06-22,2016-06-22,C,2.45,2015-11-05
20278,2016-05-16 11:29:00,2016-05-16,0.0015,0.0,0.0,8185.0,0.0015,0.0015,0.0015,10000463,2016-06-22,2016-06-22,C,2.45,2015-11-05
20279,2016-05-16 11:30:00,2016-05-16,0.0015,0.0,0.0,8185.0,0.0015,0.0015,0.0015,10000463,2016-06-22,2016-06-22,C,2.45,2015-11-05
20280,2016-05-16 13:01:00,2016-05-16,0.0015,0.0,0.0,8185.0,0.0015,0.0015,0.0015,10000463,2016-06-22,2016-06-22,C,2.45,2015-11-05
20281,2016-05-16 13:02:00,2016-05-16,0.0015,150.0,10.0,8195.0,0.0015,0.0015,0.0015,10000463,2016-06-22,2016-06-22,C,2.45,2015-11-05
20282,2016-05-16 13:03:00,2016-05-16,0.0015,0.0,0.0,8195.0,0.0015,0.0015,0.0015,10000463,2016-06-22,2016-06-22,C,2.45,2015-11-05
20283,2016-05-16 13:04:00,2016-05-16,0.0015,0.0,0.0,8195.0,0.0015,0.0015,0.0015,10000463,2016-06-22,2016-06-22,C,2.45,2015-11-05
20284,2016-05-16 13:05:00,2016-05-16,0.0015,0.0,0.0,8195.0,0.0015,0.0015,0.0015,10000463,2016-06-22,2016-06-22,C,2.45,2015-11-05
20285,2016-05-16 13:06:00,2016-05-16,0.0015,0.0,0.0,8195.0,0.0015,0.0015,0.0015,10000463,2016-06-22,2016-06-22,C,2.45,2015-11-05
20286,2016-05-16 13:07:00,2016-05-16,0.0015,0.0,0.0,8195.0,0.0015,0.0015,0.0015,10000463,2016-06-22,2016-06-22,C,2.45,2015-11-05
20287,2016-05-16 13:08:00,2016-05-16,0.0015,0.0,0.0,8195.0,0.0015,0.0015,0.0015,10000463,2016-06-22,2016-06-22,C,2.45,2015-11-05
20288,2016-05-16 13:09:00,2016-05-16,0.0015,0.0,0.0,8195.0,0.0015,0.0015,0.0015,10000463,2016-06-22,2016-06-22,C,2.45,2015-11-05
20289,2016-05-16 13:10:00,2016-05-16,0.0015,0.0,0.0,8195.0,0.0015,0.0015,0.0015,10000463,2016-06-22,2016-06-22,C,2.45,2015-11-05
20290,2016-05-16 13:11:00,2016-05-16,0.0015,0.0,0.0,8195.0,0.0015,0.0015,0.0015,10000463,2016-06-22,2016-06-22,C,2.45,2015-11-05
20291,2016-05-16 13:12:00,2016-05-16,0.0015,0.0,0.0,8195.0,0.0015,0.0015,0.0015,10000463,2016-06-22,2016-06-22,C,2.45,2015-11-05
20292,2016-05-16 13:13:00,2016-05-16,0.0015,0.0,0.0,8195.0,0.0015,0.0015,0.0015,10000463,2016-06-22,2016-06-22,C,2.45,2015-11-05
20293,2016-05-16 13:14:00,2016-05-16,0.0015,0.0,0.0,8195.0,0.0015,0.0015,0.0015,10000463,2016-06-22,2016-06-22,C,2.45,2015-11-05
20294,2016-05-16 13:15:00,2016-05-16,0.0015,0.0,0.0,8195.0,0.0015,0.0015,0.0015,10000463,2016-06-22,2016-06-22,C,2.45,2015-11-05
20295,2016-05-16 13:16:00,2016-05-16,0.0015,0.0,0.0,8195.0,0.0015,0.0015,0.0015,10000463,2016-06-22,2016-06-22,C,2.45,2015-11-05
20296,2016-05-16 13:17:00,2016-05-16,0.0015,0.0,0.0,8195.0,0.0015,0.0015,0.0015,10000463,2016-06-22,2016-06-22,C,2.45,2015-11-05
20297,2016-05-16 13:18:00,2016-05-16,0.0015,0.0,0.0,8195.0,0.0015,0.0015,0.0015,10000463,2016-06-22,2016-06-22,C,2.45,2015-11-05
20298,2016-05-16 13:19:00,2016-05-16,0.0015,0.0,0.0,8195.0,0.0015,0.0015,0.0015,10000463,2016-06-22,2016-06-22,C,2.45,2015-11-05
20299,2016-05-16 13:20:00,2016-05-16,0.0015,0.0,0.0,8195.0,0.0015,0.0015,0.0015,10000463,2016-06-22,2016-06-22,C,2.45,2015-11-05
20300,2016-05-16 13:21:00,2016-05-16,0.0015,0.0,0.0,8195.0,0.0015,0.0015,0.0015,10000463,2016-06-22,2016-06-22,C,2.45,2015-11-05
20301,2016-05-16 13:22:00,2016-05-16,0.0015,0.0,0.0,8195.0,0.0015,0.0015,0.0015,10000463,2016-06-22,2016-06-22,C,2.45,2015-11-05
20302,2016-05-16 13:23:00,2016-05-16,0.0015,0.0,0.0,8195.0,0.0015,0.0015,0.0015,10000463,2016-06-22,2016-06-22,C,2.45,2015-11-05
20303,2016-05-16 13:24:00,2016-05-16,0.0015,0.0,0.0,8195.0,0.0015,0.0015,0.0015,10000463,2016-06-22,2016-06-22,C,2.45,2015-11-05
20304,2016-05-16 13:25:00,2016-05-16,0.0015,0.0,0.0,8195.0,0.0015,0.0015,0.0015,10000463,2016-06-22,2016-06-22,C,2.45,2015-11-05
20305,2016-05-16 13:26:00,2016-05-16,0.0015,0.0,0.0,8195.0,0.0015,0.0015,0.0015,10000463,2016-06-22,2016-06-22,C,2.45,2015-11-05
20306,2016-05-16 13:27:00,2016-05-16,0.0015,0.0,0.0,8195.0,0.0015,0.0015,0.0015,10000463,2016-06-22,2016-06-22,C,2.45,2015-11-05
20307,2016-05-16 13:28:00,2016-05-16,0.0015,0.0,0.0,8195.0,0.0015,0.0015,0.0015,10000463,2016-06-22,2016-06-22,C,2.45,2015-11-05
20308,2016-05-16 13:29:00,2016-05-16,0.0015,0.0,0.0,8195.0,0.0015,0.0015,0.0015,10000463,2016-06-22,2016-06-22,C,2.45,2015-11-05
20309,2016-05-16 13:30:00,2016-05-16,0.0015,0.0,0.0,8195.0,0.0015,0.0015,0.0015,10000463,2016-06-22,2016-06-22,C,2.45,2015-11-05
20310,2016-05-16 13:31:00,2016-05-16,0.0015,0.0,0.0,8195.0,0.0015,0.0015,0.0015,10000463,2016-06-22,2016-06-22,C,2.45,2015-11-05
20311,2016-05-16 13:32:00,2016-05-16,0.0015,0.0,0.0,8195.0,0.0015,0.0015,0.0015,10000463,2016-06-22,2016-06-22,C,2.45,2015-11-05
20312,2016-05-16 13:33:00,2016-05-16,0.0015,0.0,0.0,8195.0,0.0015,0.0015,0.0015,10000463,2016-06-22,2016-06-22,C,2.45,2015-11-05
20313,2016-05-16 13:34:00,2016-05-16,0.0015,0.0,0.0,8195.0,0.0015,0.0015,0.0015,10000463,2016-06-22,2016-06-22,C,2.45,2015-11-05
20314,2016-05-16 13:35:00,2016-05-16,0.0015,0.0,0.0,8195.0,0.0015,0.0015,0.0015,10000463,2016-06-22,2016-06-22,C,2.45,2015-11-05
20315,2016-05-16 13:36:00,2016-05-16,0.0015,0.0,0.0,8195.0,0.0015,0.0015,0.0015,10000463,2016-06-22,2016-06-22,C,2.45,2015-11-05
20316,2016-05-16 13:37:00,2016-05-16,0.0015,0.0,0.0,8195.0,0.0015,0.0015,0.0015,10000463,2016-06-22,2016-06-22,C,2.45,2015-11-05
20317,2016-05-16 13:38:00,2016-05-16,0.0015,0.0,0.0,8195.0,0.0015,0.0015,0.0015,10000463,2016-06-22,2016-06-22,C,2.45,2015-11-05
20318,2016-05-16 13:39:00,2016-05-16,0.0015,0.0,0.0,8195.0,0.0015,0.0015,0.0015,10000463,2016-06-22,2016-06-22,C,2.45,2015-11-05
20319,2016-05-16 13:40:00,2016-05-16,0.0015,0.0,0.0,8195.0,0.0015,0.0015,0.0015,10000463,2016-06-22,2016-06-22,C,2.45,2015-11-05
20320,2016-05-16 13:41:00,2016-05-16,0.0015,0.0,0.0,8195.0,0.0015,0.0015,0.0015,10000463,2016-06-22,2016-06-22,C,2.45,2015-11-05
20321,2016-05-16 13:42:00,2016-05-16,0.0015,0.0,0.0,8195.0,0.0015,0.0015,0.0015,10000463,2016-06-22,2016-06-22,C,2.45,2015-11-05
20322,2016-05-16 13:43:00,2016-05-16,0.0015,0.0,0.0,8195.0,0.0015,0.0015,0.0015,10000463,2016-06-22,2016-06-22,C,2.45,2015-11-05
20323,2016-05-16 13:44:00,2016-05-16,0.0015,0.0,0.0,8195.0,0.0015,0.0015,0.0015,10000463,2016-06-22,2016-06-22,C,2.45,2015-11-05
20324,2016-05-16 13:45:00,2016-05-16,0.0015,0.0,0.0,8195.0,0.0015,0.0015,0.0015,10000463,2016-06-22,2016-06-22,C,2.45,2015-11-05
20325,2016-05-16 13:46:00,2016-05-16,0.0015,0.0,0.0,8195.0,0.0015,0.0015,0.0015,10000463,2016-06-22,2016-06-22,C,2.45,2015-11-05
20326,2016-05-16 13:47:00,2016-05-16,0.0015,0.0,0.0,8195.0,0.0015,0.0015,0.0015,10000463,2016-06-22,2016-06-22,C,2.45,2015-11-05
20327,2016-05-16 13:48:00,2016-05-16,0.0015,0.0,0.0,8195.0,0.0015,0.0015,0.0015,10000463,2016-06-22,2016-06-22,C,2.45,2015-11-05
20328,2016-05-16 13:49:00,2016-05-16,0.0015,0.0,0.0,8195.0,0.0015,0.0015,0.0015,10000463,2016-06-22,2016-06-22,C,2.45,2015-11-05
20329,2016-05-16 13:50:00,2016-05-16,0.0015,0.0,0.0,8195.0,0.0015,0.0015,0.0015,10000463,2016-06-22,2016-06-22,C,2.45,2015-11-05
20330,2016-05-16 13:51:00,2016-05-16,0.0015,0.0,0.0,8195.0,0.0015,0.0015,0.0015,10000463,2016-06-22,2016-06-22,C,2.45,2015-11-05
20331,2016-05-16 13:52:00,2016-05-16,0.0015,0.0,0.0,8195.0,0.0015,0.0015,0.0015,10000463,2016-06-22,2016-06-22,C,2.45,2015-11-05
20332,2016-05-16 13:53:00,2016-05-16,0.0015,0.0,0.0,8195.0,0.0015,0.0015,0.0015,10000463,2016-06-22,2016-06-22,C,2.45,2015-11-05
20333,2016-05-16 13:54:00,2016-05-16,0.0015,0.0,0.0,8195.0,0.0015,0.0015,0.0015,10000463,2016-06-22,2016-06-22,C,2.45,2015-11-05
20334,2016-05-16 13:55:00,2016-05-16,0.0015,0.0,0.0,8195.0,0.0015,0.0015,0.0015,10000463,2016-06-22,2016-06-22,C,2.45,2015-11-05
20335,2016-05-16 13:56:00,2016-05-16,0.0015,0.0,0.0,8195.0,0.0015,0.0015,0.0015,10000463,2016-06-22,2016-06-22,C,2.45,2015-11-05
20336,2016-05-16 13:57:00,2016-05-16,0.0015,0.0,0.0,8195.0,0.0015,0.0015,0.0015,10000463,2016-06-22,2016-06-22,C,2.45,2015-11-05
20337,2016-05-16 13:58:00,2016-05-16,0.0015,0.0,0.0,8195.0,0.0015,0.0015,0.0015,10000463,2016-06-22,2016-06-22,C,2.45,2015-11-05
20338,2016-05-16 13:59:00,2016-05-16,0.0015,0.0,0.0,8195.0,0.0015,0.0015,0.0015,10000463,2016-06-22,2016-06-22,C,2.45,2015-11-05
20339,2016-05-16 14:00:00,2016-05-16,0.0015,0.0,0.0,8195.0,0.0015,0.0015,0.0015,10000463,2016-06-22,2016-06-22,C,2.45,2015-11-05
20340,2016-05-16 14:01:00,2016-05-16,0.0015,0.0,0.0,8195.0,0.0015,0.0015,0.0015,10000463,2016-06-22,2016-06-22,C,2.45,2015-11-05
20341,2016-05-16 14:02:00,2016-05-16,0.0015,0.0,0.0,8195.0,0.0015,0.0015,0.0015,10000463,2016-06-22,2016-06-22,C,2.45,2015-11-05
20342,2016-05-16 14:03:00,2016-05-16,0.0015,0.0,0.0,8195.0,0.0015,0.0015,0.0015,10000463,2016-06-22,2016-06-22,C,2.45,2015-11-05
20343,2016-05-16 14:04:00,2016-05-16,0.0015,0.0,0.0,8195.0,0.0015,0.0015,0.0015,10000463,2016-06-22,2016-06-22,C,2.45,2015-11-05
20344,2016-05-16 14:05:00,2016-05-16,0.0015,0.0,0.0,8195.0,0.0015,0.0015,0.0015,10000463,2016-06-22,2016-06-22,C,2.45,2015-11-05
20345,2016-05-16 14:06:00,2016-05-16,0.0015,0.0,0.0,8195.0,0.0015,0.0015,0.0015,10000463,2016-06-22,2016-06-22,C,2.45,2015-11-05
20346,2016-05-16 14:07:00,2016-05-16,0.0015,0.0,0.0,8195.0,0.0015,0.0015,0.0015,10000463,2016-06-22,2016-06-22,C,2.45,2015-11-05
20347,2016-05-16 14:08:00,2016-05-16,0.0015,0.0,0.0,8195.0,0.0015,0.0015,0.0015,10000463,2016-06-22,2016-06-22,C,2.45,2015-11-05
20348,2016-05-16 14:09:00,2016-05-16,0.0015,0.0,0.0,8195.0,0.0015,0.0015,0.0015,10000463,2016-06-22,2016-06-22,C,2.45,2015-11-05
20349,2016-05-16 14:10:00,2016-05-16,0.0015,0.0,0.0,8195.0,0.0015,0.0015,0.0015,10000463,2016-06-22,2016-06-22,C,2.45,2015-11-05
20350,2016-05-16 14:11:00,2016-05-16,0.0015,0.0,0.0,8195.0,0.0015,0.0015,0.0015,10000463,2016-06-22,2016-06-22,C,2.45,2015-11-05
20351,2016-05-16 14:12:00,2016-05-16,0.0015,0.0,0.0,8195.0,0.0015,0.0015,0.0015,10000463,2016-06-22,2016-06-22,C,2.45,2015-11-05
20352,2016-05-16 14:13:00,2016-05-16,0.0015,0.0,0.0,8195.0,0.0015,0.0015,0.0015,10000463,2016-06-22,2016-06-22,C,2.45,2015-11-05
20353,2016-05-16 14:14:00,2016-05-16,0.0015,0.0,0.0,8195.0,0.0015,0.0015,0.0015,10000463,2016-06-22,2016-06-22,C,2.45,2015-11-05
20354,2016-05-16 14:15:00,2016-05-16,0.0015,0.0,0.0,8195.0,0.0015,0.0015,0.0015,10000463,2016-06-22,2016-06-22,C,2.45,2015-11-05
20355,2016-05-16 14:16:00,2016-05-16,0.0015,150.0,10.0,8195.0,0.0015,0.0015,0.0015,10000463,2016-06-22,2016-06-22,C,2.45,2015-11-05
20356,2016-05-16 14:17:00,2016-05-16,0.0015,0.0,0.0,8195.0,0.0015,0.0015,0.0015,10000463,2016-06-22,2016-06-22,C,2.45,2015-11-05
20357,2016-05-16 14:18:00,2016-05-16,0.0015,0.0,0.0,8195.0,0.0015,0.0015,0.0015,10000463,2016-06-22,2016-06-22,C,2.45,2015-11-05
20358,2016-05-16 14:19:00,2016-05-16,0.0015,0.0,0.0,8195.0,0.0015,0.0015,0.0015,10000463,2016-06-22,2016-06-22,C,2.45,2015-11-05
20359,2016-05-16 14:20:00,2016-05-16,0.0015,0.0,0.0,8195.0,0.0015,0.0015,0.0015,10000463,2016-06-22,2016-06-22,C,2.45,2015-11-05
20360,2016-05-16 14:21:00,2016-05-16,0.0015,0.0,0.0,8195.0,0.0015,0.0015,0.0015,10000463,2016-06-22,2016-06-22,C,2.45,2015-11-05
20361,2016-05-16 14:22:00,2016-05-16,0.0015,0.0,0.0,8195.0,0.0015,0.0015,0.0015,10000463,2016-06-22,2016-06-22,C,2.45,2015-11-05
20362,2016-05-16 14:23:00,2016-05-16,0.0015,0.0,0.0,8195.0,0.0015,0.0015,0.0015,10000463,2016-06-22,2016-06-22,C,2.45,2015-11-05
20363,2016-05-16 14:24:00,2016-05-16,0.0015,0.0,0.0,8195.0,0.0015,0.0015,0.0015,10000463,2016-06-22,2016-06-22,C,2.45,2015-11-05
20364,2016-05-16 14:25:00,2016-05-16,0.0015,0.0,0.0,8195.0,0.0015,0.0015,0.0015,10000463,2016-06-22,2016-06-22,C,2.45,2015-11-05
20365,2016-05-16 14:26:00,2016-05-16,0.0015,0.0,0.0,8195.0,0.0015,0.0015,0.0015,10000463,2016-06-22,2016-06-22,C,2.45,2015-11-05
20366,2016-05-16 14:27:00,2016-05-16,0.0015,0.0,0.0,8195.0,0.0015,0.0015,0.0015,10000463,2016-06-22,2016-06-22,C,2.45,2015-11-05
20367,2016-05-16 14:28:00,2016-05-16,0.0015,0.0,0.0,8195.0,0.0015,0.0015,0.0015,10000463,2016-06-22,2016-06-22,C,2.45,2015-11-05
20368,2016-05-16 14:29:00,2016-05-16,0.0015,0.0,0.0,8195.0,0.0015,0.0015,0.0015,10000463,2016-06-22,2016-06-22,C,2.45,2015-11-05
20369,2016-05-16 14:30:00,2016-05-16,0.0015,0.0,0.0,8195.0,0.0015,0.0015,0.0015,10000463,2016-06-22,2016-06-22,C,2.45,2015-11-05
20370,2016-05-16 14:31:00,2016-05-16,0.0015,0.0,0.0,8195.0,0.0015,0.0015,0.0015,10000463,2016-06-22,2016-06-22,C,2.45,2015-11-05
20371,2016-05-16 14:32:00,2016-05-16,0.0015,0.0,0.0,8195.0,0.0015,0.0015,0.0015,10000463,2016-06-22,2016-06-22,C,2.45,2015-11-05
20372,2016-05-16 14:33:00,2016-05-16,0.0015,0.0,0.0,8195.0,0.0015,0.0015,0.0015,10000463,2016-06-22,2016-06-22,C,2.45,2015-11-05
20373,2016-05-16 14:34:00,2016-05-16,0.0015,0.0,0.0,8195.0,0.0015,0.0015,0.0015,10000463,2016-06-22,2016-06-22,C,2.45,2015-11-05
20374,2016-05-16 14:35:00,2016-05-16,0.0015,0.0,0.0,8195.0,0.0015,0.0015,0.0015,10000463,2016-06-22,2016-06-22,C,2.45,2015-11-05
20375,2016-05-16 14:36:00,2016-05-16,0.0015,0.0,0.0,8195.0,0.0015,0.0015,0.0015,10000463,2016-06-22,2016-06-22,C,2.45,2015-11-05
20376,2016-05-16 14:37:00,2016-05-16,0.0015,0.0,0.0,8195.0,0.0015,0.0015,0.0015,10000463,2016-06-22,2016-06-22,C,2.45,2015-11-05
20377,2016-05-16 14:38:00,2016-05-16,0.0015,0.0,0.0,8195.0,0.0015,0.0015,0.0015,10000463,2016-06-22,2016-06-22,C,2.45,2015-11-05
20378,2016-05-16 14:39:00,2016-05-16,0.0015,0.0,0.0,8195.0,0.0015,0.0015,0.0015,10000463,2016-06-22,2016-06-22,C,2.45,2015-11-05
20379,2016-05-16 14:40:00,2016-05-16,0.0015,0.0,0.0,8195.0,0.0015,0.0015,0.0015,10000463,2016-06-22,2016-06-22,C,2.45,2015-11-05
20380,2016-05-16 14:41:00,2016-05-16,0.0015,0.0,0.0,8195.0,0.0015,0.0015,0.0015,10000463,2016-06-22,2016-06-22,C,2.45,2015-11-05
20381,2016-05-16 14:42:00,2016-05-16,0.0015,0.0,0.0,8195.0,0.0015,0.0015,0.0015,10000463,2016-06-22,2016-06-22,C,2.45,2015-11-05
20382,2016-05-16 14:43:00,2016-05-16,0.0015,0.0,0.0,8195.0,0.0015,0.0015,0.0015,10000463,2016-06-22,2016-06-22,C,2.45,2015-11-05
20383,2016-05-16 14:44:00,2016-05-16,0.0015,0.0,0.0,8195.0,0.0015,0.0015,0.0015,10000463,2016-06-22,2016-06-22,C,2.45,2015-11-05
20384,2016-05-16 14:45:00,2016-05-16,0.0015,0.0,0.0,8195.0,0.0015,0.0015,0.0015,10000463,2016-06-22,2016-06-22,C,2.45,2015-11-05
20385,2016-05-16 14:46:00,2016-05-16,0.0015,0.0,0.0,8195.0,0.0015,0.0015,0.0015,10000463,2016-06-22,2016-06-22,C,2.45,2015-11-05
20386,2016-05-16 14:47:00,2016-05-16,0.0015,0.0,0.0,8195.0,0.0015,0.0015,0.0015,10000463,2016-06-22,2016-06-22,C,2.45,2015-11-05
20387,2016-05-16 14:48:00,2016-05-16,0.0015,0.0,0.0,8195.0,0.0015,0.0015,0.0015,10000463,2016-06-22,2016-06-22,C,2.45,2015-11-05
20388,2016-05-16 14:49:00,2016-05-16,0.0015,0.0,0.0,8195.0,0.0015,0.0015,0.0015,10000463,2016-06-22,2016-06-22,C,2.45,2015-11-05
20389,2016-05-16 14:50:00,2016-05-16,0.0015,0.0,0.0,8195.0,0.0015,0.0015,0.0015,10000463,2016-06-22,2016-06-22,C,2.45,2015-11-05
20390,2016-05-16 14:51:00,2016-05-16,0.0015,0.0,0.0,8195.0,0.0015,0.0015,0.0015,10000463,2016-06-22,2016-06-22,C,2.45,2015-11-05
20391,2016-05-16 14:52:00,2016-05-16,0.0015,0.0,0.0,8195.0,0.0015,0.0015,0.0015,10000463,2016-06-22,2016-06-22,C,2.45,2015-11-05
20392,2016-05-16 14:53:00,2016-05-16,0.0015,0.0,0.0,8195.0,0.0015,0.0015,0.0015,10000463,2016-06-22,2016-06-22,C,2.45,2015-11-05
20393,2016-05-16 14:54:00,2016-05-16,0.0015,0.0,0.0,8195.0,0.0015,0.0015,0.0015,10000463,2016-06-22,2016-06-22,C,2.45,2015-11-05
20394,2016-05-16 14:55:00,2016-05-16,0.0015,0.0,0.0,8195.0,0.0015,0.0015,0.0015,10000463,2016-06-22,2016-06-22,C,2.45,2015-11-05
20395,2016-05-16 14:56:00,2016-05-16,0.0015,0.0,0.0,8195.0,0.0015,0.0015,0.0015,10000463,2016-06-22,2016-06-22,C,2.45,2015-11-05
20396,2016-05-16 14:57:00,2016-05-16,0.0015,0.0,0.0,8195.0,0.0015,0.0015,0.0015,10000463,2016-06-22,2016-06-22,C,2.45,2015-11-05
20397,2016-05-16 14:58:00,2016-05-16,0.0015,0.0,0.0,8195.0,0.0015,0.0015,0.0015,10000463,2016-06-22,2016-06-22,C,2.45,2015-11-05
20398,2016-05-16 14:59:00,2016-05-16,0.0015,0.0,0.0,8195.0,0.0015,0.0015,0.0015,10000463,2016-06-22,2016-06-22,C,2.45,2015-11-05
20399,2016-05-16 15:00:00,2016-05-16,0.0015,0.0,0.0,8195.0,0.0015,0.0015,0.0015,10000463,2016-06-22,2016-06-22,C,2.45,2015-11-05
20400,2016-05-16 09:31:00,2016-05-16,0.1276,0.0,0.0,5534.0,0.1276,0.1276,0.1276,10000620,2016-12-28,2016-12-28,P,2.006,2016-04-28
20401,2016-05-16 09:32:00,2016-05-16,0.1276,0.0,0.0,5534.0,0.1276,0.1276,0.1276,10000620,2016-12-28,2016-12-28,P,2.006,2016-04-28
20402,2016-05-16 09:33:00,2016-05-16,0.1276,0.0,0.0,5534.0,0.1276,0.1276,0.1276,10000620,2016-12-28,2016-12-28,P,2.006,2016-04-28
20403,2016-05-16 09:34:00,2016-05-16,0.1276,0.0,0.0,5534.0,0.1276,0.1276,0.1276,10000620,2016-12-28,2016-12-28,P,2.006,2016-04-28
20404,2016-05-16 09:35:00,2016-05-16,0.1276,0.0,0.0,5534.0,0.1276,0.1276,0.1276,10000620,2016-12-28,2016-12-28,P,2.006,2016-04-28
20405,2016-05-16 09:36:00,2016-05-16,0.1276,0.0,0.0,5534.0,0.1276,0.1276,0.1276,10000620,2016-12-28,2016-12-28,P,2.006,2016-04-28
20406,2016-05-16 09:37:00,2016-05-16,0.1276,0.0,0.0,5534.0,0.1276,0.1276,0.1276,10000620,2016-12-28,2016-12-28,P,2.006,2016-04-28
20407,2016-05-16 09:38:00,2016-05-16,0.1276,0.0,0.0,5534.0,0.1276,0.1276,0.1276,10000620,2016-12-28,2016-12-28,P,2.006,2016-04-28
20408,2016-05-16 09:39:00,2016-05-16,0.1276,0.0,0.0,5534.0,0.1276,0.1276,0.1276,10000620,2016-12-28,2016-12-28,P,2.006,2016-04-28
20409,2016-05-16 09:40:00,2016-05-16,0.1276,0.0,0.0,5534.0,0.1276,0.1276,0.1276,10000620,2016-12-28,2016-12-28,P,2.006,2016-04-28
20410,2016-05-16 09:41:00,2016-05-16,0.128,8960.0,7.0,5541.0,0.1276,0.128,0.1276,10000620,2016-12-28,2016-12-28,P,2.006,2016-04-28
20411,2016-05-16 09:42:00,2016-05-16,0.128,2560.0,2.0,5543.0,0.128,0.128,0.128,10000620,2016-12-28,2016-12-28,P,2.006,2016-04-28
20412,2016-05-16 09:43:00,2016-05-16,0.128,0.0,0.0,5543.0,0.128,0.128,0.128,10000620,2016-12-28,2016-12-28,P,2.006,2016-04-28
20413,2016-05-16 09:44:00,2016-05-16,0.128,0.0,0.0,5543.0,0.128,0.128,0.128,10000620,2016-12-28,2016-12-28,P,2.006,2016-04-28
20414,2016-05-16 09:45:00,2016-05-16,0.128,1280.0,1.0,5544.0,0.128,0.128,0.128,10000620,2016-12-28,2016-12-28,P,2.006,2016-04-28
20415,2016-05-16 09:46:00,2016-05-16,0.128,0.0,0.0,5544.0,0.128,0.128,0.128,10000620,2016-12-28,2016-12-28,P,2.006,2016-04-28
20416,2016-05-16 09:47:00,2016-05-16,0.128,0.0,0.0,5544.0,0.128,0.128,0.128,10000620,2016-12-28,2016-12-28,P,2.006,2016-04-28
20417,2016-05-16 09:48:00,2016-05-16,0.128,0.0,0.0,5544.0,0.128,0.128,0.128,10000620,2016-12-28,2016-12-28,P,2.006,2016-04-28
20418,2016-05-16 09:49:00,2016-05-16,0.128,2548.0,2.0,5544.0,0.128,0.1274,0.1274,10000620,2016-12-28,2016-12-28,P,2.006,2016-04-28
20419,2016-05-16 09:50:00,2016-05-16,0.1274,11454.0,9.0,5548.0,0.1274,0.1273,0.1272,10000620,2016-12-28,2016-12-28,P,2.006,2016-04-28
20420,2016-05-16 09:51:00,2016-05-16,0.1273,8911.0,7.0,5555.0,0.1273,0.1273,0.1273,10000620,2016-12-28,2016-12-28,P,2.006,2016-04-28
20421,2016-05-16 09:52:00,2016-05-16,0.1294,6426.0,5.0,5559.0,0.1272,0.1294,0.1272,10000620,2016-12-28,2016-12-28,P,2.006,2016-04-28
20422,2016-05-16 09:53:00,2016-05-16,0.1294,0.0,0.0,5559.0,0.1294,0.1294,0.1294,10000620,2016-12-28,2016-12-28,P,2.006,2016-04-28
20423,2016-05-16 09:54:00,2016-05-16,0.131,10480.0,8.0,5559.0,0.1294,0.131,0.1294,10000620,2016-12-28,2016-12-28,P,2.006,2016-04-28
20424,2016-05-16 09:55:00,2016-05-16,0.1346,1346.0,1.0,5559.0,0.131,0.1346,0.131,10000620,2016-12-28,2016-12-28,P,2.006,2016-04-28
20425,2016-05-16 09:56:00,2016-05-16,0.1346,88430.0,66.0,5521.0,0.1346,0.1335,0.1335,10000620,2016-12-28,2016-12-28,P,2.006,2016-04-28
20426,2016-05-16 09:57:00,2016-05-16,0.1335,0.0,0.0,5521.0,0.1335,0.1335,0.1335,10000620,2016-12-28,2016-12-28,P,2.006,2016-04-28
20427,2016-05-16 09:58:00,2016-05-16,0.1325,14566.0,11.0,5510.0,0.1324,0.1325,0.1324,10000620,2016-12-28,2016-12-28,P,2.006,2016-04-28
20428,2016-05-16 09:59:00,2016-05-16,0.1325,13240.0,10.0,5500.0,0.1325,0.1324,0.1324,10000620,2016-12-28,2016-12-28,P,2.006,2016-04-28
20429,2016-05-16 10:00:00,2016-05-16,0.1342,2684.0,2.0,5498.0,0.1324,0.1342,0.1324,10000620,2016-12-28,2016-12-28,P,2.006,2016-04-28
20430,2016-05-16 10:01:00,2016-05-16,0.1342,0.0,0.0,5498.0,0.1342,0.1342,0.1342,10000620,2016-12-28,2016-12-28,P,2.006,2016-04-28
20431,2016-05-16 10:02:00,2016-05-16,0.1342,0.0,0.0,5498.0,0.1342,0.1342,0.1342,10000620,2016-12-28,2016-12-28,P,2.006,2016-04-28
20432,2016-05-16 10:03:00,2016-05-16,0.1342,33448.0,25.0,5493.0,0.1342,0.1324,0.1324,10000620,2016-12-28,2016-12-28,P,2.006,2016-04-28
20433,2016-05-16 10:04:00,2016-05-16,0.1324,5296.0,4.0,5489.0,0.1324,0.1324,0.1324,10000620,2016-12-28,2016-12-28,P,2.006,2016-04-28
20434,2016-05-16 10:05:00,2016-05-16,0.1324,1324.0,1.0,5488.0,0.1324,0.1324,0.1324,10000620,2016-12-28,2016-12-28,P,2.006,2016-04-28
20435,2016-05-16 10:06:00,2016-05-16,0.1324,0.0,0.0,5488.0,0.1324,0.1324,0.1324,10000620,2016-12-28,2016-12-28,P,2.006,2016-04-28
20436,2016-05-16 10:07:00,2016-05-16,0.1324,10592.0,8.0,5480.0,0.1324,0.1324,0.1324,10000620,2016-12-28,2016-12-28,P,2.006,2016-04-28
20437,2016-05-16 10:08:00,2016-05-16,0.1324,13120.0,10.0,5480.0,0.1324,0.1312,0.1312,10000620,2016-12-28,2016-12-28,P,2.006,2016-04-28
20438,2016-05-16 10:09:00,2016-05-16,0.1338,13380.0,10.0,5490.0,0.1312,0.1338,0.1312,10000620,2016-12-28,2016-12-28,P,2.006,2016-04-28
20439,2016-05-16 10:10:00,2016-05-16,0.1338,0.0,0.0,5490.0,0.1338,0.1338,0.1338,10000620,2016-12-28,2016-12-28,P,2.006,2016-04-28
20440,2016-05-16 10:11:00,2016-05-16,0.1338,0.0,0.0,5490.0,0.1338,0.1338,0.1338,10000620,2016-12-28,2016-12-28,P,2.006,2016-04-28
20441,2016-05-16 10:12:00,2016-05-16,0.1338,0.0,0.0,5490.0,0.1338,0.1338,0.1338,10000620,2016-12-28,2016-12-28,P,2.006,2016-04-28
20442,2016-05-16 10:13:00,2016-05-16,0.1338,0.0,0.0,5490.0,0.1338,0.1338,0.1338,10000620,2016-12-28,2016-12-28,P,2.006,2016-04-28
20443,2016-05-16 10:14:00,2016-05-16,0.1338,0.0,0.0,5490.0,0.1338,0.1338,0.1338,10000620,2016-12-28,2016-12-28,P,2.006,2016-04-28
20444,2016-05-16 10:15:00,2016-05-16,0.1338,0.0,0.0,5490.0,0.1338,0.1338,0.1338,10000620,2016-12-28,2016-12-28,P,2.006,2016-04-28
20445,2016-05-16 10:16:00,2016-05-16,0.1338,0.0,0.0,5490.0,0.1338,0.1338,0.1338,10000620,2016-12-28,2016-12-28,P,2.006,2016-04-28
20446,2016-05-16 10:17:00,2016-05-16,0.1338,0.0,0.0,5490.0,0.1338,0.1338,0.1338,10000620,2016-12-28,2016-12-28,P,2.006,2016-04-28
20447,2016-05-16 10:18:00,2016-05-16,0.1338,0.0,0.0,5490.0,0.1338,0.1338,0.1338,10000620,2016-12-28,2016-12-28,P,2.006,2016-04-28
20448,2016-05-16 10:19:00,2016-05-16,0.1338,1331.0,1.0,5490.0,0.1338,0.1331,0.1331,10000620,2016-12-28,2016-12-28,P,2.006,2016-04-28
20449,2016-05-16 10:20:00,2016-05-16,0.1331,0.0,0.0,5490.0,0.1331,0.1331,0.1331,10000620,2016-12-28,2016-12-28,P,2.006,2016-04-28
20450,2016-05-16 10:21:00,2016-05-16,0.1331,0.0,0.0,5490.0,0.1331,0.1331,0.1331,10000620,2016-12-28,2016-12-28,P,2.006,2016-04-28
20451,2016-05-16 10:22:00,2016-05-16,0.1331,0.0,0.0,5490.0,0.1331,0.1331,0.1331,10000620,2016-12-28,2016-12-28,P,2.006,2016-04-28
20452,2016-05-16 10:23:00,2016-05-16,0.1331,0.0,0.0,5490.0,0.1331,0.1331,0.1331,10000620,2016-12-28,2016-12-28,P,2.006,2016-04-28
20453,2016-05-16 10:24:00,2016-05-16,0.1331,0.0,0.0,5490.0,0.1331,0.1331,0.1331,10000620,2016-12-28,2016-12-28,P,2.006,2016-04-28
20454,2016-05-16 10:25:00,2016-05-16,0.1336,13360.0,10.0,5490.0,0.1331,0.1336,0.1331,10000620,2016-12-28,2016-12-28,P,2.006,2016-04-28
20455,2016-05-16 10:26:00,2016-05-16,0.1336,0.0,0.0,5490.0,0.1336,0.1336,0.1336,10000620,2016-12-28,2016-12-28,P,2.006,2016-04-28
20456,2016-05-16 10:27:00,2016-05-16,0.1336,0.0,0.0,5490.0,0.1336,0.1336,0.1336,10000620,2016-12-28,2016-12-28,P,2.006,2016-04-28
20457,2016-05-16 10:28:00,2016-05-16,0.1336,18647.0,14.0,5487.0,0.1336,0.1333,0.1324,10000620,2016-12-28,2016-12-28,P,2.006,2016-04-28
20458,2016-05-16 10:29:00,2016-05-16,0.1333,11916.0,9.0,5487.0,0.1333,0.1324,0.1324,10000620,2016-12-28,2016-12-28,P,2.006,2016-04-28
20459,2016-05-16 10:30:00,2016-05-16,0.1334,79940.0,60.0,5454.0,0.1331,0.1334,0.1331,10000620,2016-12-28,2016-12-28,P,2.006,2016-04-28
20460,2016-05-16 10:31:00,2016-05-16,0.1334,13300.0,10.0,5454.0,0.1334,0.133,0.133,10000620,2016-12-28,2016-12-28,P,2.006,2016-04-28
20461,2016-05-16 10:32:00,2016-05-16,0.1341,26710.0,20.0,5457.0,0.133,0.133,0.133,10000620,2016-12-28,2016-12-28,P,2.006,2016-04-28
20462,2016-05-16 10:33:00,2016-05-16,0.133,0.0,0.0,5457.0,0.133,0.133,0.133,10000620,2016-12-28,2016-12-28,P,2.006,2016-04-28
20463,2016-05-16 10:34:00,2016-05-16,0.133,0.0,0.0,5457.0,0.133,0.133,0.133,10000620,2016-12-28,2016-12-28,P,2.006,2016-04-28
20464,2016-05-16 10:35:00,2016-05-16,0.133,0.0,0.0,5457.0,0.133,0.133,0.133,10000620,2016-12-28,2016-12-28,P,2.006,2016-04-28
20465,2016-05-16 10:36:00,2016-05-16,0.133,0.0,0.0,5457.0,0.133,0.133,0.133,10000620,2016-12-28,2016-12-28,P,2.006,2016-04-28
20466,2016-05-16 10:37:00,2016-05-16,0.133,1330.0,1.0,5457.0,0.133,0.133,0.133,10000620,2016-12-28,2016-12-28,P,2.006,2016-04-28
20467,2016-05-16 10:38:00,2016-05-16,0.133,25270.0,19.0,5457.0,0.133,0.133,0.133,10000620,2016-12-28,2016-12-28,P,2.006,2016-04-28
20468,2016-05-16 10:39:00,2016-05-16,0.1342,13420.0,10.0,5457.0,0.133,0.1342,0.133,10000620,2016-12-28,2016-12-28,P,2.006,2016-04-28
20469,2016-05-16 10:40:00,2016-05-16,0.1342,9394.0,7.0,5457.0,0.1342,0.1342,0.1342,10000620,2016-12-28,2016-12-28,P,2.006,2016-04-28
20470,2016-05-16 10:41:00,2016-05-16,0.1342,4026.0,3.0,5457.0,0.1342,0.1342,0.1342,10000620,2016-12-28,2016-12-28,P,2.006,2016-04-28
20471,2016-05-16 10:42:00,2016-05-16,0.1342,1342.0,1.0,5458.0,0.1342,0.1342,0.1342,10000620,2016-12-28,2016-12-28,P,2.006,2016-04-28
20472,2016-05-16 10:43:00,2016-05-16,0.1349,52418.0,39.0,5481.0,0.1349,0.1342,0.1342,10000620,2016-12-28,2016-12-28,P,2.006,2016-04-28
20473,2016-05-16 10:44:00,2016-05-16,0.1342,0.0,0.0,5481.0,0.1342,0.1342,0.1342,10000620,2016-12-28,2016-12-28,P,2.006,2016-04-28
20474,2016-05-16 10:45:00,2016-05-16,0.1348,13480.0,10.0,5481.0,0.1342,0.1348,0.1342,10000620,2016-12-28,2016-12-28,P,2.006,2016-04-28
20475,2016-05-16 10:46:00,2016-05-16,0.1359,64872.0,48.0,5482.0,0.1348,0.1352,0.1348,10000620,2016-12-28,2016-12-28,P,2.006,2016-04-28
20476,2016-05-16 10:47:00,2016-05-16,0.1353,35150.0,26.0,5484.0,0.1352,0.1353,0.1348,10000620,2016-12-28,2016-12-28,P,2.006,2016-04-28
20477,2016-05-16 10:48:00,2016-05-16,0.1353,27050.0,20.0,5487.0,0.1353,0.1353,0.1352,10000620,2016-12-28,2016-12-28,P,2.006,2016-04-28
20478,2016-05-16 10:49:00,2016-05-16,0.1369,41040.0,30.0,5506.0,0.1353,0.1369,0.1353,10000620,2016-12-28,2016-12-28,P,2.006,2016-04-28
20479,2016-05-16 10:50:00,2016-05-16,0.1372,81890.0,60.0,5528.0,0.1369,0.1372,0.1355,10000620,2016-12-28,2016-12-28,P,2.006,2016-04-28
20480,2016-05-16 10:51:00,2016-05-16,0.1372,69005.0,51.0,5546.0,0.1372,0.1345,0.1345,10000620,2016-12-28,2016-12-28,P,2.006,2016-04-28
20481,2016-05-16 10:52:00,2016-05-16,0.1347,13464.0,10.0,5545.0,0.1341,0.1347,0.1341,10000620,2016-12-28,2016-12-28,P,2.006,2016-04-28
20482,2016-05-16 10:53:00,2016-05-16,0.1347,16128.0,12.0,5545.0,0.1347,0.1343,0.1343,10000620,2016-12-28,2016-12-28,P,2.006,2016-04-28
20483,2016-05-16 10:54:00,2016-05-16,0.1347,13470.0,10.0,5545.0,0.1343,0.1347,0.1343,10000620,2016-12-28,2016-12-28,P,2.006,2016-04-28
20484,2016-05-16 10:55:00,2016-05-16,0.1343,26812.0,20.0,5555.0,0.1343,0.134,0.134,10000620,2016-12-28,2016-12-28,P,2.006,2016-04-28
20485,2016-05-16 10:56:00,2016-05-16,0.134,0.0,0.0,5555.0,0.134,0.134,0.134,10000620,2016-12-28,2016-12-28,P,2.006,2016-04-28
20486,2016-05-16 10:57:00,2016-05-16,0.134,2670.0,2.0,5555.0,0.134,0.1335,0.1335,10000620,2016-12-28,2016-12-28,P,2.006,2016-04-28
20487,2016-05-16 10:58:00,2016-05-16,0.1339,37420.0,28.0,5560.0,0.1335,0.1335,0.1335,10000620,2016-12-28,2016-12-28,P,2.006,2016-04-28
20488,2016-05-16 10:59:00,2016-05-16,0.1335,26550.0,20.0,5570.0,0.1335,0.1325,0.1325,10000620,2016-12-28,2016-12-28,P,2.006,2016-04-28
20489,2016-05-16 11:00:00,2016-05-16,0.1325,0.0,0.0,5570.0,0.1325,0.1325,0.1325,10000620,2016-12-28,2016-12-28,P,2.006,2016-04-28
20490,2016-05-16 11:01:00,2016-05-16,0.1325,31764.0,24.0,5575.0,0.1325,0.1324,0.1322,10000620,2016-12-28,2016-12-28,P,2.006,2016-04-28
20491,2016-05-16 11:02:00,2016-05-16,0.1324,6606.0,5.0,5575.0,0.1324,0.132,0.132,10000620,2016-12-28,2016-12-28,P,2.006,2016-04-28
20492,2016-05-16 11:03:00,2016-05-16,0.1325,7925.0,6.0,5575.0,0.132,0.132,0.132,10000620,2016-12-28,2016-12-28,P,2.006,2016-04-28
20493,2016-05-16 11:04:00,2016-05-16,0.132,0.0,0.0,5575.0,0.132,0.132,0.132,10000620,2016-12-28,2016-12-28,P,2.006,2016-04-28
20494,2016-05-16 11:05:00,2016-05-16,0.132,14520.0,11.0,5585.0,0.132,0.132,0.132,10000620,2016-12-28,2016-12-28,P,2.006,2016-04-28
20495,2016-05-16 11:06:00,2016-05-16,0.132,1320.0,1.0,5585.0,0.132,0.132,0.132,10000620,2016-12-28,2016-12-28,P,2.006,2016-04-28
20496,2016-05-16 11:07:00,2016-05-16,0.133,2660.0,2.0,5587.0,0.132,0.133,0.132,10000620,2016-12-28,2016-12-28,P,2.006,2016-04-28
20497,2016-05-16 11:08:00,2016-05-16,0.133,1330.0,1.0,5587.0,0.133,0.133,0.133,10000620,2016-12-28,2016-12-28,P,2.006,2016-04-28
20498,2016-05-16 11:09:00,2016-05-16,0.132,1320.0,1.0,5587.0,0.132,0.132,0.132,10000620,2016-12-28,2016-12-28,P,2.006,2016-04-28
20499,2016-05-16 11:10:00,2016-05-16,0.133,9310.0,7.0,5591.0,0.132,0.133,0.132,10000620,2016-12-28,2016-12-28,P,2.006,2016-04-28
20500,2016-05-16 11:11:00,2016-05-16,0.133,2660.0,2.0,5592.0,0.133,0.133,0.133,10000620,2016-12-28,2016-12-28,P,2.006,2016-04-28
20501,2016-05-16 11:12:00,2016-05-16,0.1335,38655.0,29.0,5611.0,0.1331,0.1335,0.1331,10000620,2016-12-28,2016-12-28,P,2.006,2016-04-28
20502,2016-05-16 11:13:00,2016-05-16,0.1338,14715.0,11.0,5611.0,0.1335,0.1338,0.1335,10000620,2016-12-28,2016-12-28,P,2.006,2016-04-28
20503,2016-05-16 11:14:00,2016-05-16,0.1338,26670.0,20.0,5611.0,0.1338,0.133,0.133,10000620,2016-12-28,2016-12-28,P,2.006,2016-04-28
20504,2016-05-16 11:15:00,2016-05-16,0.1332,1332.0,1.0,5610.0,0.133,0.1332,0.133,10000620,2016-12-28,2016-12-28,P,2.006,2016-04-28
20505,2016-05-16 11:16:00,2016-05-16,0.1339,13390.0,10.0,5610.0,0.1339,0.1339,0.1339,10000620,2016-12-28,2016-12-28,P,2.006,2016-04-28
20506,2016-05-16 11:17:00,2016-05-16,0.1348,77828.0,58.0,5574.0,0.1339,0.1341,0.1339,10000620,2016-12-28,2016-12-28,P,2.006,2016-04-28
20507,2016-05-16 11:18:00,2016-05-16,0.1348,16162.0,12.0,5572.0,0.1341,0.1341,0.1341,10000620,2016-12-28,2016-12-28,P,2.006,2016-04-28
20508,2016-05-16 11:19:00,2016-05-16,0.1341,13300.0,10.0,5572.0,0.1341,0.133,0.133,10000620,2016-12-28,2016-12-28,P,2.006,2016-04-28
20509,2016-05-16 11:20:00,2016-05-16,0.133,0.0,0.0,5572.0,0.133,0.133,0.133,10000620,2016-12-28,2016-12-28,P,2.006,2016-04-28
20510,2016-05-16 11:21:00,2016-05-16,0.133,1330.0,1.0,5573.0,0.133,0.133,0.133,10000620,2016-12-28,2016-12-28,P,2.006,2016-04-28
20511,2016-05-16 11:22:00,2016-05-16,0.133,0.0,0.0,5573.0,0.133,0.133,0.133,10000620,2016-12-28,2016-12-28,P,2.006,2016-04-28
20512,2016-05-16 11:23:00,2016-05-16,0.133,0.0,0.0,5573.0,0.133,0.133,0.133,10000620,2016-12-28,2016-12-28,P,2.006,2016-04-28
20513,2016-05-16 11:24:00,2016-05-16,0.133,0.0,0.0,5573.0,0.133,0.133,0.133,10000620,2016-12-28,2016-12-28,P,2.006,2016-04-28
20514,2016-05-16 11:25:00,2016-05-16,0.133,0.0,0.0,5573.0,0.133,0.133,0.133,10000620,2016-12-28,2016-12-28,P,2.006,2016-04-28
20515,2016-05-16 11:26:00,2016-05-16,0.1351,27000.0,20.0,5586.0,0.133,0.1351,0.133,10000620,2016-12-28,2016-12-28,P,2.006,2016-04-28
20516,2016-05-16 11:27:00,2016-05-16,0.1354,13540.0,10.0,5586.0,0.1351,0.1354,0.1351,10000620,2016-12-28,2016-12-28,P,2.006,2016-04-28
20517,2016-05-16 11:28:00,2016-05-16,0.1354,56488.0,42.0,5590.0,0.1354,0.1348,0.134,10000620,2016-12-28,2016-12-28,P,2.006,2016-04-28
20518,2016-05-16 11:29:00,2016-05-16,0.1348,12114.0,9.0,5599.0,0.1348,0.1346,0.1346,10000620,2016-12-28,2016-12-28,P,2.006,2016-04-28
20519,2016-05-16 11:30:00,2016-05-16,0.1348,14826.0,11.0,5599.0,0.1346,0.1346,0.1346,10000620,2016-12-28,2016-12-28,P,2.006,2016-04-28
20520,2016-05-16 13:01:00,2016-05-16,0.1348,12132.0,9.0,5602.0,0.1348,0.1348,0.1348,10000620,2016-12-28,2016-12-28,P,2.006,2016-04-28
20521,2016-05-16 13:02:00,2016-05-16,0.1348,0.0,0.0,5602.0,0.1348,0.1348,0.1348,10000620,2016-12-28,2016-12-28,P,2.006,2016-04-28
20522,2016-05-16 13:03:00,2016-05-16,0.1348,1348.0,1.0,5603.0,0.1348,0.1348,0.1348,10000620,2016-12-28,2016-12-28,P,2.006,2016-04-28
20523,2016-05-16 13:04:00,2016-05-16,0.1348,0.0,0.0,5603.0,0.1348,0.1348,0.1348,10000620,2016-12-28,2016-12-28,P,2.006,2016-04-28
20524,2016-05-16 13:05:00,2016-05-16,0.1348,0.0,0.0,5603.0,0.1348,0.1348,0.1348,10000620,2016-12-28,2016-12-28,P,2.006,2016-04-28
20525,2016-05-16 13:06:00,2016-05-16,0.1348,0.0,0.0,5603.0,0.1348,0.1348,0.1348,10000620,2016-12-28,2016-12-28,P,2.006,2016-04-28
20526,2016-05-16 13:07:00,2016-05-16,0.1348,0.0,0.0,5603.0,0.1348,0.1348,0.1348,10000620,2016-12-28,2016-12-28,P,2.006,2016-04-28
20527,2016-05-16 13:08:00,2016-05-16,0.1348,0.0,0.0,5603.0,0.1348,0.1348,0.1348,10000620,2016-12-28,2016-12-28,P,2.006,2016-04-28
20528,2016-05-16 13:09:00,2016-05-16,0.1348,0.0,0.0,5603.0,0.1348,0.1348,0.1348,10000620,2016-12-28,2016-12-28,P,2.006,2016-04-28
20529,2016-05-16 13:10:00,2016-05-16,0.1348,0.0,0.0,5603.0,0.1348,0.1348,0.1348,10000620,2016-12-28,2016-12-28,P,2.006,2016-04-28
20530,2016-05-16 13:11:00,2016-05-16,0.1355,27055.0,20.0,5612.0,0.1348,0.1355,0.1348,10000620,2016-12-28,2016-12-28,P,2.006,2016-04-28
20531,2016-05-16 13:12:00,2016-05-16,0.1355,13440.0,10.0,5612.0,0.1355,0.1344,0.1344,10000620,2016-12-28,2016-12-28,P,2.006,2016-04-28
20532,2016-05-16 13:13:00,2016-05-16,0.1344,0.0,0.0,5612.0,0.1344,0.1344,0.1344,10000620,2016-12-28,2016-12-28,P,2.006,2016-04-28
20533,2016-05-16 13:14:00,2016-05-16,0.1344,0.0,0.0,5612.0,0.1344,0.1344,0.1344,10000620,2016-12-28,2016-12-28,P,2.006,2016-04-28
20534,2016-05-16 13:15:00,2016-05-16,0.1354,48662.0,36.0,5634.0,0.1344,0.1354,0.1344,10000620,2016-12-28,2016-12-28,P,2.006,2016-04-28
20535,2016-05-16 13:16:00,2016-05-16,0.1354,18902.0,14.0,5638.0,0.1354,0.1353,0.1348,10000620,2016-12-28,2016-12-28,P,2.006,2016-04-28
20536,2016-05-16 13:17:00,2016-05-16,0.1354,16246.0,12.0,5648.0,0.1354,0.1353,0.1353,10000620,2016-12-28,2016-12-28,P,2.006,2016-04-28
20537,2016-05-16 13:18:00,2016-05-16,0.1353,0.0,0.0,5648.0,0.1353,0.1353,0.1353,10000620,2016-12-28,2016-12-28,P,2.006,2016-04-28
20538,2016-05-16 13:19:00,2016-05-16,0.1353,0.0,0.0,5648.0,0.1353,0.1353,0.1353,10000620,2016-12-28,2016-12-28,P,2.006,2016-04-28
20539,2016-05-16 13:20:00,2016-05-16,0.1355,35218.0,26.0,5658.0,0.1353,0.1355,0.1353,10000620,2016-12-28,2016-12-28,P,2.006,2016-04-28
20540,2016-05-16 13:21:00,2016-05-16,0.1355,0.0,0.0,5658.0,0.1355,0.1355,0.1355,10000620,2016-12-28,2016-12-28,P,2.006,2016-04-28
20541,2016-05-16 13:22:00,2016-05-16,0.1355,0.0,0.0,5658.0,0.1355,0.1355,0.1355,10000620,2016-12-28,2016-12-28,P,2.006,2016-04-28
20542,2016-05-16 13:23:00,2016-05-16,0.1358,5426.0,4.0,5662.0,0.1355,0.1358,0.1355,10000620,2016-12-28,2016-12-28,P,2.006,2016-04-28
20543,2016-05-16 13:24:00,2016-05-16,0.136,6796.0,5.0,5667.0,0.1358,0.136,0.1358,10000620,2016-12-28,2016-12-28,P,2.006,2016-04-28
20544,2016-05-16 13:25:00,2016-05-16,0.1369,32801.0,24.0,5673.0,0.1368,0.1369,0.1361,10000620,2016-12-28,2016-12-28,P,2.006,2016-04-28
20545,2016-05-16 13:26:00,2016-05-16,0.1371,27390.0,20.0,5675.0,0.1371,0.1368,0.1368,10000620,2016-12-28,2016-12-28,P,2.006,2016-04-28
20546,2016-05-16 13:27:00,2016-05-16,0.1371,2742.0,2.0,5676.0,0.1368,0.1371,0.1368,10000620,2016-12-28,2016-12-28,P,2.006,2016-04-28
20547,2016-05-16 13:28:00,2016-05-16,0.1372,17826.0,13.0,5679.0,0.1371,0.1372,0.1371,10000620,2016-12-28,2016-12-28,P,2.006,2016-04-28
20548,2016-05-16 13:29:00,2016-05-16,0.1379,20650.0,15.0,5683.0,0.1372,0.1379,0.1372,10000620,2016-12-28,2016-12-28,P,2.006,2016-04-28
20549,2016-05-16 13:30:00,2016-05-16,0.138,24823.0,18.0,5690.0,0.1379,0.1379,0.1379,10000620,2016-12-28,2016-12-28,P,2.006,2016-04-28
20550,2016-05-16 13:31:00,2016-05-16,0.1379,13780.0,10.0,5694.0,0.1379,0.1378,0.1378,10000620,2016-12-28,2016-12-28,P,2.006,2016-04-28
20551,2016-05-16 13:32:00,2016-05-16,0.1378,46656.0,34.0,5701.0,0.1378,0.1368,0.1368,10000620,2016-12-28,2016-12-28,P,2.006,2016-04-28
20552,2016-05-16 13:33:00,2016-05-16,0.1368,29988.0,22.0,5723.0,0.1368,0.1363,0.1363,10000620,2016-12-28,2016-12-28,P,2.006,2016-04-28
20553,2016-05-16 13:34:00,2016-05-16,0.1376,1376.0,1.0,5724.0,0.1363,0.1376,0.1363,10000620,2016-12-28,2016-12-28,P,2.006,2016-04-28
20554,2016-05-16 13:35:00,2016-05-16,0.1376,1376.0,1.0,5724.0,0.1376,0.1376,0.1376,10000620,2016-12-28,2016-12-28,P,2.006,2016-04-28
20555,2016-05-16 13:36:00,2016-05-16,0.1376,0.0,0.0,5724.0,0.1376,0.1376,0.1376,10000620,2016-12-28,2016-12-28,P,2.006,2016-04-28
20556,2016-05-16 13:37:00,2016-05-16,0.1376,0.0,0.0,5724.0,0.1376,0.1376,0.1376,10000620,2016-12-28,2016-12-28,P,2.006,2016-04-28
20557,2016-05-16 13:38:00,2016-05-16,0.1376,0.0,0.0,5724.0,0.1376,0.1376,0.1376,10000620,2016-12-28,2016-12-28,P,2.006,2016-04-28
20558,2016-05-16 13:39:00,2016-05-16,0.1376,13750.0,10.0,5726.0,0.1376,0.1375,0.1375,10000620,2016-12-28,2016-12-28,P,2.006,2016-04-28
20559,2016-05-16 13:40:00,2016-05-16,0.1375,0.0,0.0,5726.0,0.1375,0.1375,0.1375,10000620,2016-12-28,2016-12-28,P,2.006,2016-04-28
20560,2016-05-16 13:41:00,2016-05-16,0.1375,0.0,0.0,5726.0,0.1375,0.1375,0.1375,10000620,2016-12-28,2016-12-28,P,2.006,2016-04-28
20561,2016-05-16 13:42:00,2016-05-16,0.1376,27500.0,20.0,5744.0,0.1375,0.1376,0.1374,10000620,2016-12-28,2016-12-28,P,2.006,2016-04-28
20562,2016-05-16 13:43:00,2016-05-16,0.1376,0.0,0.0,5744.0,0.1376,0.1376,0.1376,10000620,2016-12-28,2016-12-28,P,2.006,2016-04-28
20563,2016-05-16 13:44:00,2016-05-16,0.1362,20425.0,15.0,5744.0,0.1361,0.1362,0.1361,10000620,2016-12-28,2016-12-28,P,2.006,2016-04-28
20564,2016-05-16 13:45:00,2016-05-16,0.1362,0.0,0.0,5744.0,0.1362,0.1362,0.1362,10000620,2016-12-28,2016-12-28,P,2.006,2016-04-28
20565,2016-05-16 13:46:00,2016-05-16,0.1361,61160.0,45.0,5789.0,0.1361,0.1358,0.1358,10000620,2016-12-28,2016-12-28,P,2.006,2016-04-28
20566,2016-05-16 13:47:00,2016-05-16,0.1358,0.0,0.0,5789.0,0.1358,0.1358,0.1358,10000620,2016-12-28,2016-12-28,P,2.006,2016-04-28
20567,2016-05-16 13:48:00,2016-05-16,0.1334,1334.0,1.0,5790.0,0.1334,0.1334,0.1334,10000620,2016-12-28,2016-12-28,P,2.006,2016-04-28
20568,2016-05-16 13:49:00,2016-05-16,0.1334,0.0,0.0,5790.0,0.1334,0.1334,0.1334,10000620,2016-12-28,2016-12-28,P,2.006,2016-04-28
20569,2016-05-16 13:50:00,2016-05-16,0.1334,0.0,0.0,5790.0,0.1334,0.1334,0.1334,10000620,2016-12-28,2016-12-28,P,2.006,2016-04-28
20570,2016-05-16 13:51:00,2016-05-16,0.1334,0.0,0.0,5790.0,0.1334,0.1334,0.1334,10000620,2016-12-28,2016-12-28,P,2.006,2016-04-28
20571,2016-05-16 13:52:00,2016-05-16,0.1334,0.0,0.0,5790.0,0.1334,0.1334,0.1334,10000620,2016-12-28,2016-12-28,P,2.006,2016-04-28
20572,2016-05-16 13:53:00,2016-05-16,0.136,4080.0,3.0,5793.0,0.1334,0.136,0.1334,10000620,2016-12-28,2016-12-28,P,2.006,2016-04-28
20573,2016-05-16 13:54:00,2016-05-16,0.136,0.0,0.0,5793.0,0.136,0.136,0.136,10000620,2016-12-28,2016-12-28,P,2.006,2016-04-28
20574,2016-05-16 13:55:00,2016-05-16,0.136,0.0,0.0,5793.0,0.136,0.136,0.136,10000620,2016-12-28,2016-12-28,P,2.006,2016-04-28
20575,2016-05-16 13:56:00,2016-05-16,0.136,0.0,0.0,5793.0,0.136,0.136,0.136,10000620,2016-12-28,2016-12-28,P,2.006,2016-04-28
20576,2016-05-16 13:57:00,2016-05-16,0.136,0.0,0.0,5793.0,0.136,0.136,0.136,10000620,2016-12-28,2016-12-28,P,2.006,2016-04-28
20577,2016-05-16 13:58:00,2016-05-16,0.136,0.0,0.0,5793.0,0.136,0.136,0.136,10000620,2016-12-28,2016-12-28,P,2.006,2016-04-28
20578,2016-05-16 13:59:00,2016-05-16,0.136,0.0,0.0,5793.0,0.136,0.136,0.136,10000620,2016-12-28,2016-12-28,P,2.006,2016-04-28
20579,2016-05-16 14:00:00,2016-05-16,0.136,0.0,0.0,5793.0,0.136,0.136,0.136,10000620,2016-12-28,2016-12-28,P,2.006,2016-04-28
20580,2016-05-16 14:01:00,2016-05-16,0.136,1335.0,1.0,5793.0,0.136,0.1335,0.1335,10000620,2016-12-28,2016-12-28,P,2.006,2016-04-28
20581,2016-05-16 14:02:00,2016-05-16,0.1335,0.0,0.0,5793.0,0.1335,0.1335,0.1335,10000620,2016-12-28,2016-12-28,P,2.006,2016-04-28
20582,2016-05-16 14:03:00,2016-05-16,0.1335,0.0,0.0,5793.0,0.1335,0.1335,0.1335,10000620,2016-12-28,2016-12-28,P,2.006,2016-04-28
20583,2016-05-16 14:04:00,2016-05-16,0.1335,0.0,0.0,5793.0,0.1335,0.1335,0.1335,10000620,2016-12-28,2016-12-28,P,2.006,2016-04-28
20584,2016-05-16 14:05:00,2016-05-16,0.1335,0.0,0.0,5793.0,0.1335,0.1335,0.1335,10000620,2016-12-28,2016-12-28,P,2.006,2016-04-28
20585,2016-05-16 14:06:00,2016-05-16,0.1335,0.0,0.0,5793.0,0.1335,0.1335,0.1335,10000620,2016-12-28,2016-12-28,P,2.006,2016-04-28
20586,2016-05-16 14:07:00,2016-05-16,0.1335,0.0,0.0,5793.0,0.1335,0.1335,0.1335,10000620,2016-12-28,2016-12-28,P,2.006,2016-04-28
20587,2016-05-16 14:08:00,2016-05-16,0.1335,0.0,0.0,5793.0,0.1335,0.1335,0.1335,10000620,2016-12-28,2016-12-28,P,2.006,2016-04-28
20588,2016-05-16 14:09:00,2016-05-16,0.1335,0.0,0.0,5793.0,0.1335,0.1335,0.1335,10000620,2016-12-28,2016-12-28,P,2.006,2016-04-28
20589,2016-05-16 14:10:00,2016-05-16,0.1335,0.0,0.0,5793.0,0.1335,0.1335,0.1335,10000620,2016-12-28,2016-12-28,P,2.006,2016-04-28
20590,2016-05-16 14:11:00,2016-05-16,0.1335,0.0,0.0,5793.0,0.1335,0.1335,0.1335,10000620,2016-12-28,2016-12-28,P,2.006,2016-04-28
20591,2016-05-16 14:12:00,2016-05-16,0.1335,0.0,0.0,5793.0,0.1335,0.1335,0.1335,10000620,2016-12-28,2016-12-28,P,2.006,2016-04-28
20592,2016-05-16 14:13:00,2016-05-16,0.1335,0.0,0.0,5793.0,0.1335,0.1335,0.1335,10000620,2016-12-28,2016-12-28,P,2.006,2016-04-28
20593,2016-05-16 14:14:00,2016-05-16,0.1335,0.0,0.0,5793.0,0.1335,0.1335,0.1335,10000620,2016-12-28,2016-12-28,P,2.006,2016-04-28
20594,2016-05-16 14:15:00,2016-05-16,0.1346,26871.0,20.0,5803.0,0.1335,0.1346,0.1335,10000620,2016-12-28,2016-12-28,P,2.006,2016-04-28
20595,2016-05-16 14:16:00,2016-05-16,0.1358,19002.0,14.0,5817.0,0.1346,0.1358,0.1346,10000620,2016-12-28,2016-12-28,P,2.006,2016-04-28
20596,2016-05-16 14:17:00,2016-05-16,0.136,21754.0,16.0,5818.0,0.1359,0.136,0.1359,10000620,2016-12-28,2016-12-28,P,2.006,2016-04-28
20597,2016-05-16 14:18:00,2016-05-16,0.136,0.0,0.0,5818.0,0.136,0.136,0.136,10000620,2016-12-28,2016-12-28,P,2.006,2016-04-28
20598,2016-05-16 14:19:00,2016-05-16,0.136,0.0,0.0,5818.0,0.136,0.136,0.136,10000620,2016-12-28,2016-12-28,P,2.006,2016-04-28
20599,2016-05-16 14:20:00,2016-05-16,0.136,51456.0,38.0,5856.0,0.136,0.1352,0.1352,10000620,2016-12-28,2016-12-28,P,2.006,2016-04-28
20600,2016-05-16 14:21:00,2016-05-16,0.136,27200.0,20.0,5856.0,0.1352,0.136,0.1352,10000620,2016-12-28,2016-12-28,P,2.006,2016-04-28
20601,2016-05-16 14:22:00,2016-05-16,0.1361,8166.0,6.0,5861.0,0.136,0.1361,0.136,10000620,2016-12-28,2016-12-28,P,2.006,2016-04-28
20602,2016-05-16 14:23:00,2016-05-16,0.1361,0.0,0.0,5861.0,0.1361,0.1361,0.1361,10000620,2016-12-28,2016-12-28,P,2.006,2016-04-28
20603,2016-05-16 14:24:00,2016-05-16,0.1372,13720.0,10.0,5861.0,0.1361,0.1372,0.1361,10000620,2016-12-28,2016-12-28,P,2.006,2016-04-28
20604,2016-05-16 14:25:00,2016-05-16,0.1372,28801.0,21.0,5861.0,0.1371,0.1371,0.1371,10000620,2016-12-28,2016-12-28,P,2.006,2016-04-28
20605,2016-05-16 14:26:00,2016-05-16,0.1371,13700.0,10.0,5864.0,0.1371,0.13699999999999998,0.13699999999999998,10000620,2016-12-28,2016-12-28,P,2.006,2016-04-28
20606,2016-05-16 14:27:00,2016-05-16,0.13699999999999998,13690.0,10.0,5874.0,0.13699999999999998,0.1369,0.1369,10000620,2016-12-28,2016-12-28,P,2.006,2016-04-28
20607,2016-05-16 14:28:00,2016-05-16,0.13699999999999998,13700.0,10.0,5883.0,0.1369,0.13699999999999998,0.1369,10000620,2016-12-28,2016-12-28,P,2.006,2016-04-28
20608,2016-05-16 14:29:00,2016-05-16,0.13699999999999998,16438.0,12.0,5888.0,0.13699999999999998,0.1369,0.1369,10000620,2016-12-28,2016-12-28,P,2.006,2016-04-28
20609,2016-05-16 14:30:00,2016-05-16,0.1369,24632.0,18.0,5898.0,0.1369,0.1368,0.1368,10000620,2016-12-28,2016-12-28,P,2.006,2016-04-28
20610,2016-05-16 14:31:00,2016-05-16,0.1368,27318.0,20.0,5898.0,0.1368,0.1368,0.1361,10000620,2016-12-28,2016-12-28,P,2.006,2016-04-28
20611,2016-05-16 14:32:00,2016-05-16,0.1368,8208.0,6.0,5898.0,0.1368,0.1368,0.1368,10000620,2016-12-28,2016-12-28,P,2.006,2016-04-28
20612,2016-05-16 14:33:00,2016-05-16,0.1368,0.0,0.0,5898.0,0.1368,0.1368,0.1368,10000620,2016-12-28,2016-12-28,P,2.006,2016-04-28
20613,2016-05-16 14:34:00,2016-05-16,0.1368,0.0,0.0,5898.0,0.1368,0.1368,0.1368,10000620,2016-12-28,2016-12-28,P,2.006,2016-04-28
20614,2016-05-16 14:35:00,2016-05-16,0.1368,24498.0,18.0,5916.0,0.1368,0.1361,0.1361,10000620,2016-12-28,2016-12-28,P,2.006,2016-04-28
20615,2016-05-16 14:36:00,2016-05-16,0.1361,1356.0,1.0,5916.0,0.1361,0.1356,0.1356,10000620,2016-12-28,2016-12-28,P,2.006,2016-04-28
20616,2016-05-16 14:37:00,2016-05-16,0.1361,53015.0,39.0,5927.0,0.1356,0.1361,0.1355,10000620,2016-12-28,2016-12-28,P,2.006,2016-04-28
20617,2016-05-16 14:38:00,2016-05-16,0.1361,0.0,0.0,5927.0,0.1361,0.1361,0.1361,10000620,2016-12-28,2016-12-28,P,2.006,2016-04-28
20618,2016-05-16 14:39:00,2016-05-16,0.1363,9514.0,7.0,5924.0,0.1361,0.1356,0.1356,10000620,2016-12-28,2016-12-28,P,2.006,2016-04-28
20619,2016-05-16 14:40:00,2016-05-16,0.1356,0.0,0.0,5924.0,0.1356,0.1356,0.1356,10000620,2016-12-28,2016-12-28,P,2.006,2016-04-28
20620,2016-05-16 14:41:00,2016-05-16,0.1366,2730.0,2.0,5926.0,0.1356,0.1366,0.1356,10000620,2016-12-28,2016-12-28,P,2.006,2016-04-28
20621,2016-05-16 14:42:00,2016-05-16,0.1369,16428.0,12.0,5938.0,0.1366,0.1369,0.1366,10000620,2016-12-28,2016-12-28,P,2.006,2016-04-28
20622,2016-05-16 14:43:00,2016-05-16,0.1369,10952.0,8.0,5946.0,0.1369,0.1369,0.1369,10000620,2016-12-28,2016-12-28,P,2.006,2016-04-28
20623,2016-05-16 14:44:00,2016-05-16,0.1375,24700.0,18.0,5953.0,0.1366,0.1375,0.1366,10000620,2016-12-28,2016-12-28,P,2.006,2016-04-28
20624,2016-05-16 14:45:00,2016-05-16,0.1375,0.0,0.0,5953.0,0.1375,0.1375,0.1375,10000620,2016-12-28,2016-12-28,P,2.006,2016-04-28
20625,2016-05-16 14:46:00,2016-05-16,0.1375,27490.0,20.0,5953.0,0.1375,0.1375,0.1374,10000620,2016-12-28,2016-12-28,P,2.006,2016-04-28
20626,2016-05-16 14:47:00,2016-05-16,0.1377,13770.0,10.0,5953.0,0.1377,0.1377,0.1377,10000620,2016-12-28,2016-12-28,P,2.006,2016-04-28
20627,2016-05-16 14:48:00,2016-05-16,0.1378,68360.0,50.0,5989.0,0.1378,0.1366,0.136,10000620,2016-12-28,2016-12-28,P,2.006,2016-04-28
20628,2016-05-16 14:49:00,2016-05-16,0.1378,27540.0,20.0,5989.0,0.1366,0.1378,0.1366,10000620,2016-12-28,2016-12-28,P,2.006,2016-04-28
20629,2016-05-16 14:50:00,2016-05-16,0.1378,8244.0,6.0,5995.0,0.1378,0.1374,0.1374,10000620,2016-12-28,2016-12-28,P,2.006,2016-04-28
20630,2016-05-16 14:51:00,2016-05-16,0.1385,45567.0,33.0,5999.0,0.1379,0.1375,0.1374,10000620,2016-12-28,2016-12-28,P,2.006,2016-04-28
20631,2016-05-16 14:52:00,2016-05-16,0.138,15174.0,11.0,6000.0,0.1374,0.138,0.1374,10000620,2016-12-28,2016-12-28,P,2.006,2016-04-28
20632,2016-05-16 14:53:00,2016-05-16,0.138,13800.0,10.0,6000.0,0.138,0.138,0.138,10000620,2016-12-28,2016-12-28,P,2.006,2016-04-28
20633,2016-05-16 14:54:00,2016-05-16,0.1387,27730.0,20.0,6000.0,0.138,0.1387,0.138,10000620,2016-12-28,2016-12-28,P,2.006,2016-04-28
20634,2016-05-16 14:55:00,2016-05-16,0.1387,0.0,0.0,6000.0,0.1387,0.1387,0.1387,10000620,2016-12-28,2016-12-28,P,2.006,2016-04-28
20635,2016-05-16 14:56:00,2016-05-16,0.1387,0.0,0.0,6000.0,0.1387,0.1387,0.1387,10000620,2016-12-28,2016-12-28,P,2.006,2016-04-28
20636,2016-05-16 14:57:00,2016-05-16,0.1387,0.0,0.0,6000.0,0.1387,0.1387,0.1387,10000620,2016-12-28,2016-12-28,P,2.006,2016-04-28
20637,2016-05-16 14:58:00,2016-05-16,0.1387,0.0,0.0,6000.0,0.1387,0.1387,0.1387,10000620,2016-12-28,2016-12-28,P,2.006,2016-04-28
20638,2016-05-16 14:59:00,2016-05-16,0.1387,0.0,0.0,6000.0,0.1387,0.1387,0.1387,10000620,2016-12-28,2016-12-28,P,2.006,2016-04-28
20639,2016-05-16 15:00:00,2016-05-16,0.1387,0.0,0.0,6000.0,0.1387,0.1387,0.1387,10000620,2016-12-28,2016-12-28,P,2.006,2016-04-28
20640,2016-05-16 09:31:00,2016-05-16,0.2316,0.0,0.0,1434.0,0.2316,0.2316,0.2316,10000596,2016-09-28,2016-09-28,P,2.25,2016-03-17
20641,2016-05-16 09:32:00,2016-05-16,0.2316,0.0,0.0,1434.0,0.2316,0.2316,0.2316,10000596,2016-09-28,2016-09-28,P,2.25,2016-03-17
20642,2016-05-16 09:33:00,2016-05-16,0.2316,0.0,0.0,1434.0,0.2316,0.2316,0.2316,10000596,2016-09-28,2016-09-28,P,2.25,2016-03-17
20643,2016-05-16 09:34:00,2016-05-16,0.2316,0.0,0.0,1434.0,0.2316,0.2316,0.2316,10000596,2016-09-28,2016-09-28,P,2.25,2016-03-17
20644,2016-05-16 09:35:00,2016-05-16,0.2316,0.0,0.0,1434.0,0.2316,0.2316,0.2316,10000596,2016-09-28,2016-09-28,P,2.25,2016-03-17
20645,2016-05-16 09:36:00,2016-05-16,0.2316,0.0,0.0,1434.0,0.2316,0.2316,0.2316,10000596,2016-09-28,2016-09-28,P,2.25,2016-03-17
20646,2016-05-16 09:37:00,2016-05-16,0.2316,0.0,0.0,1434.0,0.2316,0.2316,0.2316,10000596,2016-09-28,2016-09-28,P,2.25,2016-03-17
20647,2016-05-16 09:38:00,2016-05-16,0.2316,0.0,0.0,1434.0,0.2316,0.2316,0.2316,10000596,2016-09-28,2016-09-28,P,2.25,2016-03-17
20648,2016-05-16 09:39:00,2016-05-16,0.2316,0.0,0.0,1434.0,0.2316,0.2316,0.2316,10000596,2016-09-28,2016-09-28,P,2.25,2016-03-17
20649,2016-05-16 09:40:00,2016-05-16,0.2316,0.0,0.0,1434.0,0.2316,0.2316,0.2316,10000596,2016-09-28,2016-09-28,P,2.25,2016-03-17
20650,2016-05-16 09:41:00,2016-05-16,0.2316,0.0,0.0,1434.0,0.2316,0.2316,0.2316,10000596,2016-09-28,2016-09-28,P,2.25,2016-03-17
20651,2016-05-16 09:42:00,2016-05-16,0.2316,0.0,0.0,1434.0,0.2316,0.2316,0.2316,10000596,2016-09-28,2016-09-28,P,2.25,2016-03-17
20652,2016-05-16 09:43:00,2016-05-16,0.2316,0.0,0.0,1434.0,0.2316,0.2316,0.2316,10000596,2016-09-28,2016-09-28,P,2.25,2016-03-17
20653,2016-05-16 09:44:00,2016-05-16,0.2316,0.0,0.0,1434.0,0.2316,0.2316,0.2316,10000596,2016-09-28,2016-09-28,P,2.25,2016-03-17
20654,2016-05-16 09:45:00,2016-05-16,0.2316,0.0,0.0,1434.0,0.2316,0.2316,0.2316,10000596,2016-09-28,2016-09-28,P,2.25,2016-03-17
20655,2016-05-16 09:46:00,2016-05-16,0.2316,0.0,0.0,1434.0,0.2316,0.2316,0.2316,10000596,2016-09-28,2016-09-28,P,2.25,2016-03-17
20656,2016-05-16 09:47:00,2016-05-16,0.2316,0.0,0.0,1434.0,0.2316,0.2316,0.2316,10000596,2016-09-28,2016-09-28,P,2.25,2016-03-17
20657,2016-05-16 09:48:00,2016-05-16,0.2316,0.0,0.0,1434.0,0.2316,0.2316,0.2316,10000596,2016-09-28,2016-09-28,P,2.25,2016-03-17
20658,2016-05-16 09:49:00,2016-05-16,0.2316,0.0,0.0,1434.0,0.2316,0.2316,0.2316,10000596,2016-09-28,2016-09-28,P,2.25,2016-03-17
20659,2016-05-16 09:50:00,2016-05-16,0.2316,0.0,0.0,1434.0,0.2316,0.2316,0.2316,10000596,2016-09-28,2016-09-28,P,2.25,2016-03-17
20660,2016-05-16 09:51:00,2016-05-16,0.2316,0.0,0.0,1434.0,0.2316,0.2316,0.2316,10000596,2016-09-28,2016-09-28,P,2.25,2016-03-17
20661,2016-05-16 09:52:00,2016-05-16,0.2316,0.0,0.0,1434.0,0.2316,0.2316,0.2316,10000596,2016-09-28,2016-09-28,P,2.25,2016-03-17
20662,2016-05-16 09:53:00,2016-05-16,0.2393,4786.0,2.0,1436.0,0.2316,0.2393,0.2316,10000596,2016-09-28,2016-09-28,P,2.25,2016-03-17
20663,2016-05-16 09:54:00,2016-05-16,0.2393,0.0,0.0,1436.0,0.2393,0.2393,0.2393,10000596,2016-09-28,2016-09-28,P,2.25,2016-03-17
20664,2016-05-16 09:55:00,2016-05-16,0.2393,0.0,0.0,1436.0,0.2393,0.2393,0.2393,10000596,2016-09-28,2016-09-28,P,2.25,2016-03-17
20665,2016-05-16 09:56:00,2016-05-16,0.2393,0.0,0.0,1436.0,0.2393,0.2393,0.2393,10000596,2016-09-28,2016-09-28,P,2.25,2016-03-17
20666,2016-05-16 09:57:00,2016-05-16,0.2393,0.0,0.0,1436.0,0.2393,0.2393,0.2393,10000596,2016-09-28,2016-09-28,P,2.25,2016-03-17
20667,2016-05-16 09:58:00,2016-05-16,0.2393,0.0,0.0,1436.0,0.2393,0.2393,0.2393,10000596,2016-09-28,2016-09-28,P,2.25,2016-03-17
20668,2016-05-16 09:59:00,2016-05-16,0.2393,0.0,0.0,1436.0,0.2393,0.2393,0.2393,10000596,2016-09-28,2016-09-28,P,2.25,2016-03-17
20669,2016-05-16 10:00:00,2016-05-16,0.2393,0.0,0.0,1436.0,0.2393,0.2393,0.2393,10000596,2016-09-28,2016-09-28,P,2.25,2016-03-17
20670,2016-05-16 10:01:00,2016-05-16,0.2393,0.0,0.0,1436.0,0.2393,0.2393,0.2393,10000596,2016-09-28,2016-09-28,P,2.25,2016-03-17
20671,2016-05-16 10:02:00,2016-05-16,0.2393,0.0,0.0,1436.0,0.2393,0.2393,0.2393,10000596,2016-09-28,2016-09-28,P,2.25,2016-03-17
20672,2016-05-16 10:03:00,2016-05-16,0.2393,0.0,0.0,1436.0,0.2393,0.2393,0.2393,10000596,2016-09-28,2016-09-28,P,2.25,2016-03-17
20673,2016-05-16 10:04:00,2016-05-16,0.2393,0.0,0.0,1436.0,0.2393,0.2393,0.2393,10000596,2016-09-28,2016-09-28,P,2.25,2016-03-17
20674,2016-05-16 10:05:00,2016-05-16,0.2393,0.0,0.0,1436.0,0.2393,0.2393,0.2393,10000596,2016-09-28,2016-09-28,P,2.25,2016-03-17
20675,2016-05-16 10:06:00,2016-05-16,0.2393,0.0,0.0,1436.0,0.2393,0.2393,0.2393,10000596,2016-09-28,2016-09-28,P,2.25,2016-03-17
20676,2016-05-16 10:07:00,2016-05-16,0.2413,14479.0,6.0,1430.0,0.2393,0.2413,0.2393,10000596,2016-09-28,2016-09-28,P,2.25,2016-03-17
20677,2016-05-16 10:08:00,2016-05-16,0.2413,0.0,0.0,1430.0,0.2413,0.2413,0.2413,10000596,2016-09-28,2016-09-28,P,2.25,2016-03-17
20678,2016-05-16 10:09:00,2016-05-16,0.2413,0.0,0.0,1430.0,0.2413,0.2413,0.2413,10000596,2016-09-28,2016-09-28,P,2.25,2016-03-17
20679,2016-05-16 10:10:00,2016-05-16,0.2413,0.0,0.0,1430.0,0.2413,0.2413,0.2413,10000596,2016-09-28,2016-09-28,P,2.25,2016-03-17
20680,2016-05-16 10:11:00,2016-05-16,0.2413,0.0,0.0,1430.0,0.2413,0.2413,0.2413,10000596,2016-09-28,2016-09-28,P,2.25,2016-03-17
20681,2016-05-16 10:12:00,2016-05-16,0.2413,0.0,0.0,1430.0,0.2413,0.2413,0.2413,10000596,2016-09-28,2016-09-28,P,2.25,2016-03-17
20682,2016-05-16 10:13:00,2016-05-16,0.2413,0.0,0.0,1430.0,0.2413,0.2413,0.2413,10000596,2016-09-28,2016-09-28,P,2.25,2016-03-17
20683,2016-05-16 10:14:00,2016-05-16,0.2423,2423.0,1.0,1430.0,0.2413,0.2423,0.2413,10000596,2016-09-28,2016-09-28,P,2.25,2016-03-17
20684,2016-05-16 10:15:00,2016-05-16,0.2423,0.0,0.0,1430.0,0.2423,0.2423,0.2423,10000596,2016-09-28,2016-09-28,P,2.25,2016-03-17
20685,2016-05-16 10:16:00,2016-05-16,0.2423,62166.0,26.0,1414.0,0.2423,0.2386,0.2386,10000596,2016-09-28,2016-09-28,P,2.25,2016-03-17
20686,2016-05-16 10:17:00,2016-05-16,0.2386,0.0,0.0,1414.0,0.2386,0.2386,0.2386,10000596,2016-09-28,2016-09-28,P,2.25,2016-03-17
20687,2016-05-16 10:18:00,2016-05-16,0.2386,0.0,0.0,1414.0,0.2386,0.2386,0.2386,10000596,2016-09-28,2016-09-28,P,2.25,2016-03-17
20688,2016-05-16 10:19:00,2016-05-16,0.2386,0.0,0.0,1414.0,0.2386,0.2386,0.2386,10000596,2016-09-28,2016-09-28,P,2.25,2016-03-17
20689,2016-05-16 10:20:00,2016-05-16,0.2386,0.0,0.0,1414.0,0.2386,0.2386,0.2386,10000596,2016-09-28,2016-09-28,P,2.25,2016-03-17
20690,2016-05-16 10:21:00,2016-05-16,0.2386,0.0,0.0,1414.0,0.2386,0.2386,0.2386,10000596,2016-09-28,2016-09-28,P,2.25,2016-03-17
20691,2016-05-16 10:22:00,2016-05-16,0.2387,2387.0,1.0,1413.0,0.2386,0.2387,0.2386,10000596,2016-09-28,2016-09-28,P,2.25,2016-03-17
20692,2016-05-16 10:23:00,2016-05-16,0.2416,2416.0,1.0,1413.0,0.2387,0.2416,0.2387,10000596,2016-09-28,2016-09-28,P,2.25,2016-03-17
20693,2016-05-16 10:24:00,2016-05-16,0.2416,0.0,0.0,1413.0,0.2416,0.2416,0.2416,10000596,2016-09-28,2016-09-28,P,2.25,2016-03-17
20694,2016-05-16 10:25:00,2016-05-16,0.2416,0.0,0.0,1413.0,0.2416,0.2416,0.2416,10000596,2016-09-28,2016-09-28,P,2.25,2016-03-17
20695,2016-05-16 10:26:00,2016-05-16,0.2416,0.0,0.0,1413.0,0.2416,0.2416,0.2416,10000596,2016-09-28,2016-09-28,P,2.25,2016-03-17
20696,2016-05-16 10:27:00,2016-05-16,0.2416,0.0,0.0,1413.0,0.2416,0.2416,0.2416,10000596,2016-09-28,2016-09-28,P,2.25,2016-03-17
20697,2016-05-16 10:28:00,2016-05-16,0.2416,83340.0,35.0,1398.0,0.2416,0.2374,0.2374,10000596,2016-09-28,2016-09-28,P,2.25,2016-03-17
20698,2016-05-16 10:29:00,2016-05-16,0.2374,0.0,0.0,1398.0,0.2374,0.2374,0.2374,10000596,2016-09-28,2016-09-28,P,2.25,2016-03-17
20699,2016-05-16 10:30:00,2016-05-16,0.2412,14472.0,6.0,1399.0,0.2374,0.2412,0.2374,10000596,2016-09-28,2016-09-28,P,2.25,2016-03-17
20700,2016-05-16 10:31:00,2016-05-16,0.2412,0.0,0.0,1399.0,0.2412,0.2412,0.2412,10000596,2016-09-28,2016-09-28,P,2.25,2016-03-17
20701,2016-05-16 10:32:00,2016-05-16,0.2412,0.0,0.0,1399.0,0.2412,0.2412,0.2412,10000596,2016-09-28,2016-09-28,P,2.25,2016-03-17
20702,2016-05-16 10:33:00,2016-05-16,0.2412,0.0,0.0,1399.0,0.2412,0.2412,0.2412,10000596,2016-09-28,2016-09-28,P,2.25,2016-03-17
20703,2016-05-16 10:34:00,2016-05-16,0.2412,0.0,0.0,1399.0,0.2412,0.2412,0.2412,10000596,2016-09-28,2016-09-28,P,2.25,2016-03-17
20704,2016-05-16 10:35:00,2016-05-16,0.2412,0.0,0.0,1399.0,0.2412,0.2412,0.2412,10000596,2016-09-28,2016-09-28,P,2.25,2016-03-17
20705,2016-05-16 10:36:00,2016-05-16,0.2412,0.0,0.0,1399.0,0.2412,0.2412,0.2412,10000596,2016-09-28,2016-09-28,P,2.25,2016-03-17
20706,2016-05-16 10:37:00,2016-05-16,0.2412,0.0,0.0,1399.0,0.2412,0.2412,0.2412,10000596,2016-09-28,2016-09-28,P,2.25,2016-03-17
20707,2016-05-16 10:38:00,2016-05-16,0.2412,4818.0,2.0,1401.0,0.2412,0.2409,0.2409,10000596,2016-09-28,2016-09-28,P,2.25,2016-03-17
20708,2016-05-16 10:39:00,2016-05-16,0.2409,0.0,0.0,1401.0,0.2409,0.2409,0.2409,10000596,2016-09-28,2016-09-28,P,2.25,2016-03-17
20709,2016-05-16 10:40:00,2016-05-16,0.2409,0.0,0.0,1401.0,0.2409,0.2409,0.2409,10000596,2016-09-28,2016-09-28,P,2.25,2016-03-17
20710,2016-05-16 10:41:00,2016-05-16,0.2409,0.0,0.0,1401.0,0.2409,0.2409,0.2409,10000596,2016-09-28,2016-09-28,P,2.25,2016-03-17
20711,2016-05-16 10:42:00,2016-05-16,0.2409,0.0,0.0,1401.0,0.2409,0.2409,0.2409,10000596,2016-09-28,2016-09-28,P,2.25,2016-03-17
20712,2016-05-16 10:43:00,2016-05-16,0.2409,0.0,0.0,1401.0,0.2409,0.2409,0.2409,10000596,2016-09-28,2016-09-28,P,2.25,2016-03-17
20713,2016-05-16 10:44:00,2016-05-16,0.2409,0.0,0.0,1401.0,0.2409,0.2409,0.2409,10000596,2016-09-28,2016-09-28,P,2.25,2016-03-17
20714,2016-05-16 10:45:00,2016-05-16,0.2409,0.0,0.0,1401.0,0.2409,0.2409,0.2409,10000596,2016-09-28,2016-09-28,P,2.25,2016-03-17
20715,2016-05-16 10:46:00,2016-05-16,0.2409,0.0,0.0,1401.0,0.2409,0.2409,0.2409,10000596,2016-09-28,2016-09-28,P,2.25,2016-03-17
20716,2016-05-16 10:47:00,2016-05-16,0.2409,0.0,0.0,1401.0,0.2409,0.2409,0.2409,10000596,2016-09-28,2016-09-28,P,2.25,2016-03-17
20717,2016-05-16 10:48:00,2016-05-16,0.2409,0.0,0.0,1401.0,0.2409,0.2409,0.2409,10000596,2016-09-28,2016-09-28,P,2.25,2016-03-17
20718,2016-05-16 10:49:00,2016-05-16,0.2409,0.0,0.0,1401.0,0.2409,0.2409,0.2409,10000596,2016-09-28,2016-09-28,P,2.25,2016-03-17
20719,2016-05-16 10:50:00,2016-05-16,0.2409,4718.0,2.0,1402.0,0.2409,0.2357,0.2357,10000596,2016-09-28,2016-09-28,P,2.25,2016-03-17
20720,2016-05-16 10:51:00,2016-05-16,0.2377,30631.0,13.0,1414.0,0.2357,0.2372,0.2352,10000596,2016-09-28,2016-09-28,P,2.25,2016-03-17
20721,2016-05-16 10:52:00,2016-05-16,0.2372,0.0,0.0,1414.0,0.2372,0.2372,0.2372,10000596,2016-09-28,2016-09-28,P,2.25,2016-03-17
20722,2016-05-16 10:53:00,2016-05-16,0.2372,0.0,0.0,1414.0,0.2372,0.2372,0.2372,10000596,2016-09-28,2016-09-28,P,2.25,2016-03-17
20723,2016-05-16 10:54:00,2016-05-16,0.2372,23440.0,10.0,1412.0,0.2372,0.2344,0.2344,10000596,2016-09-28,2016-09-28,P,2.25,2016-03-17
20724,2016-05-16 10:55:00,2016-05-16,0.2344,0.0,0.0,1412.0,0.2344,0.2344,0.2344,10000596,2016-09-28,2016-09-28,P,2.25,2016-03-17
20725,2016-05-16 10:56:00,2016-05-16,0.2344,0.0,0.0,1412.0,0.2344,0.2344,0.2344,10000596,2016-09-28,2016-09-28,P,2.25,2016-03-17
20726,2016-05-16 10:57:00,2016-05-16,0.2344,0.0,0.0,1412.0,0.2344,0.2344,0.2344,10000596,2016-09-28,2016-09-28,P,2.25,2016-03-17
20727,2016-05-16 10:58:00,2016-05-16,0.2344,0.0,0.0,1412.0,0.2344,0.2344,0.2344,10000596,2016-09-28,2016-09-28,P,2.25,2016-03-17
20728,2016-05-16 10:59:00,2016-05-16,0.2344,23110.0,10.0,1422.0,0.2344,0.2311,0.2311,10000596,2016-09-28,2016-09-28,P,2.25,2016-03-17
20729,2016-05-16 11:00:00,2016-05-16,0.2311,0.0,0.0,1422.0,0.2311,0.2311,0.2311,10000596,2016-09-28,2016-09-28,P,2.25,2016-03-17
20730,2016-05-16 11:01:00,2016-05-16,0.2311,0.0,0.0,1422.0,0.2311,0.2311,0.2311,10000596,2016-09-28,2016-09-28,P,2.25,2016-03-17
20731,2016-05-16 11:02:00,2016-05-16,0.2324,2324.0,1.0,1422.0,0.2311,0.2324,0.2311,10000596,2016-09-28,2016-09-28,P,2.25,2016-03-17
20732,2016-05-16 11:03:00,2016-05-16,0.2324,2324.0,1.0,1422.0,0.2324,0.2324,0.2324,10000596,2016-09-28,2016-09-28,P,2.25,2016-03-17
20733,2016-05-16 11:04:00,2016-05-16,0.2324,0.0,0.0,1422.0,0.2324,0.2324,0.2324,10000596,2016-09-28,2016-09-28,P,2.25,2016-03-17
20734,2016-05-16 11:05:00,2016-05-16,0.2324,0.0,0.0,1422.0,0.2324,0.2324,0.2324,10000596,2016-09-28,2016-09-28,P,2.25,2016-03-17
20735,2016-05-16 11:06:00,2016-05-16,0.2324,0.0,0.0,1422.0,0.2324,0.2324,0.2324,10000596,2016-09-28,2016-09-28,P,2.25,2016-03-17
20736,2016-05-16 11:07:00,2016-05-16,0.2324,0.0,0.0,1422.0,0.2324,0.2324,0.2324,10000596,2016-09-28,2016-09-28,P,2.25,2016-03-17
20737,2016-05-16 11:08:00,2016-05-16,0.2324,0.0,0.0,1422.0,0.2324,0.2324,0.2324,10000596,2016-09-28,2016-09-28,P,2.25,2016-03-17
20738,2016-05-16 11:09:00,2016-05-16,0.2324,0.0,0.0,1422.0,0.2324,0.2324,0.2324,10000596,2016-09-28,2016-09-28,P,2.25,2016-03-17
20739,2016-05-16 11:10:00,2016-05-16,0.2324,0.0,0.0,1422.0,0.2324,0.2324,0.2324,10000596,2016-09-28,2016-09-28,P,2.25,2016-03-17
20740,2016-05-16 11:11:00,2016-05-16,0.2324,0.0,0.0,1422.0,0.2324,0.2324,0.2324,10000596,2016-09-28,2016-09-28,P,2.25,2016-03-17
20741,2016-05-16 11:12:00,2016-05-16,0.2324,0.0,0.0,1422.0,0.2324,0.2324,0.2324,10000596,2016-09-28,2016-09-28,P,2.25,2016-03-17
20742,2016-05-16 11:13:00,2016-05-16,0.2324,0.0,0.0,1422.0,0.2324,0.2324,0.2324,10000596,2016-09-28,2016-09-28,P,2.25,2016-03-17
20743,2016-05-16 11:14:00,2016-05-16,0.2324,0.0,0.0,1422.0,0.2324,0.2324,0.2324,10000596,2016-09-28,2016-09-28,P,2.25,2016-03-17
20744,2016-05-16 11:15:00,2016-05-16,0.2324,0.0,0.0,1422.0,0.2324,0.2324,0.2324,10000596,2016-09-28,2016-09-28,P,2.25,2016-03-17
20745,2016-05-16 11:16:00,2016-05-16,0.2324,0.0,0.0,1422.0,0.2324,0.2324,0.2324,10000596,2016-09-28,2016-09-28,P,2.25,2016-03-17
20746,2016-05-16 11:17:00,2016-05-16,0.2324,0.0,0.0,1422.0,0.2324,0.2324,0.2324,10000596,2016-09-28,2016-09-28,P,2.25,2016-03-17
20747,2016-05-16 11:18:00,2016-05-16,0.2324,0.0,0.0,1422.0,0.2324,0.2324,0.2324,10000596,2016-09-28,2016-09-28,P,2.25,2016-03-17
20748,2016-05-16 11:19:00,2016-05-16,0.2324,0.0,0.0,1422.0,0.2324,0.2324,0.2324,10000596,2016-09-28,2016-09-28,P,2.25,2016-03-17
20749,2016-05-16 11:20:00,2016-05-16,0.2324,0.0,0.0,1422.0,0.2324,0.2324,0.2324,10000596,2016-09-28,2016-09-28,P,2.25,2016-03-17
20750,2016-05-16 11:21:00,2016-05-16,0.2324,0.0,0.0,1422.0,0.2324,0.2324,0.2324,10000596,2016-09-28,2016-09-28,P,2.25,2016-03-17
20751,2016-05-16 11:22:00,2016-05-16,0.2324,0.0,0.0,1422.0,0.2324,0.2324,0.2324,10000596,2016-09-28,2016-09-28,P,2.25,2016-03-17
20752,2016-05-16 11:23:00,2016-05-16,0.2324,0.0,0.0,1422.0,0.2324,0.2324,0.2324,10000596,2016-09-28,2016-09-28,P,2.25,2016-03-17
20753,2016-05-16 11:24:00,2016-05-16,0.2324,0.0,0.0,1422.0,0.2324,0.2324,0.2324,10000596,2016-09-28,2016-09-28,P,2.25,2016-03-17
20754,2016-05-16 11:25:00,2016-05-16,0.2324,0.0,0.0,1422.0,0.2324,0.2324,0.2324,10000596,2016-09-28,2016-09-28,P,2.25,2016-03-17
20755,2016-05-16 11:26:00,2016-05-16,0.2324,0.0,0.0,1422.0,0.2324,0.2324,0.2324,10000596,2016-09-28,2016-09-28,P,2.25,2016-03-17
20756,2016-05-16 11:27:00,2016-05-16,0.2324,0.0,0.0,1422.0,0.2324,0.2324,0.2324,10000596,2016-09-28,2016-09-28,P,2.25,2016-03-17
20757,2016-05-16 11:28:00,2016-05-16,0.2324,0.0,0.0,1422.0,0.2324,0.2324,0.2324,10000596,2016-09-28,2016-09-28,P,2.25,2016-03-17
20758,2016-05-16 11:29:00,2016-05-16,0.2324,0.0,0.0,1422.0,0.2324,0.2324,0.2324,10000596,2016-09-28,2016-09-28,P,2.25,2016-03-17
20759,2016-05-16 11:30:00,2016-05-16,0.2324,0.0,0.0,1422.0,0.2324,0.2324,0.2324,10000596,2016-09-28,2016-09-28,P,2.25,2016-03-17
20760,2016-05-16 13:01:00,2016-05-16,0.2324,0.0,0.0,1422.0,0.2324,0.2324,0.2324,10000596,2016-09-28,2016-09-28,P,2.25,2016-03-17
20761,2016-05-16 13:02:00,2016-05-16,0.2324,0.0,0.0,1422.0,0.2324,0.2324,0.2324,10000596,2016-09-28,2016-09-28,P,2.25,2016-03-17
20762,2016-05-16 13:03:00,2016-05-16,0.2324,4648.0,2.0,1422.0,0.2324,0.2324,0.2324,10000596,2016-09-28,2016-09-28,P,2.25,2016-03-17
20763,2016-05-16 13:04:00,2016-05-16,0.2324,0.0,0.0,1422.0,0.2324,0.2324,0.2324,10000596,2016-09-28,2016-09-28,P,2.25,2016-03-17
20764,2016-05-16 13:05:00,2016-05-16,0.2324,0.0,0.0,1422.0,0.2324,0.2324,0.2324,10000596,2016-09-28,2016-09-28,P,2.25,2016-03-17
20765,2016-05-16 13:06:00,2016-05-16,0.2324,0.0,0.0,1422.0,0.2324,0.2324,0.2324,10000596,2016-09-28,2016-09-28,P,2.25,2016-03-17
20766,2016-05-16 13:07:00,2016-05-16,0.2324,0.0,0.0,1422.0,0.2324,0.2324,0.2324,10000596,2016-09-28,2016-09-28,P,2.25,2016-03-17
20767,2016-05-16 13:08:00,2016-05-16,0.2324,0.0,0.0,1422.0,0.2324,0.2324,0.2324,10000596,2016-09-28,2016-09-28,P,2.25,2016-03-17
20768,2016-05-16 13:09:00,2016-05-16,0.2324,0.0,0.0,1422.0,0.2324,0.2324,0.2324,10000596,2016-09-28,2016-09-28,P,2.25,2016-03-17
20769,2016-05-16 13:10:00,2016-05-16,0.2324,0.0,0.0,1422.0,0.2324,0.2324,0.2324,10000596,2016-09-28,2016-09-28,P,2.25,2016-03-17
20770,2016-05-16 13:11:00,2016-05-16,0.2324,0.0,0.0,1422.0,0.2324,0.2324,0.2324,10000596,2016-09-28,2016-09-28,P,2.25,2016-03-17
20771,2016-05-16 13:12:00,2016-05-16,0.2324,0.0,0.0,1422.0,0.2324,0.2324,0.2324,10000596,2016-09-28,2016-09-28,P,2.25,2016-03-17
20772,2016-05-16 13:13:00,2016-05-16,0.2324,0.0,0.0,1422.0,0.2324,0.2324,0.2324,10000596,2016-09-28,2016-09-28,P,2.25,2016-03-17
20773,2016-05-16 13:14:00,2016-05-16,0.2324,0.0,0.0,1422.0,0.2324,0.2324,0.2324,10000596,2016-09-28,2016-09-28,P,2.25,2016-03-17
20774,2016-05-16 13:15:00,2016-05-16,0.2324,0.0,0.0,1422.0,0.2324,0.2324,0.2324,10000596,2016-09-28,2016-09-28,P,2.25,2016-03-17
20775,2016-05-16 13:16:00,2016-05-16,0.2324,0.0,0.0,1422.0,0.2324,0.2324,0.2324,10000596,2016-09-28,2016-09-28,P,2.25,2016-03-17
20776,2016-05-16 13:17:00,2016-05-16,0.2324,0.0,0.0,1422.0,0.2324,0.2324,0.2324,10000596,2016-09-28,2016-09-28,P,2.25,2016-03-17
20777,2016-05-16 13:18:00,2016-05-16,0.2342,2342.0,1.0,1423.0,0.2324,0.2342,0.2324,10000596,2016-09-28,2016-09-28,P,2.25,2016-03-17
20778,2016-05-16 13:19:00,2016-05-16,0.2342,0.0,0.0,1423.0,0.2342,0.2342,0.2342,10000596,2016-09-28,2016-09-28,P,2.25,2016-03-17
20779,2016-05-16 13:20:00,2016-05-16,0.2347,23470.0,10.0,1423.0,0.2342,0.2347,0.2342,10000596,2016-09-28,2016-09-28,P,2.25,2016-03-17
20780,2016-05-16 13:21:00,2016-05-16,0.2347,0.0,0.0,1423.0,0.2347,0.2347,0.2347,10000596,2016-09-28,2016-09-28,P,2.25,2016-03-17
20781,2016-05-16 13:22:00,2016-05-16,0.2347,0.0,0.0,1423.0,0.2347,0.2347,0.2347,10000596,2016-09-28,2016-09-28,P,2.25,2016-03-17
20782,2016-05-16 13:23:00,2016-05-16,0.2347,0.0,0.0,1423.0,0.2347,0.2347,0.2347,10000596,2016-09-28,2016-09-28,P,2.25,2016-03-17
20783,2016-05-16 13:24:00,2016-05-16,0.2347,0.0,0.0,1423.0,0.2347,0.2347,0.2347,10000596,2016-09-28,2016-09-28,P,2.25,2016-03-17
20784,2016-05-16 13:25:00,2016-05-16,0.2347,0.0,0.0,1423.0,0.2347,0.2347,0.2347,10000596,2016-09-28,2016-09-28,P,2.25,2016-03-17
20785,2016-05-16 13:26:00,2016-05-16,0.2347,0.0,0.0,1423.0,0.2347,0.2347,0.2347,10000596,2016-09-28,2016-09-28,P,2.25,2016-03-17
20786,2016-05-16 13:27:00,2016-05-16,0.2347,0.0,0.0,1423.0,0.2347,0.2347,0.2347,10000596,2016-09-28,2016-09-28,P,2.25,2016-03-17
20787,2016-05-16 13:28:00,2016-05-16,0.2347,0.0,0.0,1423.0,0.2347,0.2347,0.2347,10000596,2016-09-28,2016-09-28,P,2.25,2016-03-17
20788,2016-05-16 13:29:00,2016-05-16,0.2347,0.0,0.0,1423.0,0.2347,0.2347,0.2347,10000596,2016-09-28,2016-09-28,P,2.25,2016-03-17
20789,2016-05-16 13:30:00,2016-05-16,0.2347,0.0,0.0,1423.0,0.2347,0.2347,0.2347,10000596,2016-09-28,2016-09-28,P,2.25,2016-03-17
20790,2016-05-16 13:31:00,2016-05-16,0.235,2350.0,1.0,1423.0,0.2347,0.235,0.2347,10000596,2016-09-28,2016-09-28,P,2.25,2016-03-17
20791,2016-05-16 13:32:00,2016-05-16,0.235,25850.0,11.0,1421.0,0.235,0.235,0.235,10000596,2016-09-28,2016-09-28,P,2.25,2016-03-17
20792,2016-05-16 13:33:00,2016-05-16,0.235,4700.0,2.0,1419.0,0.235,0.235,0.235,10000596,2016-09-28,2016-09-28,P,2.25,2016-03-17
20793,2016-05-16 13:34:00,2016-05-16,0.235,0.0,0.0,1419.0,0.235,0.235,0.235,10000596,2016-09-28,2016-09-28,P,2.25,2016-03-17
20794,2016-05-16 13:35:00,2016-05-16,0.235,0.0,0.0,1419.0,0.235,0.235,0.235,10000596,2016-09-28,2016-09-28,P,2.25,2016-03-17
20795,2016-05-16 13:36:00,2016-05-16,0.235,0.0,0.0,1419.0,0.235,0.235,0.235,10000596,2016-09-28,2016-09-28,P,2.25,2016-03-17
20796,2016-05-16 13:37:00,2016-05-16,0.235,0.0,0.0,1419.0,0.235,0.235,0.235,10000596,2016-09-28,2016-09-28,P,2.25,2016-03-17
20797,2016-05-16 13:38:00,2016-05-16,0.235,0.0,0.0,1419.0,0.235,0.235,0.235,10000596,2016-09-28,2016-09-28,P,2.25,2016-03-17
20798,2016-05-16 13:39:00,2016-05-16,0.235,0.0,0.0,1419.0,0.235,0.235,0.235,10000596,2016-09-28,2016-09-28,P,2.25,2016-03-17
20799,2016-05-16 13:40:00,2016-05-16,0.235,0.0,0.0,1419.0,0.235,0.235,0.235,10000596,2016-09-28,2016-09-28,P,2.25,2016-03-17
20800,2016-05-16 13:41:00,2016-05-16,0.235,0.0,0.0,1419.0,0.235,0.235,0.235,10000596,2016-09-28,2016-09-28,P,2.25,2016-03-17
20801,2016-05-16 13:42:00,2016-05-16,0.235,0.0,0.0,1419.0,0.235,0.235,0.235,10000596,2016-09-28,2016-09-28,P,2.25,2016-03-17
20802,2016-05-16 13:43:00,2016-05-16,0.235,42300.0,18.0,1407.0,0.235,0.235,0.235,10000596,2016-09-28,2016-09-28,P,2.25,2016-03-17
20803,2016-05-16 13:44:00,2016-05-16,0.235,0.0,0.0,1407.0,0.235,0.235,0.235,10000596,2016-09-28,2016-09-28,P,2.25,2016-03-17
20804,2016-05-16 13:45:00,2016-05-16,0.235,0.0,0.0,1407.0,0.235,0.235,0.235,10000596,2016-09-28,2016-09-28,P,2.25,2016-03-17
20805,2016-05-16 13:46:00,2016-05-16,0.235,0.0,0.0,1407.0,0.235,0.235,0.235,10000596,2016-09-28,2016-09-28,P,2.25,2016-03-17
20806,2016-05-16 13:47:00,2016-05-16,0.235,0.0,0.0,1407.0,0.235,0.235,0.235,10000596,2016-09-28,2016-09-28,P,2.25,2016-03-17
20807,2016-05-16 13:48:00,2016-05-16,0.235,0.0,0.0,1407.0,0.235,0.235,0.235,10000596,2016-09-28,2016-09-28,P,2.25,2016-03-17
20808,2016-05-16 13:49:00,2016-05-16,0.235,0.0,0.0,1407.0,0.235,0.235,0.235,10000596,2016-09-28,2016-09-28,P,2.25,2016-03-17
20809,2016-05-16 13:50:00,2016-05-16,0.235,0.0,0.0,1407.0,0.235,0.235,0.235,10000596,2016-09-28,2016-09-28,P,2.25,2016-03-17
20810,2016-05-16 13:51:00,2016-05-16,0.235,0.0,0.0,1407.0,0.235,0.235,0.235,10000596,2016-09-28,2016-09-28,P,2.25,2016-03-17
20811,2016-05-16 13:52:00,2016-05-16,0.235,0.0,0.0,1407.0,0.235,0.235,0.235,10000596,2016-09-28,2016-09-28,P,2.25,2016-03-17
20812,2016-05-16 13:53:00,2016-05-16,0.235,4680.0,2.0,1407.0,0.235,0.234,0.234,10000596,2016-09-28,2016-09-28,P,2.25,2016-03-17
20813,2016-05-16 13:54:00,2016-05-16,0.234,0.0,0.0,1407.0,0.234,0.234,0.234,10000596,2016-09-28,2016-09-28,P,2.25,2016-03-17
20814,2016-05-16 13:55:00,2016-05-16,0.234,0.0,0.0,1407.0,0.234,0.234,0.234,10000596,2016-09-28,2016-09-28,P,2.25,2016-03-17
20815,2016-05-16 13:56:00,2016-05-16,0.234,0.0,0.0,1407.0,0.234,0.234,0.234,10000596,2016-09-28,2016-09-28,P,2.25,2016-03-17
20816,2016-05-16 13:57:00,2016-05-16,0.234,0.0,0.0,1407.0,0.234,0.234,0.234,10000596,2016-09-28,2016-09-28,P,2.25,2016-03-17
20817,2016-05-16 13:58:00,2016-05-16,0.234,0.0,0.0,1407.0,0.234,0.234,0.234,10000596,2016-09-28,2016-09-28,P,2.25,2016-03-17
20818,2016-05-16 13:59:00,2016-05-16,0.234,0.0,0.0,1407.0,0.234,0.234,0.234,10000596,2016-09-28,2016-09-28,P,2.25,2016-03-17
20819,2016-05-16 14:00:00,2016-05-16,0.234,0.0,0.0,1407.0,0.234,0.234,0.234,10000596,2016-09-28,2016-09-28,P,2.25,2016-03-17
20820,2016-05-16 14:01:00,2016-05-16,0.234,2318.0,1.0,1406.0,0.234,0.2318,0.2318,10000596,2016-09-28,2016-09-28,P,2.25,2016-03-17
20821,2016-05-16 14:02:00,2016-05-16,0.2318,0.0,0.0,1406.0,0.2318,0.2318,0.2318,10000596,2016-09-28,2016-09-28,P,2.25,2016-03-17
20822,2016-05-16 14:03:00,2016-05-16,0.2318,0.0,0.0,1406.0,0.2318,0.2318,0.2318,10000596,2016-09-28,2016-09-28,P,2.25,2016-03-17
20823,2016-05-16 14:04:00,2016-05-16,0.2318,0.0,0.0,1406.0,0.2318,0.2318,0.2318,10000596,2016-09-28,2016-09-28,P,2.25,2016-03-17
20824,2016-05-16 14:05:00,2016-05-16,0.2318,0.0,0.0,1406.0,0.2318,0.2318,0.2318,10000596,2016-09-28,2016-09-28,P,2.25,2016-03-17
20825,2016-05-16 14:06:00,2016-05-16,0.2318,0.0,0.0,1406.0,0.2318,0.2318,0.2318,10000596,2016-09-28,2016-09-28,P,2.25,2016-03-17
20826,2016-05-16 14:07:00,2016-05-16,0.2318,0.0,0.0,1406.0,0.2318,0.2318,0.2318,10000596,2016-09-28,2016-09-28,P,2.25,2016-03-17
20827,2016-05-16 14:08:00,2016-05-16,0.2318,0.0,0.0,1406.0,0.2318,0.2318,0.2318,10000596,2016-09-28,2016-09-28,P,2.25,2016-03-17
20828,2016-05-16 14:09:00,2016-05-16,0.2318,0.0,0.0,1406.0,0.2318,0.2318,0.2318,10000596,2016-09-28,2016-09-28,P,2.25,2016-03-17
20829,2016-05-16 14:10:00,2016-05-16,0.2318,0.0,0.0,1406.0,0.2318,0.2318,0.2318,10000596,2016-09-28,2016-09-28,P,2.25,2016-03-17
20830,2016-05-16 14:11:00,2016-05-16,0.2318,0.0,0.0,1406.0,0.2318,0.2318,0.2318,10000596,2016-09-28,2016-09-28,P,2.25,2016-03-17
20831,2016-05-16 14:12:00,2016-05-16,0.2318,0.0,0.0,1406.0,0.2318,0.2318,0.2318,10000596,2016-09-28,2016-09-28,P,2.25,2016-03-17
20832,2016-05-16 14:13:00,2016-05-16,0.2318,0.0,0.0,1406.0,0.2318,0.2318,0.2318,10000596,2016-09-28,2016-09-28,P,2.25,2016-03-17
20833,2016-05-16 14:14:00,2016-05-16,0.2318,0.0,0.0,1406.0,0.2318,0.2318,0.2318,10000596,2016-09-28,2016-09-28,P,2.25,2016-03-17
20834,2016-05-16 14:15:00,2016-05-16,0.2318,0.0,0.0,1406.0,0.2318,0.2318,0.2318,10000596,2016-09-28,2016-09-28,P,2.25,2016-03-17
20835,2016-05-16 14:16:00,2016-05-16,0.2318,0.0,0.0,1406.0,0.2318,0.2318,0.2318,10000596,2016-09-28,2016-09-28,P,2.25,2016-03-17
20836,2016-05-16 14:17:00,2016-05-16,0.2318,0.0,0.0,1406.0,0.2318,0.2318,0.2318,10000596,2016-09-28,2016-09-28,P,2.25,2016-03-17
20837,2016-05-16 14:18:00,2016-05-16,0.2318,0.0,0.0,1406.0,0.2318,0.2318,0.2318,10000596,2016-09-28,2016-09-28,P,2.25,2016-03-17
20838,2016-05-16 14:19:00,2016-05-16,0.2318,0.0,0.0,1406.0,0.2318,0.2318,0.2318,10000596,2016-09-28,2016-09-28,P,2.25,2016-03-17
20839,2016-05-16 14:20:00,2016-05-16,0.2318,0.0,0.0,1406.0,0.2318,0.2318,0.2318,10000596,2016-09-28,2016-09-28,P,2.25,2016-03-17
20840,2016-05-16 14:21:00,2016-05-16,0.2318,0.0,0.0,1406.0,0.2318,0.2318,0.2318,10000596,2016-09-28,2016-09-28,P,2.25,2016-03-17
20841,2016-05-16 14:22:00,2016-05-16,0.2318,0.0,0.0,1406.0,0.2318,0.2318,0.2318,10000596,2016-09-28,2016-09-28,P,2.25,2016-03-17
20842,2016-05-16 14:23:00,2016-05-16,0.2318,0.0,0.0,1406.0,0.2318,0.2318,0.2318,10000596,2016-09-28,2016-09-28,P,2.25,2016-03-17
20843,2016-05-16 14:24:00,2016-05-16,0.2318,0.0,0.0,1406.0,0.2318,0.2318,0.2318,10000596,2016-09-28,2016-09-28,P,2.25,2016-03-17
20844,2016-05-16 14:25:00,2016-05-16,0.2318,0.0,0.0,1406.0,0.2318,0.2318,0.2318,10000596,2016-09-28,2016-09-28,P,2.25,2016-03-17
20845,2016-05-16 14:26:00,2016-05-16,0.2318,0.0,0.0,1406.0,0.2318,0.2318,0.2318,10000596,2016-09-28,2016-09-28,P,2.25,2016-03-17
20846,2016-05-16 14:27:00,2016-05-16,0.2318,0.0,0.0,1406.0,0.2318,0.2318,0.2318,10000596,2016-09-28,2016-09-28,P,2.25,2016-03-17
20847,2016-05-16 14:28:00,2016-05-16,0.2318,0.0,0.0,1406.0,0.2318,0.2318,0.2318,10000596,2016-09-28,2016-09-28,P,2.25,2016-03-17
20848,2016-05-16 14:29:00,2016-05-16,0.2318,0.0,0.0,1406.0,0.2318,0.2318,0.2318,10000596,2016-09-28,2016-09-28,P,2.25,2016-03-17
20849,2016-05-16 14:30:00,2016-05-16,0.2318,0.0,0.0,1406.0,0.2318,0.2318,0.2318,10000596,2016-09-28,2016-09-28,P,2.25,2016-03-17
20850,2016-05-16 14:31:00,2016-05-16,0.2318,0.0,0.0,1406.0,0.2318,0.2318,0.2318,10000596,2016-09-28,2016-09-28,P,2.25,2016-03-17
20851,2016-05-16 14:32:00,2016-05-16,0.2318,0.0,0.0,1406.0,0.2318,0.2318,0.2318,10000596,2016-09-28,2016-09-28,P,2.25,2016-03-17
20852,2016-05-16 14:33:00,2016-05-16,0.2318,0.0,0.0,1406.0,0.2318,0.2318,0.2318,10000596,2016-09-28,2016-09-28,P,2.25,2016-03-17
20853,2016-05-16 14:34:00,2016-05-16,0.2318,0.0,0.0,1406.0,0.2318,0.2318,0.2318,10000596,2016-09-28,2016-09-28,P,2.25,2016-03-17
20854,2016-05-16 14:35:00,2016-05-16,0.2318,0.0,0.0,1406.0,0.2318,0.2318,0.2318,10000596,2016-09-28,2016-09-28,P,2.25,2016-03-17
20855,2016-05-16 14:36:00,2016-05-16,0.2318,0.0,0.0,1406.0,0.2318,0.2318,0.2318,10000596,2016-09-28,2016-09-28,P,2.25,2016-03-17
20856,2016-05-16 14:37:00,2016-05-16,0.2318,0.0,0.0,1406.0,0.2318,0.2318,0.2318,10000596,2016-09-28,2016-09-28,P,2.25,2016-03-17
20857,2016-05-16 14:38:00,2016-05-16,0.2318,0.0,0.0,1406.0,0.2318,0.2318,0.2318,10000596,2016-09-28,2016-09-28,P,2.25,2016-03-17
20858,2016-05-16 14:39:00,2016-05-16,0.2318,0.0,0.0,1406.0,0.2318,0.2318,0.2318,10000596,2016-09-28,2016-09-28,P,2.25,2016-03-17
20859,2016-05-16 14:40:00,2016-05-16,0.2318,0.0,0.0,1406.0,0.2318,0.2318,0.2318,10000596,2016-09-28,2016-09-28,P,2.25,2016-03-17
20860,2016-05-16 14:41:00,2016-05-16,0.2318,0.0,0.0,1406.0,0.2318,0.2318,0.2318,10000596,2016-09-28,2016-09-28,P,2.25,2016-03-17
20861,2016-05-16 14:42:00,2016-05-16,0.2318,0.0,0.0,1406.0,0.2318,0.2318,0.2318,10000596,2016-09-28,2016-09-28,P,2.25,2016-03-17
20862,2016-05-16 14:43:00,2016-05-16,0.2318,0.0,0.0,1406.0,0.2318,0.2318,0.2318,10000596,2016-09-28,2016-09-28,P,2.25,2016-03-17
20863,2016-05-16 14:44:00,2016-05-16,0.2318,0.0,0.0,1406.0,0.2318,0.2318,0.2318,10000596,2016-09-28,2016-09-28,P,2.25,2016-03-17
20864,2016-05-16 14:45:00,2016-05-16,0.2318,0.0,0.0,1406.0,0.2318,0.2318,0.2318,10000596,2016-09-28,2016-09-28,P,2.25,2016-03-17
20865,2016-05-16 14:46:00,2016-05-16,0.2318,0.0,0.0,1406.0,0.2318,0.2318,0.2318,10000596,2016-09-28,2016-09-28,P,2.25,2016-03-17
20866,2016-05-16 14:47:00,2016-05-16,0.2318,0.0,0.0,1406.0,0.2318,0.2318,0.2318,10000596,2016-09-28,2016-09-28,P,2.25,2016-03-17
20867,2016-05-16 14:48:00,2016-05-16,0.2318,0.0,0.0,1406.0,0.2318,0.2318,0.2318,10000596,2016-09-28,2016-09-28,P,2.25,2016-03-17
20868,2016-05-16 14:49:00,2016-05-16,0.2318,0.0,0.0,1406.0,0.2318,0.2318,0.2318,10000596,2016-09-28,2016-09-28,P,2.25,2016-03-17
20869,2016-05-16 14:50:00,2016-05-16,0.2318,0.0,0.0,1406.0,0.2318,0.2318,0.2318,10000596,2016-09-28,2016-09-28,P,2.25,2016-03-17
20870,2016-05-16 14:51:00,2016-05-16,0.2318,0.0,0.0,1406.0,0.2318,0.2318,0.2318,10000596,2016-09-28,2016-09-28,P,2.25,2016-03-17
20871,2016-05-16 14:52:00,2016-05-16,0.2318,0.0,0.0,1406.0,0.2318,0.2318,0.2318,10000596,2016-09-28,2016-09-28,P,2.25,2016-03-17
20872,2016-05-16 14:53:00,2016-05-16,0.2318,0.0,0.0,1406.0,0.2318,0.2318,0.2318,10000596,2016-09-28,2016-09-28,P,2.25,2016-03-17
20873,2016-05-16 14:54:00,2016-05-16,0.2318,0.0,0.0,1406.0,0.2318,0.2318,0.2318,10000596,2016-09-28,2016-09-28,P,2.25,2016-03-17
20874,2016-05-16 14:55:00,2016-05-16,0.2318,0.0,0.0,1406.0,0.2318,0.2318,0.2318,10000596,2016-09-28,2016-09-28,P,2.25,2016-03-17
20875,2016-05-16 14:56:00,2016-05-16,0.2318,0.0,0.0,1406.0,0.2318,0.2318,0.2318,10000596,2016-09-28,2016-09-28,P,2.25,2016-03-17
20876,2016-05-16 14:57:00,2016-05-16,0.2318,0.0,0.0,1406.0,0.2318,0.2318,0.2318,10000596,2016-09-28,2016-09-28,P,2.25,2016-03-17
20877,2016-05-16 14:58:00,2016-05-16,0.2318,0.0,0.0,1406.0,0.2318,0.2318,0.2318,10000596,2016-09-28,2016-09-28,P,2.25,2016-03-17
20878,2016-05-16 14:59:00,2016-05-16,0.2318,0.0,0.0,1406.0,0.2318,0.2318,0.2318,10000596,2016-09-28,2016-09-28,P,2.25,2016-03-17
20879,2016-05-16 15:00:00,2016-05-16,0.2318,0.0,0.0,1406.0,0.2318,0.2318,0.2318,10000596,2016-09-28,2016-09-28,P,2.25,2016-03-17
20880,2016-05-16 09:31:00,2016-05-16,0.11,1100.0,1.0,4964.0,0.11,0.11,0.11,10000558,2016-09-28,2016-09-28,C,2.0,2016-01-28
20881,2016-05-16 09:32:00,2016-05-16,0.11,0.0,0.0,4964.0,0.11,0.11,0.11,10000558,2016-09-28,2016-09-28,C,2.0,2016-01-28
20882,2016-05-16 09:33:00,2016-05-16,0.11,0.0,0.0,4964.0,0.11,0.11,0.11,10000558,2016-09-28,2016-09-28,C,2.0,2016-01-28
20883,2016-05-16 09:34:00,2016-05-16,0.11,0.0,0.0,4964.0,0.11,0.11,0.11,10000558,2016-09-28,2016-09-28,C,2.0,2016-01-28
20884,2016-05-16 09:35:00,2016-05-16,0.11,0.0,0.0,4964.0,0.11,0.11,0.11,10000558,2016-09-28,2016-09-28,C,2.0,2016-01-28
20885,2016-05-16 09:36:00,2016-05-16,0.1137,1137.0,1.0,4964.0,0.11,0.1137,0.11,10000558,2016-09-28,2016-09-28,C,2.0,2016-01-28
20886,2016-05-16 09:37:00,2016-05-16,0.1137,0.0,0.0,4964.0,0.1137,0.1137,0.1137,10000558,2016-09-28,2016-09-28,C,2.0,2016-01-28
20887,2016-05-16 09:38:00,2016-05-16,0.1137,0.0,0.0,4964.0,0.1137,0.1137,0.1137,10000558,2016-09-28,2016-09-28,C,2.0,2016-01-28
20888,2016-05-16 09:39:00,2016-05-16,0.1137,0.0,0.0,4964.0,0.1137,0.1137,0.1137,10000558,2016-09-28,2016-09-28,C,2.0,2016-01-28
20889,2016-05-16 09:40:00,2016-05-16,0.1137,0.0,0.0,4964.0,0.1137,0.1137,0.1137,10000558,2016-09-28,2016-09-28,C,2.0,2016-01-28
20890,2016-05-16 09:41:00,2016-05-16,0.1137,0.0,0.0,4964.0,0.1137,0.1137,0.1137,10000558,2016-09-28,2016-09-28,C,2.0,2016-01-28
20891,2016-05-16 09:42:00,2016-05-16,0.1137,1103.0,1.0,4965.0,0.1137,0.1103,0.1103,10000558,2016-09-28,2016-09-28,C,2.0,2016-01-28
20892,2016-05-16 09:43:00,2016-05-16,0.1103,0.0,0.0,4965.0,0.1103,0.1103,0.1103,10000558,2016-09-28,2016-09-28,C,2.0,2016-01-28
20893,2016-05-16 09:44:00,2016-05-16,0.1103,0.0,0.0,4965.0,0.1103,0.1103,0.1103,10000558,2016-09-28,2016-09-28,C,2.0,2016-01-28
20894,2016-05-16 09:45:00,2016-05-16,0.1103,0.0,0.0,4965.0,0.1103,0.1103,0.1103,10000558,2016-09-28,2016-09-28,C,2.0,2016-01-28
20895,2016-05-16 09:46:00,2016-05-16,0.1103,0.0,0.0,4965.0,0.1103,0.1103,0.1103,10000558,2016-09-28,2016-09-28,C,2.0,2016-01-28
20896,2016-05-16 09:47:00,2016-05-16,0.1103,0.0,0.0,4965.0,0.1103,0.1103,0.1103,10000558,2016-09-28,2016-09-28,C,2.0,2016-01-28
20897,2016-05-16 09:48:00,2016-05-16,0.1103,0.0,0.0,4965.0,0.1103,0.1103,0.1103,10000558,2016-09-28,2016-09-28,C,2.0,2016-01-28
20898,2016-05-16 09:49:00,2016-05-16,0.1103,0.0,0.0,4965.0,0.1103,0.1103,0.1103,10000558,2016-09-28,2016-09-28,C,2.0,2016-01-28
20899,2016-05-16 09:50:00,2016-05-16,0.1103,0.0,0.0,4965.0,0.1103,0.1103,0.1103,10000558,2016-09-28,2016-09-28,C,2.0,2016-01-28
20900,2016-05-16 09:51:00,2016-05-16,0.1103,26290.0,24.0,4975.0,0.1103,0.1091,0.1091,10000558,2016-09-28,2016-09-28,C,2.0,2016-01-28
20901,2016-05-16 09:52:00,2016-05-16,0.1091,0.0,0.0,4975.0,0.1091,0.1091,0.1091,10000558,2016-09-28,2016-09-28,C,2.0,2016-01-28
20902,2016-05-16 09:53:00,2016-05-16,0.1092,11930.0,11.0,4978.0,0.1092,0.1082,0.1082,10000558,2016-09-28,2016-09-28,C,2.0,2016-01-28
20903,2016-05-16 09:54:00,2016-05-16,0.1082,1065.0,1.0,4978.0,0.1082,0.1065,0.1065,10000558,2016-09-28,2016-09-28,C,2.0,2016-01-28
20904,2016-05-16 09:55:00,2016-05-16,0.1065,1058.0,1.0,4978.0,0.1065,0.1058,0.1058,10000558,2016-09-28,2016-09-28,C,2.0,2016-01-28
20905,2016-05-16 09:56:00,2016-05-16,0.1058,0.0,0.0,4978.0,0.1058,0.1058,0.1058,10000558,2016-09-28,2016-09-28,C,2.0,2016-01-28
20906,2016-05-16 09:57:00,2016-05-16,0.1058,0.0,0.0,4978.0,0.1058,0.1058,0.1058,10000558,2016-09-28,2016-09-28,C,2.0,2016-01-28
20907,2016-05-16 09:58:00,2016-05-16,0.1058,0.0,0.0,4978.0,0.1058,0.1058,0.1058,10000558,2016-09-28,2016-09-28,C,2.0,2016-01-28
20908,2016-05-16 09:59:00,2016-05-16,0.1058,0.0,0.0,4978.0,0.1058,0.1058,0.1058,10000558,2016-09-28,2016-09-28,C,2.0,2016-01-28
20909,2016-05-16 10:00:00,2016-05-16,0.1058,0.0,0.0,4978.0,0.1058,0.1058,0.1058,10000558,2016-09-28,2016-09-28,C,2.0,2016-01-28
20910,2016-05-16 10:01:00,2016-05-16,0.1058,0.0,0.0,4978.0,0.1058,0.1058,0.1058,10000558,2016-09-28,2016-09-28,C,2.0,2016-01-28
20911,2016-05-16 10:02:00,2016-05-16,0.1058,0.0,0.0,4978.0,0.1058,0.1058,0.1058,10000558,2016-09-28,2016-09-28,C,2.0,2016-01-28
20912,2016-05-16 10:03:00,2016-05-16,0.1058,0.0,0.0,4978.0,0.1058,0.1058,0.1058,10000558,2016-09-28,2016-09-28,C,2.0,2016-01-28
20913,2016-05-16 10:04:00,2016-05-16,0.1058,0.0,0.0,4978.0,0.1058,0.1058,0.1058,10000558,2016-09-28,2016-09-28,C,2.0,2016-01-28
20914,2016-05-16 10:05:00,2016-05-16,0.1058,0.0,0.0,4978.0,0.1058,0.1058,0.1058,10000558,2016-09-28,2016-09-28,C,2.0,2016-01-28
20915,2016-05-16 10:06:00,2016-05-16,0.1067,10670.0,10.0,4978.0,0.1058,0.1067,0.1058,10000558,2016-09-28,2016-09-28,C,2.0,2016-01-28
20916,2016-05-16 10:07:00,2016-05-16,0.1067,0.0,0.0,4978.0,0.1067,0.1067,0.1067,10000558,2016-09-28,2016-09-28,C,2.0,2016-01-28
20917,2016-05-16 10:08:00,2016-05-16,0.1067,0.0,0.0,4978.0,0.1067,0.1067,0.1067,10000558,2016-09-28,2016-09-28,C,2.0,2016-01-28
20918,2016-05-16 10:09:00,2016-05-16,0.1067,0.0,0.0,4978.0,0.1067,0.1067,0.1067,10000558,2016-09-28,2016-09-28,C,2.0,2016-01-28
20919,2016-05-16 10:10:00,2016-05-16,0.1067,0.0,0.0,4978.0,0.1067,0.1067,0.1067,10000558,2016-09-28,2016-09-28,C,2.0,2016-01-28
20920,2016-05-16 10:11:00,2016-05-16,0.1067,0.0,0.0,4978.0,0.1067,0.1067,0.1067,10000558,2016-09-28,2016-09-28,C,2.0,2016-01-28
20921,2016-05-16 10:12:00,2016-05-16,0.1067,0.0,0.0,4978.0,0.1067,0.1067,0.1067,10000558,2016-09-28,2016-09-28,C,2.0,2016-01-28
20922,2016-05-16 10:13:00,2016-05-16,0.1067,0.0,0.0,4978.0,0.1067,0.1067,0.1067,10000558,2016-09-28,2016-09-28,C,2.0,2016-01-28
20923,2016-05-16 10:14:00,2016-05-16,0.1067,0.0,0.0,4978.0,0.1067,0.1067,0.1067,10000558,2016-09-28,2016-09-28,C,2.0,2016-01-28
20924,2016-05-16 10:15:00,2016-05-16,0.1067,0.0,0.0,4978.0,0.1067,0.1067,0.1067,10000558,2016-09-28,2016-09-28,C,2.0,2016-01-28
20925,2016-05-16 10:16:00,2016-05-16,0.1067,0.0,0.0,4978.0,0.1067,0.1067,0.1067,10000558,2016-09-28,2016-09-28,C,2.0,2016-01-28
20926,2016-05-16 10:17:00,2016-05-16,0.1067,0.0,0.0,4978.0,0.1067,0.1067,0.1067,10000558,2016-09-28,2016-09-28,C,2.0,2016-01-28
20927,2016-05-16 10:18:00,2016-05-16,0.1067,0.0,0.0,4978.0,0.1067,0.1067,0.1067,10000558,2016-09-28,2016-09-28,C,2.0,2016-01-28
20928,2016-05-16 10:19:00,2016-05-16,0.1067,0.0,0.0,4978.0,0.1067,0.1067,0.1067,10000558,2016-09-28,2016-09-28,C,2.0,2016-01-28
20929,2016-05-16 10:20:00,2016-05-16,0.1067,0.0,0.0,4978.0,0.1067,0.1067,0.1067,10000558,2016-09-28,2016-09-28,C,2.0,2016-01-28
20930,2016-05-16 10:21:00,2016-05-16,0.1067,0.0,0.0,4978.0,0.1067,0.1067,0.1067,10000558,2016-09-28,2016-09-28,C,2.0,2016-01-28
20931,2016-05-16 10:22:00,2016-05-16,0.1098,15212.0,14.0,4974.0,0.1098,0.1082,0.1082,10000558,2016-09-28,2016-09-28,C,2.0,2016-01-28
20932,2016-05-16 10:23:00,2016-05-16,0.1082,0.0,0.0,4974.0,0.1082,0.1082,0.1082,10000558,2016-09-28,2016-09-28,C,2.0,2016-01-28
20933,2016-05-16 10:24:00,2016-05-16,0.1082,0.0,0.0,4974.0,0.1082,0.1082,0.1082,10000558,2016-09-28,2016-09-28,C,2.0,2016-01-28
20934,2016-05-16 10:25:00,2016-05-16,0.1082,0.0,0.0,4974.0,0.1082,0.1082,0.1082,10000558,2016-09-28,2016-09-28,C,2.0,2016-01-28
20935,2016-05-16 10:26:00,2016-05-16,0.1082,0.0,0.0,4974.0,0.1082,0.1082,0.1082,10000558,2016-09-28,2016-09-28,C,2.0,2016-01-28
20936,2016-05-16 10:27:00,2016-05-16,0.1082,0.0,0.0,4974.0,0.1082,0.1082,0.1082,10000558,2016-09-28,2016-09-28,C,2.0,2016-01-28
20937,2016-05-16 10:28:00,2016-05-16,0.1082,0.0,0.0,4974.0,0.1082,0.1082,0.1082,10000558,2016-09-28,2016-09-28,C,2.0,2016-01-28
20938,2016-05-16 10:29:00,2016-05-16,0.1082,0.0,0.0,4974.0,0.1082,0.1082,0.1082,10000558,2016-09-28,2016-09-28,C,2.0,2016-01-28
20939,2016-05-16 10:30:00,2016-05-16,0.1082,0.0,0.0,4974.0,0.1082,0.1082,0.1082,10000558,2016-09-28,2016-09-28,C,2.0,2016-01-28
20940,2016-05-16 10:31:00,2016-05-16,0.1082,0.0,0.0,4974.0,0.1082,0.1082,0.1082,10000558,2016-09-28,2016-09-28,C,2.0,2016-01-28
20941,2016-05-16 10:32:00,2016-05-16,0.1082,0.0,0.0,4974.0,0.1082,0.1082,0.1082,10000558,2016-09-28,2016-09-28,C,2.0,2016-01-28
20942,2016-05-16 10:33:00,2016-05-16,0.1082,0.0,0.0,4974.0,0.1082,0.1082,0.1082,10000558,2016-09-28,2016-09-28,C,2.0,2016-01-28
20943,2016-05-16 10:34:00,2016-05-16,0.1082,0.0,0.0,4974.0,0.1082,0.1082,0.1082,10000558,2016-09-28,2016-09-28,C,2.0,2016-01-28
20944,2016-05-16 10:35:00,2016-05-16,0.1123,18931.0,17.0,4974.0,0.1082,0.1123,0.1082,10000558,2016-09-28,2016-09-28,C,2.0,2016-01-28
20945,2016-05-16 10:36:00,2016-05-16,0.1123,0.0,0.0,4974.0,0.1123,0.1123,0.1123,10000558,2016-09-28,2016-09-28,C,2.0,2016-01-28
20946,2016-05-16 10:37:00,2016-05-16,0.1123,0.0,0.0,4974.0,0.1123,0.1123,0.1123,10000558,2016-09-28,2016-09-28,C,2.0,2016-01-28
20947,2016-05-16 10:38:00,2016-05-16,0.1123,0.0,0.0,4974.0,0.1123,0.1123,0.1123,10000558,2016-09-28,2016-09-28,C,2.0,2016-01-28
20948,2016-05-16 10:39:00,2016-05-16,0.1123,4400.0,4.0,4974.0,0.1123,0.11,0.11,10000558,2016-09-28,2016-09-28,C,2.0,2016-01-28
20949,2016-05-16 10:40:00,2016-05-16,0.11,0.0,0.0,4974.0,0.11,0.11,0.11,10000558,2016-09-28,2016-09-28,C,2.0,2016-01-28
20950,2016-05-16 10:41:00,2016-05-16,0.11,0.0,0.0,4974.0,0.11,0.11,0.11,10000558,2016-09-28,2016-09-28,C,2.0,2016-01-28
20951,2016-05-16 10:42:00,2016-05-16,0.11,0.0,0.0,4974.0,0.11,0.11,0.11,10000558,2016-09-28,2016-09-28,C,2.0,2016-01-28
20952,2016-05-16 10:43:00,2016-05-16,0.11,0.0,0.0,4974.0,0.11,0.11,0.11,10000558,2016-09-28,2016-09-28,C,2.0,2016-01-28
20953,2016-05-16 10:44:00,2016-05-16,0.11,0.0,0.0,4974.0,0.11,0.11,0.11,10000558,2016-09-28,2016-09-28,C,2.0,2016-01-28
20954,2016-05-16 10:45:00,2016-05-16,0.11,0.0,0.0,4974.0,0.11,0.11,0.11,10000558,2016-09-28,2016-09-28,C,2.0,2016-01-28
20955,2016-05-16 10:46:00,2016-05-16,0.11,0.0,0.0,4974.0,0.11,0.11,0.11,10000558,2016-09-28,2016-09-28,C,2.0,2016-01-28
20956,2016-05-16 10:47:00,2016-05-16,0.11,0.0,0.0,4974.0,0.11,0.11,0.11,10000558,2016-09-28,2016-09-28,C,2.0,2016-01-28
20957,2016-05-16 10:48:00,2016-05-16,0.11,0.0,0.0,4974.0,0.11,0.11,0.11,10000558,2016-09-28,2016-09-28,C,2.0,2016-01-28
20958,2016-05-16 10:49:00,2016-05-16,0.11,0.0,0.0,4974.0,0.11,0.11,0.11,10000558,2016-09-28,2016-09-28,C,2.0,2016-01-28
20959,2016-05-16 10:50:00,2016-05-16,0.113,7910.0,7.0,4974.0,0.11,0.113,0.11,10000558,2016-09-28,2016-09-28,C,2.0,2016-01-28
20960,2016-05-16 10:51:00,2016-05-16,0.113,0.0,0.0,4974.0,0.113,0.113,0.113,10000558,2016-09-28,2016-09-28,C,2.0,2016-01-28
20961,2016-05-16 10:52:00,2016-05-16,0.113,0.0,0.0,4974.0,0.113,0.113,0.113,10000558,2016-09-28,2016-09-28,C,2.0,2016-01-28
20962,2016-05-16 10:53:00,2016-05-16,0.113,0.0,0.0,4974.0,0.113,0.113,0.113,10000558,2016-09-28,2016-09-28,C,2.0,2016-01-28
20963,2016-05-16 10:54:00,2016-05-16,0.113,0.0,0.0,4974.0,0.113,0.113,0.113,10000558,2016-09-28,2016-09-28,C,2.0,2016-01-28
20964,2016-05-16 10:55:00,2016-05-16,0.113,0.0,0.0,4974.0,0.113,0.113,0.113,10000558,2016-09-28,2016-09-28,C,2.0,2016-01-28
20965,2016-05-16 10:56:00,2016-05-16,0.114,6840.0,6.0,4974.0,0.113,0.114,0.113,10000558,2016-09-28,2016-09-28,C,2.0,2016-01-28
20966,2016-05-16 10:57:00,2016-05-16,0.114,4560.0,4.0,4974.0,0.114,0.114,0.114,10000558,2016-09-28,2016-09-28,C,2.0,2016-01-28
20967,2016-05-16 10:58:00,2016-05-16,0.114,0.0,0.0,4974.0,0.114,0.114,0.114,10000558,2016-09-28,2016-09-28,C,2.0,2016-01-28
20968,2016-05-16 10:59:00,2016-05-16,0.114,0.0,0.0,4974.0,0.114,0.114,0.114,10000558,2016-09-28,2016-09-28,C,2.0,2016-01-28
20969,2016-05-16 11:00:00,2016-05-16,0.114,0.0,0.0,4974.0,0.114,0.114,0.114,10000558,2016-09-28,2016-09-28,C,2.0,2016-01-28
20970,2016-05-16 11:01:00,2016-05-16,0.118,12975.0,11.0,4984.0,0.114,0.118,0.114,10000558,2016-09-28,2016-09-28,C,2.0,2016-01-28
20971,2016-05-16 11:02:00,2016-05-16,0.118,0.0,0.0,4984.0,0.118,0.118,0.118,10000558,2016-09-28,2016-09-28,C,2.0,2016-01-28
20972,2016-05-16 11:03:00,2016-05-16,0.118,0.0,0.0,4984.0,0.118,0.118,0.118,10000558,2016-09-28,2016-09-28,C,2.0,2016-01-28
20973,2016-05-16 11:04:00,2016-05-16,0.118,0.0,0.0,4984.0,0.118,0.118,0.118,10000558,2016-09-28,2016-09-28,C,2.0,2016-01-28
20974,2016-05-16 11:05:00,2016-05-16,0.118,0.0,0.0,4984.0,0.118,0.118,0.118,10000558,2016-09-28,2016-09-28,C,2.0,2016-01-28
20975,2016-05-16 11:06:00,2016-05-16,0.118,0.0,0.0,4984.0,0.118,0.118,0.118,10000558,2016-09-28,2016-09-28,C,2.0,2016-01-28
20976,2016-05-16 11:07:00,2016-05-16,0.118,0.0,0.0,4984.0,0.118,0.118,0.118,10000558,2016-09-28,2016-09-28,C,2.0,2016-01-28
20977,2016-05-16 11:08:00,2016-05-16,0.118,11530.0,10.0,4984.0,0.118,0.1153,0.1153,10000558,2016-09-28,2016-09-28,C,2.0,2016-01-28
20978,2016-05-16 11:09:00,2016-05-16,0.1153,0.0,0.0,4984.0,0.1153,0.1153,0.1153,10000558,2016-09-28,2016-09-28,C,2.0,2016-01-28
20979,2016-05-16 11:10:00,2016-05-16,0.1154,11540.0,10.0,4984.0,0.1153,0.1154,0.1153,10000558,2016-09-28,2016-09-28,C,2.0,2016-01-28
20980,2016-05-16 11:11:00,2016-05-16,0.1159,11590.0,10.0,4984.0,0.1154,0.1159,0.1154,10000558,2016-09-28,2016-09-28,C,2.0,2016-01-28
20981,2016-05-16 11:12:00,2016-05-16,0.1159,0.0,0.0,4984.0,0.1159,0.1159,0.1159,10000558,2016-09-28,2016-09-28,C,2.0,2016-01-28
20982,2016-05-16 11:13:00,2016-05-16,0.1159,0.0,0.0,4984.0,0.1159,0.1159,0.1159,10000558,2016-09-28,2016-09-28,C,2.0,2016-01-28
20983,2016-05-16 11:14:00,2016-05-16,0.1159,0.0,0.0,4984.0,0.1159,0.1159,0.1159,10000558,2016-09-28,2016-09-28,C,2.0,2016-01-28
20984,2016-05-16 11:15:00,2016-05-16,0.1159,0.0,0.0,4984.0,0.1159,0.1159,0.1159,10000558,2016-09-28,2016-09-28,C,2.0,2016-01-28
20985,2016-05-16 11:16:00,2016-05-16,0.1159,0.0,0.0,4984.0,0.1159,0.1159,0.1159,10000558,2016-09-28,2016-09-28,C,2.0,2016-01-28
20986,2016-05-16 11:17:00,2016-05-16,0.1159,0.0,0.0,4984.0,0.1159,0.1159,0.1159,10000558,2016-09-28,2016-09-28,C,2.0,2016-01-28
20987,2016-05-16 11:18:00,2016-05-16,0.1159,0.0,0.0,4984.0,0.1159,0.1159,0.1159,10000558,2016-09-28,2016-09-28,C,2.0,2016-01-28
20988,2016-05-16 11:19:00,2016-05-16,0.1159,0.0,0.0,4984.0,0.1159,0.1159,0.1159,10000558,2016-09-28,2016-09-28,C,2.0,2016-01-28
20989,2016-05-16 11:20:00,2016-05-16,0.1159,0.0,0.0,4984.0,0.1159,0.1159,0.1159,10000558,2016-09-28,2016-09-28,C,2.0,2016-01-28
20990,2016-05-16 11:21:00,2016-05-16,0.1159,0.0,0.0,4984.0,0.1159,0.1159,0.1159,10000558,2016-09-28,2016-09-28,C,2.0,2016-01-28
20991,2016-05-16 11:22:00,2016-05-16,0.1159,0.0,0.0,4984.0,0.1159,0.1159,0.1159,10000558,2016-09-28,2016-09-28,C,2.0,2016-01-28
20992,2016-05-16 11:23:00,2016-05-16,0.1159,0.0,0.0,4984.0,0.1159,0.1159,0.1159,10000558,2016-09-28,2016-09-28,C,2.0,2016-01-28
20993,2016-05-16 11:24:00,2016-05-16,0.1159,0.0,0.0,4984.0,0.1159,0.1159,0.1159,10000558,2016-09-28,2016-09-28,C,2.0,2016-01-28
20994,2016-05-16 11:25:00,2016-05-16,0.1159,0.0,0.0,4984.0,0.1159,0.1159,0.1159,10000558,2016-09-28,2016-09-28,C,2.0,2016-01-28
20995,2016-05-16 11:26:00,2016-05-16,0.1159,0.0,0.0,4984.0,0.1159,0.1159,0.1159,10000558,2016-09-28,2016-09-28,C,2.0,2016-01-28
20996,2016-05-16 11:27:00,2016-05-16,0.1159,0.0,0.0,4984.0,0.1159,0.1159,0.1159,10000558,2016-09-28,2016-09-28,C,2.0,2016-01-28
20997,2016-05-16 11:28:00,2016-05-16,0.1159,0.0,0.0,4984.0,0.1159,0.1159,0.1159,10000558,2016-09-28,2016-09-28,C,2.0,2016-01-28
20998,2016-05-16 11:29:00,2016-05-16,0.1159,0.0,0.0,4984.0,0.1159,0.1159,0.1159,10000558,2016-09-28,2016-09-28,C,2.0,2016-01-28
20999,2016-05-16 11:30:00,2016-05-16,0.1159,0.0,0.0,4984.0,0.1159,0.1159,0.1159,10000558,2016-09-28,2016-09-28,C,2.0,2016-01-28
21000,2016-05-16 13:01:00,2016-05-16,0.1159,0.0,0.0,4984.0,0.1159,0.1159,0.1159,10000558,2016-09-28,2016-09-28,C,2.0,2016-01-28
21001,2016-05-16 13:02:00,2016-05-16,0.1159,0.0,0.0,4984.0,0.1159,0.1159,0.1159,10000558,2016-09-28,2016-09-28,C,2.0,2016-01-28
21002,2016-05-16 13:03:00,2016-05-16,0.1159,0.0,0.0,4984.0,0.1159,0.1159,0.1159,10000558,2016-09-28,2016-09-28,C,2.0,2016-01-28
21003,2016-05-16 13:04:00,2016-05-16,0.1159,0.0,0.0,4984.0,0.1159,0.1159,0.1159,10000558,2016-09-28,2016-09-28,C,2.0,2016-01-28
21004,2016-05-16 13:05:00,2016-05-16,0.1159,0.0,0.0,4984.0,0.1159,0.1159,0.1159,10000558,2016-09-28,2016-09-28,C,2.0,2016-01-28
21005,2016-05-16 13:06:00,2016-05-16,0.1159,0.0,0.0,4984.0,0.1159,0.1159,0.1159,10000558,2016-09-28,2016-09-28,C,2.0,2016-01-28
21006,2016-05-16 13:07:00,2016-05-16,0.1159,0.0,0.0,4984.0,0.1159,0.1159,0.1159,10000558,2016-09-28,2016-09-28,C,2.0,2016-01-28
21007,2016-05-16 13:08:00,2016-05-16,0.1159,0.0,0.0,4984.0,0.1159,0.1159,0.1159,10000558,2016-09-28,2016-09-28,C,2.0,2016-01-28
21008,2016-05-16 13:09:00,2016-05-16,0.1159,0.0,0.0,4984.0,0.1159,0.1159,0.1159,10000558,2016-09-28,2016-09-28,C,2.0,2016-01-28
21009,2016-05-16 13:10:00,2016-05-16,0.1159,0.0,0.0,4984.0,0.1159,0.1159,0.1159,10000558,2016-09-28,2016-09-28,C,2.0,2016-01-28
21010,2016-05-16 13:11:00,2016-05-16,0.1159,0.0,0.0,4984.0,0.1159,0.1159,0.1159,10000558,2016-09-28,2016-09-28,C,2.0,2016-01-28
21011,2016-05-16 13:12:00,2016-05-16,0.1159,0.0,0.0,4984.0,0.1159,0.1159,0.1159,10000558,2016-09-28,2016-09-28,C,2.0,2016-01-28
21012,2016-05-16 13:13:00,2016-05-16,0.1159,0.0,0.0,4984.0,0.1159,0.1159,0.1159,10000558,2016-09-28,2016-09-28,C,2.0,2016-01-28
21013,2016-05-16 13:14:00,2016-05-16,0.1159,0.0,0.0,4984.0,0.1159,0.1159,0.1159,10000558,2016-09-28,2016-09-28,C,2.0,2016-01-28
21014,2016-05-16 13:15:00,2016-05-16,0.1159,0.0,0.0,4984.0,0.1159,0.1159,0.1159,10000558,2016-09-28,2016-09-28,C,2.0,2016-01-28
21015,2016-05-16 13:16:00,2016-05-16,0.1159,0.0,0.0,4984.0,0.1159,0.1159,0.1159,10000558,2016-09-28,2016-09-28,C,2.0,2016-01-28
21016,2016-05-16 13:17:00,2016-05-16,0.1159,0.0,0.0,4984.0,0.1159,0.1159,0.1159,10000558,2016-09-28,2016-09-28,C,2.0,2016-01-28
21017,2016-05-16 13:18:00,2016-05-16,0.1159,0.0,0.0,4984.0,0.1159,0.1159,0.1159,10000558,2016-09-28,2016-09-28,C,2.0,2016-01-28
21018,2016-05-16 13:19:00,2016-05-16,0.1159,0.0,0.0,4984.0,0.1159,0.1159,0.1159,10000558,2016-09-28,2016-09-28,C,2.0,2016-01-28
21019,2016-05-16 13:20:00,2016-05-16,0.1159,0.0,0.0,4984.0,0.1159,0.1159,0.1159,10000558,2016-09-28,2016-09-28,C,2.0,2016-01-28
21020,2016-05-16 13:21:00,2016-05-16,0.1159,0.0,0.0,4984.0,0.1159,0.1159,0.1159,10000558,2016-09-28,2016-09-28,C,2.0,2016-01-28
21021,2016-05-16 13:22:00,2016-05-16,0.1159,0.0,0.0,4984.0,0.1159,0.1159,0.1159,10000558,2016-09-28,2016-09-28,C,2.0,2016-01-28
21022,2016-05-16 13:23:00,2016-05-16,0.1159,0.0,0.0,4984.0,0.1159,0.1159,0.1159,10000558,2016-09-28,2016-09-28,C,2.0,2016-01-28
21023,2016-05-16 13:24:00,2016-05-16,0.1159,0.0,0.0,4984.0,0.1159,0.1159,0.1159,10000558,2016-09-28,2016-09-28,C,2.0,2016-01-28
21024,2016-05-16 13:25:00,2016-05-16,0.1159,0.0,0.0,4984.0,0.1159,0.1159,0.1159,10000558,2016-09-28,2016-09-28,C,2.0,2016-01-28
21025,2016-05-16 13:26:00,2016-05-16,0.1159,0.0,0.0,4984.0,0.1159,0.1159,0.1159,10000558,2016-09-28,2016-09-28,C,2.0,2016-01-28
21026,2016-05-16 13:27:00,2016-05-16,0.1159,0.0,0.0,4984.0,0.1159,0.1159,0.1159,10000558,2016-09-28,2016-09-28,C,2.0,2016-01-28
21027,2016-05-16 13:28:00,2016-05-16,0.1159,0.0,0.0,4984.0,0.1159,0.1159,0.1159,10000558,2016-09-28,2016-09-28,C,2.0,2016-01-28
21028,2016-05-16 13:29:00,2016-05-16,0.1159,0.0,0.0,4984.0,0.1159,0.1159,0.1159,10000558,2016-09-28,2016-09-28,C,2.0,2016-01-28
21029,2016-05-16 13:30:00,2016-05-16,0.1159,0.0,0.0,4984.0,0.1159,0.1159,0.1159,10000558,2016-09-28,2016-09-28,C,2.0,2016-01-28
21030,2016-05-16 13:31:00,2016-05-16,0.1159,5730.0,5.0,4989.0,0.1159,0.1146,0.1146,10000558,2016-09-28,2016-09-28,C,2.0,2016-01-28
21031,2016-05-16 13:32:00,2016-05-16,0.1146,1146.0,1.0,4990.0,0.1146,0.1146,0.1146,10000558,2016-09-28,2016-09-28,C,2.0,2016-01-28
21032,2016-05-16 13:33:00,2016-05-16,0.1146,0.0,0.0,4990.0,0.1146,0.1146,0.1146,10000558,2016-09-28,2016-09-28,C,2.0,2016-01-28
21033,2016-05-16 13:34:00,2016-05-16,0.1156,11560.0,10.0,5000.0,0.1146,0.1156,0.1146,10000558,2016-09-28,2016-09-28,C,2.0,2016-01-28
21034,2016-05-16 13:35:00,2016-05-16,0.1156,0.0,0.0,5000.0,0.1156,0.1156,0.1156,10000558,2016-09-28,2016-09-28,C,2.0,2016-01-28
21035,2016-05-16 13:36:00,2016-05-16,0.1156,0.0,0.0,5000.0,0.1156,0.1156,0.1156,10000558,2016-09-28,2016-09-28,C,2.0,2016-01-28
21036,2016-05-16 13:37:00,2016-05-16,0.1156,0.0,0.0,5000.0,0.1156,0.1156,0.1156,10000558,2016-09-28,2016-09-28,C,2.0,2016-01-28
21037,2016-05-16 13:38:00,2016-05-16,0.1156,0.0,0.0,5000.0,0.1156,0.1156,0.1156,10000558,2016-09-28,2016-09-28,C,2.0,2016-01-28
21038,2016-05-16 13:39:00,2016-05-16,0.1156,0.0,0.0,5000.0,0.1156,0.1156,0.1156,10000558,2016-09-28,2016-09-28,C,2.0,2016-01-28
21039,2016-05-16 13:40:00,2016-05-16,0.1156,0.0,0.0,5000.0,0.1156,0.1156,0.1156,10000558,2016-09-28,2016-09-28,C,2.0,2016-01-28
21040,2016-05-16 13:41:00,2016-05-16,0.1156,11530.0,10.0,5010.0,0.1156,0.1153,0.1153,10000558,2016-09-28,2016-09-28,C,2.0,2016-01-28
21041,2016-05-16 13:42:00,2016-05-16,0.1153,0.0,0.0,5010.0,0.1153,0.1153,0.1153,10000558,2016-09-28,2016-09-28,C,2.0,2016-01-28
21042,2016-05-16 13:43:00,2016-05-16,0.1153,0.0,0.0,5010.0,0.1153,0.1153,0.1153,10000558,2016-09-28,2016-09-28,C,2.0,2016-01-28
21043,2016-05-16 13:44:00,2016-05-16,0.1153,0.0,0.0,5010.0,0.1153,0.1153,0.1153,10000558,2016-09-28,2016-09-28,C,2.0,2016-01-28
21044,2016-05-16 13:45:00,2016-05-16,0.1161,11610.0,10.0,5020.0,0.1153,0.1161,0.1153,10000558,2016-09-28,2016-09-28,C,2.0,2016-01-28
21045,2016-05-16 13:46:00,2016-05-16,0.1161,0.0,0.0,5020.0,0.1161,0.1161,0.1161,10000558,2016-09-28,2016-09-28,C,2.0,2016-01-28
21046,2016-05-16 13:47:00,2016-05-16,0.1161,0.0,0.0,5020.0,0.1161,0.1161,0.1161,10000558,2016-09-28,2016-09-28,C,2.0,2016-01-28
21047,2016-05-16 13:48:00,2016-05-16,0.1161,0.0,0.0,5020.0,0.1161,0.1161,0.1161,10000558,2016-09-28,2016-09-28,C,2.0,2016-01-28
21048,2016-05-16 13:49:00,2016-05-16,0.1161,0.0,0.0,5020.0,0.1161,0.1161,0.1161,10000558,2016-09-28,2016-09-28,C,2.0,2016-01-28
21049,2016-05-16 13:50:00,2016-05-16,0.1161,0.0,0.0,5020.0,0.1161,0.1161,0.1161,10000558,2016-09-28,2016-09-28,C,2.0,2016-01-28
21050,2016-05-16 13:51:00,2016-05-16,0.1161,0.0,0.0,5020.0,0.1161,0.1161,0.1161,10000558,2016-09-28,2016-09-28,C,2.0,2016-01-28
21051,2016-05-16 13:52:00,2016-05-16,0.1161,0.0,0.0,5020.0,0.1161,0.1161,0.1161,10000558,2016-09-28,2016-09-28,C,2.0,2016-01-28
21052,2016-05-16 13:53:00,2016-05-16,0.1161,0.0,0.0,5020.0,0.1161,0.1161,0.1161,10000558,2016-09-28,2016-09-28,C,2.0,2016-01-28
21053,2016-05-16 13:54:00,2016-05-16,0.1161,0.0,0.0,5020.0,0.1161,0.1161,0.1161,10000558,2016-09-28,2016-09-28,C,2.0,2016-01-28
21054,2016-05-16 13:55:00,2016-05-16,0.1161,0.0,0.0,5020.0,0.1161,0.1161,0.1161,10000558,2016-09-28,2016-09-28,C,2.0,2016-01-28
21055,2016-05-16 13:56:00,2016-05-16,0.1161,0.0,0.0,5020.0,0.1161,0.1161,0.1161,10000558,2016-09-28,2016-09-28,C,2.0,2016-01-28
21056,2016-05-16 13:57:00,2016-05-16,0.1161,0.0,0.0,5020.0,0.1161,0.1161,0.1161,10000558,2016-09-28,2016-09-28,C,2.0,2016-01-28
21057,2016-05-16 13:58:00,2016-05-16,0.1162,11620.0,10.0,5020.0,0.1161,0.1162,0.1161,10000558,2016-09-28,2016-09-28,C,2.0,2016-01-28
21058,2016-05-16 13:59:00,2016-05-16,0.1162,2324.0,2.0,5020.0,0.1162,0.1162,0.1162,10000558,2016-09-28,2016-09-28,C,2.0,2016-01-28
21059,2016-05-16 14:00:00,2016-05-16,0.1162,9296.0,8.0,5020.0,0.1162,0.1162,0.1162,10000558,2016-09-28,2016-09-28,C,2.0,2016-01-28
21060,2016-05-16 14:01:00,2016-05-16,0.1162,0.0,0.0,5020.0,0.1162,0.1162,0.1162,10000558,2016-09-28,2016-09-28,C,2.0,2016-01-28
21061,2016-05-16 14:02:00,2016-05-16,0.1162,0.0,0.0,5020.0,0.1162,0.1162,0.1162,10000558,2016-09-28,2016-09-28,C,2.0,2016-01-28
21062,2016-05-16 14:03:00,2016-05-16,0.1162,0.0,0.0,5020.0,0.1162,0.1162,0.1162,10000558,2016-09-28,2016-09-28,C,2.0,2016-01-28
21063,2016-05-16 14:04:00,2016-05-16,0.1162,0.0,0.0,5020.0,0.1162,0.1162,0.1162,10000558,2016-09-28,2016-09-28,C,2.0,2016-01-28
21064,2016-05-16 14:05:00,2016-05-16,0.1162,0.0,0.0,5020.0,0.1162,0.1162,0.1162,10000558,2016-09-28,2016-09-28,C,2.0,2016-01-28
21065,2016-05-16 14:06:00,2016-05-16,0.1162,0.0,0.0,5020.0,0.1162,0.1162,0.1162,10000558,2016-09-28,2016-09-28,C,2.0,2016-01-28
21066,2016-05-16 14:07:00,2016-05-16,0.1162,0.0,0.0,5020.0,0.1162,0.1162,0.1162,10000558,2016-09-28,2016-09-28,C,2.0,2016-01-28
21067,2016-05-16 14:08:00,2016-05-16,0.1162,0.0,0.0,5020.0,0.1162,0.1162,0.1162,10000558,2016-09-28,2016-09-28,C,2.0,2016-01-28
21068,2016-05-16 14:09:00,2016-05-16,0.1162,0.0,0.0,5020.0,0.1162,0.1162,0.1162,10000558,2016-09-28,2016-09-28,C,2.0,2016-01-28
21069,2016-05-16 14:10:00,2016-05-16,0.1162,1155.0,1.0,5020.0,0.1162,0.1155,0.1155,10000558,2016-09-28,2016-09-28,C,2.0,2016-01-28
21070,2016-05-16 14:11:00,2016-05-16,0.1155,0.0,0.0,5020.0,0.1155,0.1155,0.1155,10000558,2016-09-28,2016-09-28,C,2.0,2016-01-28
21071,2016-05-16 14:12:00,2016-05-16,0.1155,2310.0,2.0,5020.0,0.1155,0.1155,0.1155,10000558,2016-09-28,2016-09-28,C,2.0,2016-01-28
21072,2016-05-16 14:13:00,2016-05-16,0.1155,0.0,0.0,5020.0,0.1155,0.1155,0.1155,10000558,2016-09-28,2016-09-28,C,2.0,2016-01-28
21073,2016-05-16 14:14:00,2016-05-16,0.1155,0.0,0.0,5020.0,0.1155,0.1155,0.1155,10000558,2016-09-28,2016-09-28,C,2.0,2016-01-28
21074,2016-05-16 14:15:00,2016-05-16,0.1155,0.0,0.0,5020.0,0.1155,0.1155,0.1155,10000558,2016-09-28,2016-09-28,C,2.0,2016-01-28
21075,2016-05-16 14:16:00,2016-05-16,0.1155,22564.0,20.0,5038.0,0.1155,0.1128,0.1128,10000558,2016-09-28,2016-09-28,C,2.0,2016-01-28
21076,2016-05-16 14:17:00,2016-05-16,0.1135,5675.0,5.0,5038.0,0.1128,0.1135,0.1128,10000558,2016-09-28,2016-09-28,C,2.0,2016-01-28
21077,2016-05-16 14:18:00,2016-05-16,0.1135,5675.0,5.0,5038.0,0.1135,0.1135,0.1135,10000558,2016-09-28,2016-09-28,C,2.0,2016-01-28
21078,2016-05-16 14:19:00,2016-05-16,0.1135,0.0,0.0,5038.0,0.1135,0.1135,0.1135,10000558,2016-09-28,2016-09-28,C,2.0,2016-01-28
21079,2016-05-16 14:20:00,2016-05-16,0.1142,1142.0,1.0,5038.0,0.1135,0.1142,0.1135,10000558,2016-09-28,2016-09-28,C,2.0,2016-01-28
21080,2016-05-16 14:21:00,2016-05-16,0.1142,0.0,0.0,5038.0,0.1142,0.1142,0.1142,10000558,2016-09-28,2016-09-28,C,2.0,2016-01-28
21081,2016-05-16 14:22:00,2016-05-16,0.1142,0.0,0.0,5038.0,0.1142,0.1142,0.1142,10000558,2016-09-28,2016-09-28,C,2.0,2016-01-28
21082,2016-05-16 14:23:00,2016-05-16,0.1142,2274.0,2.0,5039.0,0.1142,0.1137,0.1137,10000558,2016-09-28,2016-09-28,C,2.0,2016-01-28
21083,2016-05-16 14:24:00,2016-05-16,0.1137,4548.0,4.0,5043.0,0.1137,0.1137,0.1137,10000558,2016-09-28,2016-09-28,C,2.0,2016-01-28
21084,2016-05-16 14:25:00,2016-05-16,0.1137,0.0,0.0,5043.0,0.1137,0.1137,0.1137,10000558,2016-09-28,2016-09-28,C,2.0,2016-01-28
21085,2016-05-16 14:26:00,2016-05-16,0.1137,0.0,0.0,5043.0,0.1137,0.1137,0.1137,10000558,2016-09-28,2016-09-28,C,2.0,2016-01-28
21086,2016-05-16 14:27:00,2016-05-16,0.1137,0.0,0.0,5043.0,0.1137,0.1137,0.1137,10000558,2016-09-28,2016-09-28,C,2.0,2016-01-28
21087,2016-05-16 14:28:00,2016-05-16,0.1137,1126.0,1.0,5043.0,0.1137,0.1126,0.1126,10000558,2016-09-28,2016-09-28,C,2.0,2016-01-28
21088,2016-05-16 14:29:00,2016-05-16,0.1126,0.0,0.0,5043.0,0.1126,0.1126,0.1126,10000558,2016-09-28,2016-09-28,C,2.0,2016-01-28
21089,2016-05-16 14:30:00,2016-05-16,0.1126,0.0,0.0,5043.0,0.1126,0.1126,0.1126,10000558,2016-09-28,2016-09-28,C,2.0,2016-01-28
21090,2016-05-16 14:31:00,2016-05-16,0.1126,0.0,0.0,5043.0,0.1126,0.1126,0.1126,10000558,2016-09-28,2016-09-28,C,2.0,2016-01-28
21091,2016-05-16 14:32:00,2016-05-16,0.1126,0.0,0.0,5043.0,0.1126,0.1126,0.1126,10000558,2016-09-28,2016-09-28,C,2.0,2016-01-28
21092,2016-05-16 14:33:00,2016-05-16,0.1126,0.0,0.0,5043.0,0.1126,0.1126,0.1126,10000558,2016-09-28,2016-09-28,C,2.0,2016-01-28
21093,2016-05-16 14:34:00,2016-05-16,0.1139,1139.0,1.0,5043.0,0.1126,0.1139,0.1126,10000558,2016-09-28,2016-09-28,C,2.0,2016-01-28
21094,2016-05-16 14:35:00,2016-05-16,0.1139,0.0,0.0,5043.0,0.1139,0.1139,0.1139,10000558,2016-09-28,2016-09-28,C,2.0,2016-01-28
21095,2016-05-16 14:36:00,2016-05-16,0.1139,0.0,0.0,5043.0,0.1139,0.1139,0.1139,10000558,2016-09-28,2016-09-28,C,2.0,2016-01-28
21096,2016-05-16 14:37:00,2016-05-16,0.1163,4651.0,4.0,5042.0,0.1139,0.1163,0.1139,10000558,2016-09-28,2016-09-28,C,2.0,2016-01-28
21097,2016-05-16 14:38:00,2016-05-16,0.1163,8141.0,7.0,5042.0,0.1163,0.1163,0.1163,10000558,2016-09-28,2016-09-28,C,2.0,2016-01-28
21098,2016-05-16 14:39:00,2016-05-16,0.1163,0.0,0.0,5042.0,0.1163,0.1163,0.1163,10000558,2016-09-28,2016-09-28,C,2.0,2016-01-28
21099,2016-05-16 14:40:00,2016-05-16,0.1168,15044.0,13.0,5045.0,0.1163,0.1168,0.1163,10000558,2016-09-28,2016-09-28,C,2.0,2016-01-28
21100,2016-05-16 14:41:00,2016-05-16,0.1173,7013.0,6.0,5050.0,0.1168,0.1173,0.1168,10000558,2016-09-28,2016-09-28,C,2.0,2016-01-28
21101,2016-05-16 14:42:00,2016-05-16,0.1173,5863.0,5.0,5053.0,0.1173,0.1172,0.1172,10000558,2016-09-28,2016-09-28,C,2.0,2016-01-28
21102,2016-05-16 14:43:00,2016-05-16,0.1172,9365.0,8.0,5060.0,0.1172,0.1166,0.1166,10000558,2016-09-28,2016-09-28,C,2.0,2016-01-28
21103,2016-05-16 14:44:00,2016-05-16,0.1166,8159.0,7.0,5064.0,0.1166,0.1165,0.1165,10000558,2016-09-28,2016-09-28,C,2.0,2016-01-28
21104,2016-05-16 14:45:00,2016-05-16,0.1166,2332.0,2.0,5064.0,0.1165,0.1166,0.1165,10000558,2016-09-28,2016-09-28,C,2.0,2016-01-28
21105,2016-05-16 14:46:00,2016-05-16,0.1167,1167.0,1.0,5064.0,0.1166,0.1167,0.1166,10000558,2016-09-28,2016-09-28,C,2.0,2016-01-28
21106,2016-05-16 14:47:00,2016-05-16,0.1168,8172.0,7.0,5067.0,0.1167,0.1168,0.1167,10000558,2016-09-28,2016-09-28,C,2.0,2016-01-28
21107,2016-05-16 14:48:00,2016-05-16,0.1168,3504.0,3.0,5070.0,0.1168,0.1168,0.1168,10000558,2016-09-28,2016-09-28,C,2.0,2016-01-28
21108,2016-05-16 14:49:00,2016-05-16,0.1178,9384.0,8.0,5074.0,0.1168,0.1178,0.1168,10000558,2016-09-28,2016-09-28,C,2.0,2016-01-28
21109,2016-05-16 14:50:00,2016-05-16,0.1178,0.0,0.0,5074.0,0.1178,0.1178,0.1178,10000558,2016-09-28,2016-09-28,C,2.0,2016-01-28
21110,2016-05-16 14:51:00,2016-05-16,0.1178,0.0,0.0,5074.0,0.1178,0.1178,0.1178,10000558,2016-09-28,2016-09-28,C,2.0,2016-01-28
21111,2016-05-16 14:52:00,2016-05-16,0.1178,0.0,0.0,5074.0,0.1178,0.1178,0.1178,10000558,2016-09-28,2016-09-28,C,2.0,2016-01-28
21112,2016-05-16 14:53:00,2016-05-16,0.1178,0.0,0.0,5074.0,0.1178,0.1178,0.1178,10000558,2016-09-28,2016-09-28,C,2.0,2016-01-28
21113,2016-05-16 14:54:00,2016-05-16,0.1178,0.0,0.0,5074.0,0.1178,0.1178,0.1178,10000558,2016-09-28,2016-09-28,C,2.0,2016-01-28
21114,2016-05-16 14:55:00,2016-05-16,0.1178,0.0,0.0,5074.0,0.1178,0.1178,0.1178,10000558,2016-09-28,2016-09-28,C,2.0,2016-01-28
21115,2016-05-16 14:56:00,2016-05-16,0.1178,0.0,0.0,5074.0,0.1178,0.1178,0.1178,10000558,2016-09-28,2016-09-28,C,2.0,2016-01-28
21116,2016-05-16 14:57:00,2016-05-16,0.1178,0.0,0.0,5074.0,0.1178,0.1178,0.1178,10000558,2016-09-28,2016-09-28,C,2.0,2016-01-28
21117,2016-05-16 14:58:00,2016-05-16,0.1178,0.0,0.0,5074.0,0.1178,0.1178,0.1178,10000558,2016-09-28,2016-09-28,C,2.0,2016-01-28
21118,2016-05-16 14:59:00,2016-05-16,0.1178,0.0,0.0,5074.0,0.1178,0.1178,0.1178,10000558,2016-09-28,2016-09-28,C,2.0,2016-01-28
21119,2016-05-16 15:00:00,2016-05-16,0.1178,0.0,0.0,5074.0,0.1178,0.1178,0.1178,10000558,2016-09-28,2016-09-28,C,2.0,2016-01-28
